# m_chi = 0.1 [GeV]; mS = 0.3 [GeV]; gchi =0.01; gN = 0.01
# Tchi [GeV], sigma_ratio
9.999999999999999547e-07 1.000000000000000000e+00
1.264855216855295881e-06 1.000000000000000000e+00
1.599858719606057360e-06 1.000000000000000000e+00
2.023589647725155726e-06 1.000000000000000000e+00
2.559547922699533382e-06 1.000000000000000000e+00
3.237457542817646685e-06 1.000000000000000000e+00
4.094915062380427237e-06 1.000000000000000000e+00
5.179474679231212330e-06 1.000000000000000000e+00
6.551285568595509496e-06 1.000000000000000000e+00
8.286427728546842542e-06 1.000000000000000000e+00
1.048113134154685250e-05 1.000000000000000000e+00
1.325711365590110898e-05 1.000000000000000000e+00
1.676832936811009972e-05 1.000000000000000000e+00
2.120950887920192640e-05 1.000000000000000000e+00
2.682695795279727390e-05 1.000000000000000000e+00
3.393221771895329857e-05 1.000000000000000000e+00
4.291934260128778017e-05 1.000000000000000000e+00
5.428675439323859403e-05 1.000000000000000000e+00
6.866488450042998925e-05 1.000000000000000000e+00
8.685113737513520580e-05 1.000000000000000000e+00
1.098541141987558346e-04 1.000000000000000000e+00
1.389495494373137348e-04 1.000000000000000000e+00
1.757510624854793067e-04 1.000000000000000000e+00
2.222996482526195465e-04 1.000000000000000000e+00
2.811768697974231118e-04 1.000000000000000000e+00
3.556480306223128661e-04 1.000000000000000000e+00
4.498432668969443876e-04 1.000000000000000000e+00
5.689866029018298636e-04 1.000000000000000000e+00
7.196856730011521675e-04 1.000000000000000000e+00
9.102981779915217267e-04 1.000000000000000000e+00
1.151395399326448146e-03 1.000000000000000000e+00
1.456348477501244378e-03 1.000000000000000000e+00
1.842069969326716331e-03 1.000000000000000000e+00
2.329951810515372077e-03 1.000000000000000000e+00
2.947051702551809708e-03 1.000000000000000000e+00
3.727593720314941773e-03 1.000000000000000000e+00
4.714866363457394238e-03 1.000000000000000000e+00
5.963623316594642357e-03 1.000000000000000000e+00
7.543120063354623143e-03 1.000000000000000000e+00
9.540954763499944619e-03 1.000000000000000000e+00
1.206792640639328847e-02 1.000000000000000000e+00
1.526417967175233356e-02 1.000000000000000000e+00
1.930697728883249559e-02 1.000000000000000000e+00
2.442053094548649744e-02 1.000000000000000000e+00
3.088843596477484910e-02 1.000000000000000000e+00
3.906939937054620948e-02 1.000000000000000000e+00
4.941713361323837872e-02 1.000000000000000000e+00
6.250551925273975518e-02 1.000000000000000000e+00
7.906043210907701124e-02 1.000000000000000000e+00
1.000000000000000056e-01 1.000000000000000000e+00
1.258925411794167282e-01 1.000000000000000000e+00
1.313310289679490150e-01 9.977344488268437006e-01
1.370044564053987113e-01 9.927934944594164479e-01
1.429229727539835237e-01 9.845144111942660814e-01
1.490971657184064214e-01 9.717659077138413037e-01
1.555380803863272154e-01 9.550467438940206666e-01
1.622572389870521326e-01 9.346650603521405865e-01
1.692666615037875799e-01 9.108349907457737871e-01
1.765788871763319112e-01 8.837095125870014778e-01
1.842069969326715906e-01 8.555768337777500676e-01
1.921646367896096275e-01 8.277908120827733862e-01
2.004660422642884077e-01 8.016465012817231006e-01
2.091260638402766547e-01 7.774577413067060849e-01
2.181601935337768583e-01 7.519099824218242745e-01
2.275845926074788750e-01 7.280126747534793052e-01
2.374161204816356840e-01 7.043338141520090190e-01
2.476723648940822031e-01 6.834217373847096821e-01
2.583716733631498119e-01 6.657510816939241627e-01
2.695331860097615051e-01 6.458630639638579529e-01
2.811768697974230680e-01 6.289079494062862485e-01
2.933235542513630834e-01 6.121597853895315300e-01
3.059949687207196289e-01 5.959288421881956399e-01
3.192137812504330929e-01 5.824345517197346833e-01
3.330036391323831224e-01 5.698661476026470885e-01
3.473892112083115657e-01 5.574183130090460958e-01
3.623962320002086512e-01 5.436892945123354970e-01
3.780515477471075858e-01 5.342756586830633703e-01
3.943831644306425854e-01 5.245693092387834211e-01
4.114202978752842244e-01 5.140454920785174631e-01
4.291934260128778544e-01 5.055016436441451821e-01
4.477343434049798621e-01 4.970887631134802143e-01
4.670762181205299624e-01 4.892716675145009630e-01
4.872536510706058088e-01 4.809787703003599035e-01
5.083027379064073425e-01 4.780058981976660903e-01
5.302611335911987522e-01 4.692340960609359679e-01
5.531681197617227541e-01 4.650314582096163885e-01
5.770646749995906877e-01 4.603843741707427384e-01
6.019935481383572595e-01 4.542668437522915381e-01
6.279993347374204227e-01 4.492479666978174135e-01
6.551285568595509590e-01 4.451322134673170172e-01
6.834297462947672708e-01 4.426379061263604475e-01
7.129535313794351792e-01 4.391475694512187999e-01
7.437527275659046033e-01 4.365119161401406767e-01
7.758824319047037399e-01 4.326365190781810699e-01
8.094001216083124284e-01 4.321486425050324320e-01
8.443657568728348828e-01 4.310714061564619448e-01
8.808418881415118751e-01 4.254179320968278222e-01
9.188937680019572118e-01 4.261884994543329586e-01
9.585894679172923816e-01 4.233428689111437548e-01
1.000000000000000000e+00 4.219978996759801149e-01
