# atom 16: Tchi 0.7880462815669912 [GeV]; m_chi = 0.03 [GeV]; mS = 0.2 [GeV]; gchi =0.01; gN = 0.01
# Tchi^prime [GeV], theta [degree] ,dsigma/dTchip dtheta [cm^2/GeV]
9.999999999999999547e-08 0.000000000000000000e+00 0.000000000000000000e+00
1.592885535214725096e-07 0.000000000000000000e+00 0.000000000000000000e+00
2.537284328296300856e-07 0.000000000000000000e+00 0.000000000000000000e+00
4.041603505270179570e-07 0.000000000000000000e+00 0.000000000000000000e+00
6.437811762617998739e-07 0.000000000000000000e+00 0.000000000000000000e+00
1.025469723510942276e-06 0.000000000000000000e+00 0.000000000000000000e+00
1.633455889381223358e-06 0.000000000000000000e+00 0.000000000000000000e+00
2.601908258606654861e-06 0.000000000000000000e+00 0.000000000000000000e+00
4.144542029090266371e-06 0.000000000000000000e+00 0.000000000000000000e+00
6.601781048227371505e-06 0.000000000000000000e+00 0.000000000000000000e+00
1.051588153837608446e-05 0.000000000000000000e+00 0.000000000000000000e+00
1.675059559251080012e-05 0.000000000000000000e+00 0.000000000000000000e+00
2.668178142554203833e-05 0.000000000000000000e+00 0.000000000000000000e+00
4.250102368650674752e-05 0.000000000000000000e+00 0.000000000000000000e+00
6.769926586205501733e-05 0.000000000000000000e+00 0.000000000000000000e+00
1.078371813363233488e-04 0.000000000000000000e+00 0.000000000000000000e+00
1.717722863089567891e-04 0.000000000000000000e+00 0.000000000000000000e+00
2.736135902122996313e-04 0.000000000000000000e+00 0.000000000000000000e+00
4.358351300873408870e-04 0.000000000000000000e+00 0.000000000000000000e+00
6.942354744545533056e-04 0.000000000000000000e+00 0.000000000000000000e+00
1.105837645291589616e-03 0.000000000000000000e+00 0.000000000000000000e+00
1.761472789480881531e-03 0.000000000000000000e+00 0.000000000000000000e+00
2.805824527038428690e-03 0.000000000000000000e+00 0.000000000000000000e+00
4.469357303470210090e-03 0.000000000000000000e+00 0.000000000000000000e+00
7.119174600403985892e-03 0.000000000000000000e+00 0.000000000000000000e+00
1.134003024365157902e-02 0.000000000000000000e+00 0.000000000000000000e+00
1.806337014401007690e-02 0.000000000000000000e+00 0.000000000000000000e+00
2.877288101962317823e-02 0.000000000000000000e+00 0.000000000000000000e+00
4.583190598261207421e-02 0.000000000000000000e+00 0.000000000000000000e+00
7.300498009102399100e-02 0.000000000000000000e+00 0.000000000000000000e+00
1.162885767856308566e-01 0.000000000000000000e+00 0.000000000000000000e+00
1.852343918725382621e-01 0.000000000000000000e+00 0.000000000000000000e+00
2.950571834380621983e-01 0.000000000000000000e+00 0.000000000000000000e+00
4.699923195596870107e-01 0.000000000000000000e+00 0.000000000000000000e+00
7.486439674886415929e-01 0.000000000000000000e+00 0.000000000000000000e+00
9.999999999999999547e-08 6.206896551724137900e+00 5.964532917856066237e-42
1.592885535214725096e-07 6.206896551724137900e+00 7.511865990377971454e-42
2.537284328296300856e-07 6.206896551724137900e+00 9.464132837611205275e-42
4.041603505270179570e-07 6.206896551724137900e+00 1.198366710303961936e-41
6.437811762617998739e-07 6.206896551724137900e+00 1.509921340515536262e-41
1.025469723510942276e-06 6.206896551724137900e+00 1.909371014514662372e-41
1.633455889381223358e-06 6.206896551724137900e+00 2.408745798440408985e-41
2.601908258606654861e-06 6.206896551724137900e+00 3.037673321208164322e-41
4.144542029090266371e-06 6.206896551724137900e+00 3.837508222491277719e-41
6.601781048227371505e-06 6.206896551724137900e+00 4.844989552015919548e-41
1.051588153837608446e-05 6.206896551724137900e+00 6.107752463751528604e-41
1.675059559251080012e-05 6.206896551724137900e+00 7.720986380320824526e-41
2.668178142554203833e-05 6.206896551724137900e+00 9.764264892976697468e-41
4.250102368650674752e-05 6.206896551724137900e+00 1.234359625378713502e-40
6.769926586205501733e-05 6.206896551724137900e+00 1.559338471775569533e-40
1.078371813363233488e-04 6.206896551724137900e+00 1.972434756131354367e-40
1.717722863089567891e-04 6.206896551724137900e+00 2.490995265353725730e-40
2.736135902122996313e-04 6.206896551724137900e+00 3.156140685566805839e-40
4.358351300873408870e-04 6.206896551724137900e+00 4.003703475484727361e-40
6.942354744545533056e-04 6.206896551724137900e+00 5.079404976719803259e-40
1.105837645291589616e-03 6.206896551724137900e+00 6.442805758450243207e-40
1.761472789480881531e-03 6.206896551724137900e+00 8.180341373141311751e-40
2.805824527038428690e-03 6.206896551724137900e+00 1.043361232750795564e-39
4.469357303470210090e-03 6.206896551724137900e+00 1.329651115396295159e-39
7.119174600403985892e-03 6.206896551724137900e+00 1.704139151492647995e-39
1.134003024365157902e-02 6.206896551724137900e+00 2.191820963481810948e-39
1.806337014401007690e-02 6.206896551724137900e+00 2.843313493343531705e-39
2.877288101962317823e-02 6.206896551724137900e+00 3.738415104749197517e-39
4.583190598261207421e-02 6.206896551724137900e+00 5.071765961019450903e-39
7.300498009102399100e-02 6.206896551724137900e+00 7.304375524243028215e-39
1.162885767856308566e-01 6.206896551724137900e+00 1.188647581318492387e-38
1.852343918725382621e-01 6.206896551724137900e+00 2.399281153201029728e-38
2.950571834380621983e-01 6.206896551724137900e+00 7.016583510463659630e-38
4.699923195596870107e-01 6.206896551724137900e+00 0.000000000000000000e+00
7.486439674886415929e-01 6.206896551724137900e+00 0.000000000000000000e+00
9.999999999999999547e-08 1.241379310344827580e+01 1.183568382795691374e-41
1.592885535214725096e-07 1.241379310344827580e+01 1.493450501697572410e-41
2.537284328296300856e-07 1.241379310344827580e+01 1.887787116473435624e-41
4.041603505270179570e-07 1.241379310344827580e+01 2.384819440757907837e-41
6.437811762617998739e-07 1.241379310344827580e+01 3.003324527417152938e-41
1.025469723510942276e-06 1.241379310344827580e+01 3.789029288137115092e-41
1.633455889381223358e-06 1.241379310344827580e+01 4.788574056075362960e-41
2.601908258606654861e-06 1.241379310344827580e+01 6.040898251019957135e-41
4.144542029090266371e-06 1.241379310344827580e+01 7.640458060995156301e-41
6.601781048227371505e-06 1.241379310344827580e+01 9.644433472203509650e-41
1.051588153837608446e-05 1.241379310344827580e+01 1.213684113138783025e-40
1.675059559251080012e-05 1.241379310344827580e+01 1.536378324219480845e-40
2.668178142554203833e-05 1.241379310344827580e+01 1.942454074827175375e-40
4.250102368650674752e-05 1.241379310344827580e+01 2.450184148470762251e-40
6.769926586205501733e-05 1.241379310344827580e+01 3.096521518601068991e-40
1.078371813363233488e-04 1.241379310344827580e+01 3.924215206860193064e-40
1.717722863089567891e-04 1.241379310344827580e+01 4.965175014160339922e-40
2.736135902122996313e-04 1.241379310344827580e+01 6.280025873038759752e-40
4.358351300873408870e-04 1.241379310344827580e+01 7.959799908971285126e-40
6.942354744545533056e-04 1.241379310344827580e+01 1.006752320128455240e-39
1.105837645291589616e-03 1.241379310344827580e+01 1.282078656679582001e-39
1.761472789480881531e-03 1.241379310344827580e+01 1.627397478464106757e-39
2.805824527038428690e-03 1.241379310344827580e+01 2.074982963224537261e-39
4.469357303470210090e-03 1.241379310344827580e+01 2.647489840473919451e-39
7.119174600403985892e-03 1.241379310344827580e+01 3.400112659745683391e-39
1.134003024365157902e-02 1.241379310344827580e+01 4.403395308420739067e-39
1.806337014401007690e-02 1.241379310344827580e+01 5.750598658315404750e-39
2.877288101962317823e-02 1.241379310344827580e+01 7.687777856779137385e-39
4.583190598261207421e-02 1.241379310344827580e+01 1.078701042720341219e-38
7.300498009102399100e-02 1.241379310344827580e+01 1.657378883608320642e-38
1.162885767856308566e-01 1.241379310344827580e+01 2.954482341330309554e-38
1.852343918725382621e-01 1.241379310344827580e+01 6.694872733510402968e-38
2.950571834380621983e-01 1.241379310344827580e+01 2.136260259183670709e-37
4.699923195596870107e-01 1.241379310344827580e+01 0.000000000000000000e+00
7.486439674886415929e-01 1.241379310344827580e+01 0.000000000000000000e+00
9.999999999999999547e-08 1.862068965517241281e+01 1.760713515014112091e-41
1.592885535214725096e-07 1.862068965517241281e+01 2.222553147635582021e-41
2.537284328296300856e-07 1.862068965517241281e+01 2.798347285034965286e-41
4.041603505270179570e-07 1.862068965517241281e+01 3.536769284023324715e-41
6.437811762617998739e-07 1.862068965517241281e+01 4.466006769671553251e-41
1.025469723510942276e-06 1.862068965517241281e+01 5.634259230296285573e-41
1.633455889381223358e-06 1.862068965517241281e+01 7.097503027917436439e-41
2.601908258606654861e-06 1.862068965517241281e+01 8.987362077974096746e-41
4.144542029090266371e-06 1.862068965517241281e+01 1.135295039052056589e-40
6.601781048227371505e-06 1.862068965517241281e+01 1.433265418951368248e-40
1.051588153837608446e-05 1.862068965517241281e+01 1.808109665539657043e-40
1.675059559251080012e-05 1.862068965517241281e+01 2.284390082152702108e-40
2.668178142554203833e-05 1.862068965517241281e+01 2.891642727942349365e-40
4.250102368650674752e-05 1.862068965517241281e+01 3.646236156805238801e-40
6.769926586205501733e-05 1.862068965517241281e+01 4.604290899760817287e-40
1.078371813363233488e-04 1.862068965517241281e+01 5.829041474801247501e-40
1.717722863089567891e-04 1.862068965517241281e+01 7.361328797948676191e-40
2.736135902122996313e-04 1.862068965517241281e+01 9.327686981733475236e-40
4.358351300873408870e-04 1.862068965517241281e+01 1.181827381866620204e-39
6.942354744545533056e-04 1.862068965517241281e+01 1.499668169957427765e-39
1.105837645291589616e-03 1.862068965517241281e+01 1.903780745564667656e-39
1.761472789480881531e-03 1.862068965517241281e+01 2.427170829685668985e-39
2.805824527038428690e-03 1.862068965517241281e+01 3.085379965705191458e-39
4.469357303470210090e-03 1.862068965517241281e+01 3.951477708758373599e-39
7.119174600403985892e-03 1.862068965517241281e+01 5.082609105321185734e-39
1.134003024365157902e-02 1.862068965517241281e+01 6.624028605331268653e-39
1.806337014401007690e-02 1.862068965517241281e+01 8.737729298641230338e-39
2.877288101962317823e-02 1.862068965517241281e+01 1.194320097425802580e-38
4.583190598261207421e-02 1.862068965517241281e+01 1.738311890966851036e-38
7.300498009102399100e-02 1.862068965517241281e+01 2.806230795384369223e-38
1.162885767856308566e-01 1.862068965517241281e+01 5.266977047208491881e-38
1.852343918725382621e-01 1.862068965517241281e+01 1.214743147549809850e-37
2.950571834380621983e-01 1.862068965517241281e+01 3.705154270478661725e-37
4.699923195596870107e-01 1.862068965517241281e+01 1.710127009410835378e-36
7.486439674886415929e-01 1.862068965517241281e+01 0.000000000000000000e+00
9.999999999999999547e-08 2.482758620689655160e+01 2.311763231904085879e-41
1.592885535214725096e-07 2.482758620689655160e+01 2.916563883742190909e-41
2.537284328296300856e-07 2.482758620689655160e+01 3.677479942587740335e-41
4.041603505270179570e-07 2.482758620689655160e+01 4.649696692470623806e-41
6.437811762617998739e-07 2.482758620689655160e+01 5.865239814036321237e-41
1.025469723510942276e-06 2.482758620689655160e+01 7.409697383229072255e-41
1.633455889381223358e-06 2.482758620689655160e+01 9.341690829058805282e-41
2.601908258606654861e-06 2.482758620689655160e+01 1.180308964743641802e-40
4.144542029090266371e-06 2.482758620689655160e+01 1.490792247473046628e-40
6.601781048227371505e-06 2.482758620689655160e+01 1.886457438792795783e-40
1.051588153837608446e-05 2.482758620689655160e+01 2.378127908702168174e-40
1.675059559251080012e-05 2.482758620689655160e+01 3.004476511820266709e-40
2.668178142554203833e-05 2.482758620689655160e+01 3.787326049151040479e-40
4.250102368650674752e-05 2.482758620689655160e+01 4.791964554735048385e-40
6.769926586205501733e-05 2.482758620689655160e+01 6.060634114608240195e-40
1.078371813363233488e-04 2.482758620689655160e+01 7.680217885545115455e-40
1.717722863089567891e-04 2.482758620689655160e+01 9.702401464064359478e-40
2.736135902122996313e-04 2.482758620689655160e+01 1.226985099489776507e-39
4.358351300873408870e-04 2.482758620689655160e+01 1.553271501989355553e-39
6.942354744545533056e-04 2.482758620689655160e+01 1.976706473125627099e-39
1.105837645291589616e-03 2.482758620689655160e+01 2.502099609696263994e-39
1.761472789480881531e-03 2.482758620689655160e+01 3.184968292628032993e-39
2.805824527038428690e-03 2.482758620689655160e+01 4.069301057382845991e-39
4.469357303470210090e-03 2.482758620689655160e+01 5.232125260669250647e-39
7.119174600403985892e-03 2.482758620689655160e+01 6.733850560472887135e-39
1.134003024365157902e-02 2.482758620689655160e+01 8.803313031268786159e-39
1.806337014401007690e-02 2.482758620689655160e+01 1.179019319707503428e-38
2.877288101962317823e-02 2.482758620689655160e+01 1.644747257354655972e-38
4.583190598261207421e-02 2.482758620689655160e+01 2.452089801362991739e-38
7.300498009102399100e-02 2.482758620689655160e+01 4.053925441970648167e-38
1.162885767856308566e-01 2.482758620689655160e+01 7.605582423387533590e-38
1.852343918725382621e-01 2.482758620689655160e+01 1.690062694422159730e-37
2.950571834380621983e-01 2.482758620689655160e+01 4.777071787464216727e-37
4.699923195596870107e-01 2.482758620689655160e+01 2.029459102808097108e-36
7.486439674886415929e-01 2.482758620689655160e+01 0.000000000000000000e+00
9.999999999999999547e-08 3.103448275862069039e+01 2.845602977198187735e-41
1.592885535214725096e-07 3.103448275862069039e+01 3.577970412158652271e-41
2.537284328296300856e-07 3.103448275862069039e+01 4.530069324736231272e-41
4.041603505270179570e-07 3.103448275862069039e+01 5.713852097045309798e-41
6.437811762617998739e-07 3.103448275862069039e+01 7.214384590478034981e-41
1.025469723510942276e-06 3.103448275862069039e+01 9.096118088302894347e-41
1.633455889381223358e-06 3.103448275862069039e+01 1.148313666835157757e-40
2.601908258606654861e-06 3.103448275862069039e+01 1.448282056171222987e-40
4.144542029090266371e-06 3.103448275862069039e+01 1.833009056469779803e-40
6.601781048227371505e-06 3.103448275862069039e+01 2.314263718977375347e-40
1.051588153837608446e-05 3.103448275862069039e+01 2.910984591629748479e-40
1.675059559251080012e-05 3.103448275862069039e+01 3.691160282516350219e-40
2.668178142554203833e-05 3.103448275862069039e+01 4.661663060641655534e-40
4.250102368650674752e-05 3.103448275862069039e+01 5.872786630235691087e-40
6.769926586205501733e-05 3.103448275862069039e+01 7.424086355895079043e-40
1.078371813363233488e-04 3.103448275862069039e+01 9.393384918380331898e-40
1.717722863089567891e-04 3.103448275862069039e+01 1.187885601417719358e-39
2.736135902122996313e-04 3.103448275862069039e+01 1.505994023122233396e-39
4.358351300873408870e-04 3.103448275862069039e+01 1.910208785013136806e-39
6.942354744545533056e-04 3.103448275862069039e+01 2.413797728454121270e-39
1.105837645291589616e-03 3.103448275862069039e+01 3.069596100765696804e-39
1.761472789480881531e-03 3.103448275862069039e+01 3.909928104932161706e-39
2.805824527038428690e-03 3.103448275862069039e+01 4.996773846014102722e-39
4.469357303470210090e-03 3.103448275862069039e+01 6.422353876806303354e-39
7.119174600403985892e-03 3.103448275862069039e+01 8.317289198468795512e-39
1.134003024365157902e-02 3.103448275862069039e+01 1.094430083570499908e-38
1.806337014401007690e-02 3.103448275862069039e+01 1.478662940281091216e-38
2.877288101962317823e-02 3.103448275862069039e+01 2.087618892892359126e-38
4.583190598261207421e-02 3.103448275862069039e+01 3.152626666231983223e-38
7.300498009102399100e-02 3.103448275862069039e+01 5.209568259118472924e-38
1.162885767856308566e-01 3.103448275862069039e+01 9.561649238787546264e-38
1.852343918725382621e-01 3.103448275862069039e+01 2.017654092473615082e-37
2.950571834380621983e-01 3.103448275862069039e+01 5.313230219289997876e-37
4.699923195596870107e-01 3.103448275862069039e+01 2.146664913741219815e-36
7.486439674886415929e-01 3.103448275862069039e+01 5.120711284720346078e-37
9.999999999999999547e-08 3.724137931034482563e+01 3.336620886127637580e-41
1.592885535214725096e-07 3.724137931034482563e+01 4.212193014793328085e-41
2.537284328296300856e-07 3.724137931034482563e+01 5.305392571837854457e-41
4.041603505270179570e-07 3.724137931034482563e+01 6.712877369751532990e-41
6.437811762617998739e-07 3.724137931034482563e+01 8.458118115219475255e-41
1.025469723510942276e-06 3.724137931034482563e+01 1.068580518949179884e-40
1.633455889381223358e-06 3.724137931034482563e+01 1.347782390077449015e-40
2.601908258606654861e-06 3.724137931034482563e+01 1.699305922346200146e-40
4.144542029090266371e-06 3.724137931034482563e+01 2.147547004579792187e-40
6.601781048227371505e-06 3.724137931034482563e+01 2.707192522474397157e-40
1.051588153837608446e-05 3.724137931034482563e+01 3.423324436242950428e-40
1.675059559251080012e-05 3.724137931034482563e+01 4.319248886452061396e-40
2.668178142554203833e-05 3.724137931034482563e+01 5.449160672461185425e-40
4.250102368650674752e-05 3.724137931034482563e+01 6.885135328068248754e-40
6.769926586205501733e-05 3.724137931034482563e+01 8.721615062875186697e-40
1.078371813363233488e-04 3.724137931034482563e+01 1.102889677806992747e-39
1.717722863089567891e-04 3.724137931034482563e+01 1.395224190412254915e-39
2.736135902122996313e-04 3.724137931034482563e+01 1.760823671704557392e-39
4.358351300873408870e-04 3.724137931034482563e+01 2.241307052128550857e-39
6.942354744545533056e-04 3.724137931034482563e+01 2.839025749963804289e-39
1.105837645291589616e-03 3.724137931034482563e+01 3.612160974971912190e-39
1.761472789480881531e-03 3.724137931034482563e+01 4.594178427516831851e-39
2.805824527038428690e-03 3.724137931034482563e+01 5.883454909395297780e-39
4.469357303470210090e-03 3.724137931034482563e+01 7.533771946409798237e-39
7.119174600403985892e-03 3.724137931034482563e+01 9.825697529645250376e-39
1.134003024365157902e-02 3.724137931034482563e+01 1.300165608688578817e-38
1.806337014401007690e-02 3.724137931034482563e+01 1.769048633285426004e-38
2.877288101962317823e-02 3.724137931034482563e+01 2.504315604417223570e-38
4.583190598261207421e-02 3.724137931034482563e+01 3.785245535905022774e-38
7.300498009102399100e-02 3.724137931034482563e+01 6.150862474156891520e-38
1.162885767856308566e-01 3.724137931034482563e+01 1.091776909982492568e-37
1.852343918725382621e-01 3.724137931034482563e+01 2.193899923247486241e-37
2.950571834380621983e-01 3.724137931034482563e+01 5.468185582279176140e-37
4.699923195596870107e-01 3.724137931034482563e+01 2.300353113163048478e-36
7.486439674886415929e-01 3.724137931034482563e+01 0.000000000000000000e+00
9.999999999999999547e-08 4.344827586206896797e+01 3.792437331642292752e-41
1.592885535214725096e-07 4.344827586206896797e+01 4.784470828352693373e-41
2.537284328296300856e-07 4.344827586206896797e+01 6.036055114675407312e-41
4.041603505270179570e-07 4.344827586206896797e+01 7.598851361230965162e-41
6.437811762617998739e-07 4.344827586206896797e+01 9.621313558816539386e-41
1.025469723510942276e-06 4.344827586206896797e+01 1.214319988258287877e-40
1.633455889381223358e-06 4.344827586206896797e+01 1.529804703594341759e-40
2.601908258606654861e-06 4.344827586206896797e+01 1.934393244467567793e-40
4.144542029090266371e-06 4.344827586206896797e+01 2.440411222912822955e-40
6.601781048227371505e-06 4.344827586206896797e+01 3.084288067388754000e-40
1.051588153837608446e-05 4.344827586206896797e+01 3.884997356464319840e-40
1.675059559251080012e-05 4.344827586206896797e+01 4.908530453331148468e-40
2.668178142554203833e-05 4.344827586206896797e+01 6.216730400194586316e-40
4.250102368650674752e-05 4.344827586206896797e+01 7.836834992263177742e-40
6.769926586205501733e-05 4.344827586206896797e+01 9.897853552574186537e-40
1.078371813363233488e-04 4.344827586206896797e+01 1.250798036568399844e-39
1.717722863089567891e-04 4.344827586206896797e+01 1.581152447867043849e-39
2.736135902122996313e-04 4.344827586206896797e+01 1.999973256925861879e-39
4.358351300873408870e-04 4.344827586206896797e+01 2.541892717865077060e-39
6.942354744545533056e-04 4.344827586206896797e+01 3.216439901430891294e-39
1.105837645291589616e-03 4.344827586206896797e+01 4.097673634511881878e-39
1.761472789480881531e-03 4.344827586206896797e+01 5.203397738733127975e-39
2.805824527038428690e-03 4.344827586206896797e+01 6.679785882354721782e-39
4.469357303470210090e-03 4.344827586206896797e+01 8.592406766871478604e-39
7.119174600403985892e-03 4.344827586206896797e+01 1.119148270487807868e-38
1.134003024365157902e-02 4.344827586206896797e+01 1.487349784244400994e-38
1.806337014401007690e-02 4.344827586206896797e+01 2.027582617616393978e-38
2.877288101962317823e-02 4.344827586206896797e+01 2.880501171297046469e-38
4.583190598261207421e-02 4.344827586206896797e+01 4.310904704965353731e-38
7.300498009102399100e-02 4.344827586206896797e+01 6.855380174615005984e-38
1.162885767856308566e-01 4.344827586206896797e+01 1.175031744934230545e-37
1.852343918725382621e-01 4.344827586206896797e+01 2.260671162044007324e-37
2.950571834380621983e-01 4.344827586206896797e+01 5.421809735040220631e-37
4.699923195596870107e-01 4.344827586206896797e+01 3.036213923879927455e-36
7.486439674886415929e-01 4.344827586206896797e+01 0.000000000000000000e+00
9.999999999999999547e-08 4.965517241379310320e+01 4.194930948395616293e-41
1.592885535214725096e-07 4.965517241379310320e+01 5.293576785518089438e-41
2.537284328296300856e-07 4.965517241379310320e+01 6.688963572737711707e-41
4.041603505270179570e-07 4.965517241379310320e+01 8.443190938800157152e-41
6.437811762617998739e-07 4.965517241379310320e+01 1.064956090158048159e-40
1.025469723510942276e-06 4.965517241379310320e+01 1.343821257439757473e-40
1.633455889381223358e-06 4.965517241379310320e+01 1.700806215627898482e-40
2.601908258606654861e-06 4.965517241379310320e+01 2.144033334807212015e-40
4.144542029090266371e-06 4.965517241379310320e+01 2.700515622108094674e-40
6.601781048227371505e-06 4.965517241379310320e+01 3.414288768671484043e-40
1.051588153837608446e-05 4.965517241379310320e+01 4.310803811423063267e-40
1.675059559251080012e-05 4.965517241379310320e+01 5.437927215479711550e-40
2.668178142554203833e-05 4.965517241379310320e+01 6.875487622259865188e-40
4.250102368650674752e-05 4.965517241379310320e+01 8.685478829796974908e-40
6.769926586205501733e-05 4.965517241379310320e+01 1.095369798670907548e-39
1.078371813363233488e-04 4.965517241379310320e+01 1.387104074923747273e-39
1.717722863089567891e-04 4.965517241379310320e+01 1.754217804429544929e-39
2.736135902122996313e-04 4.965517241379310320e+01 2.219583465336930382e-39
4.358351300873408870e-04 4.965517241379310320e+01 2.813548154967177262e-39
6.942354744545533056e-04 4.965517241379310320e+01 3.559939502398967535e-39
1.105837645291589616e-03 4.965517241379310320e+01 4.530002311458968076e-39
1.761472789480881531e-03 4.965517241379310320e+01 5.778507068726299922e-39
2.805824527038428690e-03 4.965517241379310320e+01 7.387988746834457253e-39
4.469357303470210090e-03 4.965517241379310320e+01 9.538647484497343085e-39
7.119174600403985892e-03 4.965517241379310320e+01 1.245038776447521926e-38
1.134003024365157902e-02 4.965517241379310320e+01 1.648394124477581901e-38
1.806337014401007690e-02 4.965517241379310320e+01 2.252204239412196816e-38
2.877288101962317823e-02 4.965517241379310320e+01 3.183751468007901593e-38
4.583190598261207421e-02 4.965517241379310320e+01 4.697967927635143078e-38
7.300498009102399100e-02 4.965517241379310320e+01 7.296242907625383209e-38
1.162885767856308566e-01 4.965517241379310320e+01 1.214788598945621419e-37
1.852343918725382621e-01 4.965517241379310320e+01 2.256192220900333670e-37
2.950571834380621983e-01 4.965517241379310320e+01 5.248990221560794474e-37
4.699923195596870107e-01 4.965517241379310320e+01 5.158168003039200287e-36
7.486439674886415929e-01 4.965517241379310320e+01 0.000000000000000000e+00
9.999999999999999547e-08 5.586206896551724554e+01 4.563534894203964155e-41
1.592885535214725096e-07 5.586206896551724554e+01 5.752523304913254699e-41
2.537284328296300856e-07 5.586206896551724554e+01 7.262885194013400199e-41
4.041603505270179570e-07 5.586206896551724554e+01 9.147942528672050238e-41
6.437811762617998739e-07 5.586206896551724554e+01 1.155834729579723376e-40
1.025469723510942276e-06 5.586206896551724554e+01 1.459511808397128752e-40
1.633455889381223358e-06 5.586206896551724554e+01 1.842102132248335883e-40
2.601908258606654861e-06 5.586206896551724554e+01 2.324495240664422974e-40
4.144542029090266371e-06 5.586206896551724554e+01 2.939385283607887960e-40
6.601781048227371505e-06 5.586206896551724554e+01 3.707376702869522752e-40
1.051588153837608446e-05 5.586206896551724554e+01 4.679442404925404682e-40
1.675059559251080012e-05 5.586206896551724554e+01 5.914842288067014677e-40
2.668178142554203833e-05 5.586206896551724554e+01 7.457214069024506866e-40
4.250102368650674752e-05 5.586206896551724554e+01 9.439479671921294612e-40
6.769926586205501733e-05 5.586206896551724554e+01 1.192213841240596738e-39
1.078371813363233488e-04 5.586206896551724554e+01 1.504387111634279511e-39
1.717722863089567891e-04 5.586206896551724554e+01 1.902449280044085065e-39
2.736135902122996313e-04 5.586206896551724554e+01 2.408179520528941757e-39
4.358351300873408870e-04 5.586206896551724554e+01 3.045071624092688980e-39
6.942354744545533056e-04 5.586206896551724554e+01 3.872878712811403336e-39
1.105837645291589616e-03 5.586206896551724554e+01 4.901761187401469111e-39
1.761472789480881531e-03 5.586206896551724554e+01 6.261137884798431756e-39
2.805824527038428690e-03 5.586206896551724554e+01 8.028042140675113323e-39
4.469357303470210090e-03 5.586206896551724554e+01 1.031868849609209212e-38
7.119174600403985892e-03 5.586206896551724554e+01 1.348155957047646336e-38
1.134003024365157902e-02 5.586206896551724554e+01 1.787256413588373500e-38
1.806337014401007690e-02 5.586206896551724554e+01 2.436453326889320807e-38
2.877288101962317823e-02 5.586206896551724554e+01 3.407627978236923091e-38
4.583190598261207421e-02 5.586206896551724554e+01 4.971104044936417625e-38
7.300498009102399100e-02 5.586206896551724554e+01 7.554523869286380534e-38
1.162885767856308566e-01 5.586206896551724554e+01 1.216519027361689632e-37
1.852343918725382621e-01 5.586206896551724554e+01 2.204047589281478228e-37
2.950571834380621983e-01 5.586206896551724554e+01 5.025429772116955454e-37
4.699923195596870107e-01 5.586206896551724554e+01 7.851984169089172099e-36
7.486439674886415929e-01 5.586206896551724554e+01 0.000000000000000000e+00
9.999999999999999547e-08 6.206896551724138078e+01 4.861294626884377887e-41
1.592885535214725096e-07 6.206896551724138078e+01 6.137021031310565627e-41
2.537284328296300856e-07 6.206896551724138078e+01 7.740650023711427824e-41
4.041603505270179570e-07 6.206896551724138078e+01 9.781650917503308006e-41
6.437811762617998739e-07 6.206896551724138078e+01 1.232542390921511035e-40
1.025469723510942276e-06 6.206896551724138078e+01 1.560259019943889632e-40
1.633455889381223358e-06 6.206896551724138078e+01 1.963913697478795932e-40
2.601908258606654861e-06 6.206896551724138078e+01 2.486829059543646730e-40
4.144542029090266371e-06 6.206896551724138078e+01 3.130655850318275628e-40
6.601781048227371505e-06 6.206896551724138078e+01 3.956974933121112537e-40
1.051588153837608446e-05 6.206896551724138078e+01 5.001842937144913276e-40
1.675059559251080012e-05 6.206896551724138078e+01 6.298573150268911670e-40
2.668178142554203833e-05 6.206896551724138078e+01 7.971620296656233859e-40
4.250102368650674752e-05 6.206896551724138078e+01 1.003110726947132484e-39
6.769926586205501733e-05 6.206896551724138078e+01 1.272201061688122939e-39
1.078371813363233488e-04 6.206896551724138078e+01 1.609236355192149316e-39
1.717722863089567891e-04 6.206896551724138078e+01 2.030044121745067795e-39
2.736135902122996313e-04 6.206896551724138078e+01 2.575974965985807683e-39
4.358351300873408870e-04 6.206896551724138078e+01 3.251817946270791151e-39
6.942354744545533056e-04 6.206896551724138078e+01 4.126148579192447058e-39
1.105837645291589616e-03 6.206896551724138078e+01 5.232386861439554019e-39
1.761472789480881531e-03 6.206896551724138078e+01 6.679739591417052940e-39
2.805824527038428690e-03 6.206896551724138078e+01 8.526636200320011838e-39
4.469357303470210090e-03 6.206896551724138078e+01 1.100253339460477707e-38
7.119174600403985892e-03 6.206896551724138078e+01 1.435662387218381552e-38
1.134003024365157902e-02 6.206896551724138078e+01 1.897317234395898174e-38
1.806337014401007690e-02 6.206896551724138078e+01 2.566404843924625216e-38
2.877288101962317823e-02 6.206896551724138078e+01 3.572627502536496289e-38
4.583190598261207421e-02 6.206896551724138078e+01 5.108882742635715439e-38
7.300498009102399100e-02 6.206896551724138078e+01 7.585394282875304684e-38
1.162885767856308566e-01 6.206896551724138078e+01 1.202493641185507864e-37
1.852343918725382621e-01 6.206896551724138078e+01 2.123311690587292348e-37
2.950571834380621983e-01 6.206896551724138078e+01 4.868397124415246763e-37
4.699923195596870107e-01 6.206896551724138078e+01 8.101124940713202027e-36
7.486439674886415929e-01 6.206896551724138078e+01 0.000000000000000000e+00
9.999999999999999547e-08 6.827586206896552312e+01 5.113542352910279530e-41
1.592885535214725096e-07 6.827586206896552312e+01 6.444987655421526421e-41
2.537284328296300856e-07 6.827586206896552312e+01 8.136077715564583319e-41
4.041603505270179570e-07 6.827586206896552312e+01 1.029518445699034391e-40
6.437811762617998739e-07 6.827586206896552312e+01 1.296679093435442001e-40
1.025469723510942276e-06 6.827586206896552312e+01 1.637787367420409045e-40
1.633455889381223358e-06 6.827586206896552312e+01 2.073105859333915735e-40
2.601908258606654861e-06 6.827586206896552312e+01 2.616135578975207311e-40
4.144542029090266371e-06 6.827586206896552312e+01 3.304354572648206086e-40
6.601781048227371505e-06 6.827586206896552312e+01 4.153567597852154007e-40
1.051588153837608446e-05 6.827586206896552312e+01 5.254397602292834019e-40
1.675059559251080012e-05 6.827586206896552312e+01 6.614650391543990512e-40
2.668178142554203833e-05 6.827586206896552312e+01 8.365168496705307736e-40
4.250102368650674752e-05 6.827586206896552312e+01 1.058680191632422380e-39
6.769926586205501733e-05 6.827586206896552312e+01 1.336682919934602976e-39
1.078371813363233488e-04 6.827586206896552312e+01 1.684566244157488614e-39
1.717722863089567891e-04 6.827586206896552312e+01 2.129206125705958426e-39
2.736135902122996313e-04 6.827586206896552312e+01 2.696601904052830689e-39
4.358351300873408870e-04 6.827586206896552312e+01 3.416770826805310774e-39
6.942354744545533056e-04 6.827586206896552312e+01 4.323465549657103962e-39
1.105837645291589616e-03 6.827586206896552312e+01 5.485622376396752648e-39
1.761472789480881531e-03 6.827586206896552312e+01 6.998054761045719162e-39
2.805824527038428690e-03 6.827586206896552312e+01 8.925878267228347991e-39
4.469357303470210090e-03 6.827586206896552312e+01 1.149771153100948906e-38
7.119174600403985892e-03 6.827586206896552312e+01 1.496876955300258376e-38
1.134003024365157902e-02 6.827586206896552312e+01 1.971395223054476257e-38
1.806337014401007690e-02 6.827586206896552312e+01 2.653718788154836175e-38
2.877288101962317823e-02 6.827586206896552312e+01 3.642991262872796390e-38
4.583190598261207421e-02 6.827586206896552312e+01 5.154934675192069204e-38
7.300498009102399100e-02 6.827586206896552312e+01 7.499813844376719786e-38
1.162885767856308566e-01 6.827586206896552312e+01 1.164330133750315247e-37
1.852343918725382621e-01 6.827586206896552312e+01 2.027465475479740812e-37
2.950571834380621983e-01 6.827586206896552312e+01 4.913936116334594609e-37
4.699923195596870107e-01 6.827586206896552312e+01 6.092289822424378522e-36
7.486439674886415929e-01 6.827586206896552312e+01 0.000000000000000000e+00
9.999999999999999547e-08 7.448275862068965125e+01 5.307751124341339601e-41
1.592885535214725096e-07 7.448275862068965125e+01 6.703720644725925791e-41
2.537284328296300856e-07 7.448275862068965125e+01 8.452001174860433918e-41
4.041603505270179570e-07 7.448275862068965125e+01 1.067561928563832693e-40
6.437811762617998739e-07 7.448275862068965125e+01 1.350253353316140020e-40
1.025469723510942276e-06 7.448275862068965125e+01 1.701948993256934751e-40
1.633455889381223358e-06 7.448275862068965125e+01 2.143371575783006640e-40
2.601908258606654861e-06 7.448275862068965125e+01 2.709386994361921268e-40
4.144542029090266371e-06 7.448275862068965125e+01 3.418000254754639718e-40
6.601781048227371505e-06 7.448275862068965125e+01 4.318856435828293067e-40
1.051588153837608446e-05 7.448275862068965125e+01 5.432327175090231208e-40
1.675059559251080012e-05 7.448275862068965125e+01 6.871791906744549613e-40
2.668178142554203833e-05 7.448275862068965125e+01 8.684234791088056185e-40
4.250102368650674752e-05 7.448275862068965125e+01 1.095196356301943415e-39
6.769926586205501733e-05 7.448275862068965125e+01 1.386091970331848343e-39
1.078371813363233488e-04 7.448275862068965125e+01 1.749486116735851619e-39
1.717722863089567891e-04 7.448275862068965125e+01 2.205220160183401208e-39
2.736135902122996313e-04 7.448275862068965125e+01 2.788914349857540295e-39
4.358351300873408870e-04 7.448275862068965125e+01 3.537527382182879601e-39
6.942354744545533056e-04 7.448275862068965125e+01 4.465680689657437336e-39
1.105837645291589616e-03 7.448275862068965125e+01 5.679351811789821942e-39
1.761472789480881531e-03 7.448275862068965125e+01 7.218327227468782635e-39
2.805824527038428690e-03 7.448275862068965125e+01 9.233471588791121589e-39
4.469357303470210090e-03 7.448275862068965125e+01 1.186289977352254040e-38
7.119174600403985892e-03 7.448275862068965125e+01 1.541087735275944816e-38
1.134003024365157902e-02 7.448275862068965125e+01 2.023493812444718014e-38
1.806337014401007690e-02 7.448275862068965125e+01 2.695995208655404887e-38
2.877288101962317823e-02 7.448275862068965125e+01 3.655878428153566308e-38
4.583190598261207421e-02 7.448275862068965125e+01 5.096583247518410755e-38
7.300498009102399100e-02 7.448275862068965125e+01 7.324160913520349866e-38
1.162885767856308566e-01 7.448275862068965125e+01 1.116568637427544133e-37
1.852343918725382621e-01 7.448275862068965125e+01 1.927366595166985960e-37
2.950571834380621983e-01 7.448275862068965125e+01 5.476475361839440238e-37
4.699923195596870107e-01 7.448275862068965125e+01 3.914299721224571709e-36
7.486439674886415929e-01 7.448275862068965125e+01 0.000000000000000000e+00
9.999999999999999547e-08 8.068965517241380780e+01 5.434692627859502950e-41
1.592885535214725096e-07 8.068965517241380780e+01 6.838162745578113847e-41
2.537284328296300856e-07 8.068965517241380780e+01 8.659939801023425768e-41
4.041603505270179570e-07 8.068965517241380780e+01 1.089718441302945574e-40
6.437811762617998739e-07 8.068965517241380780e+01 1.378262401655689814e-40
1.025469723510942276e-06 8.068965517241380780e+01 1.740994990805817833e-40
1.633455889381223358e-06 8.068965517241380780e+01 2.199774003337314084e-40
2.601908258606654861e-06 8.068965517241380780e+01 2.773539880732487870e-40
4.144542029090266371e-06 8.068965517241380780e+01 3.491738098556422885e-40
6.601781048227371505e-06 8.068965517241380780e+01 4.418372241565308702e-40
1.051588153837608446e-05 8.068965517241380780e+01 5.573888342146850350e-40
1.675059559251080012e-05 8.068965517241380780e+01 7.042694719215136580e-40
2.668178142554203833e-05 8.068965517241380780e+01 8.885449280466006098e-40
4.250102368650674752e-05 8.068965517241380780e+01 1.120203409366834176e-39
6.769926586205501733e-05 8.068965517241380780e+01 1.414671653520135907e-39
1.078371813363233488e-04 8.068965517241380780e+01 1.788785605326268665e-39
1.717722863089567891e-04 8.068965517241380780e+01 2.256175957061076913e-39
2.736135902122996313e-04 8.068965517241380780e+01 2.854462787603665376e-39
4.358351300873408870e-04 8.068965517241380780e+01 3.608498828213974488e-39
6.942354744545533056e-04 8.068965517241380780e+01 4.575325707652816038e-39
1.105837645291589616e-03 8.068965517241380780e+01 5.800618180506580362e-39
1.761472789480881531e-03 8.068965517241380780e+01 7.387989197123481657e-39
2.805824527038428690e-03 8.068965517241380780e+01 9.433528054888301445e-39
4.469357303470210090e-03 8.068965517241380780e+01 1.206866965955289462e-38
7.119174600403985892e-03 8.068965517241380780e+01 1.563205586279179970e-38
1.134003024365157902e-02 8.068965517241380780e+01 2.041448096592884334e-38
1.806337014401007690e-02 8.068965517241380780e+01 2.697716296570518904e-38
2.877288101962317823e-02 8.068965517241380780e+01 3.634902351947062340e-38
4.583190598261207421e-02 8.068965517241380780e+01 4.992256886869356882e-38
7.300498009102399100e-02 8.068965517241380780e+01 7.068025245109707849e-38
1.162885767856308566e-01 8.068965517241380780e+01 1.062387478740169253e-37
1.852343918725382621e-01 8.068965517241380780e+01 1.817305001682352124e-37
2.950571834380621983e-01 8.068965517241380780e+01 6.716645502191194562e-37
4.699923195596870107e-01 8.068965517241380780e+01 2.250591739257818014e-36
7.486439674886415929e-01 8.068965517241380780e+01 0.000000000000000000e+00
9.999999999999999547e-08 8.689655172413793593e+01 5.496223257111832455e-41
1.592885535214725096e-07 8.689655172413793593e+01 6.950956492569649970e-41
2.537284328296300856e-07 8.689655172413793593e+01 8.749203002647792437e-41
4.041603505270179570e-07 8.689655172413793593e+01 1.104117871778994956e-40
6.437811762617998739e-07 8.689655172413793593e+01 1.394011299181207297e-40
1.025469723510942276e-06 8.689655172413793593e+01 1.759959331653308318e-40
1.633455889381223358e-06 8.689655172413793593e+01 2.222641876103325667e-40
2.601908258606654861e-06 8.689655172413793593e+01 2.808304461316540654e-40
4.144542029090266371e-06 8.689655172413793593e+01 3.542897033697657161e-40
6.601781048227371505e-06 8.689655172413793593e+01 4.468637681418166750e-40
1.051588153837608446e-05 8.689655172413793593e+01 5.630330620433285696e-40
1.675059559251080012e-05 8.689655172413793593e+01 7.120472116492483416e-40
2.668178142554203833e-05 8.689655172413793593e+01 8.983909188543558913e-40
4.250102368650674752e-05 8.689655172413793593e+01 1.135812470568724713e-39
6.769926586205501733e-05 8.689655172413793593e+01 1.431203135853858277e-39
1.078371813363233488e-04 8.689655172413793593e+01 1.806445165031319281e-39
1.717722863089567891e-04 8.689655172413793593e+01 2.279980054040966197e-39
2.736135902122996313e-04 8.689655172413793593e+01 2.884669981607017207e-39
4.358351300873408870e-04 8.689655172413793593e+01 3.636280949117291944e-39
6.942354744545533056e-04 8.689655172413793593e+01 4.630224590448215670e-39
1.105837645291589616e-03 8.689655172413793593e+01 5.850073498699384493e-39
1.761472789480881531e-03 8.689655172413793593e+01 7.444003640785440841e-39
2.805824527038428690e-03 8.689655172413793593e+01 9.468972632510203650e-39
4.469357303470210090e-03 8.689655172413793593e+01 1.211597190131655386e-38
7.119174600403985892e-03 8.689655172413793593e+01 1.562695612650602350e-38
1.134003024365157902e-02 8.689655172413793593e+01 2.029514905463689934e-38
1.806337014401007690e-02 8.689655172413793593e+01 2.669650834115911546e-38
2.877288101962317823e-02 8.689655172413793593e+01 3.553472415181635457e-38
4.583190598261207421e-02 8.689655172413793593e+01 4.812126088861234033e-38
7.300498009102399100e-02 8.689655172413793593e+01 6.755547446552203561e-38
1.162885767856308566e-01 8.689655172413793593e+01 1.004057247502609721e-37
1.852343918725382621e-01 8.689655172413793593e+01 1.720692522756592842e-37
2.950571834380621983e-01 8.689655172413793593e+01 9.052547156463182005e-37
4.699923195596870107e-01 8.689655172413793593e+01 1.049622451839226884e-36
7.486439674886415929e-01 8.689655172413793593e+01 0.000000000000000000e+00
9.999999999999999547e-08 9.310344827586206407e+01 5.497976139495323567e-41
1.592885535214725096e-07 9.310344827586206407e+01 6.930829421359023678e-41
2.537284328296300856e-07 9.310344827586206407e+01 8.743344770515438900e-41
4.041603505270179570e-07 9.310344827586206407e+01 1.102157004547044533e-40
6.437811762617998739e-07 9.310344827586206407e+01 1.398085554747464294e-40
1.025469723510942276e-06 9.310344827586206407e+01 1.761915570653335352e-40
1.633455889381223358e-06 9.310344827586206407e+01 2.219691924654483248e-40
2.601908258606654861e-06 9.310344827586206407e+01 2.802953041183559785e-40
4.144542029090266371e-06 9.310344827586206407e+01 3.534850101734140401e-40
6.601781048227371505e-06 9.310344827586206407e+01 4.458818861783826742e-40
1.051588153837608446e-05 9.310344827586206407e+01 5.629344474933977354e-40
1.675059559251080012e-05 9.310344827586206407e+01 7.114691492008873420e-40
2.668178142554203833e-05 9.310344827586206407e+01 8.985514315707292869e-40
4.250102368650674752e-05 9.310344827586206407e+01 1.133584481469300281e-39
6.769926586205501733e-05 9.310344827586206407e+01 1.430321057650016510e-39
1.078371813363233488e-04 9.310344827586206407e+01 1.805545984108659037e-39
1.717722863089567891e-04 9.310344827586206407e+01 2.280178075058490030e-39
2.736135902122996313e-04 9.310344827586206407e+01 2.876565563633644851e-39
4.358351300873408870e-04 9.310344827586206407e+01 3.637307795321534643e-39
6.942354744545533056e-04 9.310344827586206407e+01 4.604682741278782787e-39
1.105837645291589616e-03 9.310344827586206407e+01 5.824101911299451511e-39
1.761472789480881531e-03 9.310344827586206407e+01 7.412447875999914473e-39
2.805824527038428690e-03 9.310344827586206407e+01 9.402203163284388441e-39
4.469357303470210090e-03 9.310344827586206407e+01 1.199322237840919417e-38
7.119174600403985892e-03 9.310344827586206407e+01 1.542245736558326166e-38
1.134003024365157902e-02 9.310344827586206407e+01 1.995716506874248856e-38
1.806337014401007690e-02 9.310344827586206407e+01 2.602203339798362298e-38
2.877288101962317823e-02 9.310344827586206407e+01 3.437978532350884815e-38
4.583190598261207421e-02 9.310344827586206407e+01 4.616967244076100544e-38
7.300498009102399100e-02 9.310344827586206407e+01 6.396637537363562980e-38
1.162885767856308566e-01 9.310344827586206407e+01 9.447890431717385187e-38
1.852343918725382621e-01 9.310344827586206407e+01 1.629836678379645176e-37
2.950571834380621983e-01 9.310344827586206407e+01 1.211319735387559516e-36
4.699923195596870107e-01 9.310344827586206407e+01 3.881758208628606708e-37
7.486439674886415929e-01 9.310344827586206407e+01 0.000000000000000000e+00
9.999999999999999547e-08 9.931034482758620641e+01 5.424640384281027797e-41
1.592885535214725096e-07 9.931034482758620641e+01 6.854778098911188727e-41
2.537284328296300856e-07 9.931034482758620641e+01 8.654656645872480312e-41
4.041603505270179570e-07 9.931034482758620641e+01 1.091967958509078221e-40
6.437811762617998739e-07 9.931034482758620641e+01 1.378184304590916381e-40
1.025469723510942276e-06 9.931034482758620641e+01 1.742796394083997722e-40
1.633455889381223358e-06 9.931034482758620641e+01 2.197486410937881751e-40
2.601908258606654861e-06 9.931034482758620641e+01 2.767278742036657359e-40
4.144542029090266371e-06 9.931034482758620641e+01 3.495971768351234155e-40
6.601781048227371505e-06 9.931034482758620641e+01 4.411880686078462695e-40
1.051588153837608446e-05 9.931034482758620641e+01 5.578843958292677918e-40
1.675059559251080012e-05 9.931034482758620641e+01 7.020909008017592250e-40
2.668178142554203833e-05 9.931034482758620641e+01 8.877120808314261063e-40
4.250102368650674752e-05 9.931034482758620641e+01 1.118053611175853624e-39
6.769926586205501733e-05 9.931034482758620641e+01 1.415234647350652379e-39
1.078371813363233488e-04 9.931034482758620641e+01 1.780521241149599362e-39
1.717722863089567891e-04 9.931034482758620641e+01 2.248615255367112914e-39
2.736135902122996313e-04 9.931034482758620641e+01 2.841117769753859628e-39
4.358351300873408870e-04 9.931034482758620641e+01 3.593406100696313083e-39
6.942354744545533056e-04 9.931034482758620641e+01 4.535863864946075482e-39
1.105837645291589616e-03 9.931034482758620641e+01 5.732249296843927651e-39
1.761472789480881531e-03 9.931034482758620641e+01 7.278174724375362030e-39
2.805824527038428690e-03 9.931034482758620641e+01 9.225201911357702515e-39
4.469357303470210090e-03 9.931034482758620641e+01 1.177560318701788874e-38
7.119174600403985892e-03 9.931034482758620641e+01 1.506659666502735650e-38
1.134003024365157902e-02 9.931034482758620641e+01 1.935340749971296365e-38
1.806337014401007690e-02 9.931034482758620641e+01 2.505020756587554465e-38
2.877288101962317823e-02 9.931034482758620641e+01 3.287052345810168685e-38
4.583190598261207421e-02 9.931034482758620641e+01 4.372707990812200125e-38
7.300498009102399100e-02 9.931034482758620641e+01 5.996994825369176994e-38
1.162885767856308566e-01 9.931034482758620641e+01 8.829970108339082059e-38
1.852343918725382621e-01 9.931034482758620641e+01 1.551156068045301563e-37
2.950571834380621983e-01 9.931034482758620641e+01 1.442806186844748177e-36
4.699923195596870107e-01 9.931034482758620641e+01 1.092601930328790544e-37
7.486439674886415929e-01 9.931034482758620641e+01 0.000000000000000000e+00
9.999999999999999547e-08 1.055172413793103630e+02 5.294063502440211236e-41
1.592885535214725096e-07 1.055172413793103630e+02 6.704704439958053566e-41
2.537284328296300856e-07 1.055172413793103630e+02 8.439274316072916693e-41
4.041603505270179570e-07 1.055172413793103630e+02 1.065320655841518649e-40
6.437811762617998739e-07 1.055172413793103630e+02 1.345002396945583997e-40
1.025469723510942276e-06 1.055172413793103630e+02 1.695682160910438659e-40
1.633455889381223358e-06 1.055172413793103630e+02 2.142557608253091630e-40
2.601908258606654861e-06 1.055172413793103630e+02 2.701252620888136371e-40
4.144542029090266371e-06 1.055172413793103630e+02 3.409378478936373633e-40
6.601781048227371505e-06 1.055172413793103630e+02 4.309978928261508034e-40
1.051588153837608446e-05 1.055172413793103630e+02 5.437302721919959978e-40
1.675059559251080012e-05 1.055172413793103630e+02 6.852447724151389284e-40
2.668178142554203833e-05 1.055172413793103630e+02 8.657116769079482309e-40
4.250102368650674752e-05 1.055172413793103630e+02 1.092191512139565860e-39
6.769926586205501733e-05 1.055172413793103630e+02 1.377934045514156284e-39
1.078371813363233488e-04 1.055172413793103630e+02 1.738533047252001859e-39
1.717722863089567891e-04 1.055172413793103630e+02 2.199231946337208303e-39
2.736135902122996313e-04 1.055172413793103630e+02 2.764716040761343543e-39
4.358351300873408870e-04 1.055172413793103630e+02 3.497329546184158103e-39
6.942354744545533056e-04 1.055172413793103630e+02 4.408604808083162327e-39
1.105837645291589616e-03 1.055172413793103630e+02 5.592374499869017713e-39
1.761472789480881531e-03 1.055172413793103630e+02 7.048013496750526034e-39
2.805824527038428690e-03 1.055172413793103630e+02 8.937353646022358443e-39
4.469357303470210090e-03 1.055172413793103630e+02 1.134924863557480243e-38
7.119174600403985892e-03 1.055172413793103630e+02 1.446937361868242605e-38
1.134003024365157902e-02 1.055172413793103630e+02 1.856773260836475596e-38
1.806337014401007690e-02 1.055172413793103630e+02 2.392156656042537653e-38
2.877288101962317823e-02 1.055172413793103630e+02 3.104601833243540965e-38
4.583190598261207421e-02 1.055172413793103630e+02 4.093290291709026665e-38
7.300498009102399100e-02 1.055172413793103630e+02 5.574775631798282619e-38
1.162885767856308566e-01 1.055172413793103630e+02 8.184303477516026184e-38
1.852343918725382621e-01 1.055172413793103630e+02 1.498110871361985228e-37
2.950571834380621983e-01 1.055172413793103630e+02 1.472173773961251502e-36
4.699923195596870107e-01 1.055172413793103630e+02 2.724052310253239794e-38
7.486439674886415929e-01 1.055172413793103630e+02 0.000000000000000000e+00
9.999999999999999547e-08 1.117241379310344911e+02 5.119983980678659987e-41
1.592885535214725096e-07 1.117241379310344911e+02 6.454418704595310441e-41
2.537284328296300856e-07 1.117241379310344911e+02 8.129286010551263540e-41
4.041603505270179570e-07 1.117241379310344911e+02 1.025095927609717902e-40
6.437811762617998739e-07 1.117241379310344911e+02 1.298721115908648284e-40
1.025469723510942276e-06 1.117241379310344911e+02 1.641963378098545530e-40
1.633455889381223358e-06 1.117241379310344911e+02 2.067151893279104148e-40
2.601908258606654861e-06 1.117241379310344911e+02 2.609232814479790837e-40
4.144542029090266371e-06 1.117241379310344911e+02 3.286981281059460396e-40
6.601781048227371505e-06 1.117241379310344911e+02 4.149180970962397010e-40
1.051588153837608446e-05 1.117241379310344911e+02 5.252673189088173502e-40
1.675059559251080012e-05 1.117241379310344911e+02 6.621826035635552071e-40
2.668178142554203833e-05 1.117241379310344911e+02 8.329977290929044383e-40
4.250102368650674752e-05 1.117241379310344911e+02 1.051761507133649915e-39
6.769926586205501733e-05 1.117241379310344911e+02 1.328420467376634269e-39
1.078371813363233488e-04 1.117241379310344911e+02 1.672727265456922699e-39
1.717722863089567891e-04 1.117241379310344911e+02 2.111133308201547321e-39
2.736135902122996313e-04 1.117241379310344911e+02 2.666018888458097534e-39
4.358351300873408870e-04 1.117241379310344911e+02 3.361149630840510625e-39
6.942354744545533056e-04 1.117241379310344911e+02 4.247551991435187508e-39
1.105837645291589616e-03 1.117241379310344911e+02 5.362073501208650367e-39
1.761472789480881531e-03 1.117241379310344911e+02 6.769762592265129853e-39
2.805824527038428690e-03 1.117241379310344911e+02 8.595730346592247090e-39
4.469357303470210090e-03 1.117241379310344911e+02 1.085969287081393851e-38
7.119174600403985892e-03 1.117241379310344911e+02 1.382271368740960266e-38
1.134003024365157902e-02 1.117241379310344911e+02 1.755458208054216912e-38
1.806337014401007690e-02 1.117241379310344911e+02 2.244727382502882044e-38
2.877288101962317823e-02 1.117241379310344911e+02 2.902823578051980632e-38
4.583190598261207421e-02 1.117241379310344911e+02 3.805062100535721443e-38
7.300498009102399100e-02 1.117241379310344911e+02 5.164127396023448411e-38
1.162885767856308566e-01 1.117241379310344911e+02 7.519843141300193544e-38
1.852343918725382621e-01 1.117241379310344911e+02 1.488831844515758117e-37
2.950571834380621983e-01 1.117241379310344911e+02 1.348446002953969073e-36
4.699923195596870107e-01 1.117241379310344911e+02 7.286556285755939033e-39
7.486439674886415929e-01 1.117241379310344911e+02 0.000000000000000000e+00
9.999999999999999547e-08 1.179310344827586192e+02 4.865352380046952262e-41
1.592885535214725096e-07 1.179310344827586192e+02 6.124197083137844347e-41
2.537284328296300856e-07 1.179310344827586192e+02 7.757065051536871062e-41
4.041603505270179570e-07 1.179310344827586192e+02 9.768541741313952564e-41
6.437811762617998739e-07 1.179310344827586192e+02 1.231270088596450996e-40
1.025469723510942276e-06 1.179310344827586192e+02 1.558085338384260903e-40
1.633455889381223358e-06 1.179310344827586192e+02 1.962310552454220947e-40
2.601908258606654861e-06 1.179310344827586192e+02 2.478998517358326001e-40
4.144542029090266371e-06 1.179310344827586192e+02 3.128614968995205628e-40
6.601781048227371505e-06 1.179310344827586192e+02 3.942841686703494297e-40
1.051588153837608446e-05 1.179310344827586192e+02 4.980360020188158589e-40
1.675059559251080012e-05 1.179310344827586192e+02 6.279330287954953276e-40
2.668178142554203833e-05 1.179310344827586192e+02 7.931357728242485268e-40
4.250102368650674752e-05 1.179310344827586192e+02 9.993010570128628881e-40
6.769926586205501733e-05 1.179310344827586192e+02 1.263738402897180534e-39
1.078371813363233488e-04 1.179310344827586192e+02 1.589878204283201161e-39
1.717722863089567891e-04 1.179310344827586192e+02 2.004773583286384893e-39
2.736135902122996313e-04 1.179310344827586192e+02 2.524201711686635879e-39
4.358351300873408870e-04 1.179310344827586192e+02 3.195420352825150877e-39
6.942354744545533056e-04 1.179310344827586192e+02 4.022562920870117889e-39
1.105837645291589616e-03 1.179310344827586192e+02 5.082546362338435081e-39
1.761472789480881531e-03 1.179310344827586192e+02 6.418632006289078048e-39
2.805824527038428690e-03 1.179310344827586192e+02 8.104501558114793860e-39
4.469357303470210090e-03 1.179310344827586192e+02 1.023731987040251013e-38
7.119174600403985892e-03 1.179310344827586192e+02 1.294481289122953972e-38
1.134003024365157902e-02 1.179310344827586192e+02 1.638122252047799234e-38
1.806337014401007690e-02 1.179310344827586192e+02 2.087926247352310027e-38
2.877288101962317823e-02 1.179310344827586192e+02 2.682517520728170450e-38
4.583190598261207421e-02 1.179310344827586192e+02 3.496261924884521461e-38
7.300498009102399100e-02 1.179310344827586192e+02 4.721193652601175608e-38
1.162885767856308566e-01 1.179310344827586192e+02 6.873059037424930292e-38
1.852343918725382621e-01 1.179310344827586192e+02 1.504740962467341736e-37
2.950571834380621983e-01 1.179310344827586192e+02 1.118864449211771902e-36
4.699923195596870107e-01 1.179310344827586192e+02 2.491527524399539248e-39
7.486439674886415929e-01 1.179310344827586192e+02 0.000000000000000000e+00
9.999999999999999547e-08 1.241379310344827616e+02 4.552925868625242275e-41
1.592885535214725096e-07 1.241379310344827616e+02 5.753009380360429850e-41
2.537284328296300856e-07 1.241379310344827616e+02 7.270241195966869315e-41
4.041603505270179570e-07 1.241379310344827616e+02 9.140411169526336636e-41
6.437811762617998739e-07 1.241379310344827616e+02 1.155924799625498687e-40
1.025469723510942276e-06 1.241379310344827616e+02 1.460636812265031279e-40
1.633455889381223358e-06 1.241379310344827616e+02 1.846652436582597154e-40
2.601908258606654861e-06 1.241379310344827616e+02 2.322523111885907586e-40
4.144542029090266371e-06 1.241379310344827616e+02 2.931455715135553205e-40
6.601781048227371505e-06 1.241379310344827616e+02 3.694474793787132613e-40
1.051588153837608446e-05 1.241379310344827616e+02 4.661819707573275225e-40
1.675059559251080012e-05 1.241379310344827616e+02 5.888975919741543825e-40
2.668178142554203833e-05 1.241379310344827616e+02 7.407784501530007347e-40
4.250102368650674752e-05 1.241379310344827616e+02 9.354033028557665179e-40
6.769926586205501733e-05 1.241379310344827616e+02 1.181024159699344436e-39
1.078371813363233488e-04 1.241379310344827616e+02 1.491999313008785277e-39
1.717722863089567891e-04 1.241379310344827616e+02 1.875622305527240258e-39
2.736135902122996313e-04 1.241379310344827616e+02 2.368668009249716160e-39
4.358351300873408870e-04 1.241379310344827616e+02 2.981809786947485099e-39
6.942354744545533056e-04 1.241379310344827616e+02 3.760872346043211022e-39
1.105837645291589616e-03 1.241379310344827616e+02 4.731792979216995424e-39
1.761472789480881531e-03 1.241379310344827616e+02 5.968840522866132122e-39
2.805824527038428690e-03 1.241379310344827616e+02 7.527529057826311493e-39
4.469357303470210090e-03 1.241379310344827616e+02 9.495756126328276667e-39
7.119174600403985892e-03 1.241379310344827616e+02 1.199576258208595820e-38
1.134003024365157902e-02 1.241379310344827616e+02 1.513696484304080310e-38
1.806337014401007690e-02 1.241379310344827616e+02 1.915603067342802085e-38
2.877288101962317823e-02 1.241379310344827616e+02 2.445097513055637151e-38
4.583190598261207421e-02 1.241379310344827616e+02 3.179260525336277150e-38
7.300498009102399100e-02 1.241379310344827616e+02 4.254665192583239762e-38
1.162885767856308566e-01 1.241379310344827616e+02 6.222926905341673573e-38
1.852343918725382621e-01 1.241379310344827616e+02 1.537637944392483776e-37
2.950571834380621983e-01 1.241379310344827616e+02 8.831509674205517786e-37
4.699923195596870107e-01 1.241379310344827616e+02 1.058420399598379626e-39
7.486439674886415929e-01 1.241379310344827616e+02 0.000000000000000000e+00
9.999999999999999547e-08 1.303448275862068897e+02 4.198934876264283050e-41
1.592885535214725096e-07 1.303448275862068897e+02 5.303923321541647449e-41
2.537284328296300856e-07 1.303448275862068897e+02 6.691347382193222185e-41
4.041603505270179570e-07 1.303448275862068897e+02 8.424655246757329396e-41
6.437811762617998739e-07 1.303448275862068897e+02 1.062375317033715755e-40
1.025469723510942276e-06 1.303448275862068897e+02 1.340692535348565082e-40
1.633455889381223358e-06 1.303448275862068897e+02 1.695013248906757039e-40
2.601908258606654861e-06 1.303448275862068897e+02 2.139480206635621221e-40
4.144542029090266371e-06 1.303448275862068897e+02 2.697419018937019990e-40
6.601781048227371505e-06 1.303448275862068897e+02 3.401816087955107753e-40
1.051588153837608446e-05 1.303448275862068897e+02 4.289181755527632111e-40
1.675059559251080012e-05 1.303448275862068897e+02 5.413365696817951723e-40
2.668178142554203833e-05 1.303448275862068897e+02 6.832161622184741316e-40
4.250102368650674752e-05 1.303448275862068897e+02 8.620949285977873753e-40
6.769926586205501733e-05 1.303448275862068897e+02 1.085854527386711294e-39
1.078371813363233488e-04 1.303448275862068897e+02 1.373658700913308032e-39
1.717722863089567891e-04 1.303448275862068897e+02 1.726496777847324551e-39
2.736135902122996313e-04 1.303448275862068897e+02 2.174295079336150052e-39
4.358351300873408870e-04 1.303448275862068897e+02 2.742739063836010448e-39
6.942354744545533056e-04 1.303448275862068897e+02 3.459453782612854791e-39
1.105837645291589616e-03 1.303448275862068897e+02 4.344725562200534393e-39
1.761472789480881531e-03 1.303448275862068897e+02 5.469271265645447130e-39
2.805824527038428690e-03 1.303448275862068897e+02 6.888407112184627323e-39
4.469357303470210090e-03 1.303448275862068897e+02 8.665451314455565890e-39
7.119174600403985892e-03 1.303448275862068897e+02 1.089272581688005440e-38
1.134003024365157902e-02 1.303448275862068897e+02 1.370301223945759371e-38
1.806337014401007690e-02 1.303448275862068897e+02 1.731115492180600788e-38
2.877288101962317823e-02 1.303448275862068897e+02 2.200526648468047674e-38
4.583190598261207421e-02 1.303448275862068897e+02 2.849685388568537023e-38
7.300498009102399100e-02 1.303448275862068897e+02 3.809666121789008633e-38
1.162885767856308566e-01 1.303448275862068897e+02 5.568789271517971410e-38
1.852343918725382621e-01 1.303448275862068897e+02 1.566988496436363423e-37
2.950571834380621983e-01 1.303448275862068897e+02 6.796798183161181833e-37
4.699923195596870107e-01 1.303448275862068897e+02 5.003554423912574142e-40
7.486439674886415929e-01 1.303448275862068897e+02 0.000000000000000000e+00
9.999999999999999547e-08 1.365517241379310462e+02 3.789433973386887026e-41
1.592885535214725096e-07 1.365517241379310462e+02 4.769012886998762408e-41
2.537284328296300856e-07 1.365517241379310462e+02 6.023155607884583822e-41
4.041603505270179570e-07 1.365517241379310462e+02 7.605434739734941812e-41
6.437811762617998739e-07 1.365517241379310462e+02 9.606584631568264891e-41
1.025469723510942276e-06 1.365517241379310462e+02 1.210069157925432224e-40
1.633455889381223358e-06 1.365517241379310462e+02 1.529772245398720341e-40
2.601908258606654861e-06 1.365517241379310462e+02 1.927138096616583444e-40
4.144542029090266371e-06 1.365517241379310462e+02 2.436344860333407483e-40
6.601781048227371505e-06 1.365517241379310462e+02 3.070520119932112226e-40
1.051588153837608446e-05 1.365517241379310462e+02 3.866476463201524952e-40
1.675059559251080012e-05 1.365517241379310462e+02 4.883070885977152387e-40
2.668178142554203833e-05 1.365517241379310462e+02 6.159297840803726825e-40
4.250102368650674752e-05 1.365517241379310462e+02 7.777325599237750745e-40
6.769926586205501733e-05 1.365517241379310462e+02 9.804273555897189602e-40
1.078371813363233488e-04 1.365517241379310462e+02 1.232789946785463350e-39
1.717722863089567891e-04 1.365517241379310462e+02 1.556751171157196650e-39
2.736135902122996313e-04 1.365517241379310462e+02 1.960238740670882549e-39
4.358351300873408870e-04 1.365517241379310462e+02 2.463295327568638484e-39
6.942354744545533056e-04 1.365517241379310462e+02 3.106661474714305819e-39
1.105837645291589616e-03 1.365517241379310462e+02 3.915396620297337825e-39
1.761472789480881531e-03 1.365517241379310462e+02 4.918137875419288470e-39
2.805824527038428690e-03 1.365517241379310462e+02 6.188726358792278638e-39
4.469357303470210090e-03 1.365517241379310462e+02 7.759364426125204120e-39
7.119174600403985892e-03 1.365517241379310462e+02 9.728558216824157173e-39
1.134003024365157902e-02 1.365517241379310462e+02 1.220973590388781798e-38
1.806337014401007690e-02 1.365517241379310462e+02 1.537006867942682873e-38
2.877288101962317823e-02 1.365517241379310462e+02 1.945600424258865686e-38
4.583190598261207421e-02 1.365517241379310462e+02 2.500124885404346506e-38
7.300498009102399100e-02 1.365517241379310462e+02 3.339546389537540311e-38
1.162885767856308566e-01 1.365517241379310462e+02 4.907754736830751921e-38
1.852343918725382621e-01 1.365517241379310462e+02 1.579549954301411940e-37
2.950571834380621983e-01 1.365517241379310462e+02 5.149697862768791403e-37
4.699923195596870107e-01 1.365517241379310462e+02 2.537693638627660363e-40
7.486439674886415929e-01 1.365517241379310462e+02 0.000000000000000000e+00
9.999999999999999547e-08 1.427586206896551744e+02 3.333472866958808174e-41
1.592885535214725096e-07 1.427586206896551744e+02 4.209436639835515399e-41
2.537284328296300856e-07 1.427586206896551744e+02 5.304555749987188113e-41
4.041603505270179570e-07 1.427586206896551744e+02 6.687706146294577314e-41
6.437811762617998739e-07 1.427586206896551744e+02 8.456623893400076080e-41
1.025469723510942276e-06 1.427586206896551744e+02 1.067859524680852308e-40
1.633455889381223358e-06 1.427586206896551744e+02 1.344714298580022700e-40
2.601908258606654861e-06 1.427586206896551744e+02 1.697899876878042930e-40
4.144542029090266371e-06 1.427586206896551744e+02 2.140531311622365903e-40
6.601781048227371505e-06 1.427586206896551744e+02 2.694521305230737587e-40
1.051588153837608446e-05 1.427586206896551744e+02 3.400875051291323128e-40
1.675059559251080012e-05 1.427586206896551744e+02 4.295426264789850224e-40
2.668178142554203833e-05 1.427586206896551744e+02 5.429229059809754681e-40
4.250102368650674752e-05 1.427586206896551744e+02 6.829344269093472786e-40
6.769926586205501733e-05 1.427586206896551744e+02 8.624919581558619564e-40
1.078371813363233488e-04 1.427586206896551744e+02 1.085772681092830151e-39
1.717722863089567891e-04 1.427586206896551744e+02 1.369814555075604389e-39
2.736135902122996313e-04 1.427586206896551744e+02 1.721535102042598725e-39
4.358351300873408870e-04 1.427586206896551744e+02 2.165140196643927086e-39
6.942354744545533056e-04 1.427586206896551744e+02 2.734361873249011556e-39
1.105837645291589616e-03 1.427586206896551744e+02 3.426544361221238800e-39
1.761472789480881531e-03 1.427586206896551744e+02 4.320758172408935454e-39
2.805824527038428690e-03 1.427586206896551744e+02 5.401698656059111479e-39
4.469357303470210090e-03 1.427586206896551744e+02 6.770386620094101976e-39
7.119174600403985892e-03 1.427586206896551744e+02 8.463043990822637239e-39
1.134003024365157902e-02 1.427586206896551744e+02 1.060149660306355750e-38
1.806337014401007690e-02 1.427586206896551744e+02 1.331850480616623986e-38
2.877288101962317823e-02 1.427586206896551744e+02 1.678374822111464769e-38
4.583190598261207421e-02 1.427586206896551744e+02 2.151741642898787742e-38
7.300498009102399100e-02 1.427586206896551744e+02 2.877937770225845975e-38
1.162885767856308566e-01 1.427586206896551744e+02 4.218837029315170484e-38
1.852343918725382621e-01 1.427586206896551744e+02 1.546451454778703314e-37
2.950571834380621983e-01 1.427586206896551744e+02 3.892928807334731949e-37
4.699923195596870107e-01 1.427586206896551744e+02 1.343915750535439903e-40
7.486439674886415929e-01 1.427586206896551744e+02 0.000000000000000000e+00
9.999999999999999547e-08 1.489655172413793025e+02 2.837714607108009720e-41
1.592885535214725096e-07 1.489655172413793025e+02 3.586107216408737292e-41
2.537284328296300856e-07 1.489655172413793025e+02 4.519224771153347368e-41
4.041603505270179570e-07 1.489655172413793025e+02 5.696936254575840475e-41
6.437811762617998739e-07 1.489655172413793025e+02 7.205809073938265275e-41
1.025469723510942276e-06 1.489655172413793025e+02 9.075481562786109768e-41
1.633455889381223358e-06 1.489655172413793025e+02 1.146566828126257505e-40
2.601908258606654861e-06 1.489655172413793025e+02 1.448303149138504060e-40
4.144542029090266371e-06 1.489655172413793025e+02 1.826362464734968105e-40
6.601781048227371505e-06 1.489655172413793025e+02 2.305507536652745225e-40
1.051588153837608446e-05 1.489655172413793025e+02 2.906872319923608323e-40
1.675059559251080012e-05 1.489655172413793025e+02 3.664926113563647426e-40
2.668178142554203833e-05 1.489655172413793025e+02 4.621132436103994574e-40
4.250102368650674752e-05 1.489655172413793025e+02 5.814028177137130709e-40
6.769926586205501733e-05 1.489655172413793025e+02 7.326539229308062170e-40
1.078371813363233488e-04 1.489655172413793025e+02 9.241325013422590212e-40
1.717722863089567891e-04 1.489655172413793025e+02 1.163032161778615460e-39
2.736135902122996313e-04 1.489655172413793025e+02 1.465780265392573638e-39
4.358351300873408870e-04 1.489655172413793025e+02 1.843360700448206530e-39
6.942354744545533056e-04 1.489655172413793025e+02 2.316590647832821079e-39
1.105837645291589616e-03 1.489655172413793025e+02 2.911725712126656921e-39
1.761472789480881531e-03 1.489655172413793025e+02 3.657808210539174309e-39
2.805824527038428690e-03 1.489655172413793025e+02 4.569407737461918324e-39
4.469357303470210090e-03 1.489655172413793025e+02 5.725646447162104325e-39
7.119174600403985892e-03 1.489655172413793025e+02 7.146294730108652071e-39
1.134003024365157902e-02 1.489655172413793025e+02 8.944545382760316425e-39
1.806337014401007690e-02 1.489655172413793025e+02 1.115200649600565352e-38
2.877288101962317823e-02 1.489655172413793025e+02 1.409303569999614185e-38
4.583190598261207421e-02 1.489655172413793025e+02 1.800527345266751662e-38
7.300498009102399100e-02 1.489655172413793025e+02 2.400827848391359048e-38
1.162885767856308566e-01 1.489655172413793025e+02 3.549717248217939861e-38
1.852343918725382621e-01 1.489655172413793025e+02 1.459514207300459712e-37
2.950571834380621983e-01 1.489655172413793025e+02 2.825992908534972537e-37
4.699923195596870107e-01 1.489655172413793025e+02 7.262655822598348551e-41
7.486439674886415929e-01 1.489655172413793025e+02 0.000000000000000000e+00
9.999999999999999547e-08 1.551724137931034591e+02 2.305930256880310436e-41
1.592885535214725096e-07 1.551724137931034591e+02 2.912921606688259745e-41
2.537284328296300856e-07 1.551724137931034591e+02 3.675284020485467051e-41
4.041603505270179570e-07 1.551724137931034591e+02 4.644700188415544006e-41
6.437811762617998739e-07 1.551724137931034591e+02 5.861336014913837702e-41
1.025469723510942276e-06 1.551724137931034591e+02 7.400008520066455264e-41
1.633455889381223358e-06 1.551724137931034591e+02 9.347424432557718866e-41
2.601908258606654861e-06 1.551724137931034591e+02 1.179013761229963837e-40
4.144542029090266371e-06 1.551724137931034591e+02 1.488497438574373903e-40
6.601781048227371505e-06 1.551724137931034591e+02 1.878569071426409646e-40
1.051588153837608446e-05 1.551724137931034591e+02 2.361487916689984820e-40
1.675059559251080012e-05 1.551724137931034591e+02 2.977923817500408236e-40
2.668178142554203833e-05 1.551724137931034591e+02 3.754412983318499170e-40
4.250102368650674752e-05 1.551724137931034591e+02 4.745551894288583533e-40
6.769926586205501733e-05 1.551724137931034591e+02 5.969585304297938672e-40
1.078371813363233488e-04 1.551724137931034591e+02 7.539657875937476953e-40
1.717722863089567891e-04 1.551724137931034591e+02 9.486853227818860073e-40
2.736135902122996313e-04 1.551724137931034591e+02 1.195369621332749205e-39
4.358351300873408870e-04 1.551724137931034591e+02 1.500416182829864121e-39
6.942354744545533056e-04 1.551724137931034591e+02 1.884152707624840568e-39
1.105837645291589616e-03 1.551724137931034591e+02 2.368226495499255459e-39
1.761472789480881531e-03 1.551724137931034591e+02 2.968030051242884431e-39
2.805824527038428690e-03 1.551724137931034591e+02 3.718280437263232360e-39
4.469357303470210090e-03 1.551724137931034591e+02 4.653904010506385793e-39
7.119174600403985892e-03 1.551724137931034591e+02 5.793206494656894102e-39
1.134003024365157902e-02 1.551724137931034591e+02 7.222761810559527646e-39
1.806337014401007690e-02 1.551724137931034591e+02 9.017639427859400159e-39
2.877288101962317823e-02 1.551724137931034591e+02 1.133649165260534343e-38
4.583190598261207421e-02 1.551724137931034591e+02 1.445509136918148645e-38
7.300498009102399100e-02 1.551724137931034591e+02 1.927250284965775921e-38
1.162885767856308566e-01 1.551724137931034591e+02 2.854187661952936388e-38
1.852343918725382621e-01 1.551724137931034591e+02 1.296070007881552295e-37
2.950571834380621983e-01 1.551724137931034591e+02 2.014872581822347907e-37
4.699923195596870107e-01 1.551724137931034591e+02 4.046913813356264979e-41
7.486439674886415929e-01 1.551724137931034591e+02 0.000000000000000000e+00
9.999999999999999547e-08 1.613793103448276156e+02 1.755577250055597521e-41
1.592885535214725096e-07 1.613793103448276156e+02 2.221209459008027282e-41
2.537284328296300856e-07 1.613793103448276156e+02 2.804236202384310950e-41
4.041603505270179570e-07 1.613793103448276156e+02 3.533515986224151223e-41
6.437811762617998739e-07 1.613793103448276156e+02 4.450667910081250441e-41
1.025469723510942276e-06 1.613793103448276156e+02 5.622766423926265644e-41
1.633455889381223358e-06 1.613793103448276156e+02 7.102863774068347995e-41
2.601908258606654861e-06 1.613793103448276156e+02 8.942773230546844151e-41
4.144542029090266371e-06 1.613793103448276156e+02 1.129433524012774922e-40
6.601781048227371505e-06 1.613793103448276156e+02 1.426406898682361440e-40
1.051588153837608446e-05 1.613793103448276156e+02 1.797845507112064120e-40
1.675059559251080012e-05 1.613793103448276156e+02 2.272938846759696819e-40
2.668178142554203833e-05 1.613793103448276156e+02 2.857473956393240637e-40
4.250102368650674752e-05 1.613793103448276156e+02 3.607146250495215390e-40
6.769926586205501733e-05 1.613793103448276156e+02 4.546590696523948136e-40
1.078371813363233488e-04 1.613793103448276156e+02 5.722980516802851468e-40
1.717722863089567891e-04 1.613793103448276156e+02 7.218131250133533389e-40
2.736135902122996313e-04 1.613793103448276156e+02 9.060394720335218828e-40
4.358351300873408870e-04 1.613793103448276156e+02 1.138231413991340132e-39
6.942354744545533056e-04 1.613793103448276156e+02 1.433023298414758742e-39
1.105837645291589616e-03 1.613793103448276156e+02 1.797404705814838320e-39
1.761472789480881531e-03 1.613793103448276156e+02 2.252442241020341801e-39
2.805824527038428690e-03 1.613793103448276156e+02 2.820930163697194839e-39
4.469357303470210090e-03 1.613793103448276156e+02 3.523883161873633141e-39
7.119174600403985892e-03 1.613793103448276156e+02 4.376275157651487260e-39
1.134003024365157902e-02 1.613793103448276156e+02 5.464711991937162683e-39
1.806337014401007690e-02 1.613793103448276156e+02 6.790794942157867761e-39
2.877288101962317823e-02 1.613793103448276156e+02 8.524607165351838893e-39
4.583190598261207421e-02 1.613793103448276156e+02 1.088772504587224325e-38
7.300498009102399100e-02 1.613793103448276156e+02 1.448254355090254351e-38
1.162885767856308566e-01 1.613793103448276156e+02 2.164338655629567230e-38
1.852343918725382621e-01 1.613793103448276156e+02 1.054522891284731189e-37
2.950571834380621983e-01 1.613793103448276156e+02 1.358741885944089064e-37
4.699923195596870107e-01 1.613793103448276156e+02 2.255643251845757084e-41
7.486439674886415929e-01 1.613793103448276156e+02 0.000000000000000000e+00
9.999999999999999547e-08 1.675862068965517437e+02 1.183692747993459371e-41
1.592885535214725096e-07 1.675862068965517437e+02 1.490194328267293842e-41
2.537284328296300856e-07 1.675862068965517437e+02 1.881090015215147740e-41
4.041603505270179570e-07 1.675862068965517437e+02 2.378890353413132958e-41
6.437811762617998739e-07 1.675862068965517437e+02 3.000763756806962247e-41
1.025469723510942276e-06 1.675862068965517437e+02 3.775963438539129360e-41
1.633455889381223358e-06 1.675862068965517437e+02 4.787643909325365585e-41
2.601908258606654861e-06 1.675862068965517437e+02 6.026016653647585987e-41
4.144542029090266371e-06 1.675862068965517437e+02 7.613173235462651611e-41
6.601781048227371505e-06 1.675862068965517437e+02 9.594372182538743326e-41
1.051588153837608446e-05 1.675862068965517437e+02 1.208394296754462026e-40
1.675059559251080012e-05 1.675862068965517437e+02 1.525627903349469240e-40
2.668178142554203833e-05 1.675862068965517437e+02 1.924969943517482422e-40
4.250102368650674752e-05 1.675862068965517437e+02 2.428657284434511856e-40
6.769926586205501733e-05 1.675862068965517437e+02 3.059953730558501842e-40
1.078371813363233488e-04 1.675862068965517437e+02 3.859786942933888402e-40
1.717722863089567891e-04 1.675862068965517437e+02 4.851950177549949281e-40
2.736135902122996313e-04 1.675862068965517437e+02 6.105563273080796886e-40
4.358351300873408870e-04 1.675862068965517437e+02 7.657986074131989109e-40
6.942354744545533056e-04 1.675862068965517437e+02 9.618217897129964754e-40
1.105837645291589616e-03 1.675862068965517437e+02 1.208015727960314580e-39
1.761472789480881531e-03 1.675862068965517437e+02 1.514801037474936572e-39
2.805824527038428690e-03 1.675862068965517437e+02 1.891616558823231419e-39
4.469357303470210090e-03 1.675862068965517437e+02 2.363043430298211192e-39
7.119174600403985892e-03 1.675862068965517437e+02 2.937027759804833681e-39
1.134003024365157902e-02 1.675862068965517437e+02 3.661829202176358629e-39
1.806337014401007690e-02 1.675862068965517437e+02 4.551591902910695116e-39
2.877288101962317823e-02 1.675862068965517437e+02 5.689853701981964054e-39
4.583190598261207421e-02 1.675862068965517437e+02 7.248502219432687346e-39
7.300498009102399100e-02 1.675862068965517437e+02 9.655248725508627388e-39
1.162885767856308566e-01 1.675862068965517437e+02 1.448704623971756294e-38
1.852343918725382621e-01 1.675862068965517437e+02 7.469526016407414435e-38
2.950571834380621983e-01 1.675862068965517437e+02 8.437736753543529239e-38
4.699923195596870107e-01 1.675862068965517437e+02 1.199071875244868876e-41
7.486439674886415929e-01 1.675862068965517437e+02 0.000000000000000000e+00
9.999999999999999547e-08 1.737931034482758719e+02 5.939050250107030886e-42
1.592885535214725096e-07 1.737931034482758719e+02 7.500926242092680072e-42
2.537284328296300856e-07 1.737931034482758719e+02 9.483587230625008700e-42
4.041603505270179570e-07 1.737931034482758719e+02 1.195619907432668937e-41
6.437811762617998739e-07 1.737931034482758719e+02 1.507706027188566489e-41
1.025469723510942276e-06 1.737931034482758719e+02 1.904013985297256174e-41
1.633455889381223358e-06 1.737931034482758719e+02 2.404966463958256705e-41
2.601908258606654861e-06 1.737931034482758719e+02 3.030044603313417930e-41
4.144542029090266371e-06 1.737931034482758719e+02 3.820725468257938400e-41
6.601781048227371505e-06 1.737931034482758719e+02 4.826876098799734853e-41
1.051588153837608446e-05 1.737931034482758719e+02 6.082083269951511563e-41
1.675059559251080012e-05 1.737931034482758719e+02 7.681966003613888969e-41
2.668178142554203833e-05 1.737931034482758719e+02 9.671017138560236208e-41
4.250102368650674752e-05 1.737931034482758719e+02 1.218999256300170008e-40
6.769926586205501733e-05 1.737931034482758719e+02 1.536332950950273550e-40
1.078371813363233488e-04 1.737931034482758719e+02 1.936213572244153882e-40
1.717722863089567891e-04 1.737931034482758719e+02 2.434289232305065844e-40
2.736135902122996313e-04 1.737931034482758719e+02 3.060399745189786708e-40
4.358351300873408870e-04 1.737931034482758719e+02 3.845668644327304775e-40
6.942354744545533056e-04 1.737931034482758719e+02 4.842327951206487478e-40
1.105837645291589616e-03 1.737931034482758719e+02 6.067842431429190550e-40
1.761472789480881531e-03 1.737931034482758719e+02 7.599450195906273728e-40
2.805824527038428690e-03 1.737931034482758719e+02 9.477695242117890136e-40
4.469357303470210090e-03 1.737931034482758719e+02 1.185882350633206695e-39
7.119174600403985892e-03 1.737931034482758719e+02 1.472370828150726628e-39
1.134003024365157902e-02 1.737931034482758719e+02 1.828029075201489324e-39
1.806337014401007690e-02 1.737931034482758719e+02 2.283948129948573789e-39
2.877288101962317823e-02 1.737931034482758719e+02 2.846277371571574777e-39
4.583190598261207421e-02 1.737931034482758719e+02 3.640964900312410736e-39
7.300498009102399100e-02 1.737931034482758719e+02 4.837355509440831887e-39
1.162885767856308566e-01 1.737931034482758719e+02 7.274346682940259817e-39
1.852343918725382621e-01 1.737931034482758719e+02 3.832840682374656671e-38
2.950571834380621983e-01 1.737931034482758719e+02 4.005844599725980405e-38
4.699923195596870107e-01 1.737931034482758719e+02 5.245256581460775731e-42
7.486439674886415929e-01 1.737931034482758719e+02 0.000000000000000000e+00
9.999999999999999547e-08 1.800000000000000000e+02 6.737621050452441058e-57
1.592885535214725096e-07 1.800000000000000000e+02 8.498637799507484432e-57
2.537284328296300856e-07 1.800000000000000000e+02 1.073315043015204846e-56
4.041603505270179570e-07 1.800000000000000000e+02 0.000000000000000000e+00
6.437811762617998739e-07 1.800000000000000000e+02 1.710277578693051802e-56
1.025469723510942276e-06 1.800000000000000000e+02 2.159327131774932161e-56
1.633455889381223358e-06 1.800000000000000000e+02 2.726057265675750950e-56
2.601908258606654861e-06 1.800000000000000000e+02 0.000000000000000000e+00
4.144542029090266371e-06 1.800000000000000000e+02 4.324635138402212596e-56
6.601781048227371505e-06 1.800000000000000000e+02 5.470005580948319912e-56
1.051588153837608446e-05 1.800000000000000000e+02 6.894196471012826893e-56
1.675059559251080012e-05 1.800000000000000000e+02 8.704467674929301954e-56
2.668178142554203833e-05 1.800000000000000000e+02 1.094811152834910263e-55
4.250102368650674752e-05 1.800000000000000000e+02 0.000000000000000000e+00
6.769926586205501733e-05 1.800000000000000000e+02 1.743807097431133520e-55
1.078371813363233488e-04 1.800000000000000000e+02 2.196726103872301437e-55
1.717722863089567891e-04 1.800000000000000000e+02 2.759380280533852855e-55
2.736135902122996313e-04 1.800000000000000000e+02 3.472364577873490326e-55
4.358351300873408870e-04 1.800000000000000000e+02 4.367296427292369895e-55
6.942354744545533056e-04 1.800000000000000000e+02 5.482059452037441238e-55
1.105837645291589616e-03 1.800000000000000000e+02 6.858439762307099990e-55
1.761472789480881531e-03 1.800000000000000000e+02 8.594658230009624645e-55
2.805824527038428690e-03 1.800000000000000000e+02 1.075160109308827727e-54
4.469357303470210090e-03 1.800000000000000000e+02 1.340620719594387395e-54
7.119174600403985892e-03 1.800000000000000000e+02 1.667972092823692374e-54
1.134003024365157902e-02 1.800000000000000000e+02 2.075433541584281718e-54
1.806337014401007690e-02 1.800000000000000000e+02 2.576317560493058235e-54
2.877288101962317823e-02 1.800000000000000000e+02 3.225177814139531579e-54
4.583190598261207421e-02 1.800000000000000000e+02 0.000000000000000000e+00
7.300498009102399100e-02 1.800000000000000000e+02 5.470007581909015305e-54
1.162885767856308566e-01 1.800000000000000000e+02 8.222110691682688657e-54
1.852343918725382621e-01 1.800000000000000000e+02 0.000000000000000000e+00
2.950571834380621983e-01 1.800000000000000000e+02 4.447764103428239721e-53
4.699923195596870107e-01 1.800000000000000000e+02 5.654909562202771961e-57
7.486439674886415929e-01 1.800000000000000000e+02 0.000000000000000000e+00
