# atom 16: Tchi 0.2212216291070449 [GeV]; m_chi = 0.08 [GeV]; mS = 0.2 [GeV]; gchi =0.01; gN = 0.01
# Tchi^prime [GeV], theta [degree] ,dsigma/dTchip dtheta [cm^2/GeV]
9.999999999999999547e-08 0.000000000000000000e+00 0.000000000000000000e+00
1.534466416958955670e-07 0.000000000000000000e+00 0.000000000000000000e+00
2.354587184774860253e-07 0.000000000000000000e+00 0.000000000000000000e+00
3.613034960838954523e-07 0.000000000000000000e+00 0.000000000000000000e+00
5.544080810706002224e-07 0.000000000000000000e+00 0.000000000000000000e+00
8.507205816934941175e-07 0.000000000000000000e+00 0.000000000000000000e+00
1.305402162824454474e-06 0.000000000000000000e+00 0.000000000000000000e+00
2.003095779479715811e-06 0.000000000000000000e+00 0.000000000000000000e+00
3.073683203563846173e-06 0.000000000000000000e+00 0.000000000000000000e+00
4.716463652239548900e-06 0.000000000000000000e+00 0.000000000000000000e+00
7.237255081169170419e-06 0.000000000000000000e+00 0.000000000000000000e+00
1.110532487301967501e-05 0.000000000000000000e+00 0.000000000000000000e+00
1.704074806706766792e-05 0.000000000000000000e+00 0.000000000000000000e+00
2.614845562877357571e-05 0.000000000000000000e+00 0.000000000000000000e+00
4.012392701769450915e-05 0.000000000000000000e+00 0.000000000000000000e+00
6.156881852516431859e-05 0.000000000000000000e+00 0.000000000000000000e+00
9.447528435870507289e-05 0.000000000000000000e+00 0.000000000000000000e+00
1.449691510810809417e-04 0.000000000000000000e+00 0.000000000000000000e+00
2.224502938289680057e-04 0.000000000000000000e+00 0.000000000000000000e+00
3.413425053232034328e-04 0.000000000000000000e+00 0.000000000000000000e+00
5.237786110990897597e-04 0.000000000000000000e+00 0.000000000000000000e+00
8.037206886529592656e-04 0.000000000000000000e+00 0.000000000000000000e+00
1.233282405353092063e-03 0.000000000000000000e+00 0.000000000000000000e+00
1.892430433640681590e-03 0.000000000000000000e+00 0.000000000000000000e+00
2.903870946852704985e-03 0.000000000000000000e+00 0.000000000000000000e+00
4.455892447128280073e-03 0.000000000000000000e+00 0.000000000000000000e+00
6.837417317699419003e-03 0.000000000000000000e+00 0.000000000000000000e+00
1.049178725274334083e-02 0.000000000000000000e+00 0.000000000000000000e+00
1.609929519321271971e-02 0.000000000000000000e+00 0.000000000000000000e+00
2.470382781069370773e-02 0.000000000000000000e+00 0.000000000000000000e+00
3.790719414584618058e-02 0.000000000000000000e+00 0.000000000000000000e+00
5.816731637794420040e-02 0.000000000000000000e+00 0.000000000000000000e+00
8.925579354658201570e-02 0.000000000000000000e+00 0.000000000000000000e+00
1.369600177162519916e-01 0.000000000000000000e+00 0.000000000000000000e+00
2.101605476516926474e-01 0.000000000000000000e+00 0.000000000000000000e+00
9.999999999999999547e-08 6.206896551724137900e+00 0.000000000000000000e+00
1.534466416958955670e-07 6.206896551724137900e+00 0.000000000000000000e+00
2.354587184774860253e-07 6.206896551724137900e+00 0.000000000000000000e+00
3.613034960838954523e-07 6.206896551724137900e+00 0.000000000000000000e+00
5.544080810706002224e-07 6.206896551724137900e+00 0.000000000000000000e+00
8.507205816934941175e-07 6.206896551724137900e+00 0.000000000000000000e+00
1.305402162824454474e-06 6.206896551724137900e+00 0.000000000000000000e+00
2.003095779479715811e-06 6.206896551724137900e+00 0.000000000000000000e+00
3.073683203563846173e-06 6.206896551724137900e+00 0.000000000000000000e+00
4.716463652239548900e-06 6.206896551724137900e+00 0.000000000000000000e+00
7.237255081169170419e-06 6.206896551724137900e+00 0.000000000000000000e+00
1.110532487301967501e-05 6.206896551724137900e+00 0.000000000000000000e+00
1.704074806706766792e-05 6.206896551724137900e+00 0.000000000000000000e+00
2.614845562877357571e-05 6.206896551724137900e+00 0.000000000000000000e+00
4.012392701769450915e-05 6.206896551724137900e+00 0.000000000000000000e+00
6.156881852516431859e-05 6.206896551724137900e+00 0.000000000000000000e+00
9.447528435870507289e-05 6.206896551724137900e+00 0.000000000000000000e+00
1.449691510810809417e-04 6.206896551724137900e+00 0.000000000000000000e+00
2.224502938289680057e-04 6.206896551724137900e+00 0.000000000000000000e+00
3.413425053232034328e-04 6.206896551724137900e+00 0.000000000000000000e+00
5.237786110990897597e-04 6.206896551724137900e+00 0.000000000000000000e+00
8.037206886529592656e-04 6.206896551724137900e+00 0.000000000000000000e+00
1.233282405353092063e-03 6.206896551724137900e+00 0.000000000000000000e+00
1.892430433640681590e-03 6.206896551724137900e+00 0.000000000000000000e+00
2.903870946852704985e-03 6.206896551724137900e+00 0.000000000000000000e+00
4.455892447128280073e-03 6.206896551724137900e+00 0.000000000000000000e+00
6.837417317699419003e-03 6.206896551724137900e+00 0.000000000000000000e+00
1.049178725274334083e-02 6.206896551724137900e+00 0.000000000000000000e+00
1.609929519321271971e-02 6.206896551724137900e+00 0.000000000000000000e+00
2.470382781069370773e-02 6.206896551724137900e+00 0.000000000000000000e+00
3.790719414584618058e-02 6.206896551724137900e+00 0.000000000000000000e+00
5.816731637794420040e-02 6.206896551724137900e+00 0.000000000000000000e+00
8.925579354658201570e-02 6.206896551724137900e+00 0.000000000000000000e+00
1.369600177162519916e-01 6.206896551724137900e+00 0.000000000000000000e+00
2.101605476516926474e-01 6.206896551724137900e+00 0.000000000000000000e+00
9.999999999999999547e-08 1.241379310344827580e+01 0.000000000000000000e+00
1.534466416958955670e-07 1.241379310344827580e+01 0.000000000000000000e+00
2.354587184774860253e-07 1.241379310344827580e+01 0.000000000000000000e+00
3.613034960838954523e-07 1.241379310344827580e+01 0.000000000000000000e+00
5.544080810706002224e-07 1.241379310344827580e+01 0.000000000000000000e+00
8.507205816934941175e-07 1.241379310344827580e+01 0.000000000000000000e+00
1.305402162824454474e-06 1.241379310344827580e+01 0.000000000000000000e+00
2.003095779479715811e-06 1.241379310344827580e+01 0.000000000000000000e+00
3.073683203563846173e-06 1.241379310344827580e+01 0.000000000000000000e+00
4.716463652239548900e-06 1.241379310344827580e+01 0.000000000000000000e+00
7.237255081169170419e-06 1.241379310344827580e+01 0.000000000000000000e+00
1.110532487301967501e-05 1.241379310344827580e+01 0.000000000000000000e+00
1.704074806706766792e-05 1.241379310344827580e+01 0.000000000000000000e+00
2.614845562877357571e-05 1.241379310344827580e+01 0.000000000000000000e+00
4.012392701769450915e-05 1.241379310344827580e+01 0.000000000000000000e+00
6.156881852516431859e-05 1.241379310344827580e+01 0.000000000000000000e+00
9.447528435870507289e-05 1.241379310344827580e+01 0.000000000000000000e+00
1.449691510810809417e-04 1.241379310344827580e+01 0.000000000000000000e+00
2.224502938289680057e-04 1.241379310344827580e+01 0.000000000000000000e+00
3.413425053232034328e-04 1.241379310344827580e+01 0.000000000000000000e+00
5.237786110990897597e-04 1.241379310344827580e+01 0.000000000000000000e+00
8.037206886529592656e-04 1.241379310344827580e+01 0.000000000000000000e+00
1.233282405353092063e-03 1.241379310344827580e+01 0.000000000000000000e+00
1.892430433640681590e-03 1.241379310344827580e+01 0.000000000000000000e+00
2.903870946852704985e-03 1.241379310344827580e+01 0.000000000000000000e+00
4.455892447128280073e-03 1.241379310344827580e+01 0.000000000000000000e+00
6.837417317699419003e-03 1.241379310344827580e+01 0.000000000000000000e+00
1.049178725274334083e-02 1.241379310344827580e+01 0.000000000000000000e+00
1.609929519321271971e-02 1.241379310344827580e+01 0.000000000000000000e+00
2.470382781069370773e-02 1.241379310344827580e+01 0.000000000000000000e+00
3.790719414584618058e-02 1.241379310344827580e+01 0.000000000000000000e+00
5.816731637794420040e-02 1.241379310344827580e+01 0.000000000000000000e+00
8.925579354658201570e-02 1.241379310344827580e+01 0.000000000000000000e+00
1.369600177162519916e-01 1.241379310344827580e+01 0.000000000000000000e+00
2.101605476516926474e-01 1.241379310344827580e+01 0.000000000000000000e+00
9.999999999999999547e-08 1.862068965517241281e+01 0.000000000000000000e+00
1.534466416958955670e-07 1.862068965517241281e+01 0.000000000000000000e+00
2.354587184774860253e-07 1.862068965517241281e+01 0.000000000000000000e+00
3.613034960838954523e-07 1.862068965517241281e+01 0.000000000000000000e+00
5.544080810706002224e-07 1.862068965517241281e+01 0.000000000000000000e+00
8.507205816934941175e-07 1.862068965517241281e+01 0.000000000000000000e+00
1.305402162824454474e-06 1.862068965517241281e+01 0.000000000000000000e+00
2.003095779479715811e-06 1.862068965517241281e+01 0.000000000000000000e+00
3.073683203563846173e-06 1.862068965517241281e+01 0.000000000000000000e+00
4.716463652239548900e-06 1.862068965517241281e+01 0.000000000000000000e+00
7.237255081169170419e-06 1.862068965517241281e+01 0.000000000000000000e+00
1.110532487301967501e-05 1.862068965517241281e+01 0.000000000000000000e+00
1.704074806706766792e-05 1.862068965517241281e+01 0.000000000000000000e+00
2.614845562877357571e-05 1.862068965517241281e+01 0.000000000000000000e+00
4.012392701769450915e-05 1.862068965517241281e+01 0.000000000000000000e+00
6.156881852516431859e-05 1.862068965517241281e+01 0.000000000000000000e+00
9.447528435870507289e-05 1.862068965517241281e+01 0.000000000000000000e+00
1.449691510810809417e-04 1.862068965517241281e+01 0.000000000000000000e+00
2.224502938289680057e-04 1.862068965517241281e+01 0.000000000000000000e+00
3.413425053232034328e-04 1.862068965517241281e+01 0.000000000000000000e+00
5.237786110990897597e-04 1.862068965517241281e+01 0.000000000000000000e+00
8.037206886529592656e-04 1.862068965517241281e+01 0.000000000000000000e+00
1.233282405353092063e-03 1.862068965517241281e+01 0.000000000000000000e+00
1.892430433640681590e-03 1.862068965517241281e+01 0.000000000000000000e+00
2.903870946852704985e-03 1.862068965517241281e+01 0.000000000000000000e+00
4.455892447128280073e-03 1.862068965517241281e+01 0.000000000000000000e+00
6.837417317699419003e-03 1.862068965517241281e+01 0.000000000000000000e+00
1.049178725274334083e-02 1.862068965517241281e+01 0.000000000000000000e+00
1.609929519321271971e-02 1.862068965517241281e+01 0.000000000000000000e+00
2.470382781069370773e-02 1.862068965517241281e+01 0.000000000000000000e+00
3.790719414584618058e-02 1.862068965517241281e+01 0.000000000000000000e+00
5.816731637794420040e-02 1.862068965517241281e+01 0.000000000000000000e+00
8.925579354658201570e-02 1.862068965517241281e+01 0.000000000000000000e+00
1.369600177162519916e-01 1.862068965517241281e+01 0.000000000000000000e+00
2.101605476516926474e-01 1.862068965517241281e+01 0.000000000000000000e+00
9.999999999999999547e-08 2.482758620689655160e+01 0.000000000000000000e+00
1.534466416958955670e-07 2.482758620689655160e+01 0.000000000000000000e+00
2.354587184774860253e-07 2.482758620689655160e+01 0.000000000000000000e+00
3.613034960838954523e-07 2.482758620689655160e+01 0.000000000000000000e+00
5.544080810706002224e-07 2.482758620689655160e+01 0.000000000000000000e+00
8.507205816934941175e-07 2.482758620689655160e+01 0.000000000000000000e+00
1.305402162824454474e-06 2.482758620689655160e+01 0.000000000000000000e+00
2.003095779479715811e-06 2.482758620689655160e+01 0.000000000000000000e+00
3.073683203563846173e-06 2.482758620689655160e+01 0.000000000000000000e+00
4.716463652239548900e-06 2.482758620689655160e+01 0.000000000000000000e+00
7.237255081169170419e-06 2.482758620689655160e+01 0.000000000000000000e+00
1.110532487301967501e-05 2.482758620689655160e+01 0.000000000000000000e+00
1.704074806706766792e-05 2.482758620689655160e+01 0.000000000000000000e+00
2.614845562877357571e-05 2.482758620689655160e+01 0.000000000000000000e+00
4.012392701769450915e-05 2.482758620689655160e+01 0.000000000000000000e+00
6.156881852516431859e-05 2.482758620689655160e+01 0.000000000000000000e+00
9.447528435870507289e-05 2.482758620689655160e+01 0.000000000000000000e+00
1.449691510810809417e-04 2.482758620689655160e+01 0.000000000000000000e+00
2.224502938289680057e-04 2.482758620689655160e+01 0.000000000000000000e+00
3.413425053232034328e-04 2.482758620689655160e+01 0.000000000000000000e+00
5.237786110990897597e-04 2.482758620689655160e+01 0.000000000000000000e+00
8.037206886529592656e-04 2.482758620689655160e+01 0.000000000000000000e+00
1.233282405353092063e-03 2.482758620689655160e+01 0.000000000000000000e+00
1.892430433640681590e-03 2.482758620689655160e+01 0.000000000000000000e+00
2.903870946852704985e-03 2.482758620689655160e+01 0.000000000000000000e+00
4.455892447128280073e-03 2.482758620689655160e+01 0.000000000000000000e+00
6.837417317699419003e-03 2.482758620689655160e+01 0.000000000000000000e+00
1.049178725274334083e-02 2.482758620689655160e+01 0.000000000000000000e+00
1.609929519321271971e-02 2.482758620689655160e+01 0.000000000000000000e+00
2.470382781069370773e-02 2.482758620689655160e+01 0.000000000000000000e+00
3.790719414584618058e-02 2.482758620689655160e+01 0.000000000000000000e+00
5.816731637794420040e-02 2.482758620689655160e+01 0.000000000000000000e+00
8.925579354658201570e-02 2.482758620689655160e+01 0.000000000000000000e+00
1.369600177162519916e-01 2.482758620689655160e+01 0.000000000000000000e+00
2.101605476516926474e-01 2.482758620689655160e+01 0.000000000000000000e+00
9.999999999999999547e-08 3.103448275862069039e+01 0.000000000000000000e+00
1.534466416958955670e-07 3.103448275862069039e+01 0.000000000000000000e+00
2.354587184774860253e-07 3.103448275862069039e+01 0.000000000000000000e+00
3.613034960838954523e-07 3.103448275862069039e+01 0.000000000000000000e+00
5.544080810706002224e-07 3.103448275862069039e+01 0.000000000000000000e+00
8.507205816934941175e-07 3.103448275862069039e+01 0.000000000000000000e+00
1.305402162824454474e-06 3.103448275862069039e+01 0.000000000000000000e+00
2.003095779479715811e-06 3.103448275862069039e+01 0.000000000000000000e+00
3.073683203563846173e-06 3.103448275862069039e+01 0.000000000000000000e+00
4.716463652239548900e-06 3.103448275862069039e+01 0.000000000000000000e+00
7.237255081169170419e-06 3.103448275862069039e+01 0.000000000000000000e+00
1.110532487301967501e-05 3.103448275862069039e+01 0.000000000000000000e+00
1.704074806706766792e-05 3.103448275862069039e+01 0.000000000000000000e+00
2.614845562877357571e-05 3.103448275862069039e+01 0.000000000000000000e+00
4.012392701769450915e-05 3.103448275862069039e+01 0.000000000000000000e+00
6.156881852516431859e-05 3.103448275862069039e+01 0.000000000000000000e+00
9.447528435870507289e-05 3.103448275862069039e+01 0.000000000000000000e+00
1.449691510810809417e-04 3.103448275862069039e+01 0.000000000000000000e+00
2.224502938289680057e-04 3.103448275862069039e+01 0.000000000000000000e+00
3.413425053232034328e-04 3.103448275862069039e+01 0.000000000000000000e+00
5.237786110990897597e-04 3.103448275862069039e+01 0.000000000000000000e+00
8.037206886529592656e-04 3.103448275862069039e+01 0.000000000000000000e+00
1.233282405353092063e-03 3.103448275862069039e+01 0.000000000000000000e+00
1.892430433640681590e-03 3.103448275862069039e+01 0.000000000000000000e+00
2.903870946852704985e-03 3.103448275862069039e+01 0.000000000000000000e+00
4.455892447128280073e-03 3.103448275862069039e+01 0.000000000000000000e+00
6.837417317699419003e-03 3.103448275862069039e+01 0.000000000000000000e+00
1.049178725274334083e-02 3.103448275862069039e+01 0.000000000000000000e+00
1.609929519321271971e-02 3.103448275862069039e+01 0.000000000000000000e+00
2.470382781069370773e-02 3.103448275862069039e+01 0.000000000000000000e+00
3.790719414584618058e-02 3.103448275862069039e+01 0.000000000000000000e+00
5.816731637794420040e-02 3.103448275862069039e+01 0.000000000000000000e+00
8.925579354658201570e-02 3.103448275862069039e+01 0.000000000000000000e+00
1.369600177162519916e-01 3.103448275862069039e+01 0.000000000000000000e+00
2.101605476516926474e-01 3.103448275862069039e+01 0.000000000000000000e+00
9.999999999999999547e-08 3.724137931034482563e+01 0.000000000000000000e+00
1.534466416958955670e-07 3.724137931034482563e+01 0.000000000000000000e+00
2.354587184774860253e-07 3.724137931034482563e+01 0.000000000000000000e+00
3.613034960838954523e-07 3.724137931034482563e+01 0.000000000000000000e+00
5.544080810706002224e-07 3.724137931034482563e+01 0.000000000000000000e+00
8.507205816934941175e-07 3.724137931034482563e+01 0.000000000000000000e+00
1.305402162824454474e-06 3.724137931034482563e+01 0.000000000000000000e+00
2.003095779479715811e-06 3.724137931034482563e+01 0.000000000000000000e+00
3.073683203563846173e-06 3.724137931034482563e+01 0.000000000000000000e+00
4.716463652239548900e-06 3.724137931034482563e+01 0.000000000000000000e+00
7.237255081169170419e-06 3.724137931034482563e+01 0.000000000000000000e+00
1.110532487301967501e-05 3.724137931034482563e+01 0.000000000000000000e+00
1.704074806706766792e-05 3.724137931034482563e+01 0.000000000000000000e+00
2.614845562877357571e-05 3.724137931034482563e+01 0.000000000000000000e+00
4.012392701769450915e-05 3.724137931034482563e+01 0.000000000000000000e+00
6.156881852516431859e-05 3.724137931034482563e+01 0.000000000000000000e+00
9.447528435870507289e-05 3.724137931034482563e+01 0.000000000000000000e+00
1.449691510810809417e-04 3.724137931034482563e+01 0.000000000000000000e+00
2.224502938289680057e-04 3.724137931034482563e+01 0.000000000000000000e+00
3.413425053232034328e-04 3.724137931034482563e+01 0.000000000000000000e+00
5.237786110990897597e-04 3.724137931034482563e+01 0.000000000000000000e+00
8.037206886529592656e-04 3.724137931034482563e+01 0.000000000000000000e+00
1.233282405353092063e-03 3.724137931034482563e+01 0.000000000000000000e+00
1.892430433640681590e-03 3.724137931034482563e+01 0.000000000000000000e+00
2.903870946852704985e-03 3.724137931034482563e+01 0.000000000000000000e+00
4.455892447128280073e-03 3.724137931034482563e+01 0.000000000000000000e+00
6.837417317699419003e-03 3.724137931034482563e+01 0.000000000000000000e+00
1.049178725274334083e-02 3.724137931034482563e+01 0.000000000000000000e+00
1.609929519321271971e-02 3.724137931034482563e+01 0.000000000000000000e+00
2.470382781069370773e-02 3.724137931034482563e+01 0.000000000000000000e+00
3.790719414584618058e-02 3.724137931034482563e+01 0.000000000000000000e+00
5.816731637794420040e-02 3.724137931034482563e+01 0.000000000000000000e+00
8.925579354658201570e-02 3.724137931034482563e+01 0.000000000000000000e+00
1.369600177162519916e-01 3.724137931034482563e+01 0.000000000000000000e+00
2.101605476516926474e-01 3.724137931034482563e+01 0.000000000000000000e+00
9.999999999999999547e-08 4.344827586206896797e+01 0.000000000000000000e+00
1.534466416958955670e-07 4.344827586206896797e+01 0.000000000000000000e+00
2.354587184774860253e-07 4.344827586206896797e+01 0.000000000000000000e+00
3.613034960838954523e-07 4.344827586206896797e+01 0.000000000000000000e+00
5.544080810706002224e-07 4.344827586206896797e+01 0.000000000000000000e+00
8.507205816934941175e-07 4.344827586206896797e+01 0.000000000000000000e+00
1.305402162824454474e-06 4.344827586206896797e+01 0.000000000000000000e+00
2.003095779479715811e-06 4.344827586206896797e+01 0.000000000000000000e+00
3.073683203563846173e-06 4.344827586206896797e+01 0.000000000000000000e+00
4.716463652239548900e-06 4.344827586206896797e+01 0.000000000000000000e+00
7.237255081169170419e-06 4.344827586206896797e+01 0.000000000000000000e+00
1.110532487301967501e-05 4.344827586206896797e+01 0.000000000000000000e+00
1.704074806706766792e-05 4.344827586206896797e+01 0.000000000000000000e+00
2.614845562877357571e-05 4.344827586206896797e+01 0.000000000000000000e+00
4.012392701769450915e-05 4.344827586206896797e+01 0.000000000000000000e+00
6.156881852516431859e-05 4.344827586206896797e+01 0.000000000000000000e+00
9.447528435870507289e-05 4.344827586206896797e+01 0.000000000000000000e+00
1.449691510810809417e-04 4.344827586206896797e+01 0.000000000000000000e+00
2.224502938289680057e-04 4.344827586206896797e+01 0.000000000000000000e+00
3.413425053232034328e-04 4.344827586206896797e+01 0.000000000000000000e+00
5.237786110990897597e-04 4.344827586206896797e+01 0.000000000000000000e+00
8.037206886529592656e-04 4.344827586206896797e+01 0.000000000000000000e+00
1.233282405353092063e-03 4.344827586206896797e+01 0.000000000000000000e+00
1.892430433640681590e-03 4.344827586206896797e+01 0.000000000000000000e+00
2.903870946852704985e-03 4.344827586206896797e+01 0.000000000000000000e+00
4.455892447128280073e-03 4.344827586206896797e+01 0.000000000000000000e+00
6.837417317699419003e-03 4.344827586206896797e+01 0.000000000000000000e+00
1.049178725274334083e-02 4.344827586206896797e+01 0.000000000000000000e+00
1.609929519321271971e-02 4.344827586206896797e+01 0.000000000000000000e+00
2.470382781069370773e-02 4.344827586206896797e+01 0.000000000000000000e+00
3.790719414584618058e-02 4.344827586206896797e+01 0.000000000000000000e+00
5.816731637794420040e-02 4.344827586206896797e+01 0.000000000000000000e+00
8.925579354658201570e-02 4.344827586206896797e+01 0.000000000000000000e+00
1.369600177162519916e-01 4.344827586206896797e+01 0.000000000000000000e+00
2.101605476516926474e-01 4.344827586206896797e+01 0.000000000000000000e+00
9.999999999999999547e-08 4.965517241379310320e+01 0.000000000000000000e+00
1.534466416958955670e-07 4.965517241379310320e+01 0.000000000000000000e+00
2.354587184774860253e-07 4.965517241379310320e+01 0.000000000000000000e+00
3.613034960838954523e-07 4.965517241379310320e+01 0.000000000000000000e+00
5.544080810706002224e-07 4.965517241379310320e+01 0.000000000000000000e+00
8.507205816934941175e-07 4.965517241379310320e+01 0.000000000000000000e+00
1.305402162824454474e-06 4.965517241379310320e+01 0.000000000000000000e+00
2.003095779479715811e-06 4.965517241379310320e+01 0.000000000000000000e+00
3.073683203563846173e-06 4.965517241379310320e+01 0.000000000000000000e+00
4.716463652239548900e-06 4.965517241379310320e+01 0.000000000000000000e+00
7.237255081169170419e-06 4.965517241379310320e+01 0.000000000000000000e+00
1.110532487301967501e-05 4.965517241379310320e+01 0.000000000000000000e+00
1.704074806706766792e-05 4.965517241379310320e+01 0.000000000000000000e+00
2.614845562877357571e-05 4.965517241379310320e+01 0.000000000000000000e+00
4.012392701769450915e-05 4.965517241379310320e+01 0.000000000000000000e+00
6.156881852516431859e-05 4.965517241379310320e+01 0.000000000000000000e+00
9.447528435870507289e-05 4.965517241379310320e+01 0.000000000000000000e+00
1.449691510810809417e-04 4.965517241379310320e+01 0.000000000000000000e+00
2.224502938289680057e-04 4.965517241379310320e+01 0.000000000000000000e+00
3.413425053232034328e-04 4.965517241379310320e+01 0.000000000000000000e+00
5.237786110990897597e-04 4.965517241379310320e+01 0.000000000000000000e+00
8.037206886529592656e-04 4.965517241379310320e+01 0.000000000000000000e+00
1.233282405353092063e-03 4.965517241379310320e+01 0.000000000000000000e+00
1.892430433640681590e-03 4.965517241379310320e+01 0.000000000000000000e+00
2.903870946852704985e-03 4.965517241379310320e+01 0.000000000000000000e+00
4.455892447128280073e-03 4.965517241379310320e+01 0.000000000000000000e+00
6.837417317699419003e-03 4.965517241379310320e+01 0.000000000000000000e+00
1.049178725274334083e-02 4.965517241379310320e+01 0.000000000000000000e+00
1.609929519321271971e-02 4.965517241379310320e+01 0.000000000000000000e+00
2.470382781069370773e-02 4.965517241379310320e+01 0.000000000000000000e+00
3.790719414584618058e-02 4.965517241379310320e+01 0.000000000000000000e+00
5.816731637794420040e-02 4.965517241379310320e+01 0.000000000000000000e+00
8.925579354658201570e-02 4.965517241379310320e+01 0.000000000000000000e+00
1.369600177162519916e-01 4.965517241379310320e+01 0.000000000000000000e+00
2.101605476516926474e-01 4.965517241379310320e+01 0.000000000000000000e+00
9.999999999999999547e-08 5.586206896551724554e+01 0.000000000000000000e+00
1.534466416958955670e-07 5.586206896551724554e+01 0.000000000000000000e+00
2.354587184774860253e-07 5.586206896551724554e+01 0.000000000000000000e+00
3.613034960838954523e-07 5.586206896551724554e+01 0.000000000000000000e+00
5.544080810706002224e-07 5.586206896551724554e+01 0.000000000000000000e+00
8.507205816934941175e-07 5.586206896551724554e+01 0.000000000000000000e+00
1.305402162824454474e-06 5.586206896551724554e+01 0.000000000000000000e+00
2.003095779479715811e-06 5.586206896551724554e+01 0.000000000000000000e+00
3.073683203563846173e-06 5.586206896551724554e+01 0.000000000000000000e+00
4.716463652239548900e-06 5.586206896551724554e+01 0.000000000000000000e+00
7.237255081169170419e-06 5.586206896551724554e+01 0.000000000000000000e+00
1.110532487301967501e-05 5.586206896551724554e+01 0.000000000000000000e+00
1.704074806706766792e-05 5.586206896551724554e+01 0.000000000000000000e+00
2.614845562877357571e-05 5.586206896551724554e+01 0.000000000000000000e+00
4.012392701769450915e-05 5.586206896551724554e+01 0.000000000000000000e+00
6.156881852516431859e-05 5.586206896551724554e+01 0.000000000000000000e+00
9.447528435870507289e-05 5.586206896551724554e+01 0.000000000000000000e+00
1.449691510810809417e-04 5.586206896551724554e+01 0.000000000000000000e+00
2.224502938289680057e-04 5.586206896551724554e+01 0.000000000000000000e+00
3.413425053232034328e-04 5.586206896551724554e+01 0.000000000000000000e+00
5.237786110990897597e-04 5.586206896551724554e+01 0.000000000000000000e+00
8.037206886529592656e-04 5.586206896551724554e+01 0.000000000000000000e+00
1.233282405353092063e-03 5.586206896551724554e+01 0.000000000000000000e+00
1.892430433640681590e-03 5.586206896551724554e+01 0.000000000000000000e+00
2.903870946852704985e-03 5.586206896551724554e+01 0.000000000000000000e+00
4.455892447128280073e-03 5.586206896551724554e+01 0.000000000000000000e+00
6.837417317699419003e-03 5.586206896551724554e+01 0.000000000000000000e+00
1.049178725274334083e-02 5.586206896551724554e+01 0.000000000000000000e+00
1.609929519321271971e-02 5.586206896551724554e+01 0.000000000000000000e+00
2.470382781069370773e-02 5.586206896551724554e+01 0.000000000000000000e+00
3.790719414584618058e-02 5.586206896551724554e+01 0.000000000000000000e+00
5.816731637794420040e-02 5.586206896551724554e+01 0.000000000000000000e+00
8.925579354658201570e-02 5.586206896551724554e+01 0.000000000000000000e+00
1.369600177162519916e-01 5.586206896551724554e+01 0.000000000000000000e+00
2.101605476516926474e-01 5.586206896551724554e+01 0.000000000000000000e+00
9.999999999999999547e-08 6.206896551724138078e+01 0.000000000000000000e+00
1.534466416958955670e-07 6.206896551724138078e+01 0.000000000000000000e+00
2.354587184774860253e-07 6.206896551724138078e+01 0.000000000000000000e+00
3.613034960838954523e-07 6.206896551724138078e+01 0.000000000000000000e+00
5.544080810706002224e-07 6.206896551724138078e+01 0.000000000000000000e+00
8.507205816934941175e-07 6.206896551724138078e+01 0.000000000000000000e+00
1.305402162824454474e-06 6.206896551724138078e+01 0.000000000000000000e+00
2.003095779479715811e-06 6.206896551724138078e+01 0.000000000000000000e+00
3.073683203563846173e-06 6.206896551724138078e+01 0.000000000000000000e+00
4.716463652239548900e-06 6.206896551724138078e+01 0.000000000000000000e+00
7.237255081169170419e-06 6.206896551724138078e+01 0.000000000000000000e+00
1.110532487301967501e-05 6.206896551724138078e+01 0.000000000000000000e+00
1.704074806706766792e-05 6.206896551724138078e+01 0.000000000000000000e+00
2.614845562877357571e-05 6.206896551724138078e+01 0.000000000000000000e+00
4.012392701769450915e-05 6.206896551724138078e+01 0.000000000000000000e+00
6.156881852516431859e-05 6.206896551724138078e+01 0.000000000000000000e+00
9.447528435870507289e-05 6.206896551724138078e+01 0.000000000000000000e+00
1.449691510810809417e-04 6.206896551724138078e+01 0.000000000000000000e+00
2.224502938289680057e-04 6.206896551724138078e+01 0.000000000000000000e+00
3.413425053232034328e-04 6.206896551724138078e+01 0.000000000000000000e+00
5.237786110990897597e-04 6.206896551724138078e+01 0.000000000000000000e+00
8.037206886529592656e-04 6.206896551724138078e+01 0.000000000000000000e+00
1.233282405353092063e-03 6.206896551724138078e+01 0.000000000000000000e+00
1.892430433640681590e-03 6.206896551724138078e+01 0.000000000000000000e+00
2.903870946852704985e-03 6.206896551724138078e+01 0.000000000000000000e+00
4.455892447128280073e-03 6.206896551724138078e+01 0.000000000000000000e+00
6.837417317699419003e-03 6.206896551724138078e+01 0.000000000000000000e+00
1.049178725274334083e-02 6.206896551724138078e+01 0.000000000000000000e+00
1.609929519321271971e-02 6.206896551724138078e+01 0.000000000000000000e+00
2.470382781069370773e-02 6.206896551724138078e+01 0.000000000000000000e+00
3.790719414584618058e-02 6.206896551724138078e+01 0.000000000000000000e+00
5.816731637794420040e-02 6.206896551724138078e+01 0.000000000000000000e+00
8.925579354658201570e-02 6.206896551724138078e+01 0.000000000000000000e+00
1.369600177162519916e-01 6.206896551724138078e+01 0.000000000000000000e+00
2.101605476516926474e-01 6.206896551724138078e+01 0.000000000000000000e+00
9.999999999999999547e-08 6.827586206896552312e+01 0.000000000000000000e+00
1.534466416958955670e-07 6.827586206896552312e+01 0.000000000000000000e+00
2.354587184774860253e-07 6.827586206896552312e+01 0.000000000000000000e+00
3.613034960838954523e-07 6.827586206896552312e+01 0.000000000000000000e+00
5.544080810706002224e-07 6.827586206896552312e+01 0.000000000000000000e+00
8.507205816934941175e-07 6.827586206896552312e+01 0.000000000000000000e+00
1.305402162824454474e-06 6.827586206896552312e+01 0.000000000000000000e+00
2.003095779479715811e-06 6.827586206896552312e+01 0.000000000000000000e+00
3.073683203563846173e-06 6.827586206896552312e+01 0.000000000000000000e+00
4.716463652239548900e-06 6.827586206896552312e+01 0.000000000000000000e+00
7.237255081169170419e-06 6.827586206896552312e+01 0.000000000000000000e+00
1.110532487301967501e-05 6.827586206896552312e+01 0.000000000000000000e+00
1.704074806706766792e-05 6.827586206896552312e+01 0.000000000000000000e+00
2.614845562877357571e-05 6.827586206896552312e+01 0.000000000000000000e+00
4.012392701769450915e-05 6.827586206896552312e+01 0.000000000000000000e+00
6.156881852516431859e-05 6.827586206896552312e+01 0.000000000000000000e+00
9.447528435870507289e-05 6.827586206896552312e+01 0.000000000000000000e+00
1.449691510810809417e-04 6.827586206896552312e+01 0.000000000000000000e+00
2.224502938289680057e-04 6.827586206896552312e+01 0.000000000000000000e+00
3.413425053232034328e-04 6.827586206896552312e+01 0.000000000000000000e+00
5.237786110990897597e-04 6.827586206896552312e+01 0.000000000000000000e+00
8.037206886529592656e-04 6.827586206896552312e+01 0.000000000000000000e+00
1.233282405353092063e-03 6.827586206896552312e+01 0.000000000000000000e+00
1.892430433640681590e-03 6.827586206896552312e+01 0.000000000000000000e+00
2.903870946852704985e-03 6.827586206896552312e+01 0.000000000000000000e+00
4.455892447128280073e-03 6.827586206896552312e+01 0.000000000000000000e+00
6.837417317699419003e-03 6.827586206896552312e+01 0.000000000000000000e+00
1.049178725274334083e-02 6.827586206896552312e+01 0.000000000000000000e+00
1.609929519321271971e-02 6.827586206896552312e+01 0.000000000000000000e+00
2.470382781069370773e-02 6.827586206896552312e+01 0.000000000000000000e+00
3.790719414584618058e-02 6.827586206896552312e+01 0.000000000000000000e+00
5.816731637794420040e-02 6.827586206896552312e+01 0.000000000000000000e+00
8.925579354658201570e-02 6.827586206896552312e+01 0.000000000000000000e+00
1.369600177162519916e-01 6.827586206896552312e+01 0.000000000000000000e+00
2.101605476516926474e-01 6.827586206896552312e+01 0.000000000000000000e+00
9.999999999999999547e-08 7.448275862068965125e+01 0.000000000000000000e+00
1.534466416958955670e-07 7.448275862068965125e+01 0.000000000000000000e+00
2.354587184774860253e-07 7.448275862068965125e+01 0.000000000000000000e+00
3.613034960838954523e-07 7.448275862068965125e+01 0.000000000000000000e+00
5.544080810706002224e-07 7.448275862068965125e+01 0.000000000000000000e+00
8.507205816934941175e-07 7.448275862068965125e+01 0.000000000000000000e+00
1.305402162824454474e-06 7.448275862068965125e+01 0.000000000000000000e+00
2.003095779479715811e-06 7.448275862068965125e+01 0.000000000000000000e+00
3.073683203563846173e-06 7.448275862068965125e+01 0.000000000000000000e+00
4.716463652239548900e-06 7.448275862068965125e+01 0.000000000000000000e+00
7.237255081169170419e-06 7.448275862068965125e+01 0.000000000000000000e+00
1.110532487301967501e-05 7.448275862068965125e+01 0.000000000000000000e+00
1.704074806706766792e-05 7.448275862068965125e+01 0.000000000000000000e+00
2.614845562877357571e-05 7.448275862068965125e+01 0.000000000000000000e+00
4.012392701769450915e-05 7.448275862068965125e+01 0.000000000000000000e+00
6.156881852516431859e-05 7.448275862068965125e+01 0.000000000000000000e+00
9.447528435870507289e-05 7.448275862068965125e+01 0.000000000000000000e+00
1.449691510810809417e-04 7.448275862068965125e+01 0.000000000000000000e+00
2.224502938289680057e-04 7.448275862068965125e+01 0.000000000000000000e+00
3.413425053232034328e-04 7.448275862068965125e+01 0.000000000000000000e+00
5.237786110990897597e-04 7.448275862068965125e+01 0.000000000000000000e+00
8.037206886529592656e-04 7.448275862068965125e+01 0.000000000000000000e+00
1.233282405353092063e-03 7.448275862068965125e+01 0.000000000000000000e+00
1.892430433640681590e-03 7.448275862068965125e+01 0.000000000000000000e+00
2.903870946852704985e-03 7.448275862068965125e+01 0.000000000000000000e+00
4.455892447128280073e-03 7.448275862068965125e+01 0.000000000000000000e+00
6.837417317699419003e-03 7.448275862068965125e+01 0.000000000000000000e+00
1.049178725274334083e-02 7.448275862068965125e+01 0.000000000000000000e+00
1.609929519321271971e-02 7.448275862068965125e+01 0.000000000000000000e+00
2.470382781069370773e-02 7.448275862068965125e+01 0.000000000000000000e+00
3.790719414584618058e-02 7.448275862068965125e+01 0.000000000000000000e+00
5.816731637794420040e-02 7.448275862068965125e+01 0.000000000000000000e+00
8.925579354658201570e-02 7.448275862068965125e+01 0.000000000000000000e+00
1.369600177162519916e-01 7.448275862068965125e+01 0.000000000000000000e+00
2.101605476516926474e-01 7.448275862068965125e+01 0.000000000000000000e+00
9.999999999999999547e-08 8.068965517241380780e+01 0.000000000000000000e+00
1.534466416958955670e-07 8.068965517241380780e+01 0.000000000000000000e+00
2.354587184774860253e-07 8.068965517241380780e+01 0.000000000000000000e+00
3.613034960838954523e-07 8.068965517241380780e+01 0.000000000000000000e+00
5.544080810706002224e-07 8.068965517241380780e+01 0.000000000000000000e+00
8.507205816934941175e-07 8.068965517241380780e+01 0.000000000000000000e+00
1.305402162824454474e-06 8.068965517241380780e+01 0.000000000000000000e+00
2.003095779479715811e-06 8.068965517241380780e+01 0.000000000000000000e+00
3.073683203563846173e-06 8.068965517241380780e+01 0.000000000000000000e+00
4.716463652239548900e-06 8.068965517241380780e+01 0.000000000000000000e+00
7.237255081169170419e-06 8.068965517241380780e+01 0.000000000000000000e+00
1.110532487301967501e-05 8.068965517241380780e+01 0.000000000000000000e+00
1.704074806706766792e-05 8.068965517241380780e+01 0.000000000000000000e+00
2.614845562877357571e-05 8.068965517241380780e+01 0.000000000000000000e+00
4.012392701769450915e-05 8.068965517241380780e+01 0.000000000000000000e+00
6.156881852516431859e-05 8.068965517241380780e+01 0.000000000000000000e+00
9.447528435870507289e-05 8.068965517241380780e+01 0.000000000000000000e+00
1.449691510810809417e-04 8.068965517241380780e+01 0.000000000000000000e+00
2.224502938289680057e-04 8.068965517241380780e+01 0.000000000000000000e+00
3.413425053232034328e-04 8.068965517241380780e+01 0.000000000000000000e+00
5.237786110990897597e-04 8.068965517241380780e+01 0.000000000000000000e+00
8.037206886529592656e-04 8.068965517241380780e+01 0.000000000000000000e+00
1.233282405353092063e-03 8.068965517241380780e+01 0.000000000000000000e+00
1.892430433640681590e-03 8.068965517241380780e+01 0.000000000000000000e+00
2.903870946852704985e-03 8.068965517241380780e+01 0.000000000000000000e+00
4.455892447128280073e-03 8.068965517241380780e+01 0.000000000000000000e+00
6.837417317699419003e-03 8.068965517241380780e+01 0.000000000000000000e+00
1.049178725274334083e-02 8.068965517241380780e+01 0.000000000000000000e+00
1.609929519321271971e-02 8.068965517241380780e+01 0.000000000000000000e+00
2.470382781069370773e-02 8.068965517241380780e+01 0.000000000000000000e+00
3.790719414584618058e-02 8.068965517241380780e+01 0.000000000000000000e+00
5.816731637794420040e-02 8.068965517241380780e+01 0.000000000000000000e+00
8.925579354658201570e-02 8.068965517241380780e+01 0.000000000000000000e+00
1.369600177162519916e-01 8.068965517241380780e+01 0.000000000000000000e+00
2.101605476516926474e-01 8.068965517241380780e+01 0.000000000000000000e+00
9.999999999999999547e-08 8.689655172413793593e+01 0.000000000000000000e+00
1.534466416958955670e-07 8.689655172413793593e+01 0.000000000000000000e+00
2.354587184774860253e-07 8.689655172413793593e+01 0.000000000000000000e+00
3.613034960838954523e-07 8.689655172413793593e+01 0.000000000000000000e+00
5.544080810706002224e-07 8.689655172413793593e+01 0.000000000000000000e+00
8.507205816934941175e-07 8.689655172413793593e+01 0.000000000000000000e+00
1.305402162824454474e-06 8.689655172413793593e+01 0.000000000000000000e+00
2.003095779479715811e-06 8.689655172413793593e+01 0.000000000000000000e+00
3.073683203563846173e-06 8.689655172413793593e+01 0.000000000000000000e+00
4.716463652239548900e-06 8.689655172413793593e+01 0.000000000000000000e+00
7.237255081169170419e-06 8.689655172413793593e+01 0.000000000000000000e+00
1.110532487301967501e-05 8.689655172413793593e+01 0.000000000000000000e+00
1.704074806706766792e-05 8.689655172413793593e+01 0.000000000000000000e+00
2.614845562877357571e-05 8.689655172413793593e+01 0.000000000000000000e+00
4.012392701769450915e-05 8.689655172413793593e+01 0.000000000000000000e+00
6.156881852516431859e-05 8.689655172413793593e+01 0.000000000000000000e+00
9.447528435870507289e-05 8.689655172413793593e+01 0.000000000000000000e+00
1.449691510810809417e-04 8.689655172413793593e+01 0.000000000000000000e+00
2.224502938289680057e-04 8.689655172413793593e+01 0.000000000000000000e+00
3.413425053232034328e-04 8.689655172413793593e+01 0.000000000000000000e+00
5.237786110990897597e-04 8.689655172413793593e+01 0.000000000000000000e+00
8.037206886529592656e-04 8.689655172413793593e+01 0.000000000000000000e+00
1.233282405353092063e-03 8.689655172413793593e+01 0.000000000000000000e+00
1.892430433640681590e-03 8.689655172413793593e+01 0.000000000000000000e+00
2.903870946852704985e-03 8.689655172413793593e+01 0.000000000000000000e+00
4.455892447128280073e-03 8.689655172413793593e+01 0.000000000000000000e+00
6.837417317699419003e-03 8.689655172413793593e+01 0.000000000000000000e+00
1.049178725274334083e-02 8.689655172413793593e+01 0.000000000000000000e+00
1.609929519321271971e-02 8.689655172413793593e+01 0.000000000000000000e+00
2.470382781069370773e-02 8.689655172413793593e+01 0.000000000000000000e+00
3.790719414584618058e-02 8.689655172413793593e+01 0.000000000000000000e+00
5.816731637794420040e-02 8.689655172413793593e+01 0.000000000000000000e+00
8.925579354658201570e-02 8.689655172413793593e+01 0.000000000000000000e+00
1.369600177162519916e-01 8.689655172413793593e+01 0.000000000000000000e+00
2.101605476516926474e-01 8.689655172413793593e+01 0.000000000000000000e+00
9.999999999999999547e-08 9.310344827586206407e+01 0.000000000000000000e+00
1.534466416958955670e-07 9.310344827586206407e+01 0.000000000000000000e+00
2.354587184774860253e-07 9.310344827586206407e+01 0.000000000000000000e+00
3.613034960838954523e-07 9.310344827586206407e+01 0.000000000000000000e+00
5.544080810706002224e-07 9.310344827586206407e+01 0.000000000000000000e+00
8.507205816934941175e-07 9.310344827586206407e+01 0.000000000000000000e+00
1.305402162824454474e-06 9.310344827586206407e+01 0.000000000000000000e+00
2.003095779479715811e-06 9.310344827586206407e+01 0.000000000000000000e+00
3.073683203563846173e-06 9.310344827586206407e+01 0.000000000000000000e+00
4.716463652239548900e-06 9.310344827586206407e+01 0.000000000000000000e+00
7.237255081169170419e-06 9.310344827586206407e+01 0.000000000000000000e+00
1.110532487301967501e-05 9.310344827586206407e+01 0.000000000000000000e+00
1.704074806706766792e-05 9.310344827586206407e+01 0.000000000000000000e+00
2.614845562877357571e-05 9.310344827586206407e+01 0.000000000000000000e+00
4.012392701769450915e-05 9.310344827586206407e+01 0.000000000000000000e+00
6.156881852516431859e-05 9.310344827586206407e+01 0.000000000000000000e+00
9.447528435870507289e-05 9.310344827586206407e+01 0.000000000000000000e+00
1.449691510810809417e-04 9.310344827586206407e+01 0.000000000000000000e+00
2.224502938289680057e-04 9.310344827586206407e+01 0.000000000000000000e+00
3.413425053232034328e-04 9.310344827586206407e+01 0.000000000000000000e+00
5.237786110990897597e-04 9.310344827586206407e+01 0.000000000000000000e+00
8.037206886529592656e-04 9.310344827586206407e+01 0.000000000000000000e+00
1.233282405353092063e-03 9.310344827586206407e+01 0.000000000000000000e+00
1.892430433640681590e-03 9.310344827586206407e+01 0.000000000000000000e+00
2.903870946852704985e-03 9.310344827586206407e+01 0.000000000000000000e+00
4.455892447128280073e-03 9.310344827586206407e+01 0.000000000000000000e+00
6.837417317699419003e-03 9.310344827586206407e+01 0.000000000000000000e+00
1.049178725274334083e-02 9.310344827586206407e+01 0.000000000000000000e+00
1.609929519321271971e-02 9.310344827586206407e+01 0.000000000000000000e+00
2.470382781069370773e-02 9.310344827586206407e+01 0.000000000000000000e+00
3.790719414584618058e-02 9.310344827586206407e+01 0.000000000000000000e+00
5.816731637794420040e-02 9.310344827586206407e+01 0.000000000000000000e+00
8.925579354658201570e-02 9.310344827586206407e+01 0.000000000000000000e+00
1.369600177162519916e-01 9.310344827586206407e+01 1.328065476051892507e-34
2.101605476516926474e-01 9.310344827586206407e+01 0.000000000000000000e+00
9.999999999999999547e-08 9.931034482758620641e+01 0.000000000000000000e+00
1.534466416958955670e-07 9.931034482758620641e+01 0.000000000000000000e+00
2.354587184774860253e-07 9.931034482758620641e+01 0.000000000000000000e+00
3.613034960838954523e-07 9.931034482758620641e+01 0.000000000000000000e+00
5.544080810706002224e-07 9.931034482758620641e+01 0.000000000000000000e+00
8.507205816934941175e-07 9.931034482758620641e+01 0.000000000000000000e+00
1.305402162824454474e-06 9.931034482758620641e+01 0.000000000000000000e+00
2.003095779479715811e-06 9.931034482758620641e+01 0.000000000000000000e+00
3.073683203563846173e-06 9.931034482758620641e+01 0.000000000000000000e+00
4.716463652239548900e-06 9.931034482758620641e+01 0.000000000000000000e+00
7.237255081169170419e-06 9.931034482758620641e+01 0.000000000000000000e+00
1.110532487301967501e-05 9.931034482758620641e+01 0.000000000000000000e+00
1.704074806706766792e-05 9.931034482758620641e+01 0.000000000000000000e+00
2.614845562877357571e-05 9.931034482758620641e+01 0.000000000000000000e+00
4.012392701769450915e-05 9.931034482758620641e+01 0.000000000000000000e+00
6.156881852516431859e-05 9.931034482758620641e+01 0.000000000000000000e+00
9.447528435870507289e-05 9.931034482758620641e+01 0.000000000000000000e+00
1.449691510810809417e-04 9.931034482758620641e+01 0.000000000000000000e+00
2.224502938289680057e-04 9.931034482758620641e+01 0.000000000000000000e+00
3.413425053232034328e-04 9.931034482758620641e+01 0.000000000000000000e+00
5.237786110990897597e-04 9.931034482758620641e+01 0.000000000000000000e+00
8.037206886529592656e-04 9.931034482758620641e+01 0.000000000000000000e+00
1.233282405353092063e-03 9.931034482758620641e+01 0.000000000000000000e+00
1.892430433640681590e-03 9.931034482758620641e+01 0.000000000000000000e+00
2.903870946852704985e-03 9.931034482758620641e+01 0.000000000000000000e+00
4.455892447128280073e-03 9.931034482758620641e+01 0.000000000000000000e+00
6.837417317699419003e-03 9.931034482758620641e+01 0.000000000000000000e+00
1.049178725274334083e-02 9.931034482758620641e+01 0.000000000000000000e+00
1.609929519321271971e-02 9.931034482758620641e+01 0.000000000000000000e+00
2.470382781069370773e-02 9.931034482758620641e+01 0.000000000000000000e+00
3.790719414584618058e-02 9.931034482758620641e+01 0.000000000000000000e+00
5.816731637794420040e-02 9.931034482758620641e+01 0.000000000000000000e+00
8.925579354658201570e-02 9.931034482758620641e+01 0.000000000000000000e+00
1.369600177162519916e-01 9.931034482758620641e+01 1.083260566651527024e-34
2.101605476516926474e-01 9.931034482758620641e+01 0.000000000000000000e+00
9.999999999999999547e-08 1.055172413793103630e+02 0.000000000000000000e+00
1.534466416958955670e-07 1.055172413793103630e+02 0.000000000000000000e+00
2.354587184774860253e-07 1.055172413793103630e+02 0.000000000000000000e+00
3.613034960838954523e-07 1.055172413793103630e+02 0.000000000000000000e+00
5.544080810706002224e-07 1.055172413793103630e+02 0.000000000000000000e+00
8.507205816934941175e-07 1.055172413793103630e+02 0.000000000000000000e+00
1.305402162824454474e-06 1.055172413793103630e+02 0.000000000000000000e+00
2.003095779479715811e-06 1.055172413793103630e+02 0.000000000000000000e+00
3.073683203563846173e-06 1.055172413793103630e+02 0.000000000000000000e+00
4.716463652239548900e-06 1.055172413793103630e+02 0.000000000000000000e+00
7.237255081169170419e-06 1.055172413793103630e+02 0.000000000000000000e+00
1.110532487301967501e-05 1.055172413793103630e+02 0.000000000000000000e+00
1.704074806706766792e-05 1.055172413793103630e+02 0.000000000000000000e+00
2.614845562877357571e-05 1.055172413793103630e+02 0.000000000000000000e+00
4.012392701769450915e-05 1.055172413793103630e+02 0.000000000000000000e+00
6.156881852516431859e-05 1.055172413793103630e+02 0.000000000000000000e+00
9.447528435870507289e-05 1.055172413793103630e+02 0.000000000000000000e+00
1.449691510810809417e-04 1.055172413793103630e+02 0.000000000000000000e+00
2.224502938289680057e-04 1.055172413793103630e+02 0.000000000000000000e+00
3.413425053232034328e-04 1.055172413793103630e+02 0.000000000000000000e+00
5.237786110990897597e-04 1.055172413793103630e+02 0.000000000000000000e+00
8.037206886529592656e-04 1.055172413793103630e+02 0.000000000000000000e+00
1.233282405353092063e-03 1.055172413793103630e+02 0.000000000000000000e+00
1.892430433640681590e-03 1.055172413793103630e+02 0.000000000000000000e+00
2.903870946852704985e-03 1.055172413793103630e+02 0.000000000000000000e+00
4.455892447128280073e-03 1.055172413793103630e+02 0.000000000000000000e+00
6.837417317699419003e-03 1.055172413793103630e+02 0.000000000000000000e+00
1.049178725274334083e-02 1.055172413793103630e+02 0.000000000000000000e+00
1.609929519321271971e-02 1.055172413793103630e+02 0.000000000000000000e+00
2.470382781069370773e-02 1.055172413793103630e+02 0.000000000000000000e+00
3.790719414584618058e-02 1.055172413793103630e+02 0.000000000000000000e+00
5.816731637794420040e-02 1.055172413793103630e+02 0.000000000000000000e+00
8.925579354658201570e-02 1.055172413793103630e+02 9.304014371549801029e-35
1.369600177162519916e-01 1.055172413793103630e+02 8.838678853629463596e-35
2.101605476516926474e-01 1.055172413793103630e+02 0.000000000000000000e+00
9.999999999999999547e-08 1.117241379310344911e+02 0.000000000000000000e+00
1.534466416958955670e-07 1.117241379310344911e+02 0.000000000000000000e+00
2.354587184774860253e-07 1.117241379310344911e+02 0.000000000000000000e+00
3.613034960838954523e-07 1.117241379310344911e+02 0.000000000000000000e+00
5.544080810706002224e-07 1.117241379310344911e+02 0.000000000000000000e+00
8.507205816934941175e-07 1.117241379310344911e+02 0.000000000000000000e+00
1.305402162824454474e-06 1.117241379310344911e+02 0.000000000000000000e+00
2.003095779479715811e-06 1.117241379310344911e+02 0.000000000000000000e+00
3.073683203563846173e-06 1.117241379310344911e+02 0.000000000000000000e+00
4.716463652239548900e-06 1.117241379310344911e+02 0.000000000000000000e+00
7.237255081169170419e-06 1.117241379310344911e+02 0.000000000000000000e+00
1.110532487301967501e-05 1.117241379310344911e+02 0.000000000000000000e+00
1.704074806706766792e-05 1.117241379310344911e+02 0.000000000000000000e+00
2.614845562877357571e-05 1.117241379310344911e+02 0.000000000000000000e+00
4.012392701769450915e-05 1.117241379310344911e+02 0.000000000000000000e+00
6.156881852516431859e-05 1.117241379310344911e+02 0.000000000000000000e+00
9.447528435870507289e-05 1.117241379310344911e+02 0.000000000000000000e+00
1.449691510810809417e-04 1.117241379310344911e+02 0.000000000000000000e+00
2.224502938289680057e-04 1.117241379310344911e+02 0.000000000000000000e+00
3.413425053232034328e-04 1.117241379310344911e+02 0.000000000000000000e+00
5.237786110990897597e-04 1.117241379310344911e+02 0.000000000000000000e+00
8.037206886529592656e-04 1.117241379310344911e+02 0.000000000000000000e+00
1.233282405353092063e-03 1.117241379310344911e+02 0.000000000000000000e+00
1.892430433640681590e-03 1.117241379310344911e+02 0.000000000000000000e+00
2.903870946852704985e-03 1.117241379310344911e+02 0.000000000000000000e+00
4.455892447128280073e-03 1.117241379310344911e+02 0.000000000000000000e+00
6.837417317699419003e-03 1.117241379310344911e+02 0.000000000000000000e+00
1.049178725274334083e-02 1.117241379310344911e+02 0.000000000000000000e+00
1.609929519321271971e-02 1.117241379310344911e+02 0.000000000000000000e+00
2.470382781069370773e-02 1.117241379310344911e+02 0.000000000000000000e+00
3.790719414584618058e-02 1.117241379310344911e+02 0.000000000000000000e+00
5.816731637794420040e-02 1.117241379310344911e+02 0.000000000000000000e+00
8.925579354658201570e-02 1.117241379310344911e+02 8.762519592440329582e-35
1.369600177162519916e-01 1.117241379310344911e+02 7.141192039814989206e-35
2.101605476516926474e-01 1.117241379310344911e+02 0.000000000000000000e+00
9.999999999999999547e-08 1.179310344827586192e+02 0.000000000000000000e+00
1.534466416958955670e-07 1.179310344827586192e+02 0.000000000000000000e+00
2.354587184774860253e-07 1.179310344827586192e+02 0.000000000000000000e+00
3.613034960838954523e-07 1.179310344827586192e+02 0.000000000000000000e+00
5.544080810706002224e-07 1.179310344827586192e+02 0.000000000000000000e+00
8.507205816934941175e-07 1.179310344827586192e+02 0.000000000000000000e+00
1.305402162824454474e-06 1.179310344827586192e+02 0.000000000000000000e+00
2.003095779479715811e-06 1.179310344827586192e+02 0.000000000000000000e+00
3.073683203563846173e-06 1.179310344827586192e+02 0.000000000000000000e+00
4.716463652239548900e-06 1.179310344827586192e+02 0.000000000000000000e+00
7.237255081169170419e-06 1.179310344827586192e+02 0.000000000000000000e+00
1.110532487301967501e-05 1.179310344827586192e+02 0.000000000000000000e+00
1.704074806706766792e-05 1.179310344827586192e+02 0.000000000000000000e+00
2.614845562877357571e-05 1.179310344827586192e+02 0.000000000000000000e+00
4.012392701769450915e-05 1.179310344827586192e+02 0.000000000000000000e+00
6.156881852516431859e-05 1.179310344827586192e+02 0.000000000000000000e+00
9.447528435870507289e-05 1.179310344827586192e+02 0.000000000000000000e+00
1.449691510810809417e-04 1.179310344827586192e+02 0.000000000000000000e+00
2.224502938289680057e-04 1.179310344827586192e+02 0.000000000000000000e+00
3.413425053232034328e-04 1.179310344827586192e+02 0.000000000000000000e+00
5.237786110990897597e-04 1.179310344827586192e+02 0.000000000000000000e+00
8.037206886529592656e-04 1.179310344827586192e+02 0.000000000000000000e+00
1.233282405353092063e-03 1.179310344827586192e+02 0.000000000000000000e+00
1.892430433640681590e-03 1.179310344827586192e+02 0.000000000000000000e+00
2.903870946852704985e-03 1.179310344827586192e+02 0.000000000000000000e+00
4.455892447128280073e-03 1.179310344827586192e+02 0.000000000000000000e+00
6.837417317699419003e-03 1.179310344827586192e+02 0.000000000000000000e+00
1.049178725274334083e-02 1.179310344827586192e+02 0.000000000000000000e+00
1.609929519321271971e-02 1.179310344827586192e+02 0.000000000000000000e+00
2.470382781069370773e-02 1.179310344827586192e+02 0.000000000000000000e+00
3.790719414584618058e-02 1.179310344827586192e+02 0.000000000000000000e+00
5.816731637794420040e-02 1.179310344827586192e+02 3.006948956439537268e-35
8.925579354658201570e-02 1.179310344827586192e+02 8.031660690907898964e-35
1.369600177162519916e-01 1.179310344827586192e+02 5.725926083112336243e-35
2.101605476516926474e-01 1.179310344827586192e+02 0.000000000000000000e+00
9.999999999999999547e-08 1.241379310344827616e+02 0.000000000000000000e+00
1.534466416958955670e-07 1.241379310344827616e+02 0.000000000000000000e+00
2.354587184774860253e-07 1.241379310344827616e+02 0.000000000000000000e+00
3.613034960838954523e-07 1.241379310344827616e+02 0.000000000000000000e+00
5.544080810706002224e-07 1.241379310344827616e+02 0.000000000000000000e+00
8.507205816934941175e-07 1.241379310344827616e+02 0.000000000000000000e+00
1.305402162824454474e-06 1.241379310344827616e+02 0.000000000000000000e+00
2.003095779479715811e-06 1.241379310344827616e+02 0.000000000000000000e+00
3.073683203563846173e-06 1.241379310344827616e+02 0.000000000000000000e+00
4.716463652239548900e-06 1.241379310344827616e+02 0.000000000000000000e+00
7.237255081169170419e-06 1.241379310344827616e+02 0.000000000000000000e+00
1.110532487301967501e-05 1.241379310344827616e+02 0.000000000000000000e+00
1.704074806706766792e-05 1.241379310344827616e+02 0.000000000000000000e+00
2.614845562877357571e-05 1.241379310344827616e+02 0.000000000000000000e+00
4.012392701769450915e-05 1.241379310344827616e+02 0.000000000000000000e+00
6.156881852516431859e-05 1.241379310344827616e+02 0.000000000000000000e+00
9.447528435870507289e-05 1.241379310344827616e+02 0.000000000000000000e+00
1.449691510810809417e-04 1.241379310344827616e+02 0.000000000000000000e+00
2.224502938289680057e-04 1.241379310344827616e+02 0.000000000000000000e+00
3.413425053232034328e-04 1.241379310344827616e+02 0.000000000000000000e+00
5.237786110990897597e-04 1.241379310344827616e+02 0.000000000000000000e+00
8.037206886529592656e-04 1.241379310344827616e+02 0.000000000000000000e+00
1.233282405353092063e-03 1.241379310344827616e+02 0.000000000000000000e+00
1.892430433640681590e-03 1.241379310344827616e+02 0.000000000000000000e+00
2.903870946852704985e-03 1.241379310344827616e+02 0.000000000000000000e+00
4.455892447128280073e-03 1.241379310344827616e+02 0.000000000000000000e+00
6.837417317699419003e-03 1.241379310344827616e+02 0.000000000000000000e+00
1.049178725274334083e-02 1.241379310344827616e+02 0.000000000000000000e+00
1.609929519321271971e-02 1.241379310344827616e+02 0.000000000000000000e+00
2.470382781069370773e-02 1.241379310344827616e+02 0.000000000000000000e+00
3.790719414584618058e-02 1.241379310344827616e+02 0.000000000000000000e+00
5.816731637794420040e-02 1.241379310344827616e+02 2.980472963299415307e-35
8.925579354658201570e-02 1.241379310344827616e+02 7.138828611250788642e-35
1.369600177162519916e-01 1.241379310344827616e+02 4.515747727434488322e-35
2.101605476516926474e-01 1.241379310344827616e+02 0.000000000000000000e+00
9.999999999999999547e-08 1.303448275862068897e+02 0.000000000000000000e+00
1.534466416958955670e-07 1.303448275862068897e+02 0.000000000000000000e+00
2.354587184774860253e-07 1.303448275862068897e+02 0.000000000000000000e+00
3.613034960838954523e-07 1.303448275862068897e+02 0.000000000000000000e+00
5.544080810706002224e-07 1.303448275862068897e+02 0.000000000000000000e+00
8.507205816934941175e-07 1.303448275862068897e+02 0.000000000000000000e+00
1.305402162824454474e-06 1.303448275862068897e+02 0.000000000000000000e+00
2.003095779479715811e-06 1.303448275862068897e+02 0.000000000000000000e+00
3.073683203563846173e-06 1.303448275862068897e+02 0.000000000000000000e+00
4.716463652239548900e-06 1.303448275862068897e+02 0.000000000000000000e+00
7.237255081169170419e-06 1.303448275862068897e+02 0.000000000000000000e+00
1.110532487301967501e-05 1.303448275862068897e+02 0.000000000000000000e+00
1.704074806706766792e-05 1.303448275862068897e+02 0.000000000000000000e+00
2.614845562877357571e-05 1.303448275862068897e+02 0.000000000000000000e+00
4.012392701769450915e-05 1.303448275862068897e+02 0.000000000000000000e+00
6.156881852516431859e-05 1.303448275862068897e+02 0.000000000000000000e+00
9.447528435870507289e-05 1.303448275862068897e+02 0.000000000000000000e+00
1.449691510810809417e-04 1.303448275862068897e+02 0.000000000000000000e+00
2.224502938289680057e-04 1.303448275862068897e+02 0.000000000000000000e+00
3.413425053232034328e-04 1.303448275862068897e+02 0.000000000000000000e+00
5.237786110990897597e-04 1.303448275862068897e+02 0.000000000000000000e+00
8.037206886529592656e-04 1.303448275862068897e+02 0.000000000000000000e+00
1.233282405353092063e-03 1.303448275862068897e+02 0.000000000000000000e+00
1.892430433640681590e-03 1.303448275862068897e+02 0.000000000000000000e+00
2.903870946852704985e-03 1.303448275862068897e+02 0.000000000000000000e+00
4.455892447128280073e-03 1.303448275862068897e+02 0.000000000000000000e+00
6.837417317699419003e-03 1.303448275862068897e+02 0.000000000000000000e+00
1.049178725274334083e-02 1.303448275862068897e+02 0.000000000000000000e+00
1.609929519321271971e-02 1.303448275862068897e+02 0.000000000000000000e+00
2.470382781069370773e-02 1.303448275862068897e+02 0.000000000000000000e+00
3.790719414584618058e-02 1.303448275862068897e+02 1.024169220685868674e-35
5.816731637794420040e-02 1.303448275862068897e+02 2.884822429743437034e-35
8.925579354658201570e-02 1.303448275862068897e+02 6.230628068047031669e-35
1.369600177162519916e-01 1.303448275862068897e+02 3.508767631375705219e-35
2.101605476516926474e-01 1.303448275862068897e+02 0.000000000000000000e+00
9.999999999999999547e-08 1.365517241379310462e+02 0.000000000000000000e+00
1.534466416958955670e-07 1.365517241379310462e+02 0.000000000000000000e+00
2.354587184774860253e-07 1.365517241379310462e+02 0.000000000000000000e+00
3.613034960838954523e-07 1.365517241379310462e+02 0.000000000000000000e+00
5.544080810706002224e-07 1.365517241379310462e+02 0.000000000000000000e+00
8.507205816934941175e-07 1.365517241379310462e+02 0.000000000000000000e+00
1.305402162824454474e-06 1.365517241379310462e+02 0.000000000000000000e+00
2.003095779479715811e-06 1.365517241379310462e+02 0.000000000000000000e+00
3.073683203563846173e-06 1.365517241379310462e+02 0.000000000000000000e+00
4.716463652239548900e-06 1.365517241379310462e+02 0.000000000000000000e+00
7.237255081169170419e-06 1.365517241379310462e+02 0.000000000000000000e+00
1.110532487301967501e-05 1.365517241379310462e+02 0.000000000000000000e+00
1.704074806706766792e-05 1.365517241379310462e+02 0.000000000000000000e+00
2.614845562877357571e-05 1.365517241379310462e+02 0.000000000000000000e+00
4.012392701769450915e-05 1.365517241379310462e+02 0.000000000000000000e+00
6.156881852516431859e-05 1.365517241379310462e+02 0.000000000000000000e+00
9.447528435870507289e-05 1.365517241379310462e+02 0.000000000000000000e+00
1.449691510810809417e-04 1.365517241379310462e+02 0.000000000000000000e+00
2.224502938289680057e-04 1.365517241379310462e+02 0.000000000000000000e+00
3.413425053232034328e-04 1.365517241379310462e+02 0.000000000000000000e+00
5.237786110990897597e-04 1.365517241379310462e+02 0.000000000000000000e+00
8.037206886529592656e-04 1.365517241379310462e+02 0.000000000000000000e+00
1.233282405353092063e-03 1.365517241379310462e+02 0.000000000000000000e+00
1.892430433640681590e-03 1.365517241379310462e+02 0.000000000000000000e+00
2.903870946852704985e-03 1.365517241379310462e+02 0.000000000000000000e+00
4.455892447128280073e-03 1.365517241379310462e+02 0.000000000000000000e+00
6.837417317699419003e-03 1.365517241379310462e+02 0.000000000000000000e+00
1.049178725274334083e-02 1.365517241379310462e+02 0.000000000000000000e+00
1.609929519321271971e-02 1.365517241379310462e+02 0.000000000000000000e+00
2.470382781069370773e-02 1.365517241379310462e+02 0.000000000000000000e+00
3.790719414584618058e-02 1.365517241379310462e+02 9.645151837505602862e-36
5.816731637794420040e-02 1.365517241379310462e+02 2.686440672762605075e-35
8.925579354658201570e-02 1.365517241379310462e+02 5.302912063653272262e-35
1.369600177162519916e-01 1.365517241379310462e+02 2.698031527054623751e-35
2.101605476516926474e-01 1.365517241379310462e+02 0.000000000000000000e+00
9.999999999999999547e-08 1.427586206896551744e+02 0.000000000000000000e+00
1.534466416958955670e-07 1.427586206896551744e+02 0.000000000000000000e+00
2.354587184774860253e-07 1.427586206896551744e+02 0.000000000000000000e+00
3.613034960838954523e-07 1.427586206896551744e+02 0.000000000000000000e+00
5.544080810706002224e-07 1.427586206896551744e+02 0.000000000000000000e+00
8.507205816934941175e-07 1.427586206896551744e+02 0.000000000000000000e+00
1.305402162824454474e-06 1.427586206896551744e+02 0.000000000000000000e+00
2.003095779479715811e-06 1.427586206896551744e+02 0.000000000000000000e+00
3.073683203563846173e-06 1.427586206896551744e+02 0.000000000000000000e+00
4.716463652239548900e-06 1.427586206896551744e+02 0.000000000000000000e+00
7.237255081169170419e-06 1.427586206896551744e+02 0.000000000000000000e+00
1.110532487301967501e-05 1.427586206896551744e+02 0.000000000000000000e+00
1.704074806706766792e-05 1.427586206896551744e+02 0.000000000000000000e+00
2.614845562877357571e-05 1.427586206896551744e+02 0.000000000000000000e+00
4.012392701769450915e-05 1.427586206896551744e+02 0.000000000000000000e+00
6.156881852516431859e-05 1.427586206896551744e+02 0.000000000000000000e+00
9.447528435870507289e-05 1.427586206896551744e+02 0.000000000000000000e+00
1.449691510810809417e-04 1.427586206896551744e+02 0.000000000000000000e+00
2.224502938289680057e-04 1.427586206896551744e+02 0.000000000000000000e+00
3.413425053232034328e-04 1.427586206896551744e+02 0.000000000000000000e+00
5.237786110990897597e-04 1.427586206896551744e+02 0.000000000000000000e+00
8.037206886529592656e-04 1.427586206896551744e+02 0.000000000000000000e+00
1.233282405353092063e-03 1.427586206896551744e+02 0.000000000000000000e+00
1.892430433640681590e-03 1.427586206896551744e+02 0.000000000000000000e+00
2.903870946852704985e-03 1.427586206896551744e+02 0.000000000000000000e+00
4.455892447128280073e-03 1.427586206896551744e+02 0.000000000000000000e+00
6.837417317699419003e-03 1.427586206896551744e+02 0.000000000000000000e+00
1.049178725274334083e-02 1.427586206896551744e+02 0.000000000000000000e+00
1.609929519321271971e-02 1.427586206896551744e+02 0.000000000000000000e+00
2.470382781069370773e-02 1.427586206896551744e+02 0.000000000000000000e+00
3.790719414584618058e-02 1.427586206896551744e+02 8.791718025069193358e-36
5.816731637794420040e-02 1.427586206896551744e+02 2.417513807195323788e-35
8.925579354658201570e-02 1.427586206896551744e+02 4.428781593999035320e-35
1.369600177162519916e-01 1.427586206896551744e+02 2.042830162583904110e-35
2.101605476516926474e-01 1.427586206896551744e+02 0.000000000000000000e+00
9.999999999999999547e-08 1.489655172413793025e+02 0.000000000000000000e+00
1.534466416958955670e-07 1.489655172413793025e+02 0.000000000000000000e+00
2.354587184774860253e-07 1.489655172413793025e+02 0.000000000000000000e+00
3.613034960838954523e-07 1.489655172413793025e+02 0.000000000000000000e+00
5.544080810706002224e-07 1.489655172413793025e+02 0.000000000000000000e+00
8.507205816934941175e-07 1.489655172413793025e+02 0.000000000000000000e+00
1.305402162824454474e-06 1.489655172413793025e+02 0.000000000000000000e+00
2.003095779479715811e-06 1.489655172413793025e+02 0.000000000000000000e+00
3.073683203563846173e-06 1.489655172413793025e+02 0.000000000000000000e+00
4.716463652239548900e-06 1.489655172413793025e+02 0.000000000000000000e+00
7.237255081169170419e-06 1.489655172413793025e+02 0.000000000000000000e+00
1.110532487301967501e-05 1.489655172413793025e+02 0.000000000000000000e+00
1.704074806706766792e-05 1.489655172413793025e+02 0.000000000000000000e+00
2.614845562877357571e-05 1.489655172413793025e+02 0.000000000000000000e+00
4.012392701769450915e-05 1.489655172413793025e+02 0.000000000000000000e+00
6.156881852516431859e-05 1.489655172413793025e+02 0.000000000000000000e+00
9.447528435870507289e-05 1.489655172413793025e+02 0.000000000000000000e+00
1.449691510810809417e-04 1.489655172413793025e+02 0.000000000000000000e+00
2.224502938289680057e-04 1.489655172413793025e+02 0.000000000000000000e+00
3.413425053232034328e-04 1.489655172413793025e+02 0.000000000000000000e+00
5.237786110990897597e-04 1.489655172413793025e+02 0.000000000000000000e+00
8.037206886529592656e-04 1.489655172413793025e+02 0.000000000000000000e+00
1.233282405353092063e-03 1.489655172413793025e+02 0.000000000000000000e+00
1.892430433640681590e-03 1.489655172413793025e+02 0.000000000000000000e+00
2.903870946852704985e-03 1.489655172413793025e+02 0.000000000000000000e+00
4.455892447128280073e-03 1.489655172413793025e+02 0.000000000000000000e+00
6.837417317699419003e-03 1.489655172413793025e+02 0.000000000000000000e+00
1.049178725274334083e-02 1.489655172413793025e+02 0.000000000000000000e+00
1.609929519321271971e-02 1.489655172413793025e+02 0.000000000000000000e+00
2.470382781069370773e-02 1.489655172413793025e+02 3.818884758684130443e-36
3.790719414584618058e-02 1.489655172413793025e+02 7.731961836942997114e-36
5.816731637794420040e-02 1.489655172413793025e+02 2.126187631092324532e-35
8.925579354658201570e-02 1.489655172413793025e+02 3.583203775685727992e-35
1.369600177162519916e-01 1.489655172413793025e+02 1.523331321944134896e-35
2.101605476516926474e-01 1.489655172413793025e+02 0.000000000000000000e+00
9.999999999999999547e-08 1.551724137931034591e+02 0.000000000000000000e+00
1.534466416958955670e-07 1.551724137931034591e+02 0.000000000000000000e+00
2.354587184774860253e-07 1.551724137931034591e+02 0.000000000000000000e+00
3.613034960838954523e-07 1.551724137931034591e+02 0.000000000000000000e+00
5.544080810706002224e-07 1.551724137931034591e+02 0.000000000000000000e+00
8.507205816934941175e-07 1.551724137931034591e+02 0.000000000000000000e+00
1.305402162824454474e-06 1.551724137931034591e+02 0.000000000000000000e+00
2.003095779479715811e-06 1.551724137931034591e+02 0.000000000000000000e+00
3.073683203563846173e-06 1.551724137931034591e+02 0.000000000000000000e+00
4.716463652239548900e-06 1.551724137931034591e+02 0.000000000000000000e+00
7.237255081169170419e-06 1.551724137931034591e+02 0.000000000000000000e+00
1.110532487301967501e-05 1.551724137931034591e+02 0.000000000000000000e+00
1.704074806706766792e-05 1.551724137931034591e+02 0.000000000000000000e+00
2.614845562877357571e-05 1.551724137931034591e+02 0.000000000000000000e+00
4.012392701769450915e-05 1.551724137931034591e+02 0.000000000000000000e+00
6.156881852516431859e-05 1.551724137931034591e+02 0.000000000000000000e+00
9.447528435870507289e-05 1.551724137931034591e+02 0.000000000000000000e+00
1.449691510810809417e-04 1.551724137931034591e+02 0.000000000000000000e+00
2.224502938289680057e-04 1.551724137931034591e+02 0.000000000000000000e+00
3.413425053232034328e-04 1.551724137931034591e+02 0.000000000000000000e+00
5.237786110990897597e-04 1.551724137931034591e+02 0.000000000000000000e+00
8.037206886529592656e-04 1.551724137931034591e+02 0.000000000000000000e+00
1.233282405353092063e-03 1.551724137931034591e+02 0.000000000000000000e+00
1.892430433640681590e-03 1.551724137931034591e+02 0.000000000000000000e+00
2.903870946852704985e-03 1.551724137931034591e+02 0.000000000000000000e+00
4.455892447128280073e-03 1.551724137931034591e+02 0.000000000000000000e+00
6.837417317699419003e-03 1.551724137931034591e+02 0.000000000000000000e+00
1.049178725274334083e-02 1.551724137931034591e+02 0.000000000000000000e+00
1.609929519321271971e-02 1.551724137931034591e+02 0.000000000000000000e+00
2.470382781069370773e-02 1.551724137931034591e+02 3.152853457751607456e-36
3.790719414584618058e-02 1.551724137931034591e+02 6.459253530135150753e-36
5.816731637794420040e-02 1.551724137931034591e+02 1.750954439406462512e-35
8.925579354658201570e-02 1.551724137931034591e+02 2.793226901789061855e-35
1.369600177162519916e-01 1.551724137931034591e+02 1.100850477388346287e-35
2.101605476516926474e-01 1.551724137931034591e+02 0.000000000000000000e+00
9.999999999999999547e-08 1.613793103448276156e+02 0.000000000000000000e+00
1.534466416958955670e-07 1.613793103448276156e+02 0.000000000000000000e+00
2.354587184774860253e-07 1.613793103448276156e+02 0.000000000000000000e+00
3.613034960838954523e-07 1.613793103448276156e+02 0.000000000000000000e+00
5.544080810706002224e-07 1.613793103448276156e+02 0.000000000000000000e+00
8.507205816934941175e-07 1.613793103448276156e+02 0.000000000000000000e+00
1.305402162824454474e-06 1.613793103448276156e+02 0.000000000000000000e+00
2.003095779479715811e-06 1.613793103448276156e+02 0.000000000000000000e+00
3.073683203563846173e-06 1.613793103448276156e+02 0.000000000000000000e+00
4.716463652239548900e-06 1.613793103448276156e+02 0.000000000000000000e+00
7.237255081169170419e-06 1.613793103448276156e+02 0.000000000000000000e+00
1.110532487301967501e-05 1.613793103448276156e+02 0.000000000000000000e+00
1.704074806706766792e-05 1.613793103448276156e+02 0.000000000000000000e+00
2.614845562877357571e-05 1.613793103448276156e+02 0.000000000000000000e+00
4.012392701769450915e-05 1.613793103448276156e+02 0.000000000000000000e+00
6.156881852516431859e-05 1.613793103448276156e+02 0.000000000000000000e+00
9.447528435870507289e-05 1.613793103448276156e+02 0.000000000000000000e+00
1.449691510810809417e-04 1.613793103448276156e+02 0.000000000000000000e+00
2.224502938289680057e-04 1.613793103448276156e+02 0.000000000000000000e+00
3.413425053232034328e-04 1.613793103448276156e+02 0.000000000000000000e+00
5.237786110990897597e-04 1.613793103448276156e+02 0.000000000000000000e+00
8.037206886529592656e-04 1.613793103448276156e+02 0.000000000000000000e+00
1.233282405353092063e-03 1.613793103448276156e+02 0.000000000000000000e+00
1.892430433640681590e-03 1.613793103448276156e+02 0.000000000000000000e+00
2.903870946852704985e-03 1.613793103448276156e+02 0.000000000000000000e+00
4.455892447128280073e-03 1.613793103448276156e+02 0.000000000000000000e+00
6.837417317699419003e-03 1.613793103448276156e+02 0.000000000000000000e+00
1.049178725274334083e-02 1.613793103448276156e+02 0.000000000000000000e+00
1.609929519321271971e-02 1.613793103448276156e+02 0.000000000000000000e+00
2.470382781069370773e-02 1.613793103448276156e+02 2.412587220651639105e-36
3.790719414584618058e-02 1.613793103448276156e+02 5.038262998143267176e-36
5.816731637794420040e-02 1.613793103448276156e+02 1.347528376795814192e-35
8.925579354658201570e-02 1.613793103448276156e+02 2.044346305688189740e-35
1.369600177162519916e-01 1.613793103448276156e+02 7.614110923040967353e-36
2.101605476516926474e-01 1.613793103448276156e+02 0.000000000000000000e+00
9.999999999999999547e-08 1.675862068965517437e+02 0.000000000000000000e+00
1.534466416958955670e-07 1.675862068965517437e+02 0.000000000000000000e+00
2.354587184774860253e-07 1.675862068965517437e+02 0.000000000000000000e+00
3.613034960838954523e-07 1.675862068965517437e+02 0.000000000000000000e+00
5.544080810706002224e-07 1.675862068965517437e+02 0.000000000000000000e+00
8.507205816934941175e-07 1.675862068965517437e+02 0.000000000000000000e+00
1.305402162824454474e-06 1.675862068965517437e+02 0.000000000000000000e+00
2.003095779479715811e-06 1.675862068965517437e+02 0.000000000000000000e+00
3.073683203563846173e-06 1.675862068965517437e+02 0.000000000000000000e+00
4.716463652239548900e-06 1.675862068965517437e+02 0.000000000000000000e+00
7.237255081169170419e-06 1.675862068965517437e+02 0.000000000000000000e+00
1.110532487301967501e-05 1.675862068965517437e+02 0.000000000000000000e+00
1.704074806706766792e-05 1.675862068965517437e+02 0.000000000000000000e+00
2.614845562877357571e-05 1.675862068965517437e+02 0.000000000000000000e+00
4.012392701769450915e-05 1.675862068965517437e+02 0.000000000000000000e+00
6.156881852516431859e-05 1.675862068965517437e+02 0.000000000000000000e+00
9.447528435870507289e-05 1.675862068965517437e+02 0.000000000000000000e+00
1.449691510810809417e-04 1.675862068965517437e+02 0.000000000000000000e+00
2.224502938289680057e-04 1.675862068965517437e+02 0.000000000000000000e+00
3.413425053232034328e-04 1.675862068965517437e+02 0.000000000000000000e+00
5.237786110990897597e-04 1.675862068965517437e+02 0.000000000000000000e+00
8.037206886529592656e-04 1.675862068965517437e+02 0.000000000000000000e+00
1.233282405353092063e-03 1.675862068965517437e+02 0.000000000000000000e+00
1.892430433640681590e-03 1.675862068965517437e+02 0.000000000000000000e+00
2.903870946852704985e-03 1.675862068965517437e+02 0.000000000000000000e+00
4.455892447128280073e-03 1.675862068965517437e+02 0.000000000000000000e+00
6.837417317699419003e-03 1.675862068965517437e+02 0.000000000000000000e+00
1.049178725274334083e-02 1.675862068965517437e+02 0.000000000000000000e+00
1.609929519321271971e-02 1.675862068965517437e+02 0.000000000000000000e+00
2.470382781069370773e-02 1.675862068965517437e+02 1.644023111298150227e-36
3.790719414584618058e-02 1.675862068965517437e+02 3.415225963356363794e-36
5.816731637794420040e-02 1.675862068965517437e+02 9.084292519167741746e-36
8.925579354658201570e-02 1.675862068965517437e+02 1.344166378631176228e-35
1.369600177162519916e-01 1.675862068965517437e+02 4.789650538266280059e-36
2.101605476516926474e-01 1.675862068965517437e+02 0.000000000000000000e+00
9.999999999999999547e-08 1.737931034482758719e+02 0.000000000000000000e+00
1.534466416958955670e-07 1.737931034482758719e+02 0.000000000000000000e+00
2.354587184774860253e-07 1.737931034482758719e+02 0.000000000000000000e+00
3.613034960838954523e-07 1.737931034482758719e+02 0.000000000000000000e+00
5.544080810706002224e-07 1.737931034482758719e+02 0.000000000000000000e+00
8.507205816934941175e-07 1.737931034482758719e+02 0.000000000000000000e+00
1.305402162824454474e-06 1.737931034482758719e+02 0.000000000000000000e+00
2.003095779479715811e-06 1.737931034482758719e+02 0.000000000000000000e+00
3.073683203563846173e-06 1.737931034482758719e+02 0.000000000000000000e+00
4.716463652239548900e-06 1.737931034482758719e+02 0.000000000000000000e+00
7.237255081169170419e-06 1.737931034482758719e+02 0.000000000000000000e+00
1.110532487301967501e-05 1.737931034482758719e+02 0.000000000000000000e+00
1.704074806706766792e-05 1.737931034482758719e+02 0.000000000000000000e+00
2.614845562877357571e-05 1.737931034482758719e+02 0.000000000000000000e+00
4.012392701769450915e-05 1.737931034482758719e+02 0.000000000000000000e+00
6.156881852516431859e-05 1.737931034482758719e+02 0.000000000000000000e+00
9.447528435870507289e-05 1.737931034482758719e+02 0.000000000000000000e+00
1.449691510810809417e-04 1.737931034482758719e+02 0.000000000000000000e+00
2.224502938289680057e-04 1.737931034482758719e+02 0.000000000000000000e+00
3.413425053232034328e-04 1.737931034482758719e+02 0.000000000000000000e+00
5.237786110990897597e-04 1.737931034482758719e+02 0.000000000000000000e+00
8.037206886529592656e-04 1.737931034482758719e+02 0.000000000000000000e+00
1.233282405353092063e-03 1.737931034482758719e+02 0.000000000000000000e+00
1.892430433640681590e-03 1.737931034482758719e+02 0.000000000000000000e+00
2.903870946852704985e-03 1.737931034482758719e+02 0.000000000000000000e+00
4.455892447128280073e-03 1.737931034482758719e+02 0.000000000000000000e+00
6.837417317699419003e-03 1.737931034482758719e+02 0.000000000000000000e+00
1.049178725274334083e-02 1.737931034482758719e+02 0.000000000000000000e+00
1.609929519321271971e-02 1.737931034482758719e+02 0.000000000000000000e+00
2.470382781069370773e-02 1.737931034482758719e+02 8.262648926347626300e-37
3.790719414584618058e-02 1.737931034482758719e+02 1.743957583322248238e-36
5.816731637794420040e-02 1.737931034482758719e+02 4.589938305299605453e-36
8.925579354658201570e-02 1.737931034482758719e+02 6.658095705879639714e-36
1.369600177162519916e-01 1.737931034482758719e+02 2.303713308347070573e-36
2.101605476516926474e-01 1.737931034482758719e+02 0.000000000000000000e+00
9.999999999999999547e-08 1.800000000000000000e+02 0.000000000000000000e+00
1.534466416958955670e-07 1.800000000000000000e+02 0.000000000000000000e+00
2.354587184774860253e-07 1.800000000000000000e+02 0.000000000000000000e+00
3.613034960838954523e-07 1.800000000000000000e+02 0.000000000000000000e+00
5.544080810706002224e-07 1.800000000000000000e+02 0.000000000000000000e+00
8.507205816934941175e-07 1.800000000000000000e+02 0.000000000000000000e+00
1.305402162824454474e-06 1.800000000000000000e+02 0.000000000000000000e+00
2.003095779479715811e-06 1.800000000000000000e+02 0.000000000000000000e+00
3.073683203563846173e-06 1.800000000000000000e+02 0.000000000000000000e+00
4.716463652239548900e-06 1.800000000000000000e+02 0.000000000000000000e+00
7.237255081169170419e-06 1.800000000000000000e+02 0.000000000000000000e+00
1.110532487301967501e-05 1.800000000000000000e+02 0.000000000000000000e+00
1.704074806706766792e-05 1.800000000000000000e+02 0.000000000000000000e+00
2.614845562877357571e-05 1.800000000000000000e+02 0.000000000000000000e+00
4.012392701769450915e-05 1.800000000000000000e+02 0.000000000000000000e+00
6.156881852516431859e-05 1.800000000000000000e+02 0.000000000000000000e+00
9.447528435870507289e-05 1.800000000000000000e+02 0.000000000000000000e+00
1.449691510810809417e-04 1.800000000000000000e+02 0.000000000000000000e+00
2.224502938289680057e-04 1.800000000000000000e+02 0.000000000000000000e+00
3.413425053232034328e-04 1.800000000000000000e+02 0.000000000000000000e+00
5.237786110990897597e-04 1.800000000000000000e+02 0.000000000000000000e+00
8.037206886529592656e-04 1.800000000000000000e+02 0.000000000000000000e+00
1.233282405353092063e-03 1.800000000000000000e+02 0.000000000000000000e+00
1.892430433640681590e-03 1.800000000000000000e+02 0.000000000000000000e+00
2.903870946852704985e-03 1.800000000000000000e+02 0.000000000000000000e+00
4.455892447128280073e-03 1.800000000000000000e+02 0.000000000000000000e+00
6.837417317699419003e-03 1.800000000000000000e+02 0.000000000000000000e+00
1.049178725274334083e-02 1.800000000000000000e+02 0.000000000000000000e+00
1.609929519321271971e-02 1.800000000000000000e+02 0.000000000000000000e+00
2.470382781069370773e-02 1.800000000000000000e+02 9.382110380511132219e-52
3.790719414584618058e-02 1.800000000000000000e+02 0.000000000000000000e+00
5.816731637794420040e-02 1.800000000000000000e+02 5.245005734490947590e-51
8.925579354658201570e-02 1.800000000000000000e+02 7.484485217585406238e-51
1.369600177162519916e-01 1.800000000000000000e+02 2.577611246624494859e-51
2.101605476516926474e-01 1.800000000000000000e+02 0.000000000000000000e+00
