# atom 16: Tchi 0.5736152510448679 [GeV]; m_chi = 0.02 [GeV]; mS = 0.06 [GeV]; gchi =0.01; gN = 0.01
# Tchi^prime [GeV], theta [degree] ,dsigma/dTchip dtheta [cm^2/GeV]
9.999999999999999547e-08 0.000000000000000000e+00 0.000000000000000000e+00
1.578075485547191318e-07 0.000000000000000000e+00 0.000000000000000000e+00
2.490322238085003244e-07 0.000000000000000000e+00 0.000000000000000000e+00
3.929916475034959908e-07 0.000000000000000000e+00 0.000000000000000000e+00
6.201704849500700412e-07 0.000000000000000000e+00 0.000000000000000000e+00
9.786758391596188787e-07 0.000000000000000000e+00 0.000000000000000000e+00
1.544424350075120399e-06 0.000000000000000000e+00 0.000000000000000000e+00
2.437218206135700938e-06 0.000000000000000000e+00 0.000000000000000000e+00
3.846114304032050578e-06 0.000000000000000000e+00 0.000000000000000000e+00
6.069458697805375515e-06 0.000000000000000000e+00 0.000000000000000000e+00
9.578063981547841780e-06 0.000000000000000000e+00 0.000000000000000000e+00
1.511490796828317329e-05 0.000000000000000000e+00 0.000000000000000000e+00
2.385246573104953216e-05 0.000000000000000000e+00 0.000000000000000000e+00
3.764099144002372579e-05 0.000000000000000000e+00 0.000000000000000000e+00
5.940032584319311263e-05 0.000000000000000000e+00 0.000000000000000000e+00
9.373819804665835351e-05 0.000000000000000000e+00 0.000000000000000000e+00
1.479259523967991520e-04 0.000000000000000000e+00 0.000000000000000000e+00
2.334383191536095023e-04 0.000000000000000000e+00 0.000000000000000000e+00
3.683832888436525143e-04 0.000000000000000000e+00 0.000000000000000000e+00
5.813366374094181130e-04 0.000000000000000000e+00 0.000000000000000000e+00
9.173930963462390009e-04 0.000000000000000000e+00 0.000000000000000000e+00
1.447715555954232330e-03 0.000000000000000000e+00 0.000000000000000000e+00
2.284604428896697213e-03 0.000000000000000000e+00 0.000000000000000000e+00
3.605278243414418785e-03 0.000000000000000000e+00 0.000000000000000000e+00
5.689401214508922090e-03 0.000000000000000000e+00 0.000000000000000000e+00
8.978304584058946491e-03 0.000000000000000000e+00 0.000000000000000000e+00
1.416844236587939607e-02 0.000000000000000000e+00 0.000000000000000000e+00
2.235887156598252365e-02 0.000000000000000000e+00 0.000000000000000000e+00
3.528398710277515921e-02 0.000000000000000000e+00 0.000000000000000000e+00
5.568079507925274146e-02 0.000000000000000000e+00 0.000000000000000000e+00
8.786849773034542677e-02 0.000000000000000000e+00 0.000000000000000000e+00
1.386631222201171465e-01 0.000000000000000000e+00 0.000000000000000000e+00
2.188208739250008805e-01 0.000000000000000000e+00 0.000000000000000000e+00
3.453158568670564588e-01 0.000000000000000000e+00 0.000000000000000000e+00
5.449344884926244914e-01 0.000000000000000000e+00 0.000000000000000000e+00
9.999999999999999547e-08 6.206896551724137900e+00 1.059608789008330486e-40
1.578075485547191318e-07 6.206896551724137900e+00 1.332368323477676272e-40
2.490322238085003244e-07 6.206896551724137900e+00 1.675691228863785028e-40
3.929916475034959908e-07 6.206896551724137900e+00 2.107216514724242083e-40
6.201704849500700412e-07 6.206896551724137900e+00 2.648900396971445939e-40
9.786758391596188787e-07 6.206896551724137900e+00 3.341699218789008599e-40
1.544424350075120399e-06 6.206896551724137900e+00 4.189123774705515226e-40
2.437218206135700938e-06 6.206896551724137900e+00 5.287835312187459005e-40
3.846114304032050578e-06 6.206896551724137900e+00 6.664680587280763691e-40
6.069458697805375515e-06 6.206896551724137900e+00 8.413499051459916426e-40
9.578063981547841780e-06 6.206896551724137900e+00 1.062309349495891140e-39
1.511490796828317329e-05 6.206896551724137900e+00 1.340821119610425706e-39
2.385246573104953216e-05 6.206896551724137900e+00 1.694646200656989015e-39
3.764099144002372579e-05 6.206896551724137900e+00 2.154820102840103392e-39
5.940032584319311263e-05 6.206896551724137900e+00 2.736434300992679579e-39
9.373819804665835351e-05 6.206896551724137900e+00 3.494520581109970189e-39
1.479259523967991520e-04 6.206896551724137900e+00 4.487849198570920070e-39
2.334383191536095023e-04 6.206896551724137900e+00 5.774975426196523953e-39
3.683832888436525143e-04 6.206896551724137900e+00 7.494145525660866123e-39
5.813366374094181130e-04 6.206896551724137900e+00 9.814064047569118071e-39
9.173930963462390009e-04 6.206896551724137900e+00 1.298397904321937355e-38
1.447715555954232330e-03 6.206896551724137900e+00 1.743900197217797743e-38
2.284604428896697213e-03 6.206896551724137900e+00 2.383731763279038336e-38
3.605278243414418785e-03 6.206896551724137900e+00 3.329705363354303807e-38
5.689401214508922090e-03 6.206896551724137900e+00 4.769440236725576923e-38
8.978304584058946491e-03 6.206896551724137900e+00 7.057410045761588626e-38
1.416844236587939607e-02 6.206896551724137900e+00 1.082424127310659454e-37
2.235887156598252365e-02 6.206896551724137900e+00 1.734598248869301155e-37
3.528398710277515921e-02 6.206896551724137900e+00 2.896996370005006344e-37
5.568079507925274146e-02 6.206896551724137900e+00 5.083952817891119565e-37
8.786849773034542677e-02 6.206896551724137900e+00 9.540677135832840105e-37
1.386631222201171465e-01 6.206896551724137900e+00 1.980306208611214290e-36
2.188208739250008805e-01 6.206896551724137900e+00 4.865004501248252788e-36
3.453158568670564588e-01 6.206896551724137900e+00 0.000000000000000000e+00
5.449344884926244914e-01 6.206896551724137900e+00 0.000000000000000000e+00
9.999999999999999547e-08 1.241379310344827580e+01 2.105344096355713785e-40
1.578075485547191318e-07 1.241379310344827580e+01 2.642897084696964590e-40
2.490322238085003244e-07 1.241379310344827580e+01 3.337484562585330543e-40
3.929916475034959908e-07 1.241379310344827580e+01 4.194023717504296353e-40
6.201704849500700412e-07 1.241379310344827580e+01 5.257658203144298280e-40
9.786758391596188787e-07 1.241379310344827580e+01 6.627848269940021345e-40
1.544424350075120399e-06 1.241379310344827580e+01 8.341057941096649692e-40
2.437218206135700938e-06 1.241379310344827580e+01 1.048660593575696133e-39
3.846114304032050578e-06 1.241379310344827580e+01 1.322931712401604882e-39
6.069458697805375515e-06 1.241379310344827580e+01 1.669567286199015815e-39
9.578063981547841780e-06 1.241379310344827580e+01 2.101569378338362727e-39
1.511490796828317329e-05 1.241379310344827580e+01 2.668596924209550493e-39
2.385246573104953216e-05 1.241379310344827580e+01 3.371122637570424164e-39
3.764099144002372579e-05 1.241379310344827580e+01 4.282384569459316609e-39
5.940032584319311263e-05 1.241379310344827580e+01 5.454973325732207596e-39
9.373819804665835351e-05 1.241379310344827580e+01 6.949218607099135201e-39
1.479259523967991520e-04 1.241379310344827580e+01 8.898018768204895844e-39
2.334383191536095023e-04 1.241379310344827580e+01 1.150040851485581120e-38
3.683832888436525143e-04 1.241379310344827580e+01 1.491979290510609222e-38
5.813366374094181130e-04 1.241379310344827580e+01 1.943107866615439904e-38
9.173930963462390009e-04 1.241379310344827580e+01 2.574413145994126900e-38
1.447715555954232330e-03 1.241379310344827580e+01 3.442081823828602920e-38
2.284604428896697213e-03 1.241379310344827580e+01 4.687630929116133158e-38
3.605278243414418785e-03 1.241379310344827580e+01 6.519804545915103861e-38
5.689401214508922090e-03 1.241379310344827580e+01 9.288618868448869752e-38
8.978304584058946491e-03 1.241379310344827580e+01 1.360862854962347764e-37
1.416844236587939607e-02 1.241379310344827580e+01 2.071648036339685796e-37
2.235887156598252365e-02 1.241379310344827580e+01 3.245270319345816059e-37
3.528398710277515921e-02 1.241379310344827580e+01 5.274041310440151017e-37
5.568079507925274146e-02 1.241379310344827580e+01 8.911326192747613123e-37
8.786849773034542677e-02 1.241379310344827580e+01 1.575457548343181662e-36
1.386631222201171465e-01 1.241379310344827580e+01 3.008074761727160171e-36
2.188208739250008805e-01 1.241379310344827580e+01 6.493029658890973259e-36
3.453158568670564588e-01 1.241379310344827580e+01 0.000000000000000000e+00
5.449344884926244914e-01 1.241379310344827580e+01 0.000000000000000000e+00
9.999999999999999547e-08 1.862068965517241281e+01 3.129326045960283557e-40
1.578075485547191318e-07 1.862068965517241281e+01 3.923924051881418776e-40
2.490322238085003244e-07 1.862068965517241281e+01 4.934280855044901099e-40
3.929916475034959908e-07 1.862068965517241281e+01 6.221612131013751025e-40
6.201704849500700412e-07 1.862068965517241281e+01 7.815642437712769652e-40
9.786758391596188787e-07 1.862068965517241281e+01 9.848111021540180398e-40
1.544424350075120399e-06 1.862068965517241281e+01 1.239357615738908316e-39
2.437218206135700938e-06 1.862068965517241281e+01 1.556408068376066918e-39
3.846114304032050578e-06 1.862068965517241281e+01 1.965988505848431022e-39
6.069458697805375515e-06 1.862068965517241281e+01 2.470049549692424629e-39
9.578063981547841780e-06 1.862068965517241281e+01 3.121420096279032640e-39
1.511490796828317329e-05 1.862068965517241281e+01 3.957074668343825740e-39
2.385246573104953216e-05 1.862068965517241281e+01 5.006480806296026186e-39
3.764099144002372579e-05 1.862068965517241281e+01 6.355497997670443527e-39
5.940032584319311263e-05 1.862068965517241281e+01 8.088666757173232345e-39
9.373819804665835351e-05 1.862068965517241281e+01 1.028413079084630010e-38
1.479259523967991520e-04 1.862068965517241281e+01 1.320790300034095496e-38
2.334383191536095023e-04 1.862068965517241281e+01 1.696594638928061092e-38
3.683832888436525143e-04 1.862068965517241281e+01 2.196020469438206354e-38
5.813366374094181130e-04 1.862068965517241281e+01 2.866057371520503384e-38
9.173930963462390009e-04 1.862068965517241281e+01 3.772551057605671121e-38
1.447715555954232330e-03 1.862068965517241281e+01 5.043104684281491770e-38
2.284604428896697213e-03 1.862068965517241281e+01 6.840935216429985836e-38
3.605278243414418785e-03 1.862068965517241281e+01 9.478365453925055180e-38
5.689401214508922090e-03 1.862068965517241281e+01 1.338885044495972652e-37
8.978304584058946491e-03 1.862068965517241281e+01 1.938421113941683716e-37
1.416844236587939607e-02 1.862068965517241281e+01 2.882095551733929596e-37
2.235887156598252365e-02 1.862068965517241281e+01 4.402726689623662809e-37
3.528398710277515921e-02 1.862068965517241281e+01 6.858566019219465330e-37
5.568079507925274146e-02 1.862068965517241281e+01 1.090589952660329600e-36
8.786849773034542677e-02 1.862068965517241281e+01 1.785805894674228549e-36
1.386631222201171465e-01 1.862068965517241281e+01 3.083947080637300287e-36
2.188208739250008805e-01 1.862068965517241281e+01 6.058724302718234225e-36
3.453158568670564588e-01 1.862068965517241281e+01 0.000000000000000000e+00
5.449344884926244914e-01 1.862068965517241281e+01 0.000000000000000000e+00
9.999999999999999547e-08 2.482758620689655160e+01 4.111714492158855472e-40
1.578075485547191318e-07 2.482758620689655160e+01 5.176382395360621674e-40
2.490322238085003244e-07 2.482758620689655160e+01 6.484418439016552094e-40
3.929916475034959908e-07 2.482758620689655160e+01 8.178686755559514556e-40
6.201704849500700412e-07 2.482758620689655160e+01 1.025844464009957222e-39
9.786758391596188787e-07 2.482758620689655160e+01 1.293673039336070061e-39
1.544424350075120399e-06 2.482758620689655160e+01 1.627728010779064291e-39
2.437218206135700938e-06 2.482758620689655160e+01 2.048931684875359169e-39
3.846114304032050578e-06 2.482758620689655160e+01 2.578709955983646634e-39
6.069458697805375515e-06 2.482758620689655160e+01 3.255399024482288709e-39
9.578063981547841780e-06 2.482758620689655160e+01 4.113834019641191228e-39
1.511490796828317329e-05 2.482758620689655160e+01 5.197139123556239607e-39
2.385246573104953216e-05 2.482758620689655160e+01 6.562795988564402656e-39
3.764099144002372579e-05 2.482758620689655160e+01 8.311830923657941746e-39
5.940032584319311263e-05 2.482758620689655160e+01 1.059078944547228465e-38
9.373819804665835351e-05 2.482758620689655160e+01 1.349880391853923704e-38
1.479259523967991520e-04 2.482758620689655160e+01 1.726418822373192927e-38
2.334383191536095023e-04 2.482758620689655160e+01 2.216317891757342035e-38
3.683832888436525143e-04 2.482758620689655160e+01 2.868105467565177926e-38
5.813366374094181130e-04 2.482758620689655160e+01 3.733682229348317814e-38
9.173930963462390009e-04 2.482758620689655160e+01 4.903280224533756936e-38
1.447715555954232330e-03 2.482758620689655160e+01 6.526447544764690008e-38
2.284604428896697213e-03 2.482758620689655160e+01 8.804811627048887667e-38
3.605278243414418785e-03 2.482758620689655160e+01 1.210180132530941595e-37
5.689401214508922090e-03 2.482758620689655160e+01 1.687498971526364639e-37
8.978304584058946491e-03 2.482758620689655160e+01 2.409157712125360743e-37
1.416844236587939607e-02 2.482758620689655160e+01 3.494197970303607741e-37
2.235887156598252365e-02 2.482758620689655160e+01 5.150849355466732524e-37
3.528398710277515921e-02 2.482758620689655160e+01 7.640825568197569013e-37
5.568079507925274146e-02 2.482758620689655160e+01 1.144301812345352899e-36
8.786849773034542677e-02 2.482758620689655160e+01 1.747851986923067294e-36
1.386631222201171465e-01 2.482758620689655160e+01 2.826554393346624846e-36
2.188208739250008805e-01 2.482758620689655160e+01 5.235638326733928543e-36
3.453158568670564588e-01 2.482758620689655160e+01 0.000000000000000000e+00
5.449344884926244914e-01 2.482758620689655160e+01 0.000000000000000000e+00
9.999999999999999547e-08 3.103448275862069039e+01 5.052570304937715784e-40
1.578075485547191318e-07 3.103448275862069039e+01 6.344511274371268073e-40
2.490322238085003244e-07 3.103448275862069039e+01 7.996002828750568657e-40
3.929916475034959908e-07 3.103448275862069039e+01 1.003577153865637497e-39
6.201704849500700412e-07 3.103448275862069039e+01 1.261300274118441086e-39
9.786758391596188787e-07 3.103448275862069039e+01 1.584772216424222934e-39
1.544424350075120399e-06 3.103448275862069039e+01 1.998368594881807225e-39
2.437218206135700938e-06 3.103448275862069039e+01 2.517596571634761938e-39
3.846114304032050578e-06 3.103448275862069039e+01 3.169424357855768220e-39
6.069458697805375515e-06 3.103448275862069039e+01 3.993103577834529360e-39
9.578063981547841780e-06 3.103448275862069039e+01 5.037761871192120484e-39
1.511490796828317329e-05 3.103448275862069039e+01 6.350783528969747801e-39
2.385246573104953216e-05 3.103448275862069039e+01 8.044722449598347583e-39
3.764099144002372579e-05 3.103448275862069039e+01 1.019998430417974674e-38
5.940032584319311263e-05 3.103448275862069039e+01 1.296164357072812443e-38
9.373819804665835351e-05 3.103448275862069039e+01 1.649753343187640312e-38
1.479259523967991520e-04 3.103448275862069039e+01 2.107448458771172058e-38
2.334383191536095023e-04 3.103448275862069039e+01 2.693458126635504739e-38
3.683832888436525143e-04 3.103448275862069039e+01 3.498871736214409829e-38
5.813366374094181130e-04 3.103448275862069039e+01 4.536870430574200328e-38
9.173930963462390009e-04 3.103448275862069039e+01 5.937690850505531160e-38
1.447715555954232330e-03 3.103448275862069039e+01 7.867130730780180902e-38
2.284604428896697213e-03 3.103448275862069039e+01 1.057310377174668087e-37
3.605278243414418785e-03 3.103448275862069039e+01 1.429377269626025683e-37
5.689401214508922090e-03 3.103448275862069039e+01 1.972815051890156827e-37
8.978304584058946491e-03 3.103448275862069039e+01 2.760023016647110125e-37
1.416844236587939607e-02 3.103448275862069039e+01 3.894947663497800388e-37
2.235887156598252365e-02 3.103448275862069039e+01 5.538556975213980162e-37
3.528398710277515921e-02 3.103448275862069039e+01 7.873927437927215344e-37
5.568079507925274146e-02 3.103448275862069039e+01 1.115368594631677663e-36
8.786849773034542677e-02 3.103448275862069039e+01 1.616622350340485453e-36
1.386631222201171465e-01 3.103448275862069039e+01 2.503786324557747240e-36
2.188208739250008805e-01 3.103448275862069039e+01 4.523164450129995019e-36
3.453158568670564588e-01 3.103448275862069039e+01 0.000000000000000000e+00
5.449344884926244914e-01 3.103448275862069039e+01 0.000000000000000000e+00
9.999999999999999547e-08 3.724137931034482563e+01 5.924194147134311590e-40
1.578075485547191318e-07 3.724137931034482563e+01 7.458080838415445501e-40
2.490322238085003244e-07 3.724137931034482563e+01 9.342823610417377221e-40
3.929916475034959908e-07 3.724137931034482563e+01 1.176402195238254296e-39
6.201704849500700412e-07 3.724137931034482563e+01 1.479341501475081732e-39
9.786758391596188787e-07 3.724137931034482563e+01 1.863361760464265894e-39
1.544424350075120399e-06 3.724137931034482563e+01 2.341211809192727425e-39
2.437218206135700938e-06 3.724137931034482563e+01 2.951231758880616580e-39
3.846114304032050578e-06 3.724137931034482563e+01 3.710292576846929027e-39
6.069458697805375515e-06 3.724137931034482563e+01 4.676567016265771792e-39
9.578063981547841780e-06 3.724137931034482563e+01 5.900249333702509725e-39
1.511490796828317329e-05 3.724137931034482563e+01 7.453146394882758078e-39
2.385246573104953216e-05 3.724137931034482563e+01 9.416788866659008638e-39
3.764099144002372579e-05 3.724137931034482563e+01 1.194660339079629637e-38
5.940032584319311263e-05 3.724137931034482563e+01 1.514151149466130120e-38
9.373819804665835351e-05 3.724137931034482563e+01 1.924588112627733583e-38
1.479259523967991520e-04 3.724137931034482563e+01 2.462235453840108764e-38
2.334383191536095023e-04 3.724137931034482563e+01 3.145241157330215216e-38
3.683832888436525143e-04 3.724137931034482563e+01 4.058095084740098545e-38
5.813366374094181130e-04 3.724137931034482563e+01 5.253914857808614609e-38
9.173930963462390009e-04 3.724137931034482563e+01 6.860024180116564055e-38
1.447715555954232330e-03 3.724137931034482563e+01 9.018032990375439598e-38
2.284604428896697213e-03 3.724137931034482563e+01 1.196917915026284640e-37
3.605278243414418785e-03 3.724137931034482563e+01 1.611572799506096226e-37
5.689401214508922090e-03 3.724137931034482563e+01 2.184405001199075782e-37
8.978304584058946491e-03 3.724137931034482563e+01 3.004150884770779366e-37
1.416844236587939607e-02 3.724137931034482563e+01 4.114993797392464685e-37
2.235887156598252365e-02 3.724137931034482563e+01 5.654358653008949051e-37
3.528398710277515921e-02 3.724137931034482563e+01 7.692125475964738882e-37
5.568079507925274146e-02 3.724137931034482563e+01 1.053196971611623805e-36
8.786849773034542677e-02 3.724137931034482563e+01 1.470129304543931605e-36
1.386631222201171465e-01 3.724137931034482563e+01 2.214300047553989104e-36
2.188208739250008805e-01 3.724137931034482563e+01 3.937859983756411304e-36
3.453158568670564588e-01 3.724137931034482563e+01 1.125796884813936190e-35
5.449344884926244914e-01 3.724137931034482563e+01 0.000000000000000000e+00
9.999999999999999547e-08 4.344827586206896797e+01 6.730939511646600434e-40
1.578075485547191318e-07 4.344827586206896797e+01 8.442556040382386554e-40
2.490322238085003244e-07 4.344827586206896797e+01 1.061517567153950259e-39
3.929916475034959908e-07 4.344827586206896797e+01 1.337643547720918885e-39
6.201704849500700412e-07 4.344827586206896797e+01 1.685695900330182169e-39
9.786758391596188787e-07 4.344827586206896797e+01 2.116598378226390497e-39
1.544424350075120399e-06 4.344827586206896797e+01 2.664344299982753918e-39
2.437218206135700938e-06 4.344827586206896797e+01 3.357024968153076963e-39
3.846114304032050578e-06 4.344827586206896797e+01 4.218766051161167804e-39
6.069458697805375515e-06 4.344827586206896797e+01 5.302083452005652175e-39
9.578063981547841780e-06 4.344827586206896797e+01 6.702826495829321120e-39
1.511490796828317329e-05 4.344827586206896797e+01 8.434847799545222343e-39
2.385246573104953216e-05 4.344827586206896797e+01 1.068109122102514838e-38
3.764099144002372579e-05 4.344827586206896797e+01 1.351564379792057771e-38
5.940032584319311263e-05 4.344827586206896797e+01 1.714803765987464945e-38
9.373819804665835351e-05 4.344827586206896797e+01 2.177613077517665010e-38
1.479259523967991520e-04 4.344827586206896797e+01 2.774537500071427609e-38
2.334383191536095023e-04 4.344827586206896797e+01 3.543061654647333191e-38
3.683832888436525143e-04 4.344827586206896797e+01 4.546649249732256625e-38
5.813366374094181130e-04 4.344827586206896797e+01 5.869933420677400243e-38
9.173930963462390009e-04 4.344827586206896797e+01 7.617844289765148879e-38
1.447715555954232330e-03 4.344827586206896797e+01 9.952844482369437534e-38
2.284604428896697213e-03 4.344827586206896797e+01 1.317492386550528076e-37
3.605278243414418785e-03 4.344827586206896797e+01 1.742059653468546783e-37
5.689401214508922090e-03 4.344827586206896797e+01 2.335600051924288574e-37
8.978304584058946491e-03 4.344827586206896797e+01 3.135160079711363739e-37
1.416844236587939607e-02 4.344827586206896797e+01 4.200631898696253590e-37
2.235887156598252365e-02 4.344827586206896797e+01 5.590288089841298297e-37
3.528398710277515921e-02 4.344827586206896797e+01 7.362654646669761149e-37
5.568079507925274146e-02 4.344827586206896797e+01 9.710756489749087602e-37
8.786849773034542677e-02 4.344827586206896797e+01 1.324503852139631727e-36
1.386631222201171465e-01 4.344827586206896797e+01 1.962181571733648592e-36
2.188208739250008805e-01 4.344827586206896797e+01 3.477301580052187898e-36
3.453158568670564588e-01 4.344827586206896797e+01 1.264334500559143420e-35
5.449344884926244914e-01 4.344827586206896797e+01 0.000000000000000000e+00
9.999999999999999547e-08 4.965517241379310320e+01 7.452173688917029952e-40
1.578075485547191318e-07 4.965517241379310320e+01 9.387087496082817654e-40
2.490322238085003244e-07 4.965517241379310320e+01 1.179859736139424817e-39
3.929916475034959908e-07 4.965517241379310320e+01 1.483346546249041124e-39
6.201704849500700412e-07 4.965517241379310320e+01 1.862288724231538020e-39
9.786758391596188787e-07 4.965517241379310320e+01 2.346648957662791836e-39
1.544424350075120399e-06 4.965517241379310320e+01 2.942563201819027355e-39
2.437218206135700938e-06 4.965517241379310320e+01 3.713071178677637154e-39
3.846114304032050578e-06 4.965517241379310320e+01 4.662088483340372740e-39
6.069458697805375515e-06 4.965517241379310320e+01 5.882261893919135950e-39
9.578063981547841780e-06 4.965517241379310320e+01 7.404711665217183386e-39
1.511490796828317329e-05 4.965517241379310320e+01 9.356098538755245263e-39
2.385246573104953216e-05 4.965517241379310320e+01 1.180754219623890114e-38
3.764099144002372579e-05 4.965517241379310320e+01 1.489873827713341112e-38
5.940032584319311263e-05 4.965517241379310320e+01 1.888250806727667126e-38
9.373819804665835351e-05 4.965517241379310320e+01 2.397112457948557182e-38
1.479259523967991520e-04 4.965517241379310320e+01 3.050272589970572410e-38
2.334383191536095023e-04 4.965517241379310320e+01 3.889758804751070786e-38
3.683832888436525143e-04 4.965517241379310320e+01 4.975132630934941635e-38
5.813366374094181130e-04 4.965517241379310320e+01 6.395221140712848840e-38
9.173930963462390009e-04 4.965517241379310320e+01 8.243836734686127975e-38
1.447715555954232330e-03 4.965517241379310320e+01 1.076461391182477539e-37
2.284604428896697213e-03 4.965517241379310320e+01 1.399057503729110817e-37
3.605278243414418785e-03 4.965517241379310320e+01 1.840639582629767584e-37
5.689401214508922090e-03 4.965517241379310320e+01 2.429918673115995270e-37
8.978304584058946491e-03 4.965517241379310320e+01 3.189459635588625881e-37
1.416844236587939607e-02 4.965517241379310320e+01 4.178323220806283062e-37
2.235887156598252365e-02 4.965517241379310320e+01 5.400516914787272591e-37
3.528398710277515921e-02 4.965517241379310320e+01 6.928490365410206954e-37
5.568079507925274146e-02 4.965517241379310320e+01 8.939959053274981865e-37
8.786849773034542677e-02 4.965517241379310320e+01 1.195532617245941633e-36
1.386631222201171465e-01 4.965517241379310320e+01 1.750470594044890044e-36
2.188208739250008805e-01 4.965517241379310320e+01 3.088895226315813857e-36
3.453158568670564588e-01 4.965517241379310320e+01 1.684853662692661600e-35
5.449344884926244914e-01 4.965517241379310320e+01 0.000000000000000000e+00
9.999999999999999547e-08 5.586206896551724554e+01 8.116692233138540898e-40
1.578075485547191318e-07 5.586206896551724554e+01 1.016733083903682944e-39
2.490322238085003244e-07 5.586206896551724554e+01 1.277300739859759573e-39
3.929916475034959908e-07 5.586206896551724554e+01 1.609690670707193890e-39
6.201704849500700412e-07 5.586206896551724554e+01 2.022018768863841833e-39
9.786758391596188787e-07 5.586206896551724554e+01 2.542745941140775601e-39
1.544424350075120399e-06 5.586206896551724554e+01 3.199201172988630915e-39
2.437218206135700938e-06 5.586206896551724554e+01 4.018469395802014616e-39
3.846114304032050578e-06 5.586206896551724554e+01 5.050891426784379672e-39
6.069458697805375515e-06 5.586206896551724554e+01 6.375316378917819610e-39
9.578063981547841780e-06 5.586206896551724554e+01 8.033325093663935430e-39
1.511490796828317329e-05 5.586206896551724554e+01 1.013197485105177654e-38
2.385246573104953216e-05 5.586206896551724554e+01 1.279992024730364936e-38
3.764099144002372579e-05 5.586206896551724554e+01 1.616734433266893858e-38
5.940032584319311263e-05 5.586206896551724554e+01 2.046361848015652741e-38
9.373819804665835351e-05 5.586206896551724554e+01 2.587768324783272805e-38
1.479259523967991520e-04 5.586206896551724554e+01 3.281049572720233125e-38
2.334383191536095023e-04 5.586206896551724554e+01 4.180099784079184054e-38
3.683832888436525143e-04 5.586206896551724554e+01 5.328758931189252670e-38
5.813366374094181130e-04 5.586206896551724554e+01 6.816349649950254853e-38
9.173930963462390009e-04 5.586206896551724554e+01 8.767029429497901766e-38
1.447715555954232330e-03 5.586206896551724554e+01 1.129602534650721340e-37
2.284604428896697213e-03 5.586206896551724554e+01 1.467203218134412659e-37
3.605278243414418785e-03 5.586206896551724554e+01 1.898827835826097590e-37
5.689401214508922090e-03 5.586206896551724554e+01 2.467677893481594815e-37
8.978304584058946491e-03 5.586206896551724554e+01 3.185484469643532254e-37
1.416844236587939607e-02 5.586206896551724554e+01 4.078445561399085357e-37
2.235887156598252365e-02 5.586206896551724554e+01 5.158763099804611157e-37
3.528398710277515921e-02 5.586206896551724554e+01 6.473085095172646347e-37
5.568079507925274146e-02 5.586206896551724554e+01 8.210548147651261522e-37
8.786849773034542677e-02 5.586206896551724554e+01 1.077066337207650754e-36
1.386631222201171465e-01 5.586206896551724554e+01 1.572122080454799114e-36
2.188208739250008805e-01 5.586206896551724554e+01 2.775414654066067563e-36
3.453158568670564588e-01 5.586206896551724554e+01 2.374390093974696185e-35
5.449344884926244914e-01 5.586206896551724554e+01 0.000000000000000000e+00
9.999999999999999547e-08 6.206896551724138078e+01 8.648504710302678029e-40
1.578075485547191318e-07 6.206896551724138078e+01 1.088980628342810092e-39
2.490322238085003244e-07 6.206896551724138078e+01 1.363196292918110234e-39
3.929916475034959908e-07 6.206896551724138078e+01 1.715009544795877411e-39
6.201704849500700412e-07 6.206896551724138078e+01 2.158672395834337060e-39
9.786758391596188787e-07 6.206896551724138078e+01 2.712624353668928652e-39
1.544424350075120399e-06 6.206896551724138078e+01 3.407000713398189754e-39
2.437218206135700938e-06 6.206896551724138078e+01 4.285597643679157297e-39
3.846114304032050578e-06 6.206896551724138078e+01 5.388685962307862811e-39
6.069458697805375515e-06 6.206896551724138078e+01 6.778587834080852411e-39
9.578063981547841780e-06 6.206896551724138078e+01 8.582298955387359206e-39
1.511490796828317329e-05 6.206896551724138078e+01 1.076131477622579406e-38
2.385246573104953216e-05 6.206896551724138078e+01 1.358090725528576724e-38
3.764099144002372579e-05 6.206896551724138078e+01 1.716943088123652816e-38
5.940032584319311263e-05 6.206896551724138078e+01 2.168535743104805552e-38
9.373819804665835351e-05 6.206896551724138078e+01 2.732943001146161838e-38
1.479259523967991520e-04 6.206896551724138078e+01 3.468244533966318558e-38
2.334383191536095023e-04 6.206896551724138078e+01 4.398402295206792222e-38
3.683832888436525143e-04 6.206896551724138078e+01 5.605099813788707092e-38
5.813366374094181130e-04 6.206896551724138078e+01 7.137901439574718939e-38
9.173930963462390009e-04 6.206896551724138078e+01 9.124691373184992241e-38
1.447715555954232330e-03 6.206896551724138078e+01 1.168479337072575076e-37
2.284604428896697213e-03 6.206896551724138078e+01 1.497273293702325070e-37
3.605278243414418785e-03 6.206896551724138078e+01 1.921023148931441287e-37
5.689401214508922090e-03 6.206896551724138078e+01 2.454140975611192573e-37
8.978304584058946491e-03 6.206896551724138078e+01 3.121625412840299095e-37
1.416844236587939607e-02 6.206896551724138078e+01 3.925383935971165270e-37
2.235887156598252365e-02 6.206896551724138078e+01 4.869139198581059112e-37
3.528398710277515921e-02 6.206896551724138078e+01 6.015394461906792993e-37
5.568079507925274146e-02 6.206896551724138078e+01 7.480894280535125833e-37
8.786849773034542677e-02 6.206896551724138078e+01 9.773134074363430365e-37
1.386631222201171465e-01 6.206896551724138078e+01 1.411797996922586273e-36
2.188208739250008805e-01 6.206896551724138078e+01 2.531792668843957463e-36
3.453158568670564588e-01 6.206896551724138078e+01 2.946312384330331563e-35
5.449344884926244914e-01 6.206896551724138078e+01 0.000000000000000000e+00
9.999999999999999547e-08 6.827586206896552312e+01 9.091531041362173926e-40
1.578075485547191318e-07 6.827586206896552312e+01 1.142393432637051593e-39
2.490322238085003244e-07 6.827586206896552312e+01 1.433966076115460670e-39
3.929916475034959908e-07 6.827586206896552312e+01 1.804836169747664629e-39
6.201704849500700412e-07 6.827586206896552312e+01 2.266708865528082090e-39
9.786758391596188787e-07 6.827586206896552312e+01 2.853808617032930102e-39
1.544424350075120399e-06 6.827586206896552312e+01 3.570913832989044456e-39
2.437218206135700938e-06 6.827586206896552312e+01 4.490399396886901343e-39
3.846114304032050578e-06 6.827586206896552312e+01 5.662704879197284931e-39
6.069458697805375515e-06 6.827586206896552312e+01 7.115441497621426347e-39
9.578063981547841780e-06 6.827586206896552312e+01 8.962277271274705286e-39
1.511490796828317329e-05 6.827586206896552312e+01 1.130274405690563109e-38
2.385246573104953216e-05 6.827586206896552312e+01 1.419936334623114497e-38
3.764099144002372579e-05 6.827586206896552312e+01 1.794059324170397272e-38
5.940032584319311263e-05 6.827586206896552312e+01 2.259310719849407992e-38
9.373819804665835351e-05 6.827586206896552312e+01 2.855067706600844713e-38
1.479259523967991520e-04 6.827586206896552312e+01 3.608985495636028846e-38
2.334383191536095023e-04 6.827586206896552312e+01 4.572366240972692564e-38
3.683832888436525143e-04 6.827586206896552312e+01 5.786204781544026776e-38
5.813366374094181130e-04 6.827586206896552312e+01 7.336550950704582066e-38
9.173930963462390009e-04 6.827586206896552312e+01 9.346052528602223042e-38
1.447715555954232330e-03 6.827586206896552312e+01 1.189955599492369932e-37
2.284604428896697213e-03 6.827586206896552312e+01 1.513119732102601592e-37
3.605278243414418785e-03 6.827586206896552312e+01 1.914444294532280815e-37
5.689401214508922090e-03 6.827586206896552312e+01 2.414566059086888874e-37
8.978304584058946491e-03 6.827586206896552312e+01 3.025847047689401742e-37
1.416844236587939607e-02 6.827586206896552312e+01 3.740694327758786677e-37
2.235887156598252365e-02 6.827586206896552312e+01 4.564781997217664704e-37
3.528398710277515921e-02 6.827586206896552312e+01 5.528252343953451225e-37
5.568079507925274146e-02 6.827586206896552312e+01 6.839746489472583131e-37
8.786849773034542677e-02 6.827586206896552312e+01 8.883045672204788984e-37
1.386631222201171465e-01 6.827586206896552312e+01 1.283814853472529585e-36
2.188208739250008805e-01 6.827586206896552312e+01 2.350772029840927398e-36
3.453158568670564588e-01 6.827586206896552312e+01 2.956211248548610167e-35
5.449344884926244914e-01 6.827586206896552312e+01 0.000000000000000000e+00
9.999999999999999547e-08 7.448275862068965125e+01 9.424986695095074489e-40
1.578075485547191318e-07 7.448275862068965125e+01 1.186243993731125503e-39
2.490322238085003244e-07 7.448275862068965125e+01 1.487871124592519839e-39
3.929916475034959908e-07 7.448275862068965125e+01 1.869971884260216627e-39
6.201704849500700412e-07 7.448275862068965125e+01 2.350735271009124124e-39
9.786758391596188787e-07 7.448275862068965125e+01 2.954486909029361810e-39
1.544424350075120399e-06 7.448275862068965125e+01 3.708157952464733009e-39
2.437218206135700938e-06 7.448275862068965125e+01 4.657740766587883946e-39
3.846114304032050578e-06 7.448275862068965125e+01 5.857267057014107013e-39
6.069458697805375515e-06 7.448275862068965125e+01 7.362830509775105183e-39
9.578063981547841780e-06 7.448275862068965125e+01 9.293818725843778908e-39
1.511490796828317329e-05 7.448275862068965125e+01 1.166116819543298533e-38
2.385246573104953216e-05 7.448275862068965125e+01 1.466984758509433993e-38
3.764099144002372579e-05 7.448275862068965125e+01 1.847731148492630383e-38
5.940032584319311263e-05 7.448275862068965125e+01 2.329154957054740318e-38
9.373819804665835351e-05 7.448275862068965125e+01 2.938188500839037557e-38
1.479259523967991520e-04 7.448275862068965125e+01 3.709679667378002358e-38
2.334383191536095023e-04 7.448275862068965125e+01 4.685232279721091763e-38
3.683832888436525143e-04 7.448275862068965125e+01 5.918959800786993126e-38
5.813366374094181130e-04 7.448275862068965125e+01 7.491688193143291147e-38
9.173930963462390009e-04 7.448275862068965125e+01 9.484862952443170991e-38
1.447715555954232330e-03 7.448275862068965125e+01 1.193827962207380250e-37
2.284604428896697213e-03 7.448275862068965125e+01 1.504485653958154080e-37
3.605278243414418785e-03 7.448275862068965125e+01 1.885087697559657424e-37
5.689401214508922090e-03 7.448275862068965125e+01 2.355147091374019277e-37
8.978304584058946491e-03 7.448275862068965125e+01 2.901205286430031024e-37
1.416844236587939607e-02 7.448275862068965125e+01 3.533034375311685056e-37
2.235887156598252365e-02 7.448275862068965125e+01 4.244165110402573464e-37
3.528398710277515921e-02 7.448275862068965125e+01 5.102884130162723140e-37
5.568079507925274146e-02 7.448275862068965125e+01 6.248755965808923966e-37
8.786849773034542677e-02 7.448275862068965125e+01 8.087109638535598862e-37
1.386631222201171465e-01 7.448275862068965125e+01 1.164254891397922918e-36
2.188208739250008805e-01 7.448275862068965125e+01 2.312087602496565570e-36
3.453158568670564588e-01 7.448275862068965125e+01 2.481721365509743974e-35
5.449344884926244914e-01 7.448275862068965125e+01 0.000000000000000000e+00
9.999999999999999547e-08 8.068965517241380780e+01 9.619760909686690643e-40
1.578075485547191318e-07 8.068965517241380780e+01 1.210718680663583324e-39
2.490322238085003244e-07 8.068965517241380780e+01 1.523613149798604862e-39
3.929916475034959908e-07 8.068965517241380780e+01 1.915254190223799761e-39
6.201704849500700412e-07 8.068965517241380780e+01 2.405520264040298809e-39
9.786758391596188787e-07 8.068965517241380780e+01 3.020917525165190479e-39
1.544424350075120399e-06 8.068965517241380780e+01 3.798159029827319050e-39
2.437218206135700938e-06 8.068965517241380780e+01 4.771416261309950580e-39
3.846114304032050578e-06 8.068965517241380780e+01 6.002471861160207026e-39
6.069458697805375515e-06 8.068965517241380780e+01 7.537024931011412984e-39
9.578063981547841780e-06 8.068965517241380780e+01 9.465187842463957386e-39
1.511490796828317329e-05 8.068965517241380780e+01 1.190715827186534476e-38
2.385246573104953216e-05 8.068965517241380780e+01 1.500258930700832517e-38
3.764099144002372579e-05 8.068965517241380780e+01 1.884331999023799519e-38
5.940032584319311263e-05 8.068965517241380780e+01 2.371757323155819533e-38
9.373819804665835351e-05 8.068965517241380780e+01 2.982643146436742864e-38
1.479259523967991520e-04 8.068965517241380780e+01 3.754846045663908845e-38
2.334383191536095023e-04 8.068965517241380780e+01 4.729241130609608167e-38
3.683832888436525143e-04 8.068965517241380780e+01 5.964286208637850276e-38
5.813366374094181130e-04 8.068965517241380780e+01 7.495038088073055812e-38
9.173930963462390009e-04 8.068965517241380780e+01 9.440983694575767188e-38
1.447715555954232330e-03 8.068965517241380780e+01 1.180579342077561819e-37
2.284604428896697213e-03 8.068965517241380780e+01 1.480797438811845466e-37
3.605278243414418785e-03 8.068965517241380780e+01 1.836909944419268030e-37
5.689401214508922090e-03 8.068965517241380780e+01 2.261608639114909188e-37
8.978304584058946491e-03 8.068965517241380780e+01 2.756739428928116113e-37
1.416844236587939607e-02 8.068965517241380780e+01 3.313132632873941445e-37
2.235887156598252365e-02 8.068965517241380780e+01 3.943623085541667174e-37
3.528398710277515921e-02 8.068965517241380780e+01 4.682646637701283469e-37
5.568079507925274146e-02 8.068965517241380780e+01 5.724530324997241670e-37
8.786849773034542677e-02 8.068965517241380780e+01 7.355672202004800376e-37
1.386631222201171465e-01 8.068965517241380780e+01 1.060905988474639035e-36
2.188208739250008805e-01 8.068965517241380780e+01 2.401667420431748626e-36
3.453158568670564588e-01 8.068965517241380780e+01 1.850138773803595693e-35
5.449344884926244914e-01 8.068965517241380780e+01 0.000000000000000000e+00
9.999999999999999547e-08 8.689655172413793593e+01 9.771405979298372661e-40
1.578075485547191318e-07 8.689655172413793593e+01 1.228298863135395944e-39
2.490322238085003244e-07 8.689655172413793593e+01 1.542567193420137950e-39
3.929916475034959908e-07 8.689655172413793593e+01 1.931025135687177497e-39
6.201704849500700412e-07 8.689655172413793593e+01 2.429766547671185208e-39
9.786758391596188787e-07 8.689655172413793593e+01 3.055328458005233822e-39
1.544424350075120399e-06 8.689655172413793593e+01 3.830963809554847462e-39
2.437218206135700938e-06 8.689655172413793593e+01 4.826153886750899856e-39
3.846114304032050578e-06 8.689655172413793593e+01 6.059308899454612399e-39
6.069458697805375515e-06 8.689655172413793593e+01 7.599147290162415108e-39
9.578063981547841780e-06 8.689655172413793593e+01 9.562428037442430732e-39
1.511490796828317329e-05 8.689655172413793593e+01 1.202073224776825770e-38
2.385246573104953216e-05 8.689655172413793593e+01 1.507353049714147285e-38
3.764099144002372579e-05 8.689655172413793593e+01 1.893795262018187787e-38
5.940032584319311263e-05 8.689655172413793593e+01 2.388279111761316399e-38
9.373819804665835351e-05 8.689655172413793593e+01 2.998588452272056902e-38
1.479259523967991520e-04 8.689655172413793593e+01 3.753907433836518818e-38
2.334383191536095023e-04 8.689655172413793593e+01 4.715483000484032344e-38
3.683832888436525143e-04 8.689655172413793593e+01 5.935221816355859383e-38
5.813366374094181130e-04 8.689655172413793593e+01 7.448175401789681100e-38
9.173930963462390009e-04 8.689655172413793593e+01 9.290534281904845137e-38
1.447715555954232330e-03 8.689655172413793593e+01 1.157453684006107418e-37
2.284604428896697213e-03 8.689655172413793593e+01 1.432891904974931427e-37
3.605278243414418785e-03 8.689655172413793593e+01 1.768695319061930601e-37
5.689401214508922090e-03 8.689655172413793593e+01 2.160803622490883790e-37
8.978304584058946491e-03 8.689655172413793593e+01 2.599703149846516570e-37
1.416844236587939607e-02 8.689655172413793593e+01 3.092835390744053751e-37
2.235887156598252365e-02 8.689655172413793593e+01 3.639417602318909487e-37
3.528398710277515921e-02 8.689655172413793593e+01 4.306021099681729936e-37
5.568079507925274146e-02 8.689655172413793593e+01 5.212142272166674076e-37
8.786849773034542677e-02 8.689655172413793593e+01 6.697390282007282458e-37
1.386631222201171465e-01 8.689655172413793593e+01 9.679508068888417156e-37
2.188208739250008805e-01 8.689655172413793593e+01 2.636202993732155550e-36
3.453158568670564588e-01 8.689655172413793593e+01 1.306333973889529018e-35
5.449344884926244914e-01 8.689655172413793593e+01 0.000000000000000000e+00
9.999999999999999547e-08 9.310344827586206407e+01 9.766826519161423619e-40
1.578075485547191318e-07 9.310344827586206407e+01 1.223663511483237758e-39
2.490322238085003244e-07 9.310344827586206407e+01 1.538667174155871760e-39
3.929916475034959908e-07 9.310344827586206407e+01 1.932709704545831305e-39
6.201704849500700412e-07 9.310344827586206407e+01 2.428546721364255293e-39
9.786758391596188787e-07 9.310344827586206407e+01 3.058433281958301619e-39
1.544424350075120399e-06 9.310344827586206407e+01 3.829419710861411798e-39
2.437218206135700938e-06 9.310344827586206407e+01 4.816686709269096238e-39
3.846114304032050578e-06 9.310344827586206407e+01 6.053579134249238516e-39
6.069458697805375515e-06 9.310344827586206407e+01 7.602129294120298023e-39
9.578063981547841780e-06 9.310344827586206407e+01 9.561603130295236214e-39
1.511490796828317329e-05 9.310344827586206407e+01 1.196958787505070535e-38
2.385246573104953216e-05 9.310344827586206407e+01 1.503853505032574258e-38
3.764099144002372579e-05 9.310344827586206407e+01 1.884291954705602987e-38
5.940032584319311263e-05 9.310344827586206407e+01 2.374347997515348934e-38
9.373819804665835351e-05 9.310344827586206407e+01 2.967099755125109324e-38
1.479259523967991520e-04 9.310344827586206407e+01 3.718041991020082228e-38
2.334383191536095023e-04 9.310344827586206407e+01 4.663466286037950167e-38
3.683832888436525143e-04 9.310344827586206407e+01 5.838613507187321417e-38
5.813366374094181130e-04 9.310344827586206407e+01 7.278729934111642274e-38
9.173930963462390009e-04 9.310344827586206407e+01 9.047962774068676665e-38
1.447715555954232330e-03 9.310344827586206407e+01 1.121156147868635352e-37
2.284604428896697213e-03 9.310344827586206407e+01 1.382850845118921926e-37
3.605278243414418785e-03 9.310344827586206407e+01 1.688149156094568350e-37
5.689401214508922090e-03 9.310344827586206407e+01 2.036475649538957683e-37
8.978304584058946491e-03 9.310344827586206407e+01 2.427273501895034108e-37
1.416844236587939607e-02 9.310344827586206407e+01 2.863584019521987531e-37
2.235887156598252365e-02 9.310344827586206407e+01 3.349872712048381206e-37
3.528398710277515921e-02 9.310344827586206407e+01 3.930557852764088559e-37
5.568079507925274146e-02 9.310344827586206407e+01 4.730454628228817451e-37
8.786849773034542677e-02 9.310344827586206407e+01 6.081537743266739051e-37
1.386631222201171465e-01 9.310344827586206407e+01 8.863140249847092467e-37
2.188208739250008805e-01 9.310344827586206407e+01 3.068426298925005868e-36
3.453158568670564588e-01 9.310344827586206407e+01 8.951840768558929820e-36
5.449344884926244914e-01 9.310344827586206407e+01 0.000000000000000000e+00
9.999999999999999547e-08 9.931034482758620641e+01 9.649869675960960945e-40
1.578075485547191318e-07 9.931034482758620641e+01 1.211449336908260116e-39
2.490322238085003244e-07 9.931034482758620641e+01 1.520895764451884018e-39
3.929916475034959908e-07 9.931034482758620641e+01 1.907830026644720438e-39
6.201704849500700412e-07 9.931034482758620641e+01 2.397780674044959980e-39
9.786758391596188787e-07 9.931034482758620641e+01 3.010806778526618065e-39
1.544424350075120399e-06 9.931034482758620641e+01 3.784228369543132124e-39
2.437218206135700938e-06 9.931034482758620641e+01 4.755201352107606219e-39
3.846114304032050578e-06 9.931034482758620641e+01 5.971865463300218304e-39
6.069458697805375515e-06 9.931034482758620641e+01 7.482429689213781006e-39
9.578063981547841780e-06 9.931034482758620641e+01 9.400053135827342585e-39
1.511490796828317329e-05 9.931034482758620641e+01 1.178377907475761593e-38
2.385246573104953216e-05 9.931034482758620641e+01 1.479430343813477035e-38
3.764099144002372579e-05 9.931034482758620641e+01 1.854451995771228854e-38
5.940032584319311263e-05 9.931034482758620641e+01 2.321070101747791618e-38
9.373819804665835351e-05 9.931034482758620641e+01 2.911953553370032165e-38
1.479259523967991520e-04 9.931034482758620641e+01 3.637956218100217273e-38
2.334383191536095023e-04 9.931034482758620641e+01 4.547859843742925367e-38
3.683832888436525143e-04 9.931034482758620641e+01 5.659383576989847824e-38
5.813366374094181130e-04 9.931034482758620641e+01 7.042572173867491465e-38
9.173930963462390009e-04 9.931034482758620641e+01 8.744423396129981565e-38
1.447715555954232330e-03 9.931034482758620641e+01 1.074068605466114623e-37
2.284604428896697213e-03 9.931034482758620641e+01 1.313774849690016713e-37
3.605278243414418785e-03 9.931034482758620641e+01 1.588988977212915966e-37
5.689401214508922090e-03 9.931034482758620641e+01 1.907751379766757674e-37
8.978304584058946491e-03 9.931034482758620641e+01 2.261341536379832413e-37
1.416844236587939607e-02 9.931034482758620641e+01 2.643580600725724665e-37
2.235887156598252365e-02 9.931034482758620641e+01 3.070854531611640237e-37
3.528398710277515921e-02 9.931034482758620641e+01 3.589434017573313523e-37
5.568079507925274146e-02 9.931034482758620641e+01 4.308108518054922857e-37
8.786849773034542677e-02 9.931034482758620641e+01 5.532004724882555328e-37
1.386631222201171465e-01 9.931034482758620641e+01 8.085172610122016015e-37
2.188208739250008805e-01 9.931034482758620641e+01 3.595793884270717976e-36
3.453158568670564588e-01 9.931034482758620641e+01 5.819583192089395279e-36
5.449344884926244914e-01 9.931034482758620641e+01 0.000000000000000000e+00
9.999999999999999547e-08 1.055172413793103630e+02 9.423065058923685647e-40
1.578075485547191318e-07 1.055172413793103630e+02 1.182516302036622279e-39
2.490322238085003244e-07 1.055172413793103630e+02 1.482423486169391736e-39
3.929916475034959908e-07 1.055172413793103630e+02 1.862691033495800965e-39
6.201704849500700412e-07 1.055172413793103630e+02 2.341541464594973852e-39
9.786758391596188787e-07 1.055172413793103630e+02 2.942108262764383141e-39
1.544424350075120399e-06 1.055172413793103630e+02 3.698741495991289442e-39
2.437218206135700938e-06 1.055172413793103630e+02 4.637509205695875923e-39
3.846114304032050578e-06 1.055172413793103630e+02 5.834668244732228568e-39
6.069458697805375515e-06 1.055172413793103630e+02 7.311265928668974979e-39
9.578063981547841780e-06 1.055172413793103630e+02 9.150368748578371491e-39
1.511490796828317329e-05 1.055172413793103630e+02 1.149928147242169220e-38
2.385246573104953216e-05 1.055172413793103630e+02 1.438395483329668272e-38
3.764099144002372579e-05 1.055172413793103630e+02 1.802540505260516882e-38
5.940032584319311263e-05 1.055172413793103630e+02 2.255950063000742159e-38
9.373819804665835351e-05 1.055172413793103630e+02 2.823345259086991142e-38
1.479259523967991520e-04 1.055172413793103630e+02 3.522896799823653198e-38
2.334383191536095023e-04 1.055172413793103630e+02 4.392316981119260721e-38
3.683832888436525143e-04 1.055172413793103630e+02 5.440288116119323606e-38
5.813366374094181130e-04 1.055172413793103630e+02 6.758337600328567593e-38
9.173930963462390009e-04 1.055172413793103630e+02 8.327924130796710366e-38
1.447715555954232330e-03 1.055172413793103630e+02 1.018480530681272414e-37
2.284604428896697213e-03 1.055172413793103630e+02 1.239432329198192535e-37
3.605278243414418785e-03 1.055172413793103630e+02 1.493796599114850545e-37
5.689401214508922090e-03 1.055172413793103630e+02 1.775595409977424637e-37
8.978304584058946491e-03 1.055172413793103630e+02 2.082297968206657613e-37
1.416844236587939607e-02 1.055172413793103630e+02 2.420673291521753210e-37
2.235887156598252365e-02 1.055172413793103630e+02 2.799194735222014667e-37
3.528398710277515921e-02 1.055172413793103630e+02 3.246278244285921248e-37
5.568079507925274146e-02 1.055172413793103630e+02 3.906937410631427812e-37
8.786849773034542677e-02 1.055172413793103630e+02 5.004087836378244974e-37
1.386631222201171465e-01 1.055172413793103630e+02 7.461116303390339943e-37
2.188208739250008805e-01 1.055172413793103630e+02 4.185309415507813203e-36
3.453158568670564588e-01 1.055172413793103630e+02 3.500637786149047935e-36
5.449344884926244914e-01 1.055172413793103630e+02 0.000000000000000000e+00
9.999999999999999547e-08 1.117241379310344911e+02 9.064663824180975163e-40
1.578075485547191318e-07 1.117241379310344911e+02 1.140584024707705186e-39
2.490322238085003244e-07 1.117241379310344911e+02 1.432897502932737257e-39
3.929916475034959908e-07 1.117241379310344911e+02 1.795455306557170636e-39
6.201704849500700412e-07 1.117241379310344911e+02 2.258034235188305875e-39
9.786758391596188787e-07 1.117241379310344911e+02 2.834949270416738709e-39
1.544424350075120399e-06 1.117241379310344911e+02 3.556700926611080575e-39
2.437218206135700938e-06 1.117241379310344911e+02 4.465458882818350588e-39
3.846114304032050578e-06 1.117241379310344911e+02 5.594699268776792810e-39
6.069458697805375515e-06 1.117241379310344911e+02 7.009028420546184678e-39
9.578063981547841780e-06 1.117241379310344911e+02 8.808024963694027664e-39
1.511490796828317329e-05 1.117241379310344911e+02 1.105134696417094421e-38
2.385246573104953216e-05 1.117241379310344911e+02 1.385939808477030453e-38
3.764099144002372579e-05 1.117241379310344911e+02 1.728029799314867207e-38
5.940032584319311263e-05 1.117241379310344911e+02 2.161627589932859416e-38
9.373819804665835351e-05 1.117241379310344911e+02 2.700700366635822798e-38
1.479259523967991520e-04 1.117241379310344911e+02 3.358796564725115661e-38
2.334383191536095023e-04 1.117241379310344911e+02 4.174123646820506140e-38
3.683832888436525143e-04 1.117241379310344911e+02 5.178726013188342228e-38
5.813366374094181130e-04 1.117241379310344911e+02 6.397255720988293608e-38
9.173930963462390009e-04 1.117241379310344911e+02 7.853057743007627935e-38
1.447715555954232330e-03 1.117241379310344911e+02 9.557811690639721240e-38
2.284604428896697213e-03 1.117241379310344911e+02 1.156700265858850883e-37
3.605278243414418785e-03 1.117241379310344911e+02 1.381629906512056993e-37
5.689401214508922090e-03 1.117241379310344911e+02 1.635336712321638314e-37
8.978304584058946491e-03 1.117241379310344911e+02 1.909718245581369228e-37
1.416844236587939607e-02 1.117241379310344911e+02 2.196344789529997743e-37
2.235887156598252365e-02 1.117241379310344911e+02 2.532077325210457641e-37
3.528398710277515921e-02 1.117241379310344911e+02 2.938463514973312550e-37
5.568079507925274146e-02 1.117241379310344911e+02 3.517380401331935530e-37
8.786849773034542677e-02 1.117241379310344911e+02 4.503621841616527475e-37
1.386631222201171465e-01 1.117241379310344911e+02 6.871374327779875750e-37
2.188208739250008805e-01 1.117241379310344911e+02 4.572906537836252800e-36
3.453158568670564588e-01 1.117241379310344911e+02 1.948919504664620800e-36
5.449344884926244914e-01 1.117241379310344911e+02 0.000000000000000000e+00
9.999999999999999547e-08 1.179310344827586192e+02 8.618293211913879978e-40
1.578075485547191318e-07 1.179310344827586192e+02 1.082636359158478359e-39
2.490322238085003244e-07 1.179310344827586192e+02 1.359793666357345036e-39
3.929916475034959908e-07 1.179310344827586192e+02 1.706661909265130043e-39
6.201704849500700412e-07 1.179310344827586192e+02 2.144991608067718204e-39
9.786758391596188787e-07 1.179310344827586192e+02 2.688704919101570675e-39
1.544424350075120399e-06 1.179310344827586192e+02 3.377547947314584592e-39
2.437218206135700938e-06 1.179310344827586192e+02 4.237088692912741599e-39
3.846114304032050578e-06 1.179310344827586192e+02 5.313206474694080161e-39
6.069458697805375515e-06 1.179310344827586192e+02 6.665863293791437228e-39
9.578063981547841780e-06 1.179310344827586192e+02 8.350030619738868225e-39
1.511490796828317329e-05 1.179310344827586192e+02 1.045145253249328458e-38
2.385246573104953216e-05 1.179310344827586192e+02 1.306603997219581961e-38
3.764099144002372579e-05 1.179310344827586192e+02 1.637895163444873208e-38
5.940032584319311263e-05 1.179310344827586192e+02 2.043236527168897246e-38
9.373819804665835351e-05 1.179310344827586192e+02 2.543793436317402663e-38
1.479259523967991520e-04 1.179310344827586192e+02 3.162642605191220462e-38
2.334383191536095023e-04 1.179310344827586192e+02 3.922743309139128897e-38
3.683832888436525143e-04 1.179310344827586192e+02 4.851537144912464568e-38
5.813366374094181130e-04 1.179310344827586192e+02 5.979326635585912169e-38
9.173930963462390009e-04 1.179310344827586192e+02 7.300911019121105496e-38
1.447715555954232330e-03 1.179310344827586192e+02 8.845131790482784264e-38
2.284604428896697213e-03 1.179310344827586192e+02 1.065912158058940007e-37
3.605278243414418785e-03 1.179310344827586192e+02 1.267966626792567569e-37
5.689401214508922090e-03 1.179310344827586192e+02 1.490383268986671904e-37
8.978304584058946491e-03 1.179310344827586192e+02 1.726450730574689665e-37
1.416844236587939607e-02 1.179310344827586192e+02 1.992498673509505573e-37
2.235887156598252365e-02 1.179310344827586192e+02 2.277518242450406407e-37
3.528398710277515921e-02 1.179310344827586192e+02 2.634699484840574029e-37
5.568079507925274146e-02 1.179310344827586192e+02 3.154478017298527962e-37
8.786849773034542677e-02 1.179310344827586192e+02 4.044557417571922823e-37
1.386631222201171465e-01 1.179310344827586192e+02 6.341222632666277263e-37
2.188208739250008805e-01 1.179310344827586192e+02 4.611548485716133847e-36
3.453158568670564588e-01 1.179310344827586192e+02 1.004252575766596867e-36
5.449344884926244914e-01 1.179310344827586192e+02 0.000000000000000000e+00
9.999999999999999547e-08 1.241379310344827616e+02 8.070015453028343582e-40
1.578075485547191318e-07 1.241379310344827616e+02 1.017622007627411230e-39
2.490322238085003244e-07 1.241379310344827616e+02 1.273142577365046379e-39
3.929916475034959908e-07 1.241379310344827616e+02 1.599908360084434358e-39
6.201704849500700412e-07 1.241379310344827616e+02 2.009958495603182854e-39
9.786758391596188787e-07 1.241379310344827616e+02 2.513391937752909496e-39
1.544424350075120399e-06 1.241379310344827616e+02 3.161293060554284263e-39
2.437218206135700938e-06 1.241379310344827616e+02 3.974802388264214392e-39
3.846114304032050578e-06 1.241379310344827616e+02 4.973066208688833364e-39
6.069458697805375515e-06 1.241379310344827616e+02 6.235129726820241604e-39
9.578063981547841780e-06 1.241379310344827616e+02 7.814744342311760296e-39
1.511490796828317329e-05 1.241379310344827616e+02 9.778705100663695376e-39
2.385246573104953216e-05 1.241379310344827616e+02 1.223667530033856490e-38
3.764099144002372579e-05 1.241379310344827616e+02 1.527089812374542471e-38
5.940032584319311263e-05 1.241379310344827616e+02 1.903551402244580790e-38
9.373819804665835351e-05 1.241379310344827616e+02 2.366281174316265544e-38
1.479259523967991520e-04 1.241379310344827616e+02 2.947377700168217970e-38
2.334383191536095023e-04 1.241379310344827616e+02 3.648005021855889444e-38
3.683832888436525143e-04 1.241379310344827616e+02 4.498550981571695293e-38
5.813366374094181130e-04 1.241379310344827616e+02 5.510213052488169402e-38
9.173930963462390009e-04 1.241379310344827616e+02 6.722030957881789782e-38
1.447715555954232330e-03 1.241379310344827616e+02 8.101295136764556198e-38
2.284604428896697213e-03 1.241379310344827616e+02 9.690325055163949058e-38
3.605278243414418785e-03 1.241379310344827616e+02 1.152774699375679770e-37
5.689401214508922090e-03 1.241379310344827616e+02 1.342741440763101540e-37
8.978304584058946491e-03 1.241379310344827616e+02 1.552817170777062642e-37
1.416844236587939607e-02 1.241379310344827616e+02 1.776836173683286853e-37
2.235887156598252365e-02 1.241379310344827616e+02 2.027344904954484680e-37
3.528398710277515921e-02 1.241379310344827616e+02 2.340296726520936550e-37
5.568079507925274146e-02 1.241379310344827616e+02 2.795378296093058332e-37
8.786849773034542677e-02 1.241379310344827616e+02 3.585382924897282606e-37
1.386631222201171465e-01 1.241379310344827616e+02 5.925374412677103748e-37
2.188208739250008805e-01 1.241379310344827616e+02 4.435752424006261602e-36
3.453158568670564588e-01 1.241379310344827616e+02 4.958962260735054452e-37
5.449344884926244914e-01 1.241379310344827616e+02 0.000000000000000000e+00
9.999999999999999547e-08 1.303448275862068897e+02 7.424969432786446605e-40
1.578075485547191318e-07 1.303448275862068897e+02 9.353375170764770481e-40
2.490322238085003244e-07 1.303448275862068897e+02 1.172687043484082573e-39
3.929916475034959908e-07 1.303448275862068897e+02 1.468157092517847642e-39
6.201704849500700412e-07 1.303448275862068897e+02 1.850087455738675680e-39
9.786758391596188787e-07 1.303448275862068897e+02 2.316518116127128679e-39
1.544424350075120399e-06 1.303448275862068897e+02 2.904027325606606395e-39
2.437218206135700938e-06 1.303448275862068897e+02 3.648203154063858832e-39
3.846114304032050578e-06 1.303448275862068897e+02 4.577668824855606149e-39
6.069458697805375515e-06 1.303448275862068897e+02 5.739895866410945719e-39
9.578063981547841780e-06 1.303448275862068897e+02 7.157200266504668609e-39
1.511490796828317329e-05 1.303448275862068897e+02 8.988140008023353666e-39
2.385246573104953216e-05 1.303448275862068897e+02 1.122279385452690312e-38
3.764099144002372579e-05 1.303448275862068897e+02 1.399852202641431227e-38
5.940032584319311263e-05 1.303448275862068897e+02 1.746299030690540428e-38
9.373819804665835351e-05 1.303448275862068897e+02 2.164930829519302690e-38
1.479259523967991520e-04 1.303448275862068897e+02 2.684302493182451662e-38
2.334383191536095023e-04 1.303448275862068897e+02 3.321276514689253889e-38
3.683832888436525143e-04 1.303448275862068897e+02 4.090413575593665518e-38
5.813366374094181130e-04 1.303448275862068897e+02 4.988444374124448020e-38
9.173930963462390009e-04 1.303448275862068897e+02 6.073255906018066308e-38
1.447715555954232330e-03 1.303448275862068897e+02 7.318763903595210645e-38
2.284604428896697213e-03 1.303448275862068897e+02 8.729984249038786439e-38
3.605278243414418785e-03 1.303448275862068897e+02 1.029041883083579153e-37
5.689401214508922090e-03 1.303448275862068897e+02 1.199218342400562339e-37
8.978304584058946491e-03 1.303448275862068897e+02 1.375129614057434417e-37
1.416844236587939607e-02 1.303448275862068897e+02 1.572210265909458091e-37
2.235887156598252365e-02 1.303448275862068897e+02 1.788604178256519644e-37
3.528398710277515921e-02 1.303448275862068897e+02 2.062276509891248458e-37
5.568079507925274146e-02 1.303448275862068897e+02 2.466244890041142768e-37
8.786849773034542677e-02 1.303448275862068897e+02 3.154090513383849617e-37
1.386631222201171465e-01 1.303448275862068897e+02 5.513866474161765387e-37
2.188208739250008805e-01 1.303448275862068897e+02 4.013316750797864443e-36
3.453158568670564588e-01 1.303448275862068897e+02 2.396281405635179068e-37
5.449344884926244914e-01 1.303448275862068897e+02 0.000000000000000000e+00
9.999999999999999547e-08 1.365517241379310462e+02 6.721195858701828679e-40
1.578075485547191318e-07 1.365517241379310462e+02 8.428254730362603948e-40
2.490322238085003244e-07 1.365517241379310462e+02 1.058759276141856758e-39
3.929916475034959908e-07 1.365517241379310462e+02 1.327115975307600121e-39
6.201704849500700412e-07 1.365517241379310462e+02 1.667046271411682351e-39
9.786758391596188787e-07 1.365517241379310462e+02 2.098880169684054706e-39
1.544424350075120399e-06 1.365517241379310462e+02 2.627289768231862562e-39
2.437218206135700938e-06 1.365517241379310462e+02 3.287049734149402000e-39
3.846114304032050578e-06 1.365517241379310462e+02 4.122852257359464267e-39
6.069458697805375515e-06 1.365517241379310462e+02 5.155044611293413165e-39
9.578063981547841780e-06 1.365517241379310462e+02 6.459797475859721809e-39
1.511490796828317329e-05 1.365517241379310462e+02 8.087576397251143521e-39
2.385246573104953216e-05 1.365517241379310462e+02 1.009920840531220858e-38
3.764099144002372579e-05 1.365517241379310462e+02 1.256169927284889622e-38
5.940032584319311263e-05 1.365517241379310462e+02 1.567003214188752664e-38
9.373819804665835351e-05 1.365517241379310462e+02 1.944778799003997432e-38
1.479259523967991520e-04 1.365517241379310462e+02 2.409678432261047294e-38
2.334383191536095023e-04 1.365517241379310462e+02 2.971805696536405814e-38
3.683832888436525143e-04 1.365517241379310462e+02 3.643889376140123963e-38
5.813366374094181130e-04 1.365517241379310462e+02 4.468419096277300546e-38
9.173930963462390009e-04 1.365517241379310462e+02 5.399867265062496364e-38
1.447715555954232330e-03 1.365517241379310462e+02 6.461263335036281585e-38
2.284604428896697213e-03 1.365517241379310462e+02 7.695446250969853544e-38
3.605278243414418785e-03 1.365517241379310462e+02 9.051587283437861503e-38
5.689401214508922090e-03 1.365517241379310462e+02 1.049215303091394471e-37
8.978304584058946491e-03 1.365517241379310462e+02 1.206091907681493191e-37
1.416844236587939607e-02 1.365517241379310462e+02 1.366254915086579300e-37
2.235887156598252365e-02 1.365517241379310462e+02 1.553657785695011154e-37
3.528398710277515921e-02 1.365517241379310462e+02 1.787112092721389186e-37
5.568079507925274146e-02 1.365517241379310462e+02 2.131554897294025067e-37
8.786849773034542677e-02 1.365517241379310462e+02 2.746050993238486972e-37
1.386631222201171465e-01 1.365517241379310462e+02 5.071264552632230203e-37
2.188208739250008805e-01 1.365517241379310462e+02 3.462443047625455368e-36
3.453158568670564588e-01 1.365517241379310462e+02 1.144593935231554504e-37
5.449344884926244914e-01 1.365517241379310462e+02 0.000000000000000000e+00
9.999999999999999547e-08 1.427586206896551744e+02 5.892616248536334562e-40
1.578075485547191318e-07 1.427586206896551744e+02 7.401507097598879452e-40
2.490322238085003244e-07 1.427586206896551744e+02 9.280775233540754793e-40
3.929916475034959908e-07 1.427586206896551744e+02 1.168986987756851770e-39
6.201704849500700412e-07 1.427586206896551744e+02 1.465312578392437223e-39
9.786758391596188787e-07 1.427586206896551744e+02 1.842226838729491706e-39
1.544424350075120399e-06 1.427586206896551744e+02 2.303822896208233939e-39
2.437218206135700938e-06 1.427586206896551744e+02 2.888762508625259836e-39
3.846114304032050578e-06 1.427586206896551744e+02 3.631481782878677340e-39
6.069458697805375515e-06 1.427586206896551744e+02 4.534214685930396915e-39
9.578063981547841780e-06 1.427586206896551744e+02 5.656999023989786341e-39
1.511490796828317329e-05 1.427586206896551744e+02 7.079344651479625410e-39
2.385246573104953216e-05 1.427586206896551744e+02 8.869560567308190878e-39
3.764099144002372579e-05 1.427586206896551744e+02 1.103768525860725788e-38
5.940032584319311263e-05 1.427586206896551744e+02 1.369612820740175151e-38
9.373819804665835351e-05 1.427586206896551744e+02 1.699646645569551026e-38
1.479259523967991520e-04 1.427586206896551744e+02 2.107030547033442541e-38
2.334383191536095023e-04 1.427586206896551744e+02 2.588271211928086391e-38
3.683832888436525143e-04 1.427586206896551744e+02 3.179467215184395749e-38
5.813366374094181130e-04 1.427586206896551744e+02 3.860712399623520306e-38
9.173930963462390009e-04 1.427586206896551744e+02 4.667840030563632782e-38
1.447715555954232330e-03 1.427586206896551744e+02 5.590125418633547138e-38
2.284604428896697213e-03 1.427586206896551744e+02 6.631969694124485173e-38
3.605278243414418785e-03 1.427586206896551744e+02 7.786750209051665202e-38
5.689401214508922090e-03 1.427586206896551744e+02 8.994117231916652559e-38
8.978304584058946491e-03 1.427586206896551744e+02 1.028944094989884207e-37
1.416844236587939607e-02 1.427586206896551744e+02 1.164812293088169388e-37
2.235887156598252365e-02 1.427586206896551744e+02 1.320457393432587853e-37
3.528398710277515921e-02 1.427586206896551744e+02 1.519413310172531676e-37
5.568079507925274146e-02 1.427586206896551744e+02 1.815136912568799444e-37
8.786849773034542677e-02 1.427586206896551744e+02 2.336822548938362660e-37
1.386631222201171465e-01 1.427586206896551744e+02 4.627723772106821235e-37
2.188208739250008805e-01 1.427586206896551744e+02 2.892727331461070803e-36
3.453158568670564588e-01 1.427586206896551744e+02 5.463448302299250402e-38
5.449344884926244914e-01 1.427586206896551744e+02 0.000000000000000000e+00
9.999999999999999547e-08 1.489655172413793025e+02 5.022568335852284299e-40
1.578075485547191318e-07 1.489655172413793025e+02 6.314768103395234942e-40
2.490322238085003244e-07 1.489655172413793025e+02 7.937753127618003056e-40
3.929916475034959908e-07 1.489655172413793025e+02 9.968676378572420962e-40
6.201704849500700412e-07 1.489655172413793025e+02 1.249256415147941989e-39
9.786758391596188787e-07 1.489655172413793025e+02 1.561476760340852392e-39
1.544424350075120399e-06 1.489655172413793025e+02 1.959221669203658358e-39
2.437218206135700938e-06 1.489655172413793025e+02 2.470141391663921313e-39
3.846114304032050578e-06 1.489655172413793025e+02 3.085425601605916157e-39
6.069458697805375515e-06 1.489655172413793025e+02 3.859350310660587349e-39
9.578063981547841780e-06 1.489655172413793025e+02 4.834923061609078477e-39
1.511490796828317329e-05 1.489655172413793025e+02 6.032175551657601821e-39
2.385246573104953216e-05 1.489655172413793025e+02 7.532334836871546907e-39
3.764099144002372579e-05 1.489655172413793025e+02 9.381806530202233577e-39
5.940032584319311263e-05 1.489655172413793025e+02 1.166226121424671419e-38
9.373819804665835351e-05 1.489655172413793025e+02 1.444723857824299383e-38
1.479259523967991520e-04 1.489655172413793025e+02 1.788657278808317570e-38
2.334383191536095023e-04 1.489655172413793025e+02 2.198222686551332259e-38
3.683832888436525143e-04 1.489655172413793025e+02 2.684342600681073728e-38
5.813366374094181130e-04 1.489655172413793025e+02 3.258817483832651056e-38
9.173930963462390009e-04 1.489655172413793025e+02 3.936078337809715010e-38
1.447715555954232330e-03 1.489655172413793025e+02 4.707980608110186113e-38
2.284604428896697213e-03 1.489655172413793025e+02 5.560694388451992679e-38
3.605278243414418785e-03 1.489655172413793025e+02 6.491645368042972186e-38
5.689401214508922090e-03 1.489655172413793025e+02 7.511481617903926140e-38
8.978304584058946491e-03 1.489655172413793025e+02 8.545523062698724977e-38
1.416844236587939607e-02 1.489655172413793025e+02 9.684569020018098576e-38
2.235887156598252365e-02 1.489655172413793025e+02 1.094098626215775316e-37
3.528398710277515921e-02 1.489655172413793025e+02 1.255550295458821856e-37
5.568079507925274146e-02 1.489655172413793025e+02 1.500205806405855815e-37
8.786849773034542677e-02 1.489655172413793025e+02 1.941965830166367508e-37
1.386631222201171465e-01 1.489655172413793025e+02 4.043912376056110342e-37
2.188208739250008805e-01 1.489655172413793025e+02 2.314046245330324661e-36
3.453158568670564588e-01 1.489655172413793025e+02 2.752638433037370830e-38
5.449344884926244914e-01 1.489655172413793025e+02 0.000000000000000000e+00
9.999999999999999547e-08 1.551724137931034591e+02 4.093088852560674478e-40
1.578075485547191318e-07 1.551724137931034591e+02 5.147229910122655052e-40
2.490322238085003244e-07 1.551724137931034591e+02 6.447903380878855480e-40
3.929916475034959908e-07 1.551724137931034591e+02 8.104775661593297397e-40
6.201704849500700412e-07 1.551724137931034591e+02 1.016010438210018139e-39
9.786758391596188787e-07 1.551724137931034591e+02 1.275811212434000484e-39
1.544424350075120399e-06 1.551724137931034591e+02 1.597688296037188144e-39
2.437218206135700938e-06 1.551724137931034591e+02 2.010880919101756157e-39
3.846114304032050578e-06 1.551724137931034591e+02 2.506949657393131939e-39
6.069458697805375515e-06 1.551724137931034591e+02 3.147081155606081889e-39
9.578063981547841780e-06 1.551724137931034591e+02 3.934855587085225310e-39
1.511490796828317329e-05 1.551724137931034591e+02 4.904722789922841918e-39
2.385246573104953216e-05 1.551724137931034591e+02 6.134905699110240483e-39
3.764099144002372579e-05 1.551724137931034591e+02 7.594805286002053044e-39
5.940032584319311263e-05 1.551724137931034591e+02 9.464445895689336720e-39
9.373819804665835351e-05 1.551724137931034591e+02 1.171509181635107566e-38
1.479259523967991520e-04 1.551724137931034591e+02 1.444747316680449586e-38
2.334383191536095023e-04 1.551724137931034591e+02 1.782312650623970973e-38
3.683832888436525143e-04 1.551724137931034591e+02 2.172315520884005048e-38
5.813366374094181130e-04 1.551724137931034591e+02 2.638175241654574376e-38
9.173930963462390009e-04 1.551724137931034591e+02 3.176296614711040628e-38
1.447715555954232330e-03 1.551724137931034591e+02 3.790125617344104542e-38
2.284604428896697213e-03 1.551724137931034591e+02 4.473214410892799780e-38
3.605278243414418785e-03 1.551724137931034591e+02 5.224035442426809487e-38
5.689401214508922090e-03 1.551724137931034591e+02 6.011189743929667146e-38
8.978304584058946491e-03 1.551724137931034591e+02 6.822260487954993888e-38
1.416844236587939607e-02 1.551724137931034591e+02 7.700946944997847264e-38
2.235887156598252365e-02 1.551724137931034591e+02 8.718691468925785061e-38
3.528398710277515921e-02 1.551724137931034591e+02 1.000542740591490027e-37
5.568079507925274146e-02 1.551724137931034591e+02 1.193582922935784026e-37
8.786849773034542677e-02 1.551724137931034591e+02 1.547424736410955168e-37
1.386631222201171465e-01 1.551724137931034591e+02 3.389491964103780708e-37
2.188208739250008805e-01 1.551724137931034591e+02 1.781093690231123399e-36
3.453158568670564588e-01 1.551724137931034591e+02 1.423670021682356081e-38
5.449344884926244914e-01 1.551724137931034591e+02 0.000000000000000000e+00
9.999999999999999547e-08 1.613793103448276156e+02 3.108026115714494471e-40
1.578075485547191318e-07 1.613793103448276156e+02 3.913731589726229103e-40
2.490322238085003244e-07 1.613793103448276156e+02 4.917131534002218427e-40
3.929916475034959908e-07 1.613793103448276156e+02 6.150949150626175990e-40
6.201704849500700412e-07 1.613793103448276156e+02 7.733752379894288293e-40
9.786758391596188787e-07 1.613793103448276156e+02 9.685375795200851619e-40
1.544424350075120399e-06 1.613793103448276156e+02 1.215061562515566591e-39
2.437218206135700938e-06 1.613793103448276156e+02 1.524820940188347652e-39
3.846114304032050578e-06 1.613793103448276156e+02 1.905142256865774334e-39
6.069458697805375515e-06 1.613793103448276156e+02 2.388396198505815125e-39
9.578063981547841780e-06 1.613793103448276156e+02 2.991564313715913191e-39
1.511490796828317329e-05 1.613793103448276156e+02 3.720130921387640765e-39
2.385246573104953216e-05 1.613793103448276156e+02 4.654560394945669475e-39
3.764099144002372579e-05 1.613793103448276156e+02 5.781741205834734572e-39
5.940032584319311263e-05 1.613793103448276156e+02 7.169381816610933930e-39
9.373819804665835351e-05 1.613793103448276156e+02 8.875571230174718655e-39
1.479259523967991520e-04 1.613793103448276156e+02 1.094799294960398572e-38
2.334383191536095023e-04 1.613793103448276156e+02 1.346348380237287697e-38
3.683832888436525143e-04 1.613793103448276156e+02 1.646411652917408747e-38
5.813366374094181130e-04 1.613793103448276156e+02 1.993529514443988923e-38
9.173930963462390009e-04 1.613793103448276156e+02 2.396276620093179242e-38
1.447715555954232330e-03 1.613793103448276156e+02 2.856871863778318652e-38
2.284604428896697213e-03 1.613793103448276156e+02 3.366682431368389361e-38
3.605278243414418785e-03 1.613793103448276156e+02 3.919484454504390192e-38
5.689401214508922090e-03 1.613793103448276156e+02 4.510504530581679332e-38
8.978304584058946491e-03 1.613793103448276156e+02 5.121319121670048601e-38
1.416844236587939607e-02 1.613793103448276156e+02 5.768751524179423014e-38
2.235887156598252365e-02 1.613793103448276156e+02 6.523399086561973428e-38
3.528398710277515921e-02 1.613793103448276156e+02 7.483064637300946210e-38
5.568079507925274146e-02 1.613793103448276156e+02 8.902862637419976070e-38
8.786849773034542677e-02 1.613793103448276156e+02 1.157209592366972048e-37
1.386631222201171465e-01 1.613793103448276156e+02 2.647370117219541997e-37
2.188208739250008805e-01 1.613793103448276156e+02 1.290660890130889675e-36
3.453158568670564588e-01 1.613793103448276156e+02 7.877380321384247648e-39
5.449344884926244914e-01 1.613793103448276156e+02 0.000000000000000000e+00
9.999999999999999547e-08 1.675862068965517437e+02 2.095073182239930107e-40
1.578075485547191318e-07 1.675862068965517437e+02 2.633920523104966143e-40
2.490322238085003244e-07 1.675862068965517437e+02 3.304591691962151402e-40
3.929916475034959908e-07 1.675862068965517437e+02 4.147752838075234810e-40
6.201704849500700412e-07 1.675862068965517437e+02 5.207348802066869924e-40
9.786758391596188787e-07 1.675862068965517437e+02 6.524266982932823844e-40
1.544424350075120399e-06 1.675862068965517437e+02 8.173352256268566593e-40
2.437218206135700938e-06 1.675862068965517437e+02 1.025963277184282591e-39
3.846114304032050578e-06 1.675862068965517437e+02 1.283913736717327837e-39
6.069458697805375515e-06 1.675862068965517437e+02 1.607623170241722862e-39
9.578063981547841780e-06 1.675862068965517437e+02 2.004697323394334918e-39
1.511490796828317329e-05 1.675862068965517437e+02 2.507922368995873856e-39
2.385246573104953216e-05 1.675862068965517437e+02 3.122729071071789670e-39
3.764099144002372579e-05 1.675862068965517437e+02 3.894479108720981942e-39
5.940032584319311263e-05 1.675862068965517437e+02 4.827043856811045927e-39
9.373819804665835351e-05 1.675862068965517437e+02 5.981421242431758065e-39
1.479259523967991520e-04 1.675862068965517437e+02 7.359741694641612899e-39
2.334383191536095023e-04 1.675862068965517437e+02 9.034306281119321788e-39
3.683832888436525143e-04 1.675862068965517437e+02 1.099996763359812361e-38
5.813366374094181130e-04 1.675862068965517437e+02 1.337430249978782482e-38
9.173930963462390009e-04 1.675862068965517437e+02 1.606775387996193903e-38
1.447715555954232330e-03 1.675862068965517437e+02 1.910722310205804867e-38
2.284604428896697213e-03 1.675862068965517437e+02 2.249402842656860940e-38
3.605278243414418785e-03 1.675862068965517437e+02 2.611806618485343030e-38
5.689401214508922090e-03 1.675862068965517437e+02 3.001329465054217552e-38
8.978304584058946491e-03 1.675862068965517437e+02 3.409154371871308423e-38
1.416844236587939607e-02 1.675862068965517437e+02 3.837842785448834841e-38
2.235887156598252365e-02 1.675862068965517437e+02 4.334683672793632341e-38
3.528398710277515921e-02 1.675862068965517437e+02 4.980283703053849951e-38
5.568079507925274146e-02 1.675862068965517437e+02 5.936084120241282071e-38
8.786849773034542677e-02 1.675862068965517437e+02 7.703513741885014870e-38
1.386631222201171465e-01 1.675862068965517437e+02 1.820138709424083395e-37
2.188208739250008805e-01 1.675862068965517437e+02 8.323770391840125628e-37
3.453158568670564588e-01 1.675862068965517437e+02 4.059120171846248289e-39
5.449344884926244914e-01 1.675862068965517437e+02 0.000000000000000000e+00
9.999999999999999547e-08 1.737931034482758719e+02 1.055084651817551264e-40
1.578075485547191318e-07 1.737931034482758719e+02 1.321929144639286173e-40
2.490322238085003244e-07 1.737931034482758719e+02 1.660390522048209009e-40
3.929916475034959908e-07 1.737931034482758719e+02 2.086668332087610196e-40
6.201704849500700412e-07 1.737931034482758719e+02 2.617416711369181966e-40
9.786758391596188787e-07 1.737931034482758719e+02 3.279271544756296848e-40
1.544424350075120399e-06 1.737931034482758719e+02 4.110448889850019957e-40
2.437218206135700938e-06 1.737931034482758719e+02 5.157926363212389205e-40
3.846114304032050578e-06 1.737931034482758719e+02 6.448142491032235082e-40
6.069458697805375515e-06 1.737931034482758719e+02 8.070927883511087392e-40
9.578063981547841780e-06 1.737931034482758719e+02 1.010996337308834051e-39
1.511490796828317329e-05 1.737931034482758719e+02 1.259676011270739866e-39
2.385246573104953216e-05 1.737931034482758719e+02 1.570864722838682609e-39
3.764099144002372579e-05 1.737931034482758719e+02 1.953513814022144987e-39
5.940032584319311263e-05 1.737931034482758719e+02 2.422288015278733076e-39
9.373819804665835351e-05 1.737931034482758719e+02 2.995166442783728916e-39
1.479259523967991520e-04 1.737931034482758719e+02 3.695888367450535902e-39
2.334383191536095023e-04 1.737931034482758719e+02 4.532588431936056517e-39
3.683832888436525143e-04 1.737931034482758719e+02 5.535822365453697889e-39
5.813366374094181130e-04 1.737931034482758719e+02 6.709258929499502129e-39
9.173930963462390009e-04 1.737931034482758719e+02 8.044025882768035731e-39
1.447715555954232330e-03 1.737931034482758719e+02 9.582682934098779572e-39
2.284604428896697213e-03 1.737931034482758719e+02 1.124320025181468924e-38
3.605278243414418785e-03 1.737931034482758719e+02 1.306297016777265379e-38
5.689401214508922090e-03 1.737931034482758719e+02 1.497289421688561764e-38
8.978304584058946491e-03 1.737931034482758719e+02 1.700982848686377451e-38
1.416844236587939607e-02 1.737931034482758719e+02 1.914805810489474823e-38
2.235887156598252365e-02 1.737931034482758719e+02 2.164599337763719659e-38
3.528398710277515921e-02 1.737931034482758719e+02 2.481475587757223448e-38
5.568079507925274146e-02 1.737931034482758719e+02 2.953618375473114889e-38
8.786849773034542677e-02 1.737931034482758719e+02 3.855567127159443597e-38
1.386631222201171465e-01 1.737931034482758719e+02 9.254782574978656631e-38
2.188208739250008805e-01 1.737931034482758719e+02 4.096862263118643707e-37
3.453158568670564588e-01 1.737931034482758719e+02 1.792597339442458956e-39
5.449344884926244914e-01 1.737931034482758719e+02 0.000000000000000000e+00
9.999999999999999547e-08 1.800000000000000000e+02 1.194718024672321164e-55
1.578075485547191318e-07 1.800000000000000000e+02 1.496233482908886846e-55
2.490322238085003244e-07 1.800000000000000000e+02 1.883630318737347375e-55
3.929916475034959908e-07 1.800000000000000000e+02 2.363455676514460392e-55
6.201704849500700412e-07 1.800000000000000000e+02 2.964616368500696513e-55
9.786758391596188787e-07 1.800000000000000000e+02 3.721524791784620777e-55
1.544424350075120399e-06 1.800000000000000000e+02 4.655112343575149082e-55
2.437218206135700938e-06 1.800000000000000000e+02 5.852111652359372647e-55
3.846114304032050578e-06 1.800000000000000000e+02 7.296001403015335548e-55
6.069458697805375515e-06 1.800000000000000000e+02 9.148793036211634708e-55
9.578063981547841780e-06 1.800000000000000000e+02 1.139606781095219367e-54
1.511490796828317329e-05 1.800000000000000000e+02 1.426704267805951510e-54
2.385246573104953216e-05 1.800000000000000000e+02 1.774905528473314885e-54
3.764099144002372579e-05 1.800000000000000000e+02 2.210399930988734407e-54
5.940032584319311263e-05 1.800000000000000000e+02 2.742126872514185817e-54
9.373819804665835351e-05 1.800000000000000000e+02 3.387111637441067469e-54
1.479259523967991520e-04 1.800000000000000000e+02 4.187668186476042534e-54
2.334383191536095023e-04 1.800000000000000000e+02 5.137799916680822833e-54
3.683832888436525143e-04 1.800000000000000000e+02 6.263440347642128614e-54
5.813366374094181130e-04 1.800000000000000000e+02 7.592073717842488419e-54
9.173930963462390009e-04 1.800000000000000000e+02 9.108954229320748011e-54
1.447715555954232330e-03 1.800000000000000000e+02 1.080373952407516930e-53
2.284604428896697213e-03 1.800000000000000000e+02 1.272478825510911861e-53
3.605278243414418785e-03 1.800000000000000000e+02 1.478676834718575101e-53
5.689401214508922090e-03 1.800000000000000000e+02 1.691817431912387700e-53
8.978304584058946491e-03 1.800000000000000000e+02 1.925829174528196026e-53
1.416844236587939607e-02 1.800000000000000000e+02 2.162293323457890117e-53
2.235887156598252365e-02 1.800000000000000000e+02 2.442927821694494150e-53
3.528398710277515921e-02 1.800000000000000000e+02 2.803725811240229532e-53
5.568079507925274146e-02 1.800000000000000000e+02 3.340976042820312325e-53
8.786849773034542677e-02 1.800000000000000000e+02 4.343019817734190749e-53
1.386631222201171465e-01 1.800000000000000000e+02 1.047779966176781853e-52
2.188208739250008805e-01 1.800000000000000000e+02 4.592023721969048304e-52
3.453158568670564588e-01 1.800000000000000000e+02 1.941176760274197702e-54
5.449344884926244914e-01 1.800000000000000000e+02 0.000000000000000000e+00
