# atom 16: Tchi 0.3562247890262442 [GeV]; m_chi = 0.03 [GeV]; mS = 0.2 [GeV]; gchi =0.01; gN = 0.01
# Tchi^prime [GeV], theta [degree] ,dsigma/dTchip dtheta [cm^2/GeV]
9.999999999999999547e-08 0.000000000000000000e+00 0.000000000000000000e+00
1.556118194739193901e-07 0.000000000000000000e+00 0.000000000000000000e+00
2.421503835998362755e-07 0.000000000000000000e+00 0.000000000000000000e+00
3.768146177827805384e-07 0.000000000000000000e+00 0.000000000000000000e+00
5.863680827754797925e-07 0.000000000000000000e+00 0.000000000000000000e+00
9.124580424212617751e-07 0.000000000000000000e+00 0.000000000000000000e+00
1.419892561747829683e-06 0.000000000000000000e+00 0.000000000000000000e+00
2.209520649910642183e-06 0.000000000000000000e+00 0.000000000000000000e+00
3.438275284977918907e-06 0.000000000000000000e+00 0.000000000000000000e+00
5.350362729476215747e-06 0.000000000000000000e+00 0.000000000000000000e+00
8.325796791792394115e-06 0.000000000000000000e+00 0.000000000000000000e+00
1.295592387340935367e-05 0.000000000000000000e+00 0.000000000000000000e+00
2.016094886906814347e-05 0.000000000000000000e+00 0.000000000000000000e+00
3.137281935836351674e-05 0.000000000000000000e+00 0.000000000000000000e+00
4.881981502381546709e-05 0.000000000000000000e+00 0.000000000000000000e+00
7.596940242236094136e-05 0.000000000000000000e+00 0.000000000000000000e+00
1.182173693528996479e-04 0.000000000000000000e+00 0.000000000000000000e+00
1.839601993842505316e-04 0.000000000000000000e+00 0.000000000000000000e+00
2.862638133696820790e-04 0.000000000000000000e+00 0.000000000000000000e+00
4.454603284799867622e-04 0.000000000000000000e+00 0.000000000000000000e+00
6.931889221822052369e-04 0.000000000000000000e+00 0.000000000000000000e+00
1.078683894199378591e-03 0.000000000000000000e+00 0.000000000000000000e+00
1.678559634135780602e-03 0.000000000000000000e+00 0.000000000000000000e+00
2.612037187633452825e-03 0.000000000000000000e+00 0.000000000000000000e+00
4.064638593011800881e-03 0.000000000000000000e+00 0.000000000000000000e+00
6.325058069624781357e-03 0.000000000000000000e+00 0.000000000000000000e+00
9.842537944925084520e-03 0.000000000000000000e+00 0.000000000000000000e+00
1.531615237850883840e-02 0.000000000000000000e+00 0.000000000000000000e+00
2.383374338959553390e-02 0.000000000000000000e+00 0.000000000000000000e+00
3.708812173729460204e-02 0.000000000000000000e+00 0.000000000000000000e+00
5.771350104410632315e-02 0.000000000000000000e+00 0.000000000000000000e+00
8.980902905683313397e-02 0.000000000000000000e+00 0.000000000000000000e+00
1.397534641671989708e-01 0.000000000000000000e+00 0.000000000000000000e+00
2.174729083684102948e-01 0.000000000000000000e+00 0.000000000000000000e+00
3.384135495749319711e-01 0.000000000000000000e+00 0.000000000000000000e+00
9.999999999999999547e-08 6.206896551724137900e+00 1.426946862178976830e-40
1.556118194739193901e-07 6.206896551724137900e+00 1.776787111293812778e-40
2.421503835998362755e-07 6.206896551724137900e+00 2.220657278235556140e-40
3.768146177827805384e-07 6.206896551724137900e+00 2.764059797592217735e-40
5.863680827754797925e-07 6.206896551724137900e+00 3.449476285129439948e-40
9.124580424212617751e-07 6.206896551724137900e+00 4.304114795735283153e-40
1.419892561747829683e-06 6.206896551724137900e+00 5.357234693483761406e-40
2.209520649910642183e-06 6.206896551724137900e+00 6.701801600278713316e-40
3.438275284977918907e-06 6.206896551724137900e+00 8.333640477716146280e-40
5.350362729476215747e-06 6.206896551724137900e+00 1.040965214091304350e-39
8.325796791792394115e-06 6.206896551724137900e+00 1.296760959271045013e-39
1.295592387340935367e-05 6.206896551724137900e+00 1.612866749723703699e-39
2.016094886906814347e-05 6.206896551724137900e+00 2.014225071694310740e-39
3.137281935836351674e-05 6.206896551724137900e+00 2.503548639472262103e-39
4.881981502381546709e-05 6.206896551724137900e+00 3.126400069584982292e-39
7.596940242236094136e-05 6.206896551724137900e+00 3.880832139140090215e-39
1.182173693528996479e-04 6.206896551724137900e+00 4.820664215318953272e-39
1.839601993842505316e-04 6.206896551724137900e+00 6.006133923451966166e-39
2.862638133696820790e-04 6.206896551724137900e+00 7.445585170893353958e-39
4.454603284799867622e-04 6.206896551724137900e+00 9.226962166770967740e-39
6.931889221822052369e-04 6.206896551724137900e+00 1.141423722037035825e-38
1.078683894199378591e-03 6.206896551724137900e+00 1.413164981645819724e-38
1.678559634135780602e-03 6.206896551724137900e+00 1.740571405173300154e-38
2.612037187633452825e-03 6.206896551724137900e+00 2.141634964023028312e-38
4.064638593011800881e-03 6.206896551724137900e+00 2.634431818155210318e-38
6.325058069624781357e-03 6.206896551724137900e+00 3.247687468580297210e-38
9.842537944925084520e-03 6.206896551724137900e+00 4.000472827773662265e-38
1.531615237850883840e-02 6.206896551724137900e+00 4.950553562367029941e-38
2.383374338959553390e-02 6.206896551724137900e+00 0.000000000000000000e+00
3.708812173729460204e-02 6.206896551724137900e+00 0.000000000000000000e+00
5.771350104410632315e-02 6.206896551724137900e+00 0.000000000000000000e+00
8.980902905683313397e-02 6.206896551724137900e+00 0.000000000000000000e+00
1.397534641671989708e-01 6.206896551724137900e+00 0.000000000000000000e+00
2.174729083684102948e-01 6.206896551724137900e+00 0.000000000000000000e+00
3.384135495749319711e-01 6.206896551724137900e+00 0.000000000000000000e+00
9.999999999999999547e-08 1.241379310344827580e+01 2.834557764912012738e-40
1.556118194739193901e-07 1.241379310344827580e+01 3.530255562445082901e-40
2.421503835998362755e-07 1.241379310344827580e+01 4.415489941834755816e-40
3.768146177827805384e-07 1.241379310344827580e+01 5.495589657315483212e-40
5.863680827754797925e-07 1.241379310344827580e+01 6.868460301822735158e-40
9.124580424212617751e-07 1.241379310344827580e+01 8.549752738420140435e-40
1.419892561747829683e-06 1.241379310344827580e+01 1.066541781440069218e-39
2.209520649910642183e-06 1.241379310344827580e+01 1.330105353181539174e-39
3.438275284977918907e-06 1.241379310344827580e+01 1.660625412341012397e-39
5.350362729476215747e-06 1.241379310344827580e+01 2.073436072446524579e-39
8.325796791792394115e-06 1.241379310344827580e+01 2.572846130748469389e-39
1.295592387340935367e-05 1.241379310344827580e+01 3.214252662313499739e-39
2.016094886906814347e-05 1.241379310344827580e+01 4.000459750498021334e-39
3.137281935836351674e-05 1.241379310344827580e+01 4.980137714941454407e-39
4.881981502381546709e-05 1.241379310344827580e+01 6.191805089228444319e-39
7.596940242236094136e-05 1.241379310344827580e+01 7.717569961388852170e-39
1.182173693528996479e-04 1.241379310344827580e+01 9.605424225559703869e-39
1.839601993842505316e-04 1.241379310344827580e+01 1.190828029820447554e-38
2.862638133696820790e-04 1.241379310344827580e+01 1.483180414562693086e-38
4.454603284799867622e-04 1.241379310344827580e+01 1.836505183374549086e-38
6.931889221822052369e-04 1.241379310344827580e+01 2.276727906265097693e-38
1.078683894199378591e-03 1.241379310344827580e+01 2.814099920015089527e-38
1.678559634135780602e-03 1.241379310344827580e+01 3.471960916819647335e-38
2.612037187633452825e-03 1.241379310344827580e+01 4.271541628655457813e-38
4.064638593011800881e-03 1.241379310344827580e+01 5.270991536534802024e-38
6.325058069624781357e-03 1.241379310344827580e+01 6.508332896338285891e-38
9.842537944925084520e-03 1.241379310344827580e+01 8.050257901191618069e-38
1.531615237850883840e-02 1.241379310344827580e+01 1.009210033896644343e-37
2.383374338959553390e-02 1.241379310344827580e+01 0.000000000000000000e+00
3.708812173729460204e-02 1.241379310344827580e+01 0.000000000000000000e+00
5.771350104410632315e-02 1.241379310344827580e+01 0.000000000000000000e+00
8.980902905683313397e-02 1.241379310344827580e+01 0.000000000000000000e+00
1.397534641671989708e-01 1.241379310344827580e+01 0.000000000000000000e+00
2.174729083684102948e-01 1.241379310344827580e+01 0.000000000000000000e+00
3.384135495749319711e-01 1.241379310344827580e+01 0.000000000000000000e+00
9.999999999999999547e-08 1.862068965517241281e+01 4.206287410838712030e-40
1.556118194739193901e-07 1.862068965517241281e+01 5.224233530725744815e-40
2.421503835998362755e-07 1.862068965517241281e+01 6.549538901785607146e-40
3.768146177827805384e-07 1.862068965517241281e+01 8.155929944714347183e-40
5.863680827754797925e-07 1.862068965517241281e+01 1.021495041153056194e-39
9.124580424212617751e-07 1.862068965517241281e+01 1.270084029375038272e-39
1.419892561747829683e-06 1.862068965517241281e+01 1.583033647227221165e-39
2.209520649910642183e-06 1.862068965517241281e+01 1.978245675305197372e-39
3.438275284977918907e-06 1.862068965517241281e+01 2.473070223287794722e-39
5.350362729476215747e-06 1.862068965517241281e+01 3.073130694587842893e-39
8.325796791792394115e-06 1.862068965517241281e+01 3.827083784008555608e-39
1.295592387340935367e-05 1.862068965517241281e+01 4.766169509305922629e-39
2.016094886906814347e-05 1.862068965517241281e+01 5.946019048691344547e-39
3.137281935836351674e-05 1.862068965517241281e+01 7.387533887016073611e-39
4.881981502381546709e-05 1.862068965517241281e+01 9.197704836752657603e-39
7.596940242236094136e-05 1.862068965517241281e+01 1.146470831472166425e-38
1.182173693528996479e-04 1.862068965517241281e+01 1.425049124015156508e-38
1.839601993842505316e-04 1.862068965517241281e+01 1.773363072101508807e-38
2.862638133696820790e-04 1.862068965517241281e+01 2.196288600227219044e-38
4.454603284799867622e-04 1.862068965517241281e+01 2.730885189244610096e-38
6.931889221822052369e-04 1.862068965517241281e+01 3.379883894880108684e-38
1.078683894199378591e-03 1.862068965517241281e+01 4.196157465928973080e-38
1.678559634135780602e-03 1.862068965517241281e+01 5.179921709325874257e-38
2.612037187633452825e-03 1.862068965517241281e+01 6.384367606337897220e-38
4.064638593011800881e-03 1.862068965517241281e+01 7.906174263504531304e-38
6.325058069624781357e-03 1.862068965517241281e+01 9.808040851651292052e-38
9.842537944925084520e-03 1.862068965517241281e+01 1.224891973973288462e-37
1.531615237850883840e-02 1.862068965517241281e+01 1.547961085318403252e-37
2.383374338959553390e-02 1.862068965517241281e+01 0.000000000000000000e+00
3.708812173729460204e-02 1.862068965517241281e+01 0.000000000000000000e+00
5.771350104410632315e-02 1.862068965517241281e+01 0.000000000000000000e+00
8.980902905683313397e-02 1.862068965517241281e+01 0.000000000000000000e+00
1.397534641671989708e-01 1.862068965517241281e+01 0.000000000000000000e+00
2.174729083684102948e-01 1.862068965517241281e+01 0.000000000000000000e+00
3.384135495749319711e-01 1.862068965517241281e+01 0.000000000000000000e+00
9.999999999999999547e-08 2.482758620689655160e+01 5.535383610111498599e-40
1.556118194739193901e-07 2.482758620689655160e+01 6.909896440978091792e-40
2.421503835998362755e-07 2.482758620689655160e+01 8.616755652458606689e-40
3.768146177827805384e-07 2.482758620689655160e+01 1.074032090046305179e-39
5.863680827754797925e-07 2.482758620689655160e+01 1.336147561912148999e-39
9.124580424212617751e-07 2.482758620689655160e+01 1.671824105073010610e-39
1.419892561747829683e-06 2.482758620689655160e+01 2.086034549959140126e-39
2.209520649910642183e-06 2.482758620689655160e+01 2.599494237421459904e-39
3.438275284977918907e-06 2.482758620689655160e+01 3.242638692145306527e-39
5.350362729476215747e-06 2.482758620689655160e+01 4.032424807453663641e-39
8.325796791792394115e-06 2.482758620689655160e+01 5.039207686607283835e-39
1.295592387340935367e-05 2.482758620689655160e+01 6.276618869796339931e-39
2.016094886906814347e-05 2.482758620689655160e+01 7.832104834043644712e-39
3.137281935836351674e-05 2.482758620689655160e+01 9.747867102736886584e-39
4.881981502381546709e-05 2.482758620689655160e+01 1.213237323651256120e-38
7.596940242236094136e-05 2.482758620689655160e+01 1.510873506759969993e-38
1.182173693528996479e-04 2.482758620689655160e+01 1.875936355478146456e-38
1.839601993842505316e-04 2.482758620689655160e+01 2.335036837240321638e-38
2.862638133696820790e-04 2.482758620689655160e+01 2.895939049339253439e-38
4.454603284799867622e-04 2.482758620689655160e+01 3.599308642217238132e-38
6.931889221822052369e-04 2.482758620689655160e+01 4.454334597410292823e-38
1.078683894199378591e-03 2.482758620689655160e+01 5.536332395537539158e-38
1.678559634135780602e-03 2.482758620689655160e+01 6.840166580895545033e-38
2.612037187633452825e-03 2.482758620689655160e+01 8.477929800307301021e-38
4.064638593011800881e-03 2.482758620689655160e+01 1.052487166989179211e-37
6.325058069624781357e-03 2.482758620689655160e+01 1.312422806227088788e-37
9.842537944925084520e-03 2.482758620689655160e+01 1.651404092936663604e-37
1.531615237850883840e-02 2.482758620689655160e+01 2.130339509650521863e-37
2.383374338959553390e-02 2.482758620689655160e+01 0.000000000000000000e+00
3.708812173729460204e-02 2.482758620689655160e+01 0.000000000000000000e+00
5.771350104410632315e-02 2.482758620689655160e+01 0.000000000000000000e+00
8.980902905683313397e-02 2.482758620689655160e+01 0.000000000000000000e+00
1.397534641671989708e-01 2.482758620689655160e+01 0.000000000000000000e+00
2.174729083684102948e-01 2.482758620689655160e+01 0.000000000000000000e+00
3.384135495749319711e-01 2.482758620689655160e+01 0.000000000000000000e+00
9.999999999999999547e-08 3.103448275862069039e+01 6.802928028036983988e-40
1.556118194739193901e-07 3.103448275862069039e+01 8.487749811536633905e-40
2.421503835998362755e-07 3.103448275862069039e+01 1.056598630213423994e-39
3.768146177827805384e-07 3.103448275862069039e+01 1.318807904452712097e-39
5.863680827754797925e-07 3.103448275862069039e+01 1.643846475429406895e-39
9.124580424212617751e-07 3.103448275862069039e+01 2.051904582886102026e-39
1.419892561747829683e-06 3.103448275862069039e+01 2.556467731271001007e-39
2.209520649910642183e-06 3.103448275862069039e+01 3.187760116043169060e-39
3.438275284977918907e-06 3.103448275862069039e+01 3.989663284173341225e-39
5.350362729476215747e-06 3.103448275862069039e+01 4.954224593927211770e-39
8.325796791792394115e-06 3.103448275862069039e+01 6.182715660621300989e-39
1.295592387340935367e-05 3.103448275862069039e+01 7.706695922780663927e-39
2.016094886906814347e-05 3.103448275862069039e+01 9.589996004591086319e-39
3.137281935836351674e-05 3.103448275862069039e+01 1.194344588960848478e-38
4.881981502381546709e-05 3.103448275862069039e+01 1.487154185275232423e-38
7.596940242236094136e-05 3.103448275862069039e+01 1.853275834453221772e-38
1.182173693528996479e-04 3.103448275862069039e+01 2.307745574094785045e-38
1.839601993842505316e-04 3.103448275862069039e+01 2.865390688851765355e-38
2.862638133696820790e-04 3.103448275862069039e+01 3.555255919534889029e-38
4.454603284799867622e-04 3.103448275862069039e+01 4.423955205306905936e-38
6.931889221822052369e-04 3.103448275862069039e+01 5.489319431702639124e-38
1.078683894199378591e-03 3.103448275862069039e+01 6.806924503413069060e-38
1.678559634135780602e-03 3.103448275862069039e+01 8.440669188047557119e-38
2.612037187633452825e-03 3.103448275862069039e+01 1.052547960315374783e-37
4.064638593011800881e-03 3.103448275862069039e+01 1.310523404244854367e-37
6.325058069624781357e-03 3.103448275862069039e+01 1.644927680558312521e-37
9.842537944925084520e-03 3.103448275862069039e+01 2.094957911398006996e-37
1.531615237850883840e-02 3.103448275862069039e+01 2.729425312280992500e-37
2.383374338959553390e-02 3.103448275862069039e+01 0.000000000000000000e+00
3.708812173729460204e-02 3.103448275862069039e+01 0.000000000000000000e+00
5.771350104410632315e-02 3.103448275862069039e+01 0.000000000000000000e+00
8.980902905683313397e-02 3.103448275862069039e+01 0.000000000000000000e+00
1.397534641671989708e-01 3.103448275862069039e+01 0.000000000000000000e+00
2.174729083684102948e-01 3.103448275862069039e+01 0.000000000000000000e+00
3.384135495749319711e-01 3.103448275862069039e+01 0.000000000000000000e+00
9.999999999999999547e-08 3.724137931034482563e+01 7.975239595626037771e-40
1.556118194739193901e-07 3.724137931034482563e+01 9.949822948114339482e-40
2.421503835998362755e-07 3.724137931034482563e+01 1.240970126217462952e-39
3.768146177827805384e-07 3.724137931034482563e+01 1.549595125489426120e-39
5.863680827754797925e-07 3.724137931034482563e+01 1.933758790984068579e-39
9.124580424212617751e-07 3.724137931034482563e+01 2.403399945978699399e-39
1.419892561747829683e-06 3.724137931034482563e+01 3.002943945950564590e-39
2.209520649910642183e-06 3.724137931034482563e+01 3.754282710068655358e-39
3.438275284977918907e-06 3.724137931034482563e+01 4.661266329607899165e-39
5.350362729476215747e-06 3.724137931034482563e+01 5.828350925752339136e-39
8.325796791792394115e-06 3.724137931034482563e+01 7.272932127807703181e-39
1.295592387340935367e-05 3.724137931034482563e+01 9.047434267514773629e-39
2.016094886906814347e-05 3.724137931034482563e+01 1.127760056681675388e-38
3.137281935836351674e-05 3.724137931034482563e+01 1.402724499994265356e-38
4.881981502381546709e-05 3.724137931034482563e+01 1.748062054034879438e-38
7.596940242236094136e-05 3.724137931034482563e+01 2.183133668084747105e-38
1.182173693528996479e-04 3.724137931034482563e+01 2.713937592544402496e-38
1.839601993842505316e-04 3.724137931034482563e+01 3.373621555686477419e-38
2.862638133696820790e-04 3.724137931034482563e+01 4.195611902782906369e-38
4.454603284799867622e-04 3.724137931034482563e+01 5.215033752254110950e-38
6.931889221822052369e-04 3.724137931034482563e+01 6.481396470549225487e-38
1.078683894199378591e-03 3.724137931034482563e+01 8.044269067793944667e-38
1.678559634135780602e-03 3.724137931034482563e+01 1.001943469264423956e-37
2.612037187633452825e-03 3.724137931034482563e+01 1.248709654623704225e-37
4.064638593011800881e-03 3.724137931034482563e+01 1.562152258536819340e-37
6.325058069624781357e-03 3.724137931034482563e+01 1.973848727332322898e-37
9.842537944925084520e-03 3.724137931034482563e+01 2.534983645709685984e-37
1.531615237850883840e-02 3.724137931034482563e+01 3.356888700794583738e-37
2.383374338959553390e-02 3.724137931034482563e+01 4.660261054755074456e-37
3.708812173729460204e-02 3.724137931034482563e+01 0.000000000000000000e+00
5.771350104410632315e-02 3.724137931034482563e+01 0.000000000000000000e+00
8.980902905683313397e-02 3.724137931034482563e+01 0.000000000000000000e+00
1.397534641671989708e-01 3.724137931034482563e+01 0.000000000000000000e+00
2.174729083684102948e-01 3.724137931034482563e+01 0.000000000000000000e+00
3.384135495749319711e-01 3.724137931034482563e+01 0.000000000000000000e+00
9.999999999999999547e-08 4.344827586206896797e+01 9.079566542109707864e-40
1.556118194739193901e-07 4.344827586206896797e+01 1.131687814059206907e-39
2.421503835998362755e-07 4.344827586206896797e+01 1.410225161701913171e-39
3.768146177827805384e-07 4.344827586206896797e+01 1.760635427764918258e-39
5.863680827754797925e-07 4.344827586206896797e+01 2.192598019069180002e-39
9.124580424212617751e-07 4.344827586206896797e+01 2.737097305179558591e-39
1.419892561747829683e-06 4.344827586206896797e+01 3.407497489246679236e-39
2.209520649910642183e-06 4.344827586206896797e+01 4.260624786104843390e-39
3.438275284977918907e-06 4.344827586206896797e+01 5.320872458688854534e-39
5.350362729476215747e-06 4.344827586206896797e+01 6.611387539621337620e-39
8.325796791792394115e-06 4.344827586206896797e+01 8.255896510368228018e-39
1.295592387340935367e-05 4.344827586206896797e+01 1.028988298382435291e-38
2.016094886906814347e-05 4.344827586206896797e+01 1.282915173317779212e-38
3.137281935836351674e-05 4.344827586206896797e+01 1.597861435745706631e-38
4.881981502381546709e-05 4.344827586206896797e+01 1.993611796193390917e-38
7.596940242236094136e-05 4.344827586206896797e+01 2.477219270592324095e-38
1.182173693528996479e-04 4.344827586206896797e+01 3.074624385586888299e-38
1.839601993842505316e-04 4.344827586206896797e+01 3.831751496925670577e-38
2.862638133696820790e-04 4.344827586206896797e+01 4.779939838816955611e-38
4.454603284799867622e-04 4.344827586206896797e+01 5.938042388183247865e-38
6.931889221822052369e-04 4.344827586206896797e+01 7.387700336905326974e-38
1.078683894199378591e-03 4.344827586206896797e+01 9.196597781670304663e-38
1.678559634135780602e-03 4.344827586206896797e+01 1.146019450944841383e-37
2.612037187633452825e-03 4.344827586206896797e+01 1.431768399458535256e-37
4.064638593011800881e-03 4.344827586206896797e+01 1.802349105887852379e-37
6.325058069624781357e-03 4.344827586206896797e+01 2.290883835716051226e-37
9.842537944925084520e-03 4.344827586206896797e+01 2.966684824463137520e-37
1.531615237850883840e-02 4.344827586206896797e+01 3.980164682988815215e-37
2.383374338959553390e-02 4.344827586206896797e+01 5.592502130329395983e-37
3.708812173729460204e-02 4.344827586206896797e+01 0.000000000000000000e+00
5.771350104410632315e-02 4.344827586206896797e+01 0.000000000000000000e+00
8.980902905683313397e-02 4.344827586206896797e+01 0.000000000000000000e+00
1.397534641671989708e-01 4.344827586206896797e+01 0.000000000000000000e+00
2.174729083684102948e-01 4.344827586206896797e+01 0.000000000000000000e+00
3.384135495749319711e-01 4.344827586206896797e+01 0.000000000000000000e+00
9.999999999999999547e-08 4.965517241379310320e+01 1.004522679032417774e-39
1.556118194739193901e-07 4.965517241379310320e+01 1.251617116201481366e-39
2.421503835998362755e-07 4.965517241379310320e+01 1.564560399345179877e-39
3.768146177827805384e-07 4.965517241379310320e+01 1.947977911864487795e-39
5.863680827754797925e-07 4.965517241379310320e+01 2.425931167300699440e-39
9.124580424212617751e-07 4.965517241379310320e+01 3.035996045515309526e-39
1.419892561747829683e-06 4.965517241379310320e+01 3.779076587830588850e-39
2.209520649910642183e-06 4.965517241379310320e+01 4.709013859749780652e-39
3.438275284977918907e-06 4.965517241379310320e+01 5.906392810421668354e-39
5.350362729476215747e-06 4.965517241379310320e+01 7.325542105442010428e-39
8.325796791792394115e-06 4.965517241379310320e+01 9.133616321213692662e-39
1.295592387340935367e-05 4.965517241379310320e+01 1.139302327096944249e-38
2.016094886906814347e-05 4.965517241379310320e+01 1.419968508058184032e-38
3.137281935836351674e-05 4.965517241379310320e+01 1.771495772808391956e-38
4.881981502381546709e-05 4.965517241379310320e+01 2.206472325782769323e-38
7.596940242236094136e-05 4.965517241379310320e+01 2.754353229884504999e-38
1.182173693528996479e-04 4.965517241379310320e+01 3.429795667371109312e-38
1.839601993842505316e-04 4.965517241379310320e+01 4.270455035760547639e-38
2.862638133696820790e-04 4.965517241379310320e+01 5.310545159599561193e-38
4.454603284799867622e-04 4.965517241379310320e+01 6.605663852414416076e-38
6.931889221822052369e-04 4.965517241379310320e+01 8.242542611115318344e-38
1.078683894199378591e-03 4.965517241379310320e+01 1.026200612540203075e-37
1.678559634135780602e-03 4.965517241379310320e+01 1.283067641456841424e-37
2.612037187633452825e-03 4.965517241379310320e+01 1.609535195158920337e-37
4.064638593011800881e-03 4.965517241379310320e+01 2.027654731259446406e-37
6.325058069624781357e-03 4.965517241379310320e+01 2.594396265159238545e-37
9.842537944925084520e-03 4.965517241379310320e+01 3.394827038960859652e-37
1.531615237850883840e-02 4.965517241379310320e+01 4.566647046050620103e-37
2.383374338959553390e-02 4.965517241379310320e+01 6.477609510707999852e-37
3.708812173729460204e-02 4.965517241379310320e+01 0.000000000000000000e+00
5.771350104410632315e-02 4.965517241379310320e+01 0.000000000000000000e+00
8.980902905683313397e-02 4.965517241379310320e+01 0.000000000000000000e+00
1.397534641671989708e-01 4.965517241379310320e+01 0.000000000000000000e+00
2.174729083684102948e-01 4.965517241379310320e+01 0.000000000000000000e+00
3.384135495749319711e-01 4.965517241379310320e+01 0.000000000000000000e+00
9.999999999999999547e-08 5.586206896551724554e+01 1.087693164414424402e-39
1.556118194739193901e-07 5.586206896551724554e+01 1.362783793762572677e-39
2.421503835998362755e-07 5.586206896551724554e+01 1.700825734646938970e-39
3.768146177827805384e-07 5.586206896551724554e+01 2.114713771925607957e-39
5.863680827754797925e-07 5.586206896551724554e+01 2.642535232126263601e-39
9.124580424212617751e-07 5.586206896551724554e+01 3.295564075427027856e-39
1.419892561747829683e-06 5.586206896551724554e+01 4.111358425556445369e-39
2.209520649910642183e-06 5.586206896551724554e+01 5.116476845682620196e-39
3.438275284977918907e-06 5.586206896551724554e+01 6.391114891724319682e-39
5.350362729476215747e-06 5.586206896551724554e+01 7.974674713980472671e-39
8.325796791792394115e-06 5.586206896551724554e+01 9.958170359205855331e-39
1.295592387340935367e-05 5.586206896551724554e+01 1.238807311075886950e-38
2.016094886906814347e-05 5.586206896551724554e+01 1.541178208944883037e-38
3.137281935836351674e-05 5.586206896551724554e+01 1.923559537742771655e-38
4.881981502381546709e-05 5.586206896551724554e+01 2.403498391090989747e-38
7.596940242236094136e-05 5.586206896551724554e+01 2.992912679523116561e-38
1.182173693528996479e-04 5.586206896551724554e+01 3.732721805848124150e-38
1.839601993842505316e-04 5.586206896551724554e+01 4.645841270034538441e-38
2.862638133696820790e-04 5.586206896551724554e+01 5.799947571045026610e-38
4.454603284799867622e-04 5.586206896551724554e+01 7.213303113002342573e-38
6.931889221822052369e-04 5.586206896551724554e+01 8.987888638421840606e-38
1.078683894199378591e-03 5.586206896551724554e+01 1.120691032614802416e-37
1.678559634135780602e-03 5.586206896551724554e+01 1.403595200649664530e-37
2.612037187633452825e-03 5.586206896551724554e+01 1.765978304569822280e-37
4.064638593011800881e-03 5.586206896551724554e+01 2.244056839683287421e-37
6.325058069624781357e-03 5.586206896551724554e+01 2.877783718215957289e-37
9.842537944925084520e-03 5.586206896551724554e+01 3.775416988086933613e-37
1.531615237850883840e-02 5.586206896551724554e+01 5.143142735634184389e-37
2.383374338959553390e-02 5.586206896551724554e+01 7.268564771964086987e-37
3.708812173729460204e-02 5.586206896551724554e+01 1.097438185548156147e-36
5.771350104410632315e-02 5.586206896551724554e+01 0.000000000000000000e+00
8.980902905683313397e-02 5.586206896551724554e+01 0.000000000000000000e+00
1.397534641671989708e-01 5.586206896551724554e+01 0.000000000000000000e+00
2.174729083684102948e-01 5.586206896551724554e+01 0.000000000000000000e+00
3.384135495749319711e-01 5.586206896551724554e+01 0.000000000000000000e+00
9.999999999999999547e-08 6.206896551724138078e+01 1.164538576407737879e-39
1.556118194739193901e-07 6.206896551724138078e+01 1.459271346441860085e-39
2.421503835998362755e-07 6.206896551724138078e+01 1.812367454424306653e-39
3.768146177827805384e-07 6.206896551724138078e+01 2.260567903303833719e-39
5.863680827754797925e-07 6.206896551724138078e+01 2.822954358509307814e-39
9.124580424212617751e-07 6.206896551724138078e+01 3.512285850399054222e-39
1.419892561747829683e-06 6.206896551724138078e+01 4.401872845285163014e-39
2.209520649910642183e-06 6.206896551724138078e+01 5.463724108801073685e-39
3.438275284977918907e-06 6.206896551724138078e+01 6.832408799988879148e-39
5.350362729476215747e-06 6.206896551724138078e+01 8.519239921640883255e-39
8.325796791792394115e-06 6.206896551724138078e+01 1.061954880460927867e-38
1.295592387340935367e-05 6.206896551724138078e+01 1.318831400165344810e-38
2.016094886906814347e-05 6.206896551724138078e+01 1.646688733992528926e-38
3.137281935836351674e-05 6.206896551724138078e+01 2.056611857311760338e-38
4.881981502381546709e-05 6.206896551724138078e+01 2.562626800527347705e-38
7.596940242236094136e-05 6.206896551724138078e+01 3.201180885066685113e-38
1.182173693528996479e-04 6.206896551724138078e+01 3.992530770245314312e-38
1.839601993842505316e-04 6.206896551724138078e+01 4.967220364650393977e-38
2.862638133696820790e-04 6.206896551724138078e+01 6.190378164033232044e-38
4.454603284799867622e-04 6.206896551724138078e+01 7.697159756421063598e-38
6.931889221822052369e-04 6.206896551724138078e+01 9.625749425350444817e-38
1.078683894199378591e-03 6.206896551724138078e+01 1.204885256037664319e-37
1.678559634135780602e-03 6.206896551724138078e+01 1.512163067984764019e-37
2.612037187633452825e-03 6.206896551724138078e+01 1.909423196475142582e-37
4.064638593011800881e-03 6.206896551724138078e+01 2.425793885602492848e-37
6.325058069624781357e-03 6.206896551724138078e+01 3.130397381329734914e-37
9.842537944925084520e-03 6.206896551724138078e+01 4.135698509573092330e-37
1.531615237850883840e-02 6.206896551724138078e+01 5.619108084638358762e-37
2.383374338959553390e-02 6.206896551724138078e+01 7.962476465472681365e-37
3.708812173729460204e-02 6.206896551724138078e+01 1.192678211917597030e-36
5.771350104410632315e-02 6.206896551724138078e+01 1.909786414904450787e-36
8.980902905683313397e-02 6.206896551724138078e+01 0.000000000000000000e+00
1.397534641671989708e-01 6.206896551724138078e+01 0.000000000000000000e+00
2.174729083684102948e-01 6.206896551724138078e+01 0.000000000000000000e+00
3.384135495749319711e-01 6.206896551724138078e+01 0.000000000000000000e+00
9.999999999999999547e-08 6.827586206896552312e+01 1.225232422136065497e-39
1.556118194739193901e-07 6.827586206896552312e+01 1.527801584106321856e-39
2.421503835998362755e-07 6.827586206896552312e+01 1.906956823356795109e-39
3.768146177827805384e-07 6.827586206896552312e+01 2.380564662487807685e-39
5.863680827754797925e-07 6.827586206896552312e+01 2.964671392062604027e-39
9.124580424212617751e-07 6.827586206896552312e+01 3.699893074451716714e-39
1.419892561747829683e-06 6.827586206896552312e+01 4.614856495367841774e-39
2.209520649910642183e-06 6.827586206896552312e+01 5.741220927445957047e-39
3.438275284977918907e-06 6.827586206896552312e+01 7.183430321239424762e-39
5.350362729476215747e-06 6.827586206896552312e+01 8.941507535899458636e-39
8.325796791792394115e-06 6.827586206896552312e+01 1.118483566082172573e-38
1.295592387340935367e-05 6.827586206896552312e+01 1.392548641343891707e-38
2.016094886906814347e-05 6.827586206896552312e+01 1.735509926879158481e-38
3.137281935836351674e-05 6.827586206896552312e+01 2.158341480870786325e-38
4.881981502381546709e-05 6.827586206896552312e+01 2.697967505300167332e-38
7.596940242236094136e-05 6.827586206896552312e+01 3.366750784357139732e-38
1.182173693528996479e-04 6.827586206896552312e+01 4.191695281651663768e-38
1.839601993842505316e-04 6.827586206896552312e+01 5.237774018123655900e-38
2.862638133696820790e-04 6.827586206896552312e+01 6.544442980976824075e-38
4.454603284799867622e-04 6.827586206896552312e+01 8.156683762389481413e-38
6.931889221822052369e-04 6.827586206896552312e+01 1.017848742606136886e-37
1.078683894199378591e-03 6.827586206896552312e+01 1.273514915371252006e-37
1.678559634135780602e-03 6.827586206896552312e+01 1.603033059170778151e-37
2.612037187633452825e-03 6.827586206896552312e+01 2.029199067261995592e-37
4.064638593011800881e-03 6.827586206896552312e+01 2.586467875572180448e-37
6.325058069624781357e-03 6.827586206896552312e+01 3.340598117456006606e-37
9.842537944925084520e-03 6.827586206896552312e+01 4.421374768929657550e-37
1.531615237850883840e-02 6.827586206896552312e+01 6.013519023225379278e-37
2.383374338959553390e-02 6.827586206896552312e+01 8.519448600677533259e-37
3.708812173729460204e-02 6.827586206896552312e+01 1.264176530407491214e-36
5.771350104410632315e-02 6.827586206896552312e+01 1.989860254754022783e-36
8.980902905683313397e-02 6.827586206896552312e+01 3.391197595611646114e-36
1.397534641671989708e-01 6.827586206896552312e+01 7.318211358188789938e-36
2.174729083684102948e-01 6.827586206896552312e+01 8.439067673621216370e-35
3.384135495749319711e-01 6.827586206896552312e+01 0.000000000000000000e+00
9.999999999999999547e-08 7.448275862068965125e+01 1.273452067537836060e-39
1.556118194739193901e-07 7.448275862068965125e+01 1.586094461721420395e-39
2.421503835998362755e-07 7.448275862068965125e+01 1.975288901599939631e-39
3.768146177827805384e-07 7.448275862068965125e+01 2.471765083545891855e-39
5.863680827754797925e-07 7.448275862068965125e+01 3.074944085375577130e-39
9.124580424212617751e-07 7.448275862068965125e+01 3.854699074148611238e-39
1.419892561747829683e-06 7.448275862068965125e+01 4.792539567612446941e-39
2.209520649910642183e-06 7.448275862068965125e+01 5.977920487586427334e-39
3.438275284977918907e-06 7.448275862068965125e+01 7.454885312581162792e-39
5.350362729476215747e-06 7.448275862068965125e+01 9.288969781543846164e-39
8.325796791792394115e-06 7.448275862068965125e+01 1.157344107731720140e-38
1.295592387340935367e-05 7.448275862068965125e+01 1.446395770962482551e-38
2.016094886906814347e-05 7.448275862068965125e+01 1.800246090217096859e-38
3.137281935836351674e-05 7.448275862068965125e+01 2.251007594847075381e-38
4.881981502381546709e-05 7.448275862068965125e+01 2.800695401000013518e-38
7.596940242236094136e-05 7.448275862068965125e+01 3.492899897110486922e-38
1.182173693528996479e-04 7.448275862068965125e+01 4.359147126374656510e-38
1.839601993842505316e-04 7.448275862068965125e+01 5.435683363532836342e-38
2.862638133696820790e-04 7.448275862068965125e+01 6.791731737499500429e-38
4.454603284799867622e-04 7.448275862068965125e+01 8.491131255797264670e-38
6.931889221822052369e-04 7.448275862068965125e+01 1.060181845767275220e-37
1.078683894199378591e-03 7.448275862068965125e+01 1.330979335117153022e-37
1.678559634135780602e-03 7.448275862068965125e+01 1.674968983152077806e-37
2.612037187633452825e-03 7.448275862068965125e+01 2.118188925692105864e-37
4.064638593011800881e-03 7.448275862068965125e+01 2.711804254650285892e-37
6.325058069624781357e-03 7.448275862068965125e+01 3.515813068969130543e-37
9.842537944925084520e-03 7.448275862068965125e+01 4.657309628430842913e-37
1.531615237850883840e-02 7.448275862068965125e+01 6.340486261609221512e-37
2.383374338959553390e-02 7.448275862068965125e+01 8.922833629487257585e-37
3.708812173729460204e-02 7.448275862068965125e+01 1.312990693874513527e-36
5.771350104410632315e-02 7.448275862068965125e+01 2.042161327933446819e-36
8.980902905683313397e-02 7.448275862068965125e+01 3.415569909271205437e-36
1.397534641671989708e-01 7.448275862068965125e+01 7.991117093344909346e-36
2.174729083684102948e-01 7.448275862068965125e+01 8.373025960470246911e-35
3.384135495749319711e-01 7.448275862068965125e+01 0.000000000000000000e+00
9.999999999999999547e-08 8.068965517241380780e+01 1.301988969752712956e-39
1.556118194739193901e-07 8.068965517241380780e+01 1.620951099378397867e-39
2.421503835998362755e-07 8.068965517241380780e+01 2.026774560398106927e-39
3.768146177827805384e-07 8.068965517241380780e+01 2.528166769736016042e-39
5.863680827754797925e-07 8.068965517241380780e+01 3.148964521708233947e-39
9.124580424212617751e-07 8.068965517241380780e+01 3.935283037887115328e-39
1.419892561747829683e-06 8.068965517241380780e+01 4.914018512723525525e-39
2.209520649910642183e-06 8.068965517241380780e+01 6.122841300015834263e-39
3.438275284977918907e-06 8.068965517241380780e+01 7.608227253518993464e-39
5.350362729476215747e-06 8.068965517241380780e+01 9.518364619215579659e-39
8.325796791792394115e-06 8.068965517241380780e+01 1.187080916106822641e-38
1.295592387340935367e-05 8.068965517241380780e+01 1.479523444642767139e-38
2.016094886906814347e-05 8.068965517241380780e+01 1.842189988376505301e-38
3.137281935836351674e-05 8.068965517241380780e+01 2.309271556083855153e-38
4.881981502381546709e-05 8.068965517241380780e+01 2.871858973977188940e-38
7.596940242236094136e-05 8.068965517241380780e+01 3.591269841267023235e-38
1.182173693528996479e-04 8.068965517241380780e+01 4.472492677099303285e-38
1.839601993842505316e-04 8.068965517241380780e+01 5.602979953651034106e-38
2.862638133696820790e-04 8.068965517241380780e+01 6.990947956605966276e-38
4.454603284799867622e-04 8.068965517241380780e+01 8.733309735512362276e-38
6.931889221822052369e-04 8.068965517241380780e+01 1.094868563861289769e-37
1.078683894199378591e-03 8.068965517241380780e+01 1.370641203524004000e-37
1.678559634135780602e-03 8.068965517241380780e+01 1.729568484108886294e-37
2.612037187633452825e-03 8.068965517241380780e+01 2.190881247496860929e-37
4.064638593011800881e-03 8.068965517241380780e+01 2.809012992046858621e-37
6.325058069624781357e-03 8.068965517241380780e+01 3.648457421857711069e-37
9.842537944925084520e-03 8.068965517241380780e+01 4.820056515798518204e-37
1.531615237850883840e-02 8.068965517241380780e+01 6.538207800852488009e-37
2.383374338959553390e-02 8.068965517241380780e+01 9.170194815500569118e-37
3.708812173729460204e-02 8.068965517241380780e+01 1.337507830790207814e-36
5.771350104410632315e-02 8.068965517241380780e+01 2.054436871554541928e-36
8.980902905683313397e-02 8.068965517241380780e+01 3.398153276751141388e-36
1.397534641671989708e-01 8.068965517241380780e+01 8.969160432110639289e-36
2.174729083684102948e-01 8.068965517241380780e+01 7.684863310172193844e-35
3.384135495749319711e-01 8.068965517241380780e+01 0.000000000000000000e+00
9.999999999999999547e-08 8.689655172413793593e+01 1.314974289726745902e-39
1.556118194739193901e-07 8.689655172413793593e+01 1.643828845347795216e-39
2.421503835998362755e-07 8.689655172413793593e+01 2.050851593996012840e-39
3.768146177827805384e-07 8.689655172413793593e+01 2.548368236249138668e-39
5.863680827754797925e-07 8.689655172413793593e+01 3.192282989327082627e-39
9.124580424212617751e-07 8.689655172413793593e+01 3.982717576791961968e-39
1.419892561747829683e-06 8.689655172413793593e+01 4.973182721794686261e-39
2.209520649910642183e-06 8.689655172413793593e+01 6.200222845401142322e-39
3.438275284977918907e-06 8.689655172413793593e+01 7.727340524248443774e-39
5.350362729476215747e-06 8.689655172413793593e+01 9.634365095172047683e-39
8.325796791792394115e-06 8.689655172413793593e+01 1.200296040260902705e-38
1.295592387340935367e-05 8.689655172413793593e+01 1.499146097703092106e-38
2.016094886906814347e-05 8.689655172413793593e+01 1.873711352689302193e-38
3.137281935836351674e-05 8.689655172413793593e+01 2.328591117441963254e-38
4.881981502381546709e-05 8.689655172413793593e+01 2.918247263293247698e-38
7.596940242236094136e-05 8.689655172413793593e+01 3.637232318751528804e-38
1.182173693528996479e-04 8.689655172413793593e+01 4.523017595981990432e-38
1.839601993842505316e-04 8.689655172413793593e+01 5.664688098662437666e-38
2.862638133696820790e-04 8.689655172413793593e+01 7.080232243861183560e-38
4.454603284799867622e-04 8.689655172413793593e+01 8.850695311723777246e-38
6.931889221822052369e-04 8.689655172413793593e+01 1.109934302466516656e-37
1.078683894199378591e-03 8.689655172413793593e+01 1.396193998093951238e-37
1.678559634135780602e-03 8.689655172413793593e+01 1.759985068243334750e-37
2.612037187633452825e-03 8.689655172413793593e+01 2.236989382260778532e-37
4.064638593011800881e-03 8.689655172413793593e+01 2.865535452305667434e-37
6.325058069624781357e-03 8.689655172413793593e+01 3.729956890817489939e-37
9.842537944925084520e-03 8.689655172413793593e+01 4.928178564309609338e-37
1.531615237850883840e-02 8.689655172413793593e+01 6.662203589322839621e-37
2.383374338959553390e-02 8.689655172413793593e+01 9.293348885340321984e-37
3.708812173729460204e-02 8.689655172413793593e+01 1.343073043748991603e-36
5.771350104410632315e-02 8.689655172413793593e+01 2.029839173496146216e-36
8.980902905683313397e-02 8.689655172413793593e+01 3.328816963203460948e-36
1.397534641671989708e-01 8.689655172413793593e+01 1.021495708804809369e-35
2.174729083684102948e-01 8.689655172413793593e+01 6.570015110631292875e-35
3.384135495749319711e-01 8.689655172413793593e+01 0.000000000000000000e+00
9.999999999999999547e-08 9.310344827586206407e+01 1.319063251127178045e-39
1.556118194739193901e-07 9.310344827586206407e+01 1.641218755922742826e-39
2.421503835998362755e-07 9.310344827586206407e+01 2.049948693653462943e-39
3.768146177827805384e-07 9.310344827586206407e+01 2.556902288455870675e-39
5.863680827754797925e-07 9.310344827586206407e+01 3.196569489373819055e-39
9.124580424212617751e-07 9.310344827586206407e+01 3.982357741290526563e-39
1.419892561747829683e-06 9.310344827586206407e+01 4.953344773018945262e-39
2.209520649910642183e-06 9.310344827586206407e+01 6.190652530498676001e-39
3.438275284977918907e-06 9.310344827586206407e+01 7.745595249683780073e-39
5.350362729476215747e-06 9.310344827586206407e+01 9.632075477695126709e-39
8.325796791792394115e-06 9.310344827586206407e+01 1.203520537054483158e-38
1.295592387340935367e-05 9.310344827586206407e+01 1.498440469879361014e-38
2.016094886906814347e-05 9.310344827586206407e+01 1.874687834435601092e-38
3.137281935836351674e-05 9.310344827586206407e+01 2.336741811020436706e-38
4.881981502381546709e-05 9.310344827586206407e+01 2.915580847413914581e-38
7.596940242236094136e-05 9.310344827586206407e+01 3.638442624315197857e-38
1.182173693528996479e-04 9.310344827586206407e+01 4.548026642268615022e-38
1.839601993842505316e-04 9.310344827586206407e+01 5.675383874878936050e-38
2.862638133696820790e-04 9.310344827586206407e+01 7.098157101518578025e-38
4.454603284799867622e-04 9.310344827586206407e+01 8.871467538280777705e-38
6.931889221822052369e-04 9.310344827586206407e+01 1.116501264066052417e-37
1.078683894199378591e-03 9.310344827586206407e+01 1.400324825555433548e-37
1.678559634135780602e-03 9.310344827586206407e+01 1.775509968058468360e-37
2.612037187633452825e-03 9.310344827586206407e+01 2.253830986175138141e-37
4.064638593011800881e-03 9.310344827586206407e+01 2.882341020996922016e-37
6.325058069624781357e-03 9.310344827586206407e+01 3.746546625591258334e-37
9.842537944925084520e-03 9.310344827586206407e+01 4.950721320656596265e-37
1.531615237850883840e-02 9.310344827586206407e+01 6.684872180755002823e-37
2.383374338959553390e-02 9.310344827586206407e+01 9.258531925249791958e-37
3.708812173729460204e-02 9.310344827586206407e+01 1.323098998671019401e-36
5.771350104410632315e-02 9.310344827586206407e+01 1.984702285349339003e-36
8.980902905683313397e-02 9.310344827586206407e+01 3.244018920204452719e-36
1.397534641671989708e-01 9.310344827586206407e+01 1.166956009371331783e-35
2.174729083684102948e-01 9.310344827586206407e+01 5.383145123131545503e-35
3.384135495749319711e-01 9.310344827586206407e+01 0.000000000000000000e+00
9.999999999999999547e-08 9.931034482758620641e+01 1.300094475691430840e-39
1.556118194739193901e-07 9.931034482758620641e+01 1.619983653006189306e-39
2.421503835998362755e-07 9.931034482758620641e+01 2.026845078274535422e-39
3.768146177827805384e-07 9.931034482758620641e+01 2.525178532075711322e-39
5.863680827754797925e-07 9.931034482758620641e+01 3.146150562827393469e-39
9.124580424212617751e-07 9.931034482758620641e+01 3.939080842115665007e-39
1.419892561747829683e-06 9.931034482758620641e+01 4.909914911716604006e-39
2.209520649910642183e-06 9.931034482758620641e+01 6.125323248968240942e-39
3.438275284977918907e-06 9.931034482758620641e+01 7.636460658012535422e-39
5.350362729476215747e-06 9.931034482758620641e+01 9.552852679407593773e-39
8.325796791792394115e-06 9.931034482758620641e+01 1.191945427256624926e-38
1.295592387340935367e-05 9.931034482758620641e+01 1.485006117028524435e-38
2.016094886906814347e-05 9.931034482758620641e+01 1.850972665191497126e-38
3.137281935836351674e-05 9.931034482758620641e+01 2.312141875263010365e-38
4.881981502381546709e-05 9.931034482758620641e+01 2.883251730256120974e-38
7.596940242236094136e-05 9.931034482758620641e+01 3.601850920908768595e-38
1.182173693528996479e-04 9.931034482758620641e+01 4.493216674889788810e-38
1.839601993842505316e-04 9.931034482758620641e+01 5.625562638000753196e-38
2.862638133696820790e-04 9.931034482758620641e+01 7.034217830446657974e-38
4.454603284799867622e-04 9.931034482758620641e+01 8.825300953303002652e-38
6.931889221822052369e-04 9.931034482758620641e+01 1.105258598902768548e-37
1.078683894199378591e-03 9.931034482758620641e+01 1.392894803468369134e-37
1.678559634135780602e-03 9.931034482758620641e+01 1.760348552003965638e-37
2.612037187633452825e-03 9.931034482758620641e+01 2.241026760225420804e-37
4.064638593011800881e-03 9.931034482758620641e+01 2.869821004451750043e-37
6.325058069624781357e-03 9.931034482758620641e+01 3.736343992765100044e-37
9.842537944925084520e-03 9.931034482758620641e+01 4.912032818558044267e-37
1.531615237850883840e-02 9.931034482758620641e+01 6.605870048034488796e-37
2.383374338959553390e-02 9.931034482758620641e+01 9.075026521802433151e-37
3.708812173729460204e-02 9.931034482758620641e+01 1.286130011608024188e-36
5.771350104410632315e-02 9.931034482758620641e+01 1.912656004682587511e-36
8.980902905683313397e-02 9.931034482758620641e+01 3.152104435681144954e-36
1.397534641671989708e-01 9.931034482758620641e+01 1.327473755249405351e-35
2.174729083684102948e-01 9.931034482758620641e+01 4.314377499735481430e-35
3.384135495749319711e-01 9.931034482758620641e+01 0.000000000000000000e+00
9.999999999999999547e-08 1.055172413793103630e+02 1.269703704091711392e-39
1.556118194739193901e-07 1.055172413793103630e+02 1.587392446345140141e-39
2.421503835998362755e-07 1.055172413793103630e+02 1.977879990866106046e-39
3.768146177827805384e-07 1.055172413793103630e+02 2.466482858393441049e-39
5.863680827754797925e-07 1.055172413793103630e+02 3.076823544716598505e-39
9.124580424212617751e-07 1.055172413793103630e+02 3.844221176802526756e-39
1.419892561747829683e-06 1.055172413793103630e+02 4.780526582903827762e-39
2.209520649910642183e-06 1.055172413793103630e+02 5.981720056114869509e-39
3.438275284977918907e-06 1.055172413793103630e+02 7.463552058623689977e-39
5.350362729476215747e-06 1.055172413793103630e+02 9.314280092594112636e-39
8.325796791792394115e-06 1.055172413793103630e+02 1.160033975694576250e-38
1.295592387340935367e-05 1.055172413793103630e+02 1.450624935126175461e-38
2.016094886906814347e-05 1.055172413793103630e+02 1.809675666857448735e-38
3.137281935836351674e-05 1.055172413793103630e+02 2.259795051241271634e-38
4.881981502381546709e-05 1.055172413793103630e+02 2.818324486833911848e-38
7.596940242236094136e-05 1.055172413793103630e+02 3.527716193724725001e-38
1.182173693528996479e-04 1.055172413793103630e+02 4.399697341221350825e-38
1.839601993842505316e-04 1.055172413793103630e+02 5.503800488505445490e-38
2.862638133696820790e-04 1.055172413793103630e+02 6.888219087420321914e-38
4.454603284799867622e-04 1.055172413793103630e+02 8.636727595065343552e-38
6.931889221822052369e-04 1.055172413793103630e+02 1.080515155416145176e-37
1.078683894199378591e-03 1.055172413793103630e+02 1.366971753892020272e-37
1.678559634135780602e-03 1.055172413793103630e+02 1.729191683346059531e-37
2.612037187633452825e-03 1.055172413793103630e+02 2.200531966072662820e-37
4.064638593011800881e-03 1.055172413793103630e+02 2.814155263195456002e-37
6.325058069624781357e-03 1.055172413793103630e+02 3.650321944549513442e-37
9.842537944925084520e-03 1.055172413793103630e+02 4.799914514281682739e-37
1.531615237850883840e-02 1.055172413793103630e+02 6.422764141701132996e-37
2.383374338959553390e-02 1.055172413793103630e+02 8.792371855088482079e-37
3.708812173729460204e-02 1.055172413793103630e+02 1.238740178540020981e-36
5.771350104410632315e-02 1.055172413793103630e+02 1.819943101723058520e-36
8.980902905683313397e-02 1.055172413793103630e+02 3.053565176292401942e-36
1.397534641671989708e-01 1.055172413793103630e+02 1.468001845852277558e-35
2.174729083684102948e-01 1.055172413793103630e+02 3.425275666271836922e-35
3.384135495749319711e-01 1.055172413793103630e+02 0.000000000000000000e+00
9.999999999999999547e-08 1.117241379310344911e+02 1.225983275730007991e-39
1.556118194739193901e-07 1.117241379310344911e+02 1.532097884660324044e-39
2.421503835998362755e-07 1.117241379310344911e+02 1.912651864633456656e-39
3.768146177827805384e-07 1.117241379310344911e+02 2.380377708971617277e-39
5.863680827754797925e-07 1.117241379310344911e+02 2.972786446972365960e-39
9.124580424212617751e-07 1.117241379310344911e+02 3.712628622604790250e-39
1.419892561747829683e-06 1.117241379310344911e+02 4.615996829444141009e-39
2.209520649910642183e-06 1.117241379310344911e+02 5.766549261841999386e-39
3.438275284977918907e-06 1.117241379310344911e+02 7.201013090036662029e-39
5.350362729476215747e-06 1.117241379310344911e+02 8.982197404673447431e-39
8.325796791792394115e-06 1.117241379310344911e+02 1.122674517769744402e-38
1.295592387340935367e-05 1.117241379310344911e+02 1.397448801930505228e-38
2.016094886906814347e-05 1.117241379310344911e+02 1.742042893569360253e-38
3.137281935836351674e-05 1.117241379310344911e+02 2.175931958998119342e-38
4.881981502381546709e-05 1.117241379310344911e+02 2.729063191707225581e-38
7.596940242236094136e-05 1.117241379310344911e+02 3.404158007634389010e-38
1.182173693528996479e-04 1.117241379310344911e+02 4.252840900426136345e-38
1.839601993842505316e-04 1.117241379310344911e+02 5.309767555708495852e-38
2.862638133696820790e-04 1.117241379310344911e+02 6.659545833652859741e-38
4.454603284799867622e-04 1.117241379310344911e+02 8.349675652640259744e-38
6.931889221822052369e-04 1.117241379310344911e+02 1.049517407551419882e-37
1.078683894199378591e-03 1.117241379310344911e+02 1.321111775331058381e-37
1.678559634135780602e-03 1.117241379310344911e+02 1.673946459441785163e-37
2.612037187633452825e-03 1.117241379310344911e+02 2.125487533396680101e-37
4.064638593011800881e-03 1.117241379310344911e+02 2.728664596452765903e-37
6.325058069624781357e-03 1.117241379310344911e+02 3.529556380460058432e-37
9.842537944925084520e-03 1.117241379310344911e+02 4.626991853626074466e-37
1.531615237850883840e-02 1.117241379310344911e+02 6.177122177928770696e-37
2.383374338959553390e-02 1.117241379310344911e+02 8.414103024632753879e-37
3.708812173729460204e-02 1.117241379310344911e+02 1.173018747215711205e-36
5.771350104410632315e-02 1.117241379310344911e+02 1.713287268456517888e-36
8.980902905683313397e-02 1.117241379310344911e+02 2.968321693595901340e-36
1.397534641671989708e-01 1.117241379310344911e+02 1.567522197531914804e-35
2.174729083684102948e-01 1.117241379310344911e+02 2.696068277247470175e-35
3.384135495749319711e-01 1.117241379310344911e+02 0.000000000000000000e+00
9.999999999999999547e-08 1.179310344827586192e+02 1.168104565604469408e-39
1.556118194739193901e-07 1.179310344827586192e+02 1.452319598496790497e-39
2.421503835998362755e-07 1.179310344827586192e+02 1.813268927116012774e-39
3.768146177827805384e-07 1.179310344827586192e+02 2.266245435046413138e-39
5.863680827754797925e-07 1.179310344827586192e+02 2.830272270603542360e-39
9.124580424212617751e-07 1.179310344827586192e+02 3.524881972749495227e-39
1.419892561747829683e-06 1.179310344827586192e+02 4.391729671169685889e-39
2.209520649910642183e-06 1.179310344827586192e+02 5.494407871801111696e-39
3.438275284977918907e-06 1.179310344827586192e+02 6.848558532809712106e-39
5.350362729476215747e-06 1.179310344827586192e+02 8.554799209078112344e-39
8.325796791792394115e-06 1.179310344827586192e+02 1.067066616274657156e-38
1.295592387340935367e-05 1.179310344827586192e+02 1.328198145450013397e-38
2.016094886906814347e-05 1.179310344827586192e+02 1.659578994986386609e-38
3.137281935836351674e-05 1.179310344827586192e+02 2.075808479734225762e-38
4.881981502381546709e-05 1.179310344827586192e+02 2.593558055202205271e-38
7.596940242236094136e-05 1.179310344827586192e+02 3.238163270723281128e-38
1.182173693528996479e-04 1.179310344827586192e+02 4.042653765714389189e-38
1.839601993842505316e-04 1.179310344827586192e+02 5.064810351624705640e-38
2.862638133696820790e-04 1.179310344827586192e+02 6.345428499336136770e-38
4.454603284799867622e-04 1.179310344827586192e+02 7.965154402701919216e-38
6.931889221822052369e-04 1.179310344827586192e+02 9.992303930751768816e-38
1.078683894199378591e-03 1.179310344827586192e+02 1.259550500259010878e-37
1.678559634135780602e-03 1.179310344827586192e+02 1.594900125881732792e-37
2.612037187633452825e-03 1.179310344827586192e+02 2.029835661751876470e-37
4.064638593011800881e-03 1.179310344827586192e+02 2.600067553312663706e-37
6.325058069624781357e-03 1.179310344827586192e+02 3.361692396974065039e-37
9.842537944925084520e-03 1.179310344827586192e+02 4.404847135846740815e-37
1.531615237850883840e-02 1.179310344827586192e+02 5.847007326024368581e-37
2.383374338959553390e-02 1.179310344827586192e+02 7.912538897026667136e-37
3.708812173729460204e-02 1.179310344827586192e+02 1.099346779663567506e-36
5.771350104410632315e-02 1.179310344827586192e+02 1.592584333624335466e-36
8.980902905683313397e-02 1.179310344827586192e+02 2.854628195224249265e-36
1.397534641671989708e-01 1.179310344827586192e+02 1.634548483935351798e-35
2.174729083684102948e-01 1.179310344827586192e+02 2.100241713789093863e-35
3.384135495749319711e-01 1.179310344827586192e+02 0.000000000000000000e+00
9.999999999999999547e-08 1.241379310344827616e+02 1.093650741550869869e-39
1.556118194739193901e-07 1.241379310344827616e+02 1.361966765505554360e-39
2.421503835998362755e-07 1.241379310344827616e+02 1.699484009693931462e-39
3.768146177827805384e-07 1.241379310344827616e+02 2.119245983810999877e-39
5.863680827754797925e-07 1.241379310344827616e+02 2.645066798175708968e-39
9.124580424212617751e-07 1.241379310344827616e+02 3.304300153974368703e-39
1.419892561747829683e-06 1.241379310344827616e+02 4.119182983058054022e-39
2.209520649910642183e-06 1.241379310344827616e+02 5.138310351118623364e-39
3.438275284977918907e-06 1.241379310344827616e+02 6.406942273327519158e-39
5.350362729476215747e-06 1.241379310344827616e+02 8.001101836155645233e-39
8.325796791792394115e-06 1.241379310344827616e+02 9.989531081821403758e-39
1.295592387340935367e-05 1.241379310344827616e+02 1.248678018484165256e-38
2.016094886906814347e-05 1.241379310344827616e+02 1.553205641557189354e-38
3.137281935836351674e-05 1.241379310344827616e+02 1.941966240067130420e-38
4.881981502381546709e-05 1.241379310344827616e+02 2.433648348802809181e-38
7.596940242236094136e-05 1.241379310344827616e+02 3.033271998053180352e-38
1.182173693528996479e-04 1.241379310344827616e+02 3.795340244751558865e-38
1.839601993842505316e-04 1.241379310344827616e+02 4.757329786797366302e-38
2.862638133696820790e-04 1.241379310344827616e+02 5.956728197744808981e-38
4.454603284799867622e-04 1.241379310344827616e+02 7.490241698948746021e-38
6.931889221822052369e-04 1.241379310344827616e+02 9.412232307241107738e-38
1.078683894199378591e-03 1.241379310344827616e+02 1.182870683404348762e-37
1.678559634135780602e-03 1.241379310344827616e+02 1.499665591921479467e-37
2.612037187633452825e-03 1.241379310344827616e+02 1.908664091650418864e-37
4.064638593011800881e-03 1.241379310344827616e+02 2.442794033126631314e-37
6.325058069624781357e-03 1.241379310344827616e+02 3.153788000851229328e-37
9.842537944925084520e-03 1.241379310344827616e+02 4.109961650140543077e-37
1.531615237850883840e-02 1.241379310344827616e+02 5.450257240100948823e-37
2.383374338959553390e-02 1.241379310344827616e+02 7.329596921268812469e-37
3.708812173729460204e-02 1.241379310344827616e+02 1.011367887727193228e-36
5.771350104410632315e-02 1.241379310344827616e+02 1.464698648606632583e-36
8.980902905683313397e-02 1.241379310344827616e+02 2.731455481861738938e-36
1.397534641671989708e-01 1.241379310344827616e+02 1.620054438625540505e-35
2.174729083684102948e-01 1.241379310344827616e+02 1.608007164953298830e-35
3.384135495749319711e-01 1.241379310344827616e+02 0.000000000000000000e+00
9.999999999999999547e-08 1.303448275862068897e+02 1.007833060168824264e-39
1.556118194739193901e-07 1.303448275862068897e+02 1.252215655097665515e-39
2.421503835998362755e-07 1.303448275862068897e+02 1.563708211760626384e-39
3.768146177827805384e-07 1.303448275862068897e+02 1.953733088502602289e-39
5.863680827754797925e-07 1.303448275862068897e+02 2.436663140583066907e-39
9.124580424212617751e-07 1.303448275862068897e+02 3.050831441684651850e-39
1.419892561747829683e-06 1.303448275862068897e+02 3.794425993494525804e-39
2.209520649910642183e-06 1.303448275862068897e+02 4.745229358133761856e-39
3.438275284977918907e-06 1.303448275862068897e+02 5.923275219046824752e-39
5.350362729476215747e-06 1.303448275862068897e+02 7.354973018565897301e-39
8.325796791792394115e-06 1.303448275862068897e+02 9.210587629505580677e-39
1.295592387340935367e-05 1.303448275862068897e+02 1.147520429054490851e-38
2.016094886906814347e-05 1.303448275862068897e+02 1.435204289544580989e-38
3.137281935836351674e-05 1.303448275862068897e+02 1.792183181204761060e-38
4.881981502381546709e-05 1.303448275862068897e+02 2.240017464601918146e-38
7.596940242236094136e-05 1.303448275862068897e+02 2.798161840036606200e-38
1.182173693528996479e-04 1.303448275862068897e+02 3.498740332681105309e-38
1.839601993842505316e-04 1.303448275862068897e+02 4.386969380660110039e-38
2.862638133696820790e-04 1.303448275862068897e+02 5.501025968300097829e-38
4.454603284799867622e-04 1.303448275862068897e+02 6.899007002541215815e-38
6.931889221822052369e-04 1.303448275862068897e+02 8.682298417895127665e-38
1.078683894199378591e-03 1.303448275862068897e+02 1.094404542962474044e-37
1.678559634135780602e-03 1.303448275862068897e+02 1.384105867415439311e-37
2.612037187633452825e-03 1.303448275862068897e+02 1.757821541649755400e-37
4.064638593011800881e-03 1.303448275862068897e+02 2.254519753525564495e-37
6.325058069624781357e-03 1.303448275862068897e+02 2.900177413595469289e-37
9.842537944925084520e-03 1.303448275862068897e+02 3.778663903309348663e-37
1.531615237850883840e-02 1.303448275862068897e+02 4.991397476808849582e-37
2.383374338959553390e-02 1.303448275862068897e+02 6.689404290477344473e-37
3.708812173729460204e-02 1.303448275862068897e+02 9.197259828430051331e-37
5.771350104410632315e-02 1.303448275862068897e+02 1.326808788720391377e-36
8.980902905683313397e-02 1.303448275862068897e+02 2.605544212830226134e-36
1.397534641671989708e-01 1.303448275862068897e+02 1.554338350605585417e-35
2.174729083684102948e-01 1.303448275862068897e+02 1.220405735487794667e-35
3.384135495749319711e-01 1.303448275862068897e+02 0.000000000000000000e+00
9.999999999999999547e-08 1.365517241379310462e+02 9.075260216862258073e-40
1.556118194739193901e-07 1.365517241379310462e+02 1.132652673371379873e-39
2.421503835998362755e-07 1.365517241379310462e+02 1.413620286094886902e-39
3.768146177827805384e-07 1.365517241379310462e+02 1.768784005027180462e-39
5.863680827754797925e-07 1.365517241379310462e+02 2.199458771959526000e-39
9.124580424212617751e-07 1.365517241379310462e+02 2.746336646097424334e-39
1.419892561747829683e-06 1.365517241379310462e+02 3.425983665281592216e-39
2.209520649910642183e-06 1.365517241379310462e+02 4.266505671448047591e-39
3.438275284977918907e-06 1.365517241379310462e+02 5.340146291390158189e-39
5.350362729476215747e-06 1.365517241379310462e+02 6.644226972140534838e-39
8.325796791792394115e-06 1.365517241379310462e+02 8.323553737114796143e-39
1.295592387340935367e-05 1.365517241379310462e+02 1.034960047349479155e-38
2.016094886906814347e-05 1.365517241379310462e+02 1.294343901585012402e-38
3.137281935836351674e-05 1.365517241379310462e+02 1.619442775215024863e-38
4.881981502381546709e-05 1.365517241379310462e+02 2.028414966310583638e-38
7.596940242236094136e-05 1.365517241379310462e+02 2.524021429056617787e-38
1.182173693528996479e-04 1.365517241379310462e+02 3.165616277064773537e-38
1.839601993842505316e-04 1.365517241379310462e+02 3.960376295395581961e-38
2.862638133696820790e-04 1.365517241379310462e+02 4.951781186010399118e-38
4.454603284799867622e-04 1.365517241379310462e+02 6.242847282630822726e-38
6.931889221822052369e-04 1.365517241379310462e+02 7.841884069617322838e-38
1.078683894199378591e-03 1.365517241379310462e+02 9.884831411821213531e-38
1.678559634135780602e-03 1.365517241379310462e+02 1.255798884529946011e-37
2.612037187633452825e-03 1.365517241379310462e+02 1.594314271363099116e-37
4.064638593011800881e-03 1.365517241379310462e+02 2.031542330268768946e-37
6.325058069624781357e-03 1.365517241379310462e+02 2.621059029138283737e-37
9.842537944925084520e-03 1.365517241379310462e+02 3.407691670746663882e-37
1.531615237850883840e-02 1.365517241379310462e+02 4.478563001707701384e-37
2.383374338959553390e-02 1.365517241379310462e+02 5.973564753783437774e-37
3.708812173729460204e-02 1.365517241379310462e+02 8.187713356167387260e-37
5.771350104410632315e-02 1.365517241379310462e+02 1.177599489113555796e-36
8.980902905683313397e-02 1.365517241379310462e+02 2.413904014401685711e-36
1.397534641671989708e-01 1.365517241379310462e+02 1.426831512908402081e-35
2.174729083684102948e-01 1.365517241379310462e+02 9.056040119128702185e-36
3.384135495749319711e-01 1.365517241379310462e+02 0.000000000000000000e+00
9.999999999999999547e-08 1.427586206896551744e+02 7.975077780494089729e-40
1.556118194739193901e-07 1.427586206896551744e+02 9.935009994075438248e-40
2.421503835998362755e-07 1.427586206896551744e+02 1.242992627912646834e-39
3.768146177827805384e-07 1.427586206896551744e+02 1.550828893841521092e-39
5.863680827754797925e-07 1.427586206896551744e+02 1.936614749696871461e-39
9.124580424212617751e-07 1.427586206896551744e+02 2.410789773431245024e-39
1.419892561747829683e-06 1.427586206896551744e+02 3.018486219968204549e-39
2.209520649910642183e-06 1.427586206896551744e+02 3.755488704704739417e-39
3.438275284977918907e-06 1.427586206896551744e+02 4.689724273579532246e-39
5.350362729476215747e-06 1.427586206896551744e+02 5.869734457750394713e-39
8.325796791792394115e-06 1.427586206896551744e+02 7.313431178355811350e-39
1.295592387340935367e-05 1.427586206896551744e+02 9.115495790736116437e-39
2.016094886906814347e-05 1.427586206896551744e+02 1.140316029059468359e-38
3.137281935836351674e-05 1.427586206896551744e+02 1.428331651694321497e-38
4.881981502381546709e-05 1.427586206896551744e+02 1.780653664100176521e-38
7.596940242236094136e-05 1.427586206896551744e+02 2.223984151533388020e-38
1.182173693528996479e-04 1.427586206896551744e+02 2.785541320612408442e-38
1.839601993842505316e-04 1.427586206896551744e+02 3.492764342415610470e-38
2.862638133696820790e-04 1.427586206896551744e+02 4.398638851877771877e-38
4.454603284799867622e-04 1.427586206896551744e+02 5.501552429799071290e-38
6.931889221822052369e-04 1.427586206896551744e+02 6.898946164049725706e-38
1.078683894199378591e-03 1.427586206896551744e+02 8.713169170014680170e-38
1.678559634135780602e-03 1.427586206896551744e+02 1.100777173753105807e-37
2.612037187633452825e-03 1.427586206896551744e+02 1.398545222389984218e-37
4.064638593011800881e-03 1.427586206896551744e+02 1.787565069031728969e-37
6.325058069624781357e-03 1.427586206896551744e+02 2.296857754353539496e-37
9.842537944925084520e-03 1.427586206896551744e+02 2.987001593970879341e-37
1.531615237850883840e-02 1.427586206896551744e+02 3.916662189430271678e-37
2.383374338959553390e-02 1.427586206896551744e+02 5.213939201798796528e-37
3.708812173729460204e-02 1.427586206896551744e+02 7.107233148554204656e-37
5.771350104410632315e-02 1.427586206896551744e+02 1.023142105750909021e-36
8.980902905683313397e-02 1.427586206896551744e+02 2.191678890456537151e-36
1.397534641671989708e-01 1.427586206896551744e+02 1.263842691211068852e-35
2.174729083684102948e-01 1.427586206896551744e+02 6.649263662871283573e-36
3.384135495749319711e-01 1.427586206896551744e+02 0.000000000000000000e+00
9.999999999999999547e-08 1.489655172413793025e+02 6.817163250072518512e-40
1.556118194739193901e-07 1.489655172413793025e+02 8.493188893731783627e-40
2.421503835998362755e-07 1.489655172413793025e+02 1.059433888523851267e-39
3.768146177827805384e-07 1.489655172413793025e+02 1.321965070063022940e-39
5.863680827754797925e-07 1.489655172413793025e+02 1.649007745484148075e-39
9.124580424212617751e-07 1.489655172413793025e+02 2.056581209557103667e-39
1.419892561747829683e-06 1.489655172413793025e+02 2.567762431483221882e-39
2.209520649910642183e-06 1.489655172413793025e+02 3.207312959457706117e-39
3.438275284977918907e-06 1.489655172413793025e+02 3.996407105402859844e-39
5.350362729476215747e-06 1.489655172413793025e+02 4.991576248694653781e-39
8.325796791792394115e-06 1.489655172413793025e+02 6.223190798311807436e-39
1.295592387340935367e-05 1.489655172413793025e+02 7.791684093248559507e-39
2.016094886906814347e-05 1.489655172413793025e+02 9.709223334507157973e-39
3.137281935836351674e-05 1.489655172413793025e+02 1.216008147171712156e-38
4.881981502381546709e-05 1.489655172413793025e+02 1.516984697339010495e-38
7.596940242236094136e-05 1.489655172413793025e+02 1.900970843015842596e-38
1.182173693528996479e-04 1.489655172413793025e+02 2.377406613682438842e-38
1.839601993842505316e-04 1.489655172413793025e+02 2.979977200771904722e-38
2.862638133696820790e-04 1.489655172413793025e+02 3.725829022861976721e-38
4.454603284799867622e-04 1.489655172413793025e+02 4.677199307982672257e-38
6.931889221822052369e-04 1.489655172413793025e+02 5.901146222800349314e-38
1.078683894199378591e-03 1.489655172413793025e+02 7.431118119303414883e-38
1.678559634135780602e-03 1.489655172413793025e+02 9.383927693145398102e-38
2.612037187633452825e-03 1.489655172413793025e+02 1.192930972352146175e-37
4.064638593011800881e-03 1.489655172413793025e+02 1.523857523619600765e-37
6.325058069624781357e-03 1.489655172413793025e+02 1.957892438310059337e-37
9.842537944925084520e-03 1.489655172413793025e+02 2.540713017232434429e-37
1.531615237850883840e-02 1.489655172413793025e+02 3.319284652564582290e-37
2.383374338959553390e-02 1.489655172413793025e+02 4.407063501681605896e-37
3.708812173729460204e-02 1.489655172413793025e+02 5.993357433820109032e-37
5.771350104410632315e-02 1.489655172413793025e+02 8.620674090721277136e-37
8.980902905683313397e-02 1.489655172413793025e+02 1.929763077668975237e-36
1.397534641671989708e-01 1.489655172413793025e+02 1.066713780178403409e-35
2.174729083684102948e-01 1.489655172413793025e+02 4.783831977638016574e-36
3.384135495749319711e-01 1.489655172413793025e+02 0.000000000000000000e+00
9.999999999999999547e-08 1.551724137931034591e+02 5.558832706303612599e-40
1.556118194739193901e-07 1.551724137931034591e+02 6.927811721708895654e-40
2.421503835998362755e-07 1.551724137931034591e+02 8.638366144145840386e-40
3.768146177827805384e-07 1.551724137931034591e+02 1.075683451086380444e-39
5.863680827754797925e-07 1.551724137931034591e+02 1.345493125320769608e-39
9.124580424212617751e-07 1.551724137931034591e+02 1.676656713275640027e-39
1.419892561747829683e-06 1.551724137931034591e+02 2.093471657406606036e-39
2.209520649910642183e-06 1.551724137931034591e+02 2.610819875467507826e-39
3.438275284977918907e-06 1.551724137931034591e+02 3.250058021673571703e-39
5.350362729476215747e-06 1.551724137931034591e+02 4.060622280976491722e-39
8.325796791792394115e-06 1.551724137931034591e+02 5.076437288326790505e-39
1.295592387340935367e-05 1.551724137931034591e+02 6.339459008951101467e-39
2.016094886906814347e-05 1.551724137931034591e+02 7.916317217591150133e-39
3.137281935836351674e-05 1.551724137931034591e+02 9.913762174196083983e-39
4.881981502381546709e-05 1.551724137931034591e+02 1.237553893525964501e-38
7.596940242236094136e-05 1.551724137931034591e+02 1.545281914891642691e-38
1.182173693528996479e-04 1.551724137931034591e+02 1.936183866406782210e-38
1.839601993842505316e-04 1.551724137931034591e+02 2.421386503257735292e-38
2.862638133696820790e-04 1.551724137931034591e+02 3.040348910534967399e-38
4.454603284799867622e-04 1.551724137931034591e+02 3.829225892929881912e-38
6.931889221822052369e-04 1.551724137931034591e+02 4.809928377998653235e-38
1.078683894199378591e-03 1.551724137931034591e+02 6.054934898399811417e-38
1.678559634135780602e-03 1.551724137931034591e+02 7.657990703255919931e-38
2.612037187633452825e-03 1.551724137931034591e+02 9.716406409442602063e-38
4.064638593011800881e-03 1.551724137931034591e+02 1.239632983509450430e-37
6.325058069624781357e-03 1.551724137931034591e+02 1.592658304434396644e-37
9.842537944925084520e-03 1.551724137931034591e+02 2.061840142885610847e-37
1.531615237850883840e-02 1.551724137931034591e+02 2.693103416361506616e-37
2.383374338959553390e-02 1.551724137931034591e+02 3.559489056491125739e-37
3.708812173729460204e-02 1.551724137931034591e+02 4.825609948120340677e-37
5.771350104410632315e-02 1.551724137931034591e+02 6.964841073409086329e-37
8.980902905683313397e-02 1.551724137931034591e+02 1.611355595705286977e-36
1.397534641671989708e-01 1.551724137931034591e+02 8.618454747429131291e-36
2.174729083684102948e-01 1.551724137931034591e+02 3.375654767721253967e-36
3.384135495749319711e-01 1.551724137931034591e+02 0.000000000000000000e+00
9.999999999999999547e-08 1.613793103448276156e+02 4.217310283439711031e-40
1.556118194739193901e-07 1.613793103448276156e+02 5.257011046814291353e-40
2.421503835998362755e-07 1.613793103448276156e+02 6.569579140866033690e-40
3.768146177827805384e-07 1.613793103448276156e+02 8.183381316144885025e-40
5.863680827754797925e-07 1.613793103448276156e+02 1.023967350875149581e-39
9.124580424212617751e-07 1.613793103448276156e+02 1.273855213259448353e-39
1.419892561747829683e-06 1.613793103448276156e+02 1.590275663183138218e-39
2.209520649910642183e-06 1.613793103448276156e+02 1.984248920726395698e-39
3.438275284977918907e-06 1.613793103448276156e+02 2.469185034800520978e-39
5.350362729476215747e-06 1.613793103448276156e+02 3.089117844367376936e-39
8.325796791792394115e-06 1.613793103448276156e+02 3.858470115918678443e-39
1.295592387340935367e-05 1.613793103448276156e+02 4.828531518579564907e-39
2.016094886906814347e-05 1.613793103448276156e+02 6.026228725411474730e-39
3.137281935836351674e-05 1.613793103448276156e+02 7.521735031285229999e-39
4.881981502381546709e-05 1.613793103448276156e+02 9.402443768414484717e-39
7.596940242236094136e-05 1.613793103448276156e+02 1.177508824523211486e-38
1.182173693528996479e-04 1.613793103448276156e+02 1.471270821144659898e-38
1.839601993842505316e-04 1.613793103448276156e+02 1.844089977421508864e-38
2.862638133696820790e-04 1.613793103448276156e+02 2.312604013470171894e-38
4.454603284799867622e-04 1.613793103448276156e+02 2.907229907910981597e-38
6.931889221822052369e-04 1.613793103448276156e+02 3.657042331148343695e-38
1.078683894199378591e-03 1.613793103448276156e+02 4.606133488597057537e-38
1.678559634135780602e-03 1.613793103448276156e+02 5.829950101640556789e-38
2.612037187633452825e-03 1.613793103448276156e+02 7.400089187487312897e-38
4.064638593011800881e-03 1.613793103448276156e+02 9.431161230275592038e-38
6.325058069624781357e-03 1.613793103448276156e+02 1.210075254033895616e-37
9.842537944925084520e-03 1.613793103448276156e+02 1.565489757926195818e-37
1.531615237850883840e-02 1.613793103448276156e+02 2.039912988572393908e-37
2.383374338959553390e-02 1.613793103448276156e+02 2.692307496769812913e-37
3.708812173729460204e-02 1.613793103448276156e+02 3.656558606881674163e-37
5.771350104410632315e-02 1.613793103448276156e+02 5.267750632297244205e-37
8.980902905683313397e-02 1.613793103448276156e+02 1.266672447894430727e-36
1.397534641671989708e-01 1.613793103448276156e+02 6.538599331004460603e-36
2.174729083684102948e-01 1.613793103448276156e+02 2.270145942791870698e-36
3.384135495749319711e-01 1.613793103448276156e+02 0.000000000000000000e+00
9.999999999999999547e-08 1.675862068965517437e+02 2.837334763734727780e-40
1.556118194739193901e-07 1.675862068965517437e+02 3.538475257552372272e-40
2.421503835998362755e-07 1.675862068965517437e+02 4.410751140669526666e-40
3.768146177827805384e-07 1.675862068965517437e+02 5.503819446201699264e-40
5.863680827754797925e-07 1.675862068965517437e+02 6.883998849439816866e-40
9.124580424212617751e-07 1.675862068965517437e+02 8.575387943450530123e-40
1.419892561747829683e-06 1.675862068965517437e+02 1.074376547425421100e-39
2.209520649910642183e-06 1.675862068965517437e+02 1.336229425472029157e-39
3.438275284977918907e-06 1.675862068965517437e+02 1.668914381945660104e-39
5.350362729476215747e-06 1.675862068965517437e+02 2.082685267567000574e-39
8.325796791792394115e-06 1.675862068965517437e+02 2.601658867063012838e-39
1.295592387340935367e-05 1.675862068965517437e+02 3.247868825899930887e-39
2.016094886906814347e-05 1.675862068965517437e+02 4.052160123978600092e-39
3.137281935836351674e-05 1.675862068965517437e+02 5.067375833128219561e-39
4.881981502381546709e-05 1.675862068965517437e+02 6.350768350290901625e-39
7.596940242236094136e-05 1.675862068965517437e+02 7.930065590212706628e-39
1.182173693528996479e-04 1.675862068965517437e+02 9.932318610185291618e-39
1.839601993842505316e-04 1.675862068965517437e+02 1.243987578725321586e-38
2.862638133696820790e-04 1.675862068965517437e+02 1.556756370619773552e-38
4.454603284799867622e-04 1.675862068965517437e+02 1.956968794934580315e-38
6.931889221822052369e-04 1.675862068965517437e+02 2.461764574313601907e-38
1.078683894199378591e-03 1.675862068965517437e+02 3.105530856898005871e-38
1.678559634135780602e-03 1.675862068965517437e+02 3.930970658429641566e-38
2.612037187633452825e-03 1.675862068965517437e+02 4.980320893409817315e-38
4.064638593011800881e-03 1.675862068965517437e+02 6.348090890061054551e-38
6.325058069624781357e-03 1.675862068965517437e+02 8.140224228519283349e-38
9.842537944925084520e-03 1.675862068965517437e+02 1.051192451979142261e-37
1.531615237850883840e-02 1.675862068965517437e+02 1.369527349261256582e-37
2.383374338959553390e-02 1.675862068965517437e+02 1.810440810469407378e-37
3.708812173729460204e-02 1.675862068965517437e+02 2.447134207717318587e-37
5.771350104410632315e-02 1.675862068965517437e+02 3.552957343236238523e-37
8.980902905683313397e-02 1.675862068965517437e+02 8.673820023233737491e-37
1.397534641671989708e-01 1.675862068965517437e+02 4.381025488651079466e-36
2.174729083684102948e-01 1.675862068965517437e+02 1.402248955224040326e-36
3.384135495749319711e-01 1.675862068965517437e+02 0.000000000000000000e+00
9.999999999999999547e-08 1.737931034482758719e+02 1.427809265206312152e-40
1.556118194739193901e-07 1.737931034482758719e+02 1.778008238752973166e-40
2.421503835998362755e-07 1.737931034482758719e+02 2.223381456978953112e-40
3.768146177827805384e-07 1.737931034482758719e+02 2.769729204455306174e-40
5.863680827754797925e-07 1.737931034482758719e+02 3.458043582504108684e-40
9.124580424212617751e-07 1.737931034482758719e+02 4.319817812784752304e-40
1.419892561747829683e-06 1.737931034482758719e+02 5.387858494649718269e-40
2.209520649910642183e-06 1.737931034482758719e+02 6.721433894910036102e-40
3.438275284977918907e-06 1.737931034482758719e+02 8.395653882800547559e-40
5.350362729476215747e-06 1.737931034482758719e+02 1.047614240092767743e-39
8.325796791792394115e-06 1.737931034482758719e+02 1.308970734967383053e-39
1.295592387340935367e-05 1.737931034482758719e+02 1.632918424778330924e-39
2.016094886906814347e-05 1.737931034482758719e+02 2.041681166405260811e-39
3.137281935836351674e-05 1.737931034482758719e+02 2.556788148099238925e-39
4.881981502381546709e-05 1.737931034482758719e+02 3.186138551873461326e-39
7.596940242236094136e-05 1.737931034482758719e+02 3.986106249492889885e-39
1.182173693528996479e-04 1.737931034482758719e+02 4.986913769324833356e-39
1.839601993842505316e-04 1.737931034482758719e+02 6.246966126604336893e-39
2.862638133696820790e-04 1.737931034482758719e+02 7.846767916105236487e-39
4.454603284799867622e-04 1.737931034482758719e+02 9.850461554884174795e-39
6.931889221822052369e-04 1.737931034482758719e+02 1.242725443385511637e-38
1.078683894199378591e-03 1.737931034482758719e+02 1.560236486376852627e-38
1.678559634135780602e-03 1.737931034482758719e+02 1.978573810545964905e-38
2.612037187633452825e-03 1.737931034482758719e+02 2.511361916397013265e-38
4.064638593011800881e-03 1.737931034482758719e+02 3.195398968488658724e-38
6.325058069624781357e-03 1.737931034482758719e+02 4.104089514114292441e-38
9.842537944925084520e-03 1.737931034482758719e+02 5.283539106650365557e-38
1.531615237850883840e-02 1.737931034482758719e+02 6.868496254046850159e-38
2.383374338959553390e-02 1.737931034482758719e+02 9.058293463015484805e-38
3.708812173729460204e-02 1.737931034482758719e+02 1.226196837199674917e-37
5.771350104410632315e-02 1.737931034482758719e+02 1.772811992952752455e-37
8.980902905683313397e-02 1.737931034482758719e+02 4.412723599714975197e-37
1.397534641671989708e-01 1.737931034482758719e+02 2.186183658021995047e-36
2.174729083684102948e-01 1.737931034482758719e+02 6.652693646836764649e-37
3.384135495749319711e-01 1.737931034482758719e+02 0.000000000000000000e+00
9.999999999999999547e-08 1.800000000000000000e+02 1.620004294341537986e-55
1.556118194739193901e-07 1.800000000000000000e+02 2.018819287788430421e-55
2.421503835998362755e-07 1.800000000000000000e+02 2.520457072917931300e-55
3.768146177827805384e-07 1.800000000000000000e+02 0.000000000000000000e+00
5.863680827754797925e-07 1.800000000000000000e+02 0.000000000000000000e+00
9.124580424212617751e-07 1.800000000000000000e+02 4.885723922815951398e-55
1.419892561747829683e-06 1.800000000000000000e+02 6.104502205748699449e-55
2.209520649910642183e-06 1.800000000000000000e+02 0.000000000000000000e+00
3.438275284977918907e-06 1.800000000000000000e+02 9.493547273122089513e-55
5.350362729476215747e-06 1.800000000000000000e+02 1.185906318153356459e-54
8.325796791792394115e-06 1.800000000000000000e+02 1.481159366893549269e-54
1.295592387340935367e-05 1.800000000000000000e+02 1.855686107105714801e-54
2.016094886906814347e-05 1.800000000000000000e+02 2.308190736326296450e-54
3.137281935836351674e-05 1.800000000000000000e+02 2.892124040399908297e-54
4.881981502381546709e-05 1.800000000000000000e+02 3.605112163805883931e-54
7.596940242236094136e-05 1.800000000000000000e+02 4.509801399441902110e-54
1.182173693528996479e-04 1.800000000000000000e+02 5.653778985269164958e-54
1.839601993842505316e-04 1.800000000000000000e+02 7.095294284527061823e-54
2.862638133696820790e-04 1.800000000000000000e+02 8.893572566526161289e-54
4.454603284799867622e-04 1.800000000000000000e+02 1.115092598673253207e-53
6.931889221822052369e-04 1.800000000000000000e+02 1.402595481879088635e-53
1.078683894199378591e-03 1.800000000000000000e+02 1.770993062743859729e-53
1.678559634135780602e-03 1.800000000000000000e+02 2.243432976639235175e-53
2.612037187633452825e-03 1.800000000000000000e+02 2.839412884406895326e-53
4.064638593011800881e-03 1.800000000000000000e+02 3.619437850268806084e-53
6.325058069624781357e-03 1.800000000000000000e+02 0.000000000000000000e+00
9.842537944925084520e-03 1.800000000000000000e+02 5.982861998965371243e-53
1.531615237850883840e-02 1.800000000000000000e+02 7.800510192416459566e-53
2.383374338959553390e-02 1.800000000000000000e+02 0.000000000000000000e+00
3.708812173729460204e-02 1.800000000000000000e+02 1.390920338613989293e-52
5.771350104410632315e-02 1.800000000000000000e+02 2.007386459265699545e-52
8.980902905683313397e-02 1.800000000000000000e+02 5.002225829443897161e-52
1.397534641671989708e-01 1.800000000000000000e+02 2.464455897056066786e-51
2.174729083684102948e-01 1.800000000000000000e+02 7.398965706487716819e-52
3.384135495749319711e-01 1.800000000000000000e+02 0.000000000000000000e+00
