# atom 16: Tchi 0.2212216291070449 [GeV]; m_chi = 0.1 [GeV]; mS = 0.2 [GeV]; gchi =0.01; gN = 0.01
# Tchi^prime [GeV], theta [degree] ,dsigma/dTchip dtheta [cm^2/GeV]
9.999999999999999547e-08 0.000000000000000000e+00 0.000000000000000000e+00
1.534466416958955670e-07 0.000000000000000000e+00 0.000000000000000000e+00
2.354587184774860253e-07 0.000000000000000000e+00 0.000000000000000000e+00
3.613034960838954523e-07 0.000000000000000000e+00 0.000000000000000000e+00
5.544080810706002224e-07 0.000000000000000000e+00 0.000000000000000000e+00
8.507205816934941175e-07 0.000000000000000000e+00 0.000000000000000000e+00
1.305402162824454474e-06 0.000000000000000000e+00 0.000000000000000000e+00
2.003095779479715811e-06 0.000000000000000000e+00 0.000000000000000000e+00
3.073683203563846173e-06 0.000000000000000000e+00 0.000000000000000000e+00
4.716463652239548900e-06 0.000000000000000000e+00 0.000000000000000000e+00
7.237255081169170419e-06 0.000000000000000000e+00 0.000000000000000000e+00
1.110532487301967501e-05 0.000000000000000000e+00 0.000000000000000000e+00
1.704074806706766792e-05 0.000000000000000000e+00 0.000000000000000000e+00
2.614845562877357571e-05 0.000000000000000000e+00 0.000000000000000000e+00
4.012392701769450915e-05 0.000000000000000000e+00 0.000000000000000000e+00
6.156881852516431859e-05 0.000000000000000000e+00 0.000000000000000000e+00
9.447528435870507289e-05 0.000000000000000000e+00 0.000000000000000000e+00
1.449691510810809417e-04 0.000000000000000000e+00 0.000000000000000000e+00
2.224502938289680057e-04 0.000000000000000000e+00 0.000000000000000000e+00
3.413425053232034328e-04 0.000000000000000000e+00 0.000000000000000000e+00
5.237786110990897597e-04 0.000000000000000000e+00 0.000000000000000000e+00
8.037206886529592656e-04 0.000000000000000000e+00 0.000000000000000000e+00
1.233282405353092063e-03 0.000000000000000000e+00 0.000000000000000000e+00
1.892430433640681590e-03 0.000000000000000000e+00 0.000000000000000000e+00
2.903870946852704985e-03 0.000000000000000000e+00 0.000000000000000000e+00
4.455892447128280073e-03 0.000000000000000000e+00 0.000000000000000000e+00
6.837417317699419003e-03 0.000000000000000000e+00 0.000000000000000000e+00
1.049178725274334083e-02 0.000000000000000000e+00 0.000000000000000000e+00
1.609929519321271971e-02 0.000000000000000000e+00 0.000000000000000000e+00
2.470382781069370773e-02 0.000000000000000000e+00 0.000000000000000000e+00
3.790719414584618058e-02 0.000000000000000000e+00 0.000000000000000000e+00
5.816731637794420040e-02 0.000000000000000000e+00 0.000000000000000000e+00
8.925579354658201570e-02 0.000000000000000000e+00 0.000000000000000000e+00
1.369600177162519916e-01 0.000000000000000000e+00 0.000000000000000000e+00
2.101605476516926474e-01 0.000000000000000000e+00 0.000000000000000000e+00
9.999999999999999547e-08 6.206896551724137900e+00 0.000000000000000000e+00
1.534466416958955670e-07 6.206896551724137900e+00 0.000000000000000000e+00
2.354587184774860253e-07 6.206896551724137900e+00 0.000000000000000000e+00
3.613034960838954523e-07 6.206896551724137900e+00 0.000000000000000000e+00
5.544080810706002224e-07 6.206896551724137900e+00 0.000000000000000000e+00
8.507205816934941175e-07 6.206896551724137900e+00 0.000000000000000000e+00
1.305402162824454474e-06 6.206896551724137900e+00 0.000000000000000000e+00
2.003095779479715811e-06 6.206896551724137900e+00 0.000000000000000000e+00
3.073683203563846173e-06 6.206896551724137900e+00 0.000000000000000000e+00
4.716463652239548900e-06 6.206896551724137900e+00 0.000000000000000000e+00
7.237255081169170419e-06 6.206896551724137900e+00 0.000000000000000000e+00
1.110532487301967501e-05 6.206896551724137900e+00 0.000000000000000000e+00
1.704074806706766792e-05 6.206896551724137900e+00 0.000000000000000000e+00
2.614845562877357571e-05 6.206896551724137900e+00 0.000000000000000000e+00
4.012392701769450915e-05 6.206896551724137900e+00 0.000000000000000000e+00
6.156881852516431859e-05 6.206896551724137900e+00 0.000000000000000000e+00
9.447528435870507289e-05 6.206896551724137900e+00 0.000000000000000000e+00
1.449691510810809417e-04 6.206896551724137900e+00 0.000000000000000000e+00
2.224502938289680057e-04 6.206896551724137900e+00 0.000000000000000000e+00
3.413425053232034328e-04 6.206896551724137900e+00 0.000000000000000000e+00
5.237786110990897597e-04 6.206896551724137900e+00 0.000000000000000000e+00
8.037206886529592656e-04 6.206896551724137900e+00 0.000000000000000000e+00
1.233282405353092063e-03 6.206896551724137900e+00 0.000000000000000000e+00
1.892430433640681590e-03 6.206896551724137900e+00 0.000000000000000000e+00
2.903870946852704985e-03 6.206896551724137900e+00 0.000000000000000000e+00
4.455892447128280073e-03 6.206896551724137900e+00 0.000000000000000000e+00
6.837417317699419003e-03 6.206896551724137900e+00 0.000000000000000000e+00
1.049178725274334083e-02 6.206896551724137900e+00 0.000000000000000000e+00
1.609929519321271971e-02 6.206896551724137900e+00 0.000000000000000000e+00
2.470382781069370773e-02 6.206896551724137900e+00 0.000000000000000000e+00
3.790719414584618058e-02 6.206896551724137900e+00 0.000000000000000000e+00
5.816731637794420040e-02 6.206896551724137900e+00 0.000000000000000000e+00
8.925579354658201570e-02 6.206896551724137900e+00 0.000000000000000000e+00
1.369600177162519916e-01 6.206896551724137900e+00 0.000000000000000000e+00
2.101605476516926474e-01 6.206896551724137900e+00 0.000000000000000000e+00
9.999999999999999547e-08 1.241379310344827580e+01 0.000000000000000000e+00
1.534466416958955670e-07 1.241379310344827580e+01 0.000000000000000000e+00
2.354587184774860253e-07 1.241379310344827580e+01 0.000000000000000000e+00
3.613034960838954523e-07 1.241379310344827580e+01 0.000000000000000000e+00
5.544080810706002224e-07 1.241379310344827580e+01 0.000000000000000000e+00
8.507205816934941175e-07 1.241379310344827580e+01 0.000000000000000000e+00
1.305402162824454474e-06 1.241379310344827580e+01 0.000000000000000000e+00
2.003095779479715811e-06 1.241379310344827580e+01 0.000000000000000000e+00
3.073683203563846173e-06 1.241379310344827580e+01 0.000000000000000000e+00
4.716463652239548900e-06 1.241379310344827580e+01 0.000000000000000000e+00
7.237255081169170419e-06 1.241379310344827580e+01 0.000000000000000000e+00
1.110532487301967501e-05 1.241379310344827580e+01 0.000000000000000000e+00
1.704074806706766792e-05 1.241379310344827580e+01 0.000000000000000000e+00
2.614845562877357571e-05 1.241379310344827580e+01 0.000000000000000000e+00
4.012392701769450915e-05 1.241379310344827580e+01 0.000000000000000000e+00
6.156881852516431859e-05 1.241379310344827580e+01 0.000000000000000000e+00
9.447528435870507289e-05 1.241379310344827580e+01 0.000000000000000000e+00
1.449691510810809417e-04 1.241379310344827580e+01 0.000000000000000000e+00
2.224502938289680057e-04 1.241379310344827580e+01 0.000000000000000000e+00
3.413425053232034328e-04 1.241379310344827580e+01 0.000000000000000000e+00
5.237786110990897597e-04 1.241379310344827580e+01 0.000000000000000000e+00
8.037206886529592656e-04 1.241379310344827580e+01 0.000000000000000000e+00
1.233282405353092063e-03 1.241379310344827580e+01 0.000000000000000000e+00
1.892430433640681590e-03 1.241379310344827580e+01 0.000000000000000000e+00
2.903870946852704985e-03 1.241379310344827580e+01 0.000000000000000000e+00
4.455892447128280073e-03 1.241379310344827580e+01 0.000000000000000000e+00
6.837417317699419003e-03 1.241379310344827580e+01 0.000000000000000000e+00
1.049178725274334083e-02 1.241379310344827580e+01 0.000000000000000000e+00
1.609929519321271971e-02 1.241379310344827580e+01 0.000000000000000000e+00
2.470382781069370773e-02 1.241379310344827580e+01 0.000000000000000000e+00
3.790719414584618058e-02 1.241379310344827580e+01 0.000000000000000000e+00
5.816731637794420040e-02 1.241379310344827580e+01 0.000000000000000000e+00
8.925579354658201570e-02 1.241379310344827580e+01 0.000000000000000000e+00
1.369600177162519916e-01 1.241379310344827580e+01 0.000000000000000000e+00
2.101605476516926474e-01 1.241379310344827580e+01 0.000000000000000000e+00
9.999999999999999547e-08 1.862068965517241281e+01 0.000000000000000000e+00
1.534466416958955670e-07 1.862068965517241281e+01 0.000000000000000000e+00
2.354587184774860253e-07 1.862068965517241281e+01 0.000000000000000000e+00
3.613034960838954523e-07 1.862068965517241281e+01 0.000000000000000000e+00
5.544080810706002224e-07 1.862068965517241281e+01 0.000000000000000000e+00
8.507205816934941175e-07 1.862068965517241281e+01 0.000000000000000000e+00
1.305402162824454474e-06 1.862068965517241281e+01 0.000000000000000000e+00
2.003095779479715811e-06 1.862068965517241281e+01 0.000000000000000000e+00
3.073683203563846173e-06 1.862068965517241281e+01 0.000000000000000000e+00
4.716463652239548900e-06 1.862068965517241281e+01 0.000000000000000000e+00
7.237255081169170419e-06 1.862068965517241281e+01 0.000000000000000000e+00
1.110532487301967501e-05 1.862068965517241281e+01 0.000000000000000000e+00
1.704074806706766792e-05 1.862068965517241281e+01 0.000000000000000000e+00
2.614845562877357571e-05 1.862068965517241281e+01 0.000000000000000000e+00
4.012392701769450915e-05 1.862068965517241281e+01 0.000000000000000000e+00
6.156881852516431859e-05 1.862068965517241281e+01 0.000000000000000000e+00
9.447528435870507289e-05 1.862068965517241281e+01 0.000000000000000000e+00
1.449691510810809417e-04 1.862068965517241281e+01 0.000000000000000000e+00
2.224502938289680057e-04 1.862068965517241281e+01 0.000000000000000000e+00
3.413425053232034328e-04 1.862068965517241281e+01 0.000000000000000000e+00
5.237786110990897597e-04 1.862068965517241281e+01 0.000000000000000000e+00
8.037206886529592656e-04 1.862068965517241281e+01 0.000000000000000000e+00
1.233282405353092063e-03 1.862068965517241281e+01 0.000000000000000000e+00
1.892430433640681590e-03 1.862068965517241281e+01 0.000000000000000000e+00
2.903870946852704985e-03 1.862068965517241281e+01 0.000000000000000000e+00
4.455892447128280073e-03 1.862068965517241281e+01 0.000000000000000000e+00
6.837417317699419003e-03 1.862068965517241281e+01 0.000000000000000000e+00
1.049178725274334083e-02 1.862068965517241281e+01 0.000000000000000000e+00
1.609929519321271971e-02 1.862068965517241281e+01 0.000000000000000000e+00
2.470382781069370773e-02 1.862068965517241281e+01 0.000000000000000000e+00
3.790719414584618058e-02 1.862068965517241281e+01 0.000000000000000000e+00
5.816731637794420040e-02 1.862068965517241281e+01 0.000000000000000000e+00
8.925579354658201570e-02 1.862068965517241281e+01 0.000000000000000000e+00
1.369600177162519916e-01 1.862068965517241281e+01 0.000000000000000000e+00
2.101605476516926474e-01 1.862068965517241281e+01 0.000000000000000000e+00
9.999999999999999547e-08 2.482758620689655160e+01 0.000000000000000000e+00
1.534466416958955670e-07 2.482758620689655160e+01 0.000000000000000000e+00
2.354587184774860253e-07 2.482758620689655160e+01 0.000000000000000000e+00
3.613034960838954523e-07 2.482758620689655160e+01 0.000000000000000000e+00
5.544080810706002224e-07 2.482758620689655160e+01 0.000000000000000000e+00
8.507205816934941175e-07 2.482758620689655160e+01 0.000000000000000000e+00
1.305402162824454474e-06 2.482758620689655160e+01 0.000000000000000000e+00
2.003095779479715811e-06 2.482758620689655160e+01 0.000000000000000000e+00
3.073683203563846173e-06 2.482758620689655160e+01 0.000000000000000000e+00
4.716463652239548900e-06 2.482758620689655160e+01 0.000000000000000000e+00
7.237255081169170419e-06 2.482758620689655160e+01 0.000000000000000000e+00
1.110532487301967501e-05 2.482758620689655160e+01 0.000000000000000000e+00
1.704074806706766792e-05 2.482758620689655160e+01 0.000000000000000000e+00
2.614845562877357571e-05 2.482758620689655160e+01 0.000000000000000000e+00
4.012392701769450915e-05 2.482758620689655160e+01 0.000000000000000000e+00
6.156881852516431859e-05 2.482758620689655160e+01 0.000000000000000000e+00
9.447528435870507289e-05 2.482758620689655160e+01 0.000000000000000000e+00
1.449691510810809417e-04 2.482758620689655160e+01 0.000000000000000000e+00
2.224502938289680057e-04 2.482758620689655160e+01 0.000000000000000000e+00
3.413425053232034328e-04 2.482758620689655160e+01 0.000000000000000000e+00
5.237786110990897597e-04 2.482758620689655160e+01 0.000000000000000000e+00
8.037206886529592656e-04 2.482758620689655160e+01 0.000000000000000000e+00
1.233282405353092063e-03 2.482758620689655160e+01 0.000000000000000000e+00
1.892430433640681590e-03 2.482758620689655160e+01 0.000000000000000000e+00
2.903870946852704985e-03 2.482758620689655160e+01 0.000000000000000000e+00
4.455892447128280073e-03 2.482758620689655160e+01 0.000000000000000000e+00
6.837417317699419003e-03 2.482758620689655160e+01 0.000000000000000000e+00
1.049178725274334083e-02 2.482758620689655160e+01 0.000000000000000000e+00
1.609929519321271971e-02 2.482758620689655160e+01 0.000000000000000000e+00
2.470382781069370773e-02 2.482758620689655160e+01 0.000000000000000000e+00
3.790719414584618058e-02 2.482758620689655160e+01 0.000000000000000000e+00
5.816731637794420040e-02 2.482758620689655160e+01 0.000000000000000000e+00
8.925579354658201570e-02 2.482758620689655160e+01 0.000000000000000000e+00
1.369600177162519916e-01 2.482758620689655160e+01 0.000000000000000000e+00
2.101605476516926474e-01 2.482758620689655160e+01 0.000000000000000000e+00
9.999999999999999547e-08 3.103448275862069039e+01 0.000000000000000000e+00
1.534466416958955670e-07 3.103448275862069039e+01 0.000000000000000000e+00
2.354587184774860253e-07 3.103448275862069039e+01 0.000000000000000000e+00
3.613034960838954523e-07 3.103448275862069039e+01 0.000000000000000000e+00
5.544080810706002224e-07 3.103448275862069039e+01 0.000000000000000000e+00
8.507205816934941175e-07 3.103448275862069039e+01 0.000000000000000000e+00
1.305402162824454474e-06 3.103448275862069039e+01 0.000000000000000000e+00
2.003095779479715811e-06 3.103448275862069039e+01 0.000000000000000000e+00
3.073683203563846173e-06 3.103448275862069039e+01 0.000000000000000000e+00
4.716463652239548900e-06 3.103448275862069039e+01 0.000000000000000000e+00
7.237255081169170419e-06 3.103448275862069039e+01 0.000000000000000000e+00
1.110532487301967501e-05 3.103448275862069039e+01 0.000000000000000000e+00
1.704074806706766792e-05 3.103448275862069039e+01 0.000000000000000000e+00
2.614845562877357571e-05 3.103448275862069039e+01 0.000000000000000000e+00
4.012392701769450915e-05 3.103448275862069039e+01 0.000000000000000000e+00
6.156881852516431859e-05 3.103448275862069039e+01 0.000000000000000000e+00
9.447528435870507289e-05 3.103448275862069039e+01 0.000000000000000000e+00
1.449691510810809417e-04 3.103448275862069039e+01 0.000000000000000000e+00
2.224502938289680057e-04 3.103448275862069039e+01 0.000000000000000000e+00
3.413425053232034328e-04 3.103448275862069039e+01 0.000000000000000000e+00
5.237786110990897597e-04 3.103448275862069039e+01 0.000000000000000000e+00
8.037206886529592656e-04 3.103448275862069039e+01 0.000000000000000000e+00
1.233282405353092063e-03 3.103448275862069039e+01 0.000000000000000000e+00
1.892430433640681590e-03 3.103448275862069039e+01 0.000000000000000000e+00
2.903870946852704985e-03 3.103448275862069039e+01 0.000000000000000000e+00
4.455892447128280073e-03 3.103448275862069039e+01 0.000000000000000000e+00
6.837417317699419003e-03 3.103448275862069039e+01 0.000000000000000000e+00
1.049178725274334083e-02 3.103448275862069039e+01 0.000000000000000000e+00
1.609929519321271971e-02 3.103448275862069039e+01 0.000000000000000000e+00
2.470382781069370773e-02 3.103448275862069039e+01 0.000000000000000000e+00
3.790719414584618058e-02 3.103448275862069039e+01 0.000000000000000000e+00
5.816731637794420040e-02 3.103448275862069039e+01 0.000000000000000000e+00
8.925579354658201570e-02 3.103448275862069039e+01 0.000000000000000000e+00
1.369600177162519916e-01 3.103448275862069039e+01 0.000000000000000000e+00
2.101605476516926474e-01 3.103448275862069039e+01 0.000000000000000000e+00
9.999999999999999547e-08 3.724137931034482563e+01 0.000000000000000000e+00
1.534466416958955670e-07 3.724137931034482563e+01 0.000000000000000000e+00
2.354587184774860253e-07 3.724137931034482563e+01 0.000000000000000000e+00
3.613034960838954523e-07 3.724137931034482563e+01 0.000000000000000000e+00
5.544080810706002224e-07 3.724137931034482563e+01 0.000000000000000000e+00
8.507205816934941175e-07 3.724137931034482563e+01 0.000000000000000000e+00
1.305402162824454474e-06 3.724137931034482563e+01 0.000000000000000000e+00
2.003095779479715811e-06 3.724137931034482563e+01 0.000000000000000000e+00
3.073683203563846173e-06 3.724137931034482563e+01 0.000000000000000000e+00
4.716463652239548900e-06 3.724137931034482563e+01 0.000000000000000000e+00
7.237255081169170419e-06 3.724137931034482563e+01 0.000000000000000000e+00
1.110532487301967501e-05 3.724137931034482563e+01 0.000000000000000000e+00
1.704074806706766792e-05 3.724137931034482563e+01 0.000000000000000000e+00
2.614845562877357571e-05 3.724137931034482563e+01 0.000000000000000000e+00
4.012392701769450915e-05 3.724137931034482563e+01 0.000000000000000000e+00
6.156881852516431859e-05 3.724137931034482563e+01 0.000000000000000000e+00
9.447528435870507289e-05 3.724137931034482563e+01 0.000000000000000000e+00
1.449691510810809417e-04 3.724137931034482563e+01 0.000000000000000000e+00
2.224502938289680057e-04 3.724137931034482563e+01 0.000000000000000000e+00
3.413425053232034328e-04 3.724137931034482563e+01 0.000000000000000000e+00
5.237786110990897597e-04 3.724137931034482563e+01 0.000000000000000000e+00
8.037206886529592656e-04 3.724137931034482563e+01 0.000000000000000000e+00
1.233282405353092063e-03 3.724137931034482563e+01 0.000000000000000000e+00
1.892430433640681590e-03 3.724137931034482563e+01 0.000000000000000000e+00
2.903870946852704985e-03 3.724137931034482563e+01 0.000000000000000000e+00
4.455892447128280073e-03 3.724137931034482563e+01 0.000000000000000000e+00
6.837417317699419003e-03 3.724137931034482563e+01 0.000000000000000000e+00
1.049178725274334083e-02 3.724137931034482563e+01 0.000000000000000000e+00
1.609929519321271971e-02 3.724137931034482563e+01 0.000000000000000000e+00
2.470382781069370773e-02 3.724137931034482563e+01 0.000000000000000000e+00
3.790719414584618058e-02 3.724137931034482563e+01 0.000000000000000000e+00
5.816731637794420040e-02 3.724137931034482563e+01 0.000000000000000000e+00
8.925579354658201570e-02 3.724137931034482563e+01 0.000000000000000000e+00
1.369600177162519916e-01 3.724137931034482563e+01 0.000000000000000000e+00
2.101605476516926474e-01 3.724137931034482563e+01 0.000000000000000000e+00
9.999999999999999547e-08 4.344827586206896797e+01 0.000000000000000000e+00
1.534466416958955670e-07 4.344827586206896797e+01 0.000000000000000000e+00
2.354587184774860253e-07 4.344827586206896797e+01 0.000000000000000000e+00
3.613034960838954523e-07 4.344827586206896797e+01 0.000000000000000000e+00
5.544080810706002224e-07 4.344827586206896797e+01 0.000000000000000000e+00
8.507205816934941175e-07 4.344827586206896797e+01 0.000000000000000000e+00
1.305402162824454474e-06 4.344827586206896797e+01 0.000000000000000000e+00
2.003095779479715811e-06 4.344827586206896797e+01 0.000000000000000000e+00
3.073683203563846173e-06 4.344827586206896797e+01 0.000000000000000000e+00
4.716463652239548900e-06 4.344827586206896797e+01 0.000000000000000000e+00
7.237255081169170419e-06 4.344827586206896797e+01 0.000000000000000000e+00
1.110532487301967501e-05 4.344827586206896797e+01 0.000000000000000000e+00
1.704074806706766792e-05 4.344827586206896797e+01 0.000000000000000000e+00
2.614845562877357571e-05 4.344827586206896797e+01 0.000000000000000000e+00
4.012392701769450915e-05 4.344827586206896797e+01 0.000000000000000000e+00
6.156881852516431859e-05 4.344827586206896797e+01 0.000000000000000000e+00
9.447528435870507289e-05 4.344827586206896797e+01 0.000000000000000000e+00
1.449691510810809417e-04 4.344827586206896797e+01 0.000000000000000000e+00
2.224502938289680057e-04 4.344827586206896797e+01 0.000000000000000000e+00
3.413425053232034328e-04 4.344827586206896797e+01 0.000000000000000000e+00
5.237786110990897597e-04 4.344827586206896797e+01 0.000000000000000000e+00
8.037206886529592656e-04 4.344827586206896797e+01 0.000000000000000000e+00
1.233282405353092063e-03 4.344827586206896797e+01 0.000000000000000000e+00
1.892430433640681590e-03 4.344827586206896797e+01 0.000000000000000000e+00
2.903870946852704985e-03 4.344827586206896797e+01 0.000000000000000000e+00
4.455892447128280073e-03 4.344827586206896797e+01 0.000000000000000000e+00
6.837417317699419003e-03 4.344827586206896797e+01 0.000000000000000000e+00
1.049178725274334083e-02 4.344827586206896797e+01 0.000000000000000000e+00
1.609929519321271971e-02 4.344827586206896797e+01 0.000000000000000000e+00
2.470382781069370773e-02 4.344827586206896797e+01 0.000000000000000000e+00
3.790719414584618058e-02 4.344827586206896797e+01 0.000000000000000000e+00
5.816731637794420040e-02 4.344827586206896797e+01 0.000000000000000000e+00
8.925579354658201570e-02 4.344827586206896797e+01 0.000000000000000000e+00
1.369600177162519916e-01 4.344827586206896797e+01 0.000000000000000000e+00
2.101605476516926474e-01 4.344827586206896797e+01 0.000000000000000000e+00
9.999999999999999547e-08 4.965517241379310320e+01 0.000000000000000000e+00
1.534466416958955670e-07 4.965517241379310320e+01 0.000000000000000000e+00
2.354587184774860253e-07 4.965517241379310320e+01 0.000000000000000000e+00
3.613034960838954523e-07 4.965517241379310320e+01 0.000000000000000000e+00
5.544080810706002224e-07 4.965517241379310320e+01 0.000000000000000000e+00
8.507205816934941175e-07 4.965517241379310320e+01 0.000000000000000000e+00
1.305402162824454474e-06 4.965517241379310320e+01 0.000000000000000000e+00
2.003095779479715811e-06 4.965517241379310320e+01 0.000000000000000000e+00
3.073683203563846173e-06 4.965517241379310320e+01 0.000000000000000000e+00
4.716463652239548900e-06 4.965517241379310320e+01 0.000000000000000000e+00
7.237255081169170419e-06 4.965517241379310320e+01 0.000000000000000000e+00
1.110532487301967501e-05 4.965517241379310320e+01 0.000000000000000000e+00
1.704074806706766792e-05 4.965517241379310320e+01 0.000000000000000000e+00
2.614845562877357571e-05 4.965517241379310320e+01 0.000000000000000000e+00
4.012392701769450915e-05 4.965517241379310320e+01 0.000000000000000000e+00
6.156881852516431859e-05 4.965517241379310320e+01 0.000000000000000000e+00
9.447528435870507289e-05 4.965517241379310320e+01 0.000000000000000000e+00
1.449691510810809417e-04 4.965517241379310320e+01 0.000000000000000000e+00
2.224502938289680057e-04 4.965517241379310320e+01 0.000000000000000000e+00
3.413425053232034328e-04 4.965517241379310320e+01 0.000000000000000000e+00
5.237786110990897597e-04 4.965517241379310320e+01 0.000000000000000000e+00
8.037206886529592656e-04 4.965517241379310320e+01 0.000000000000000000e+00
1.233282405353092063e-03 4.965517241379310320e+01 0.000000000000000000e+00
1.892430433640681590e-03 4.965517241379310320e+01 0.000000000000000000e+00
2.903870946852704985e-03 4.965517241379310320e+01 0.000000000000000000e+00
4.455892447128280073e-03 4.965517241379310320e+01 0.000000000000000000e+00
6.837417317699419003e-03 4.965517241379310320e+01 0.000000000000000000e+00
1.049178725274334083e-02 4.965517241379310320e+01 0.000000000000000000e+00
1.609929519321271971e-02 4.965517241379310320e+01 0.000000000000000000e+00
2.470382781069370773e-02 4.965517241379310320e+01 0.000000000000000000e+00
3.790719414584618058e-02 4.965517241379310320e+01 0.000000000000000000e+00
5.816731637794420040e-02 4.965517241379310320e+01 0.000000000000000000e+00
8.925579354658201570e-02 4.965517241379310320e+01 0.000000000000000000e+00
1.369600177162519916e-01 4.965517241379310320e+01 0.000000000000000000e+00
2.101605476516926474e-01 4.965517241379310320e+01 0.000000000000000000e+00
9.999999999999999547e-08 5.586206896551724554e+01 0.000000000000000000e+00
1.534466416958955670e-07 5.586206896551724554e+01 0.000000000000000000e+00
2.354587184774860253e-07 5.586206896551724554e+01 0.000000000000000000e+00
3.613034960838954523e-07 5.586206896551724554e+01 0.000000000000000000e+00
5.544080810706002224e-07 5.586206896551724554e+01 0.000000000000000000e+00
8.507205816934941175e-07 5.586206896551724554e+01 0.000000000000000000e+00
1.305402162824454474e-06 5.586206896551724554e+01 0.000000000000000000e+00
2.003095779479715811e-06 5.586206896551724554e+01 0.000000000000000000e+00
3.073683203563846173e-06 5.586206896551724554e+01 0.000000000000000000e+00
4.716463652239548900e-06 5.586206896551724554e+01 0.000000000000000000e+00
7.237255081169170419e-06 5.586206896551724554e+01 0.000000000000000000e+00
1.110532487301967501e-05 5.586206896551724554e+01 0.000000000000000000e+00
1.704074806706766792e-05 5.586206896551724554e+01 0.000000000000000000e+00
2.614845562877357571e-05 5.586206896551724554e+01 0.000000000000000000e+00
4.012392701769450915e-05 5.586206896551724554e+01 0.000000000000000000e+00
6.156881852516431859e-05 5.586206896551724554e+01 0.000000000000000000e+00
9.447528435870507289e-05 5.586206896551724554e+01 0.000000000000000000e+00
1.449691510810809417e-04 5.586206896551724554e+01 0.000000000000000000e+00
2.224502938289680057e-04 5.586206896551724554e+01 0.000000000000000000e+00
3.413425053232034328e-04 5.586206896551724554e+01 0.000000000000000000e+00
5.237786110990897597e-04 5.586206896551724554e+01 0.000000000000000000e+00
8.037206886529592656e-04 5.586206896551724554e+01 0.000000000000000000e+00
1.233282405353092063e-03 5.586206896551724554e+01 0.000000000000000000e+00
1.892430433640681590e-03 5.586206896551724554e+01 0.000000000000000000e+00
2.903870946852704985e-03 5.586206896551724554e+01 0.000000000000000000e+00
4.455892447128280073e-03 5.586206896551724554e+01 0.000000000000000000e+00
6.837417317699419003e-03 5.586206896551724554e+01 0.000000000000000000e+00
1.049178725274334083e-02 5.586206896551724554e+01 0.000000000000000000e+00
1.609929519321271971e-02 5.586206896551724554e+01 0.000000000000000000e+00
2.470382781069370773e-02 5.586206896551724554e+01 0.000000000000000000e+00
3.790719414584618058e-02 5.586206896551724554e+01 0.000000000000000000e+00
5.816731637794420040e-02 5.586206896551724554e+01 0.000000000000000000e+00
8.925579354658201570e-02 5.586206896551724554e+01 0.000000000000000000e+00
1.369600177162519916e-01 5.586206896551724554e+01 0.000000000000000000e+00
2.101605476516926474e-01 5.586206896551724554e+01 0.000000000000000000e+00
9.999999999999999547e-08 6.206896551724138078e+01 0.000000000000000000e+00
1.534466416958955670e-07 6.206896551724138078e+01 0.000000000000000000e+00
2.354587184774860253e-07 6.206896551724138078e+01 0.000000000000000000e+00
3.613034960838954523e-07 6.206896551724138078e+01 0.000000000000000000e+00
5.544080810706002224e-07 6.206896551724138078e+01 0.000000000000000000e+00
8.507205816934941175e-07 6.206896551724138078e+01 0.000000000000000000e+00
1.305402162824454474e-06 6.206896551724138078e+01 0.000000000000000000e+00
2.003095779479715811e-06 6.206896551724138078e+01 0.000000000000000000e+00
3.073683203563846173e-06 6.206896551724138078e+01 0.000000000000000000e+00
4.716463652239548900e-06 6.206896551724138078e+01 0.000000000000000000e+00
7.237255081169170419e-06 6.206896551724138078e+01 0.000000000000000000e+00
1.110532487301967501e-05 6.206896551724138078e+01 0.000000000000000000e+00
1.704074806706766792e-05 6.206896551724138078e+01 0.000000000000000000e+00
2.614845562877357571e-05 6.206896551724138078e+01 0.000000000000000000e+00
4.012392701769450915e-05 6.206896551724138078e+01 0.000000000000000000e+00
6.156881852516431859e-05 6.206896551724138078e+01 0.000000000000000000e+00
9.447528435870507289e-05 6.206896551724138078e+01 0.000000000000000000e+00
1.449691510810809417e-04 6.206896551724138078e+01 0.000000000000000000e+00
2.224502938289680057e-04 6.206896551724138078e+01 0.000000000000000000e+00
3.413425053232034328e-04 6.206896551724138078e+01 0.000000000000000000e+00
5.237786110990897597e-04 6.206896551724138078e+01 0.000000000000000000e+00
8.037206886529592656e-04 6.206896551724138078e+01 0.000000000000000000e+00
1.233282405353092063e-03 6.206896551724138078e+01 0.000000000000000000e+00
1.892430433640681590e-03 6.206896551724138078e+01 0.000000000000000000e+00
2.903870946852704985e-03 6.206896551724138078e+01 0.000000000000000000e+00
4.455892447128280073e-03 6.206896551724138078e+01 0.000000000000000000e+00
6.837417317699419003e-03 6.206896551724138078e+01 0.000000000000000000e+00
1.049178725274334083e-02 6.206896551724138078e+01 0.000000000000000000e+00
1.609929519321271971e-02 6.206896551724138078e+01 0.000000000000000000e+00
2.470382781069370773e-02 6.206896551724138078e+01 0.000000000000000000e+00
3.790719414584618058e-02 6.206896551724138078e+01 0.000000000000000000e+00
5.816731637794420040e-02 6.206896551724138078e+01 0.000000000000000000e+00
8.925579354658201570e-02 6.206896551724138078e+01 0.000000000000000000e+00
1.369600177162519916e-01 6.206896551724138078e+01 0.000000000000000000e+00
2.101605476516926474e-01 6.206896551724138078e+01 0.000000000000000000e+00
9.999999999999999547e-08 6.827586206896552312e+01 0.000000000000000000e+00
1.534466416958955670e-07 6.827586206896552312e+01 0.000000000000000000e+00
2.354587184774860253e-07 6.827586206896552312e+01 0.000000000000000000e+00
3.613034960838954523e-07 6.827586206896552312e+01 0.000000000000000000e+00
5.544080810706002224e-07 6.827586206896552312e+01 0.000000000000000000e+00
8.507205816934941175e-07 6.827586206896552312e+01 0.000000000000000000e+00
1.305402162824454474e-06 6.827586206896552312e+01 0.000000000000000000e+00
2.003095779479715811e-06 6.827586206896552312e+01 0.000000000000000000e+00
3.073683203563846173e-06 6.827586206896552312e+01 0.000000000000000000e+00
4.716463652239548900e-06 6.827586206896552312e+01 0.000000000000000000e+00
7.237255081169170419e-06 6.827586206896552312e+01 0.000000000000000000e+00
1.110532487301967501e-05 6.827586206896552312e+01 0.000000000000000000e+00
1.704074806706766792e-05 6.827586206896552312e+01 0.000000000000000000e+00
2.614845562877357571e-05 6.827586206896552312e+01 0.000000000000000000e+00
4.012392701769450915e-05 6.827586206896552312e+01 0.000000000000000000e+00
6.156881852516431859e-05 6.827586206896552312e+01 0.000000000000000000e+00
9.447528435870507289e-05 6.827586206896552312e+01 0.000000000000000000e+00
1.449691510810809417e-04 6.827586206896552312e+01 0.000000000000000000e+00
2.224502938289680057e-04 6.827586206896552312e+01 0.000000000000000000e+00
3.413425053232034328e-04 6.827586206896552312e+01 0.000000000000000000e+00
5.237786110990897597e-04 6.827586206896552312e+01 0.000000000000000000e+00
8.037206886529592656e-04 6.827586206896552312e+01 0.000000000000000000e+00
1.233282405353092063e-03 6.827586206896552312e+01 0.000000000000000000e+00
1.892430433640681590e-03 6.827586206896552312e+01 0.000000000000000000e+00
2.903870946852704985e-03 6.827586206896552312e+01 0.000000000000000000e+00
4.455892447128280073e-03 6.827586206896552312e+01 0.000000000000000000e+00
6.837417317699419003e-03 6.827586206896552312e+01 0.000000000000000000e+00
1.049178725274334083e-02 6.827586206896552312e+01 0.000000000000000000e+00
1.609929519321271971e-02 6.827586206896552312e+01 0.000000000000000000e+00
2.470382781069370773e-02 6.827586206896552312e+01 0.000000000000000000e+00
3.790719414584618058e-02 6.827586206896552312e+01 0.000000000000000000e+00
5.816731637794420040e-02 6.827586206896552312e+01 0.000000000000000000e+00
8.925579354658201570e-02 6.827586206896552312e+01 0.000000000000000000e+00
1.369600177162519916e-01 6.827586206896552312e+01 0.000000000000000000e+00
2.101605476516926474e-01 6.827586206896552312e+01 0.000000000000000000e+00
9.999999999999999547e-08 7.448275862068965125e+01 0.000000000000000000e+00
1.534466416958955670e-07 7.448275862068965125e+01 0.000000000000000000e+00
2.354587184774860253e-07 7.448275862068965125e+01 0.000000000000000000e+00
3.613034960838954523e-07 7.448275862068965125e+01 0.000000000000000000e+00
5.544080810706002224e-07 7.448275862068965125e+01 0.000000000000000000e+00
8.507205816934941175e-07 7.448275862068965125e+01 0.000000000000000000e+00
1.305402162824454474e-06 7.448275862068965125e+01 0.000000000000000000e+00
2.003095779479715811e-06 7.448275862068965125e+01 0.000000000000000000e+00
3.073683203563846173e-06 7.448275862068965125e+01 0.000000000000000000e+00
4.716463652239548900e-06 7.448275862068965125e+01 0.000000000000000000e+00
7.237255081169170419e-06 7.448275862068965125e+01 0.000000000000000000e+00
1.110532487301967501e-05 7.448275862068965125e+01 0.000000000000000000e+00
1.704074806706766792e-05 7.448275862068965125e+01 0.000000000000000000e+00
2.614845562877357571e-05 7.448275862068965125e+01 0.000000000000000000e+00
4.012392701769450915e-05 7.448275862068965125e+01 0.000000000000000000e+00
6.156881852516431859e-05 7.448275862068965125e+01 0.000000000000000000e+00
9.447528435870507289e-05 7.448275862068965125e+01 0.000000000000000000e+00
1.449691510810809417e-04 7.448275862068965125e+01 0.000000000000000000e+00
2.224502938289680057e-04 7.448275862068965125e+01 0.000000000000000000e+00
3.413425053232034328e-04 7.448275862068965125e+01 0.000000000000000000e+00
5.237786110990897597e-04 7.448275862068965125e+01 0.000000000000000000e+00
8.037206886529592656e-04 7.448275862068965125e+01 0.000000000000000000e+00
1.233282405353092063e-03 7.448275862068965125e+01 0.000000000000000000e+00
1.892430433640681590e-03 7.448275862068965125e+01 0.000000000000000000e+00
2.903870946852704985e-03 7.448275862068965125e+01 0.000000000000000000e+00
4.455892447128280073e-03 7.448275862068965125e+01 0.000000000000000000e+00
6.837417317699419003e-03 7.448275862068965125e+01 0.000000000000000000e+00
1.049178725274334083e-02 7.448275862068965125e+01 0.000000000000000000e+00
1.609929519321271971e-02 7.448275862068965125e+01 0.000000000000000000e+00
2.470382781069370773e-02 7.448275862068965125e+01 0.000000000000000000e+00
3.790719414584618058e-02 7.448275862068965125e+01 0.000000000000000000e+00
5.816731637794420040e-02 7.448275862068965125e+01 0.000000000000000000e+00
8.925579354658201570e-02 7.448275862068965125e+01 0.000000000000000000e+00
1.369600177162519916e-01 7.448275862068965125e+01 0.000000000000000000e+00
2.101605476516926474e-01 7.448275862068965125e+01 0.000000000000000000e+00
9.999999999999999547e-08 8.068965517241380780e+01 0.000000000000000000e+00
1.534466416958955670e-07 8.068965517241380780e+01 0.000000000000000000e+00
2.354587184774860253e-07 8.068965517241380780e+01 0.000000000000000000e+00
3.613034960838954523e-07 8.068965517241380780e+01 0.000000000000000000e+00
5.544080810706002224e-07 8.068965517241380780e+01 0.000000000000000000e+00
8.507205816934941175e-07 8.068965517241380780e+01 0.000000000000000000e+00
1.305402162824454474e-06 8.068965517241380780e+01 0.000000000000000000e+00
2.003095779479715811e-06 8.068965517241380780e+01 0.000000000000000000e+00
3.073683203563846173e-06 8.068965517241380780e+01 0.000000000000000000e+00
4.716463652239548900e-06 8.068965517241380780e+01 0.000000000000000000e+00
7.237255081169170419e-06 8.068965517241380780e+01 0.000000000000000000e+00
1.110532487301967501e-05 8.068965517241380780e+01 0.000000000000000000e+00
1.704074806706766792e-05 8.068965517241380780e+01 0.000000000000000000e+00
2.614845562877357571e-05 8.068965517241380780e+01 0.000000000000000000e+00
4.012392701769450915e-05 8.068965517241380780e+01 0.000000000000000000e+00
6.156881852516431859e-05 8.068965517241380780e+01 0.000000000000000000e+00
9.447528435870507289e-05 8.068965517241380780e+01 0.000000000000000000e+00
1.449691510810809417e-04 8.068965517241380780e+01 0.000000000000000000e+00
2.224502938289680057e-04 8.068965517241380780e+01 0.000000000000000000e+00
3.413425053232034328e-04 8.068965517241380780e+01 0.000000000000000000e+00
5.237786110990897597e-04 8.068965517241380780e+01 0.000000000000000000e+00
8.037206886529592656e-04 8.068965517241380780e+01 0.000000000000000000e+00
1.233282405353092063e-03 8.068965517241380780e+01 0.000000000000000000e+00
1.892430433640681590e-03 8.068965517241380780e+01 0.000000000000000000e+00
2.903870946852704985e-03 8.068965517241380780e+01 0.000000000000000000e+00
4.455892447128280073e-03 8.068965517241380780e+01 0.000000000000000000e+00
6.837417317699419003e-03 8.068965517241380780e+01 0.000000000000000000e+00
1.049178725274334083e-02 8.068965517241380780e+01 0.000000000000000000e+00
1.609929519321271971e-02 8.068965517241380780e+01 0.000000000000000000e+00
2.470382781069370773e-02 8.068965517241380780e+01 0.000000000000000000e+00
3.790719414584618058e-02 8.068965517241380780e+01 0.000000000000000000e+00
5.816731637794420040e-02 8.068965517241380780e+01 0.000000000000000000e+00
8.925579354658201570e-02 8.068965517241380780e+01 0.000000000000000000e+00
1.369600177162519916e-01 8.068965517241380780e+01 0.000000000000000000e+00
2.101605476516926474e-01 8.068965517241380780e+01 0.000000000000000000e+00
9.999999999999999547e-08 8.689655172413793593e+01 0.000000000000000000e+00
1.534466416958955670e-07 8.689655172413793593e+01 0.000000000000000000e+00
2.354587184774860253e-07 8.689655172413793593e+01 0.000000000000000000e+00
3.613034960838954523e-07 8.689655172413793593e+01 0.000000000000000000e+00
5.544080810706002224e-07 8.689655172413793593e+01 0.000000000000000000e+00
8.507205816934941175e-07 8.689655172413793593e+01 0.000000000000000000e+00
1.305402162824454474e-06 8.689655172413793593e+01 0.000000000000000000e+00
2.003095779479715811e-06 8.689655172413793593e+01 0.000000000000000000e+00
3.073683203563846173e-06 8.689655172413793593e+01 0.000000000000000000e+00
4.716463652239548900e-06 8.689655172413793593e+01 0.000000000000000000e+00
7.237255081169170419e-06 8.689655172413793593e+01 0.000000000000000000e+00
1.110532487301967501e-05 8.689655172413793593e+01 0.000000000000000000e+00
1.704074806706766792e-05 8.689655172413793593e+01 0.000000000000000000e+00
2.614845562877357571e-05 8.689655172413793593e+01 0.000000000000000000e+00
4.012392701769450915e-05 8.689655172413793593e+01 0.000000000000000000e+00
6.156881852516431859e-05 8.689655172413793593e+01 0.000000000000000000e+00
9.447528435870507289e-05 8.689655172413793593e+01 0.000000000000000000e+00
1.449691510810809417e-04 8.689655172413793593e+01 0.000000000000000000e+00
2.224502938289680057e-04 8.689655172413793593e+01 0.000000000000000000e+00
3.413425053232034328e-04 8.689655172413793593e+01 0.000000000000000000e+00
5.237786110990897597e-04 8.689655172413793593e+01 0.000000000000000000e+00
8.037206886529592656e-04 8.689655172413793593e+01 0.000000000000000000e+00
1.233282405353092063e-03 8.689655172413793593e+01 0.000000000000000000e+00
1.892430433640681590e-03 8.689655172413793593e+01 0.000000000000000000e+00
2.903870946852704985e-03 8.689655172413793593e+01 0.000000000000000000e+00
4.455892447128280073e-03 8.689655172413793593e+01 0.000000000000000000e+00
6.837417317699419003e-03 8.689655172413793593e+01 0.000000000000000000e+00
1.049178725274334083e-02 8.689655172413793593e+01 0.000000000000000000e+00
1.609929519321271971e-02 8.689655172413793593e+01 0.000000000000000000e+00
2.470382781069370773e-02 8.689655172413793593e+01 0.000000000000000000e+00
3.790719414584618058e-02 8.689655172413793593e+01 0.000000000000000000e+00
5.816731637794420040e-02 8.689655172413793593e+01 0.000000000000000000e+00
8.925579354658201570e-02 8.689655172413793593e+01 0.000000000000000000e+00
1.369600177162519916e-01 8.689655172413793593e+01 1.454687445105012302e-34
2.101605476516926474e-01 8.689655172413793593e+01 0.000000000000000000e+00
9.999999999999999547e-08 9.310344827586206407e+01 0.000000000000000000e+00
1.534466416958955670e-07 9.310344827586206407e+01 0.000000000000000000e+00
2.354587184774860253e-07 9.310344827586206407e+01 0.000000000000000000e+00
3.613034960838954523e-07 9.310344827586206407e+01 0.000000000000000000e+00
5.544080810706002224e-07 9.310344827586206407e+01 0.000000000000000000e+00
8.507205816934941175e-07 9.310344827586206407e+01 0.000000000000000000e+00
1.305402162824454474e-06 9.310344827586206407e+01 0.000000000000000000e+00
2.003095779479715811e-06 9.310344827586206407e+01 0.000000000000000000e+00
3.073683203563846173e-06 9.310344827586206407e+01 0.000000000000000000e+00
4.716463652239548900e-06 9.310344827586206407e+01 0.000000000000000000e+00
7.237255081169170419e-06 9.310344827586206407e+01 0.000000000000000000e+00
1.110532487301967501e-05 9.310344827586206407e+01 0.000000000000000000e+00
1.704074806706766792e-05 9.310344827586206407e+01 0.000000000000000000e+00
2.614845562877357571e-05 9.310344827586206407e+01 0.000000000000000000e+00
4.012392701769450915e-05 9.310344827586206407e+01 0.000000000000000000e+00
6.156881852516431859e-05 9.310344827586206407e+01 0.000000000000000000e+00
9.447528435870507289e-05 9.310344827586206407e+01 0.000000000000000000e+00
1.449691510810809417e-04 9.310344827586206407e+01 0.000000000000000000e+00
2.224502938289680057e-04 9.310344827586206407e+01 0.000000000000000000e+00
3.413425053232034328e-04 9.310344827586206407e+01 0.000000000000000000e+00
5.237786110990897597e-04 9.310344827586206407e+01 0.000000000000000000e+00
8.037206886529592656e-04 9.310344827586206407e+01 0.000000000000000000e+00
1.233282405353092063e-03 9.310344827586206407e+01 0.000000000000000000e+00
1.892430433640681590e-03 9.310344827586206407e+01 0.000000000000000000e+00
2.903870946852704985e-03 9.310344827586206407e+01 0.000000000000000000e+00
4.455892447128280073e-03 9.310344827586206407e+01 0.000000000000000000e+00
6.837417317699419003e-03 9.310344827586206407e+01 0.000000000000000000e+00
1.049178725274334083e-02 9.310344827586206407e+01 0.000000000000000000e+00
1.609929519321271971e-02 9.310344827586206407e+01 0.000000000000000000e+00
2.470382781069370773e-02 9.310344827586206407e+01 0.000000000000000000e+00
3.790719414584618058e-02 9.310344827586206407e+01 0.000000000000000000e+00
5.816731637794420040e-02 9.310344827586206407e+01 0.000000000000000000e+00
8.925579354658201570e-02 9.310344827586206407e+01 1.106672074710254785e-34
1.369600177162519916e-01 9.310344827586206407e+01 1.168048823424477191e-34
2.101605476516926474e-01 9.310344827586206407e+01 0.000000000000000000e+00
9.999999999999999547e-08 9.931034482758620641e+01 0.000000000000000000e+00
1.534466416958955670e-07 9.931034482758620641e+01 0.000000000000000000e+00
2.354587184774860253e-07 9.931034482758620641e+01 0.000000000000000000e+00
3.613034960838954523e-07 9.931034482758620641e+01 0.000000000000000000e+00
5.544080810706002224e-07 9.931034482758620641e+01 0.000000000000000000e+00
8.507205816934941175e-07 9.931034482758620641e+01 0.000000000000000000e+00
1.305402162824454474e-06 9.931034482758620641e+01 0.000000000000000000e+00
2.003095779479715811e-06 9.931034482758620641e+01 0.000000000000000000e+00
3.073683203563846173e-06 9.931034482758620641e+01 0.000000000000000000e+00
4.716463652239548900e-06 9.931034482758620641e+01 0.000000000000000000e+00
7.237255081169170419e-06 9.931034482758620641e+01 0.000000000000000000e+00
1.110532487301967501e-05 9.931034482758620641e+01 0.000000000000000000e+00
1.704074806706766792e-05 9.931034482758620641e+01 0.000000000000000000e+00
2.614845562877357571e-05 9.931034482758620641e+01 0.000000000000000000e+00
4.012392701769450915e-05 9.931034482758620641e+01 0.000000000000000000e+00
6.156881852516431859e-05 9.931034482758620641e+01 0.000000000000000000e+00
9.447528435870507289e-05 9.931034482758620641e+01 0.000000000000000000e+00
1.449691510810809417e-04 9.931034482758620641e+01 0.000000000000000000e+00
2.224502938289680057e-04 9.931034482758620641e+01 0.000000000000000000e+00
3.413425053232034328e-04 9.931034482758620641e+01 0.000000000000000000e+00
5.237786110990897597e-04 9.931034482758620641e+01 0.000000000000000000e+00
8.037206886529592656e-04 9.931034482758620641e+01 0.000000000000000000e+00
1.233282405353092063e-03 9.931034482758620641e+01 0.000000000000000000e+00
1.892430433640681590e-03 9.931034482758620641e+01 0.000000000000000000e+00
2.903870946852704985e-03 9.931034482758620641e+01 0.000000000000000000e+00
4.455892447128280073e-03 9.931034482758620641e+01 0.000000000000000000e+00
6.837417317699419003e-03 9.931034482758620641e+01 0.000000000000000000e+00
1.049178725274334083e-02 9.931034482758620641e+01 0.000000000000000000e+00
1.609929519321271971e-02 9.931034482758620641e+01 0.000000000000000000e+00
2.470382781069370773e-02 9.931034482758620641e+01 0.000000000000000000e+00
3.790719414584618058e-02 9.931034482758620641e+01 0.000000000000000000e+00
5.816731637794420040e-02 9.931034482758620641e+01 0.000000000000000000e+00
8.925579354658201570e-02 9.931034482758620641e+01 1.064309264369072613e-34
1.369600177162519916e-01 9.931034482758620641e+01 9.320580675328151056e-35
2.101605476516926474e-01 9.931034482758620641e+01 0.000000000000000000e+00
9.999999999999999547e-08 1.055172413793103630e+02 0.000000000000000000e+00
1.534466416958955670e-07 1.055172413793103630e+02 0.000000000000000000e+00
2.354587184774860253e-07 1.055172413793103630e+02 0.000000000000000000e+00
3.613034960838954523e-07 1.055172413793103630e+02 0.000000000000000000e+00
5.544080810706002224e-07 1.055172413793103630e+02 0.000000000000000000e+00
8.507205816934941175e-07 1.055172413793103630e+02 0.000000000000000000e+00
1.305402162824454474e-06 1.055172413793103630e+02 0.000000000000000000e+00
2.003095779479715811e-06 1.055172413793103630e+02 0.000000000000000000e+00
3.073683203563846173e-06 1.055172413793103630e+02 0.000000000000000000e+00
4.716463652239548900e-06 1.055172413793103630e+02 0.000000000000000000e+00
7.237255081169170419e-06 1.055172413793103630e+02 0.000000000000000000e+00
1.110532487301967501e-05 1.055172413793103630e+02 0.000000000000000000e+00
1.704074806706766792e-05 1.055172413793103630e+02 0.000000000000000000e+00
2.614845562877357571e-05 1.055172413793103630e+02 0.000000000000000000e+00
4.012392701769450915e-05 1.055172413793103630e+02 0.000000000000000000e+00
6.156881852516431859e-05 1.055172413793103630e+02 0.000000000000000000e+00
9.447528435870507289e-05 1.055172413793103630e+02 0.000000000000000000e+00
1.449691510810809417e-04 1.055172413793103630e+02 0.000000000000000000e+00
2.224502938289680057e-04 1.055172413793103630e+02 0.000000000000000000e+00
3.413425053232034328e-04 1.055172413793103630e+02 0.000000000000000000e+00
5.237786110990897597e-04 1.055172413793103630e+02 0.000000000000000000e+00
8.037206886529592656e-04 1.055172413793103630e+02 0.000000000000000000e+00
1.233282405353092063e-03 1.055172413793103630e+02 0.000000000000000000e+00
1.892430433640681590e-03 1.055172413793103630e+02 0.000000000000000000e+00
2.903870946852704985e-03 1.055172413793103630e+02 0.000000000000000000e+00
4.455892447128280073e-03 1.055172413793103630e+02 0.000000000000000000e+00
6.837417317699419003e-03 1.055172413793103630e+02 0.000000000000000000e+00
1.049178725274334083e-02 1.055172413793103630e+02 0.000000000000000000e+00
1.609929519321271971e-02 1.055172413793103630e+02 0.000000000000000000e+00
2.470382781069370773e-02 1.055172413793103630e+02 0.000000000000000000e+00
3.790719414584618058e-02 1.055172413793103630e+02 0.000000000000000000e+00
5.816731637794420040e-02 1.055172413793103630e+02 3.796666419391276956e-35
8.925579354658201570e-02 1.055172413793103630e+02 9.909098976642285644e-35
1.369600177162519916e-01 1.055172413793103630e+02 7.392524788630832312e-35
2.101605476516926474e-01 1.055172413793103630e+02 0.000000000000000000e+00
9.999999999999999547e-08 1.117241379310344911e+02 0.000000000000000000e+00
1.534466416958955670e-07 1.117241379310344911e+02 0.000000000000000000e+00
2.354587184774860253e-07 1.117241379310344911e+02 0.000000000000000000e+00
3.613034960838954523e-07 1.117241379310344911e+02 0.000000000000000000e+00
5.544080810706002224e-07 1.117241379310344911e+02 0.000000000000000000e+00
8.507205816934941175e-07 1.117241379310344911e+02 0.000000000000000000e+00
1.305402162824454474e-06 1.117241379310344911e+02 0.000000000000000000e+00
2.003095779479715811e-06 1.117241379310344911e+02 0.000000000000000000e+00
3.073683203563846173e-06 1.117241379310344911e+02 0.000000000000000000e+00
4.716463652239548900e-06 1.117241379310344911e+02 0.000000000000000000e+00
7.237255081169170419e-06 1.117241379310344911e+02 0.000000000000000000e+00
1.110532487301967501e-05 1.117241379310344911e+02 0.000000000000000000e+00
1.704074806706766792e-05 1.117241379310344911e+02 0.000000000000000000e+00
2.614845562877357571e-05 1.117241379310344911e+02 0.000000000000000000e+00
4.012392701769450915e-05 1.117241379310344911e+02 0.000000000000000000e+00
6.156881852516431859e-05 1.117241379310344911e+02 0.000000000000000000e+00
9.447528435870507289e-05 1.117241379310344911e+02 0.000000000000000000e+00
1.449691510810809417e-04 1.117241379310344911e+02 0.000000000000000000e+00
2.224502938289680057e-04 1.117241379310344911e+02 0.000000000000000000e+00
3.413425053232034328e-04 1.117241379310344911e+02 0.000000000000000000e+00
5.237786110990897597e-04 1.117241379310344911e+02 0.000000000000000000e+00
8.037206886529592656e-04 1.117241379310344911e+02 0.000000000000000000e+00
1.233282405353092063e-03 1.117241379310344911e+02 0.000000000000000000e+00
1.892430433640681590e-03 1.117241379310344911e+02 0.000000000000000000e+00
2.903870946852704985e-03 1.117241379310344911e+02 0.000000000000000000e+00
4.455892447128280073e-03 1.117241379310344911e+02 0.000000000000000000e+00
6.837417317699419003e-03 1.117241379310344911e+02 0.000000000000000000e+00
1.049178725274334083e-02 1.117241379310344911e+02 0.000000000000000000e+00
1.609929519321271971e-02 1.117241379310344911e+02 0.000000000000000000e+00
2.470382781069370773e-02 1.117241379310344911e+02 0.000000000000000000e+00
3.790719414584618058e-02 1.117241379310344911e+02 1.452728427552201872e-35
5.816731637794420040e-02 1.117241379310344911e+02 3.935299894225263426e-35
8.925579354658201570e-02 1.117241379310344911e+02 8.966208529031476417e-35
1.369600177162519916e-01 1.117241379310344911e+02 5.764509700585184655e-35
2.101605476516926474e-01 1.117241379310344911e+02 0.000000000000000000e+00
9.999999999999999547e-08 1.179310344827586192e+02 0.000000000000000000e+00
1.534466416958955670e-07 1.179310344827586192e+02 0.000000000000000000e+00
2.354587184774860253e-07 1.179310344827586192e+02 0.000000000000000000e+00
3.613034960838954523e-07 1.179310344827586192e+02 0.000000000000000000e+00
5.544080810706002224e-07 1.179310344827586192e+02 0.000000000000000000e+00
8.507205816934941175e-07 1.179310344827586192e+02 0.000000000000000000e+00
1.305402162824454474e-06 1.179310344827586192e+02 0.000000000000000000e+00
2.003095779479715811e-06 1.179310344827586192e+02 0.000000000000000000e+00
3.073683203563846173e-06 1.179310344827586192e+02 0.000000000000000000e+00
4.716463652239548900e-06 1.179310344827586192e+02 0.000000000000000000e+00
7.237255081169170419e-06 1.179310344827586192e+02 0.000000000000000000e+00
1.110532487301967501e-05 1.179310344827586192e+02 0.000000000000000000e+00
1.704074806706766792e-05 1.179310344827586192e+02 0.000000000000000000e+00
2.614845562877357571e-05 1.179310344827586192e+02 0.000000000000000000e+00
4.012392701769450915e-05 1.179310344827586192e+02 0.000000000000000000e+00
6.156881852516431859e-05 1.179310344827586192e+02 0.000000000000000000e+00
9.447528435870507289e-05 1.179310344827586192e+02 0.000000000000000000e+00
1.449691510810809417e-04 1.179310344827586192e+02 0.000000000000000000e+00
2.224502938289680057e-04 1.179310344827586192e+02 0.000000000000000000e+00
3.413425053232034328e-04 1.179310344827586192e+02 0.000000000000000000e+00
5.237786110990897597e-04 1.179310344827586192e+02 0.000000000000000000e+00
8.037206886529592656e-04 1.179310344827586192e+02 0.000000000000000000e+00
1.233282405353092063e-03 1.179310344827586192e+02 0.000000000000000000e+00
1.892430433640681590e-03 1.179310344827586192e+02 0.000000000000000000e+00
2.903870946852704985e-03 1.179310344827586192e+02 0.000000000000000000e+00
4.455892447128280073e-03 1.179310344827586192e+02 0.000000000000000000e+00
6.837417317699419003e-03 1.179310344827586192e+02 0.000000000000000000e+00
1.049178725274334083e-02 1.179310344827586192e+02 0.000000000000000000e+00
1.609929519321271971e-02 1.179310344827586192e+02 0.000000000000000000e+00
2.470382781069370773e-02 1.179310344827586192e+02 0.000000000000000000e+00
3.790719414584618058e-02 1.179310344827586192e+02 1.461244076551578776e-35
5.816731637794420040e-02 1.179310344827586192e+02 3.899033796280555347e-35
8.925579354658201570e-02 1.179310344827586192e+02 7.896958224368038531e-35
1.369600177162519916e-01 1.179310344827586192e+02 4.406185272166155850e-35
2.101605476516926474e-01 1.179310344827586192e+02 0.000000000000000000e+00
9.999999999999999547e-08 1.241379310344827616e+02 0.000000000000000000e+00
1.534466416958955670e-07 1.241379310344827616e+02 0.000000000000000000e+00
2.354587184774860253e-07 1.241379310344827616e+02 0.000000000000000000e+00
3.613034960838954523e-07 1.241379310344827616e+02 0.000000000000000000e+00
5.544080810706002224e-07 1.241379310344827616e+02 0.000000000000000000e+00
8.507205816934941175e-07 1.241379310344827616e+02 0.000000000000000000e+00
1.305402162824454474e-06 1.241379310344827616e+02 0.000000000000000000e+00
2.003095779479715811e-06 1.241379310344827616e+02 0.000000000000000000e+00
3.073683203563846173e-06 1.241379310344827616e+02 0.000000000000000000e+00
4.716463652239548900e-06 1.241379310344827616e+02 0.000000000000000000e+00
7.237255081169170419e-06 1.241379310344827616e+02 0.000000000000000000e+00
1.110532487301967501e-05 1.241379310344827616e+02 0.000000000000000000e+00
1.704074806706766792e-05 1.241379310344827616e+02 0.000000000000000000e+00
2.614845562877357571e-05 1.241379310344827616e+02 0.000000000000000000e+00
4.012392701769450915e-05 1.241379310344827616e+02 0.000000000000000000e+00
6.156881852516431859e-05 1.241379310344827616e+02 0.000000000000000000e+00
9.447528435870507289e-05 1.241379310344827616e+02 0.000000000000000000e+00
1.449691510810809417e-04 1.241379310344827616e+02 0.000000000000000000e+00
2.224502938289680057e-04 1.241379310344827616e+02 0.000000000000000000e+00
3.413425053232034328e-04 1.241379310344827616e+02 0.000000000000000000e+00
5.237786110990897597e-04 1.241379310344827616e+02 0.000000000000000000e+00
8.037206886529592656e-04 1.241379310344827616e+02 0.000000000000000000e+00
1.233282405353092063e-03 1.241379310344827616e+02 0.000000000000000000e+00
1.892430433640681590e-03 1.241379310344827616e+02 0.000000000000000000e+00
2.903870946852704985e-03 1.241379310344827616e+02 0.000000000000000000e+00
4.455892447128280073e-03 1.241379310344827616e+02 0.000000000000000000e+00
6.837417317699419003e-03 1.241379310344827616e+02 0.000000000000000000e+00
1.049178725274334083e-02 1.241379310344827616e+02 0.000000000000000000e+00
1.609929519321271971e-02 1.241379310344827616e+02 0.000000000000000000e+00
2.470382781069370773e-02 1.241379310344827616e+02 7.346681224043672447e-36
3.790719414584618058e-02 1.241379310344827616e+02 1.435136128043085072e-35
5.816731637794420040e-02 1.241379310344827616e+02 3.801667714837446477e-35
8.925579354658201570e-02 1.241379310344827616e+02 6.783023333363318812e-35
1.369600177162519916e-01 1.241379310344827616e+02 3.326998127193717427e-35
2.101605476516926474e-01 1.241379310344827616e+02 0.000000000000000000e+00
9.999999999999999547e-08 1.303448275862068897e+02 0.000000000000000000e+00
1.534466416958955670e-07 1.303448275862068897e+02 0.000000000000000000e+00
2.354587184774860253e-07 1.303448275862068897e+02 0.000000000000000000e+00
3.613034960838954523e-07 1.303448275862068897e+02 0.000000000000000000e+00
5.544080810706002224e-07 1.303448275862068897e+02 0.000000000000000000e+00
8.507205816934941175e-07 1.303448275862068897e+02 0.000000000000000000e+00
1.305402162824454474e-06 1.303448275862068897e+02 0.000000000000000000e+00
2.003095779479715811e-06 1.303448275862068897e+02 0.000000000000000000e+00
3.073683203563846173e-06 1.303448275862068897e+02 0.000000000000000000e+00
4.716463652239548900e-06 1.303448275862068897e+02 0.000000000000000000e+00
7.237255081169170419e-06 1.303448275862068897e+02 0.000000000000000000e+00
1.110532487301967501e-05 1.303448275862068897e+02 0.000000000000000000e+00
1.704074806706766792e-05 1.303448275862068897e+02 0.000000000000000000e+00
2.614845562877357571e-05 1.303448275862068897e+02 0.000000000000000000e+00
4.012392701769450915e-05 1.303448275862068897e+02 0.000000000000000000e+00
6.156881852516431859e-05 1.303448275862068897e+02 0.000000000000000000e+00
9.447528435870507289e-05 1.303448275862068897e+02 0.000000000000000000e+00
1.449691510810809417e-04 1.303448275862068897e+02 0.000000000000000000e+00
2.224502938289680057e-04 1.303448275862068897e+02 0.000000000000000000e+00
3.413425053232034328e-04 1.303448275862068897e+02 0.000000000000000000e+00
5.237786110990897597e-04 1.303448275862068897e+02 0.000000000000000000e+00
8.037206886529592656e-04 1.303448275862068897e+02 0.000000000000000000e+00
1.233282405353092063e-03 1.303448275862068897e+02 0.000000000000000000e+00
1.892430433640681590e-03 1.303448275862068897e+02 0.000000000000000000e+00
2.903870946852704985e-03 1.303448275862068897e+02 0.000000000000000000e+00
4.455892447128280073e-03 1.303448275862068897e+02 0.000000000000000000e+00
6.837417317699419003e-03 1.303448275862068897e+02 0.000000000000000000e+00
1.049178725274334083e-02 1.303448275862068897e+02 0.000000000000000000e+00
1.609929519321271971e-02 1.303448275862068897e+02 0.000000000000000000e+00
2.470382781069370773e-02 1.303448275862068897e+02 6.904417366095451058e-36
3.790719414584618058e-02 1.303448275862068897e+02 1.391301325018696787e-35
5.816731637794420040e-02 1.303448275862068897e+02 3.580196151222940878e-35
8.925579354658201570e-02 1.303448275862068897e+02 5.755544912338054025e-35
1.369600177162519916e-01 1.303448275862068897e+02 2.479868774181130629e-35
2.101605476516926474e-01 1.303448275862068897e+02 0.000000000000000000e+00
9.999999999999999547e-08 1.365517241379310462e+02 0.000000000000000000e+00
1.534466416958955670e-07 1.365517241379310462e+02 0.000000000000000000e+00
2.354587184774860253e-07 1.365517241379310462e+02 0.000000000000000000e+00
3.613034960838954523e-07 1.365517241379310462e+02 0.000000000000000000e+00
5.544080810706002224e-07 1.365517241379310462e+02 0.000000000000000000e+00
8.507205816934941175e-07 1.365517241379310462e+02 0.000000000000000000e+00
1.305402162824454474e-06 1.365517241379310462e+02 0.000000000000000000e+00
2.003095779479715811e-06 1.365517241379310462e+02 0.000000000000000000e+00
3.073683203563846173e-06 1.365517241379310462e+02 0.000000000000000000e+00
4.716463652239548900e-06 1.365517241379310462e+02 0.000000000000000000e+00
7.237255081169170419e-06 1.365517241379310462e+02 0.000000000000000000e+00
1.110532487301967501e-05 1.365517241379310462e+02 0.000000000000000000e+00
1.704074806706766792e-05 1.365517241379310462e+02 0.000000000000000000e+00
2.614845562877357571e-05 1.365517241379310462e+02 0.000000000000000000e+00
4.012392701769450915e-05 1.365517241379310462e+02 0.000000000000000000e+00
6.156881852516431859e-05 1.365517241379310462e+02 0.000000000000000000e+00
9.447528435870507289e-05 1.365517241379310462e+02 0.000000000000000000e+00
1.449691510810809417e-04 1.365517241379310462e+02 0.000000000000000000e+00
2.224502938289680057e-04 1.365517241379310462e+02 0.000000000000000000e+00
3.413425053232034328e-04 1.365517241379310462e+02 0.000000000000000000e+00
5.237786110990897597e-04 1.365517241379310462e+02 0.000000000000000000e+00
8.037206886529592656e-04 1.365517241379310462e+02 0.000000000000000000e+00
1.233282405353092063e-03 1.365517241379310462e+02 0.000000000000000000e+00
1.892430433640681590e-03 1.365517241379310462e+02 0.000000000000000000e+00
2.903870946852704985e-03 1.365517241379310462e+02 0.000000000000000000e+00
4.455892447128280073e-03 1.365517241379310462e+02 0.000000000000000000e+00
6.837417317699419003e-03 1.365517241379310462e+02 0.000000000000000000e+00
1.049178725274334083e-02 1.365517241379310462e+02 0.000000000000000000e+00
1.609929519321271971e-02 1.365517241379310462e+02 4.051274786953567604e-36
2.470382781069370773e-02 1.365517241379310462e+02 6.379083211937632972e-36
3.790719414584618058e-02 1.365517241379310462e+02 1.309741580090845334e-35
5.816731637794420040e-02 1.365517241379310462e+02 3.312419236090756660e-35
8.925579354658201570e-02 1.365517241379310462e+02 4.772539774018717670e-35
1.369600177162519916e-01 1.365517241379310462e+02 1.818539005658886673e-35
2.101605476516926474e-01 1.365517241379310462e+02 0.000000000000000000e+00
9.999999999999999547e-08 1.427586206896551744e+02 0.000000000000000000e+00
1.534466416958955670e-07 1.427586206896551744e+02 0.000000000000000000e+00
2.354587184774860253e-07 1.427586206896551744e+02 0.000000000000000000e+00
3.613034960838954523e-07 1.427586206896551744e+02 0.000000000000000000e+00
5.544080810706002224e-07 1.427586206896551744e+02 0.000000000000000000e+00
8.507205816934941175e-07 1.427586206896551744e+02 0.000000000000000000e+00
1.305402162824454474e-06 1.427586206896551744e+02 0.000000000000000000e+00
2.003095779479715811e-06 1.427586206896551744e+02 0.000000000000000000e+00
3.073683203563846173e-06 1.427586206896551744e+02 0.000000000000000000e+00
4.716463652239548900e-06 1.427586206896551744e+02 0.000000000000000000e+00
7.237255081169170419e-06 1.427586206896551744e+02 0.000000000000000000e+00
1.110532487301967501e-05 1.427586206896551744e+02 0.000000000000000000e+00
1.704074806706766792e-05 1.427586206896551744e+02 0.000000000000000000e+00
2.614845562877357571e-05 1.427586206896551744e+02 0.000000000000000000e+00
4.012392701769450915e-05 1.427586206896551744e+02 0.000000000000000000e+00
6.156881852516431859e-05 1.427586206896551744e+02 0.000000000000000000e+00
9.447528435870507289e-05 1.427586206896551744e+02 0.000000000000000000e+00
1.449691510810809417e-04 1.427586206896551744e+02 0.000000000000000000e+00
2.224502938289680057e-04 1.427586206896551744e+02 0.000000000000000000e+00
3.413425053232034328e-04 1.427586206896551744e+02 0.000000000000000000e+00
5.237786110990897597e-04 1.427586206896551744e+02 0.000000000000000000e+00
8.037206886529592656e-04 1.427586206896551744e+02 0.000000000000000000e+00
1.233282405353092063e-03 1.427586206896551744e+02 0.000000000000000000e+00
1.892430433640681590e-03 1.427586206896551744e+02 0.000000000000000000e+00
2.903870946852704985e-03 1.427586206896551744e+02 0.000000000000000000e+00
4.455892447128280073e-03 1.427586206896551744e+02 0.000000000000000000e+00
6.837417317699419003e-03 1.427586206896551744e+02 0.000000000000000000e+00
1.049178725274334083e-02 1.427586206896551744e+02 0.000000000000000000e+00
1.609929519321271971e-02 1.427586206896551744e+02 3.609334438713413122e-36
2.470382781069370773e-02 1.427586206896551744e+02 5.766935453700734422e-36
3.790719414584618058e-02 1.427586206896551744e+02 1.204326093184889861e-35
5.816731637794420040e-02 1.427586206896551744e+02 2.926598169163602689e-35
8.925579354658201570e-02 1.427586206896551744e+02 3.890755619513917763e-35
1.369600177162519916e-01 1.427586206896551744e+02 1.306885807889078324e-35
2.101605476516926474e-01 1.427586206896551744e+02 0.000000000000000000e+00
9.999999999999999547e-08 1.489655172413793025e+02 0.000000000000000000e+00
1.534466416958955670e-07 1.489655172413793025e+02 0.000000000000000000e+00
2.354587184774860253e-07 1.489655172413793025e+02 0.000000000000000000e+00
3.613034960838954523e-07 1.489655172413793025e+02 0.000000000000000000e+00
5.544080810706002224e-07 1.489655172413793025e+02 0.000000000000000000e+00
8.507205816934941175e-07 1.489655172413793025e+02 0.000000000000000000e+00
1.305402162824454474e-06 1.489655172413793025e+02 0.000000000000000000e+00
2.003095779479715811e-06 1.489655172413793025e+02 0.000000000000000000e+00
3.073683203563846173e-06 1.489655172413793025e+02 0.000000000000000000e+00
4.716463652239548900e-06 1.489655172413793025e+02 0.000000000000000000e+00
7.237255081169170419e-06 1.489655172413793025e+02 0.000000000000000000e+00
1.110532487301967501e-05 1.489655172413793025e+02 0.000000000000000000e+00
1.704074806706766792e-05 1.489655172413793025e+02 0.000000000000000000e+00
2.614845562877357571e-05 1.489655172413793025e+02 0.000000000000000000e+00
4.012392701769450915e-05 1.489655172413793025e+02 0.000000000000000000e+00
6.156881852516431859e-05 1.489655172413793025e+02 0.000000000000000000e+00
9.447528435870507289e-05 1.489655172413793025e+02 0.000000000000000000e+00
1.449691510810809417e-04 1.489655172413793025e+02 0.000000000000000000e+00
2.224502938289680057e-04 1.489655172413793025e+02 0.000000000000000000e+00
3.413425053232034328e-04 1.489655172413793025e+02 0.000000000000000000e+00
5.237786110990897597e-04 1.489655172413793025e+02 0.000000000000000000e+00
8.037206886529592656e-04 1.489655172413793025e+02 0.000000000000000000e+00
1.233282405353092063e-03 1.489655172413793025e+02 0.000000000000000000e+00
1.892430433640681590e-03 1.489655172413793025e+02 0.000000000000000000e+00
2.903870946852704985e-03 1.489655172413793025e+02 0.000000000000000000e+00
4.455892447128280073e-03 1.489655172413793025e+02 0.000000000000000000e+00
6.837417317699419003e-03 1.489655172413793025e+02 0.000000000000000000e+00
1.049178725274334083e-02 1.489655172413793025e+02 0.000000000000000000e+00
1.609929519321271971e-02 1.489655172413793025e+02 3.089016555818817178e-36
2.470382781069370773e-02 1.489655172413793025e+02 4.975093908952016405e-36
3.790719414584618058e-02 1.489655172413793025e+02 1.065074387476410736e-35
5.816731637794420040e-02 1.489655172413793025e+02 2.502020235465611847e-35
8.925579354658201570e-02 1.489655172413793025e+02 3.115597126623276453e-35
1.369600177162519916e-01 1.489655172413793025e+02 9.366298320410711903e-36
2.101605476516926474e-01 1.489655172413793025e+02 0.000000000000000000e+00
9.999999999999999547e-08 1.551724137931034591e+02 0.000000000000000000e+00
1.534466416958955670e-07 1.551724137931034591e+02 0.000000000000000000e+00
2.354587184774860253e-07 1.551724137931034591e+02 0.000000000000000000e+00
3.613034960838954523e-07 1.551724137931034591e+02 0.000000000000000000e+00
5.544080810706002224e-07 1.551724137931034591e+02 0.000000000000000000e+00
8.507205816934941175e-07 1.551724137931034591e+02 0.000000000000000000e+00
1.305402162824454474e-06 1.551724137931034591e+02 0.000000000000000000e+00
2.003095779479715811e-06 1.551724137931034591e+02 0.000000000000000000e+00
3.073683203563846173e-06 1.551724137931034591e+02 0.000000000000000000e+00
4.716463652239548900e-06 1.551724137931034591e+02 0.000000000000000000e+00
7.237255081169170419e-06 1.551724137931034591e+02 0.000000000000000000e+00
1.110532487301967501e-05 1.551724137931034591e+02 0.000000000000000000e+00
1.704074806706766792e-05 1.551724137931034591e+02 0.000000000000000000e+00
2.614845562877357571e-05 1.551724137931034591e+02 0.000000000000000000e+00
4.012392701769450915e-05 1.551724137931034591e+02 0.000000000000000000e+00
6.156881852516431859e-05 1.551724137931034591e+02 0.000000000000000000e+00
9.447528435870507289e-05 1.551724137931034591e+02 0.000000000000000000e+00
1.449691510810809417e-04 1.551724137931034591e+02 0.000000000000000000e+00
2.224502938289680057e-04 1.551724137931034591e+02 0.000000000000000000e+00
3.413425053232034328e-04 1.551724137931034591e+02 0.000000000000000000e+00
5.237786110990897597e-04 1.551724137931034591e+02 0.000000000000000000e+00
8.037206886529592656e-04 1.551724137931034591e+02 0.000000000000000000e+00
1.233282405353092063e-03 1.551724137931034591e+02 0.000000000000000000e+00
1.892430433640681590e-03 1.551724137931034591e+02 0.000000000000000000e+00
2.903870946852704985e-03 1.551724137931034591e+02 0.000000000000000000e+00
4.455892447128280073e-03 1.551724137931034591e+02 0.000000000000000000e+00
6.837417317699419003e-03 1.551724137931034591e+02 0.000000000000000000e+00
1.049178725274334083e-02 1.551724137931034591e+02 0.000000000000000000e+00
1.609929519321271971e-02 1.551724137931034591e+02 2.514826416702348078e-36
2.470382781069370773e-02 1.551724137931034591e+02 4.158201088127899585e-36
3.790719414584618058e-02 1.551724137931034591e+02 8.931718460712430552e-36
5.816731637794420040e-02 1.551724137931034591e+02 2.044673412314171615e-35
8.925579354658201570e-02 1.551724137931034591e+02 2.387494036310225894e-35
1.369600177162519916e-01 1.551724137931034591e+02 6.551775081600221095e-36
2.101605476516926474e-01 1.551724137931034591e+02 0.000000000000000000e+00
9.999999999999999547e-08 1.613793103448276156e+02 0.000000000000000000e+00
1.534466416958955670e-07 1.613793103448276156e+02 0.000000000000000000e+00
2.354587184774860253e-07 1.613793103448276156e+02 0.000000000000000000e+00
3.613034960838954523e-07 1.613793103448276156e+02 0.000000000000000000e+00
5.544080810706002224e-07 1.613793103448276156e+02 0.000000000000000000e+00
8.507205816934941175e-07 1.613793103448276156e+02 0.000000000000000000e+00
1.305402162824454474e-06 1.613793103448276156e+02 0.000000000000000000e+00
2.003095779479715811e-06 1.613793103448276156e+02 0.000000000000000000e+00
3.073683203563846173e-06 1.613793103448276156e+02 0.000000000000000000e+00
4.716463652239548900e-06 1.613793103448276156e+02 0.000000000000000000e+00
7.237255081169170419e-06 1.613793103448276156e+02 0.000000000000000000e+00
1.110532487301967501e-05 1.613793103448276156e+02 0.000000000000000000e+00
1.704074806706766792e-05 1.613793103448276156e+02 0.000000000000000000e+00
2.614845562877357571e-05 1.613793103448276156e+02 0.000000000000000000e+00
4.012392701769450915e-05 1.613793103448276156e+02 0.000000000000000000e+00
6.156881852516431859e-05 1.613793103448276156e+02 0.000000000000000000e+00
9.447528435870507289e-05 1.613793103448276156e+02 0.000000000000000000e+00
1.449691510810809417e-04 1.613793103448276156e+02 0.000000000000000000e+00
2.224502938289680057e-04 1.613793103448276156e+02 0.000000000000000000e+00
3.413425053232034328e-04 1.613793103448276156e+02 0.000000000000000000e+00
5.237786110990897597e-04 1.613793103448276156e+02 0.000000000000000000e+00
8.037206886529592656e-04 1.613793103448276156e+02 0.000000000000000000e+00
1.233282405353092063e-03 1.613793103448276156e+02 0.000000000000000000e+00
1.892430433640681590e-03 1.613793103448276156e+02 0.000000000000000000e+00
2.903870946852704985e-03 1.613793103448276156e+02 0.000000000000000000e+00
4.455892447128280073e-03 1.613793103448276156e+02 0.000000000000000000e+00
6.837417317699419003e-03 1.613793103448276156e+02 0.000000000000000000e+00
1.049178725274334083e-02 1.613793103448276156e+02 1.382414908345805063e-36
1.609929519321271971e-02 1.613793103448276156e+02 1.939698696891548360e-36
2.470382781069370773e-02 1.613793103448276156e+02 3.197381306216874126e-36
3.790719414584618058e-02 1.613793103448276156e+02 6.900150085611954739e-36
5.816731637794420040e-02 1.613793103448276156e+02 1.548343608611891915e-35
8.925579354658201570e-02 1.613793103448276156e+02 1.736400051895909895e-35
1.369600177162519916e-01 1.613793103448276156e+02 4.425138067386036667e-36
2.101605476516926474e-01 1.613793103448276156e+02 0.000000000000000000e+00
9.999999999999999547e-08 1.675862068965517437e+02 0.000000000000000000e+00
1.534466416958955670e-07 1.675862068965517437e+02 0.000000000000000000e+00
2.354587184774860253e-07 1.675862068965517437e+02 0.000000000000000000e+00
3.613034960838954523e-07 1.675862068965517437e+02 0.000000000000000000e+00
5.544080810706002224e-07 1.675862068965517437e+02 0.000000000000000000e+00
8.507205816934941175e-07 1.675862068965517437e+02 0.000000000000000000e+00
1.305402162824454474e-06 1.675862068965517437e+02 0.000000000000000000e+00
2.003095779479715811e-06 1.675862068965517437e+02 0.000000000000000000e+00
3.073683203563846173e-06 1.675862068965517437e+02 0.000000000000000000e+00
4.716463652239548900e-06 1.675862068965517437e+02 0.000000000000000000e+00
7.237255081169170419e-06 1.675862068965517437e+02 0.000000000000000000e+00
1.110532487301967501e-05 1.675862068965517437e+02 0.000000000000000000e+00
1.704074806706766792e-05 1.675862068965517437e+02 0.000000000000000000e+00
2.614845562877357571e-05 1.675862068965517437e+02 0.000000000000000000e+00
4.012392701769450915e-05 1.675862068965517437e+02 0.000000000000000000e+00
6.156881852516431859e-05 1.675862068965517437e+02 0.000000000000000000e+00
9.447528435870507289e-05 1.675862068965517437e+02 0.000000000000000000e+00
1.449691510810809417e-04 1.675862068965517437e+02 0.000000000000000000e+00
2.224502938289680057e-04 1.675862068965517437e+02 0.000000000000000000e+00
3.413425053232034328e-04 1.675862068965517437e+02 0.000000000000000000e+00
5.237786110990897597e-04 1.675862068965517437e+02 0.000000000000000000e+00
8.037206886529592656e-04 1.675862068965517437e+02 0.000000000000000000e+00
1.233282405353092063e-03 1.675862068965517437e+02 0.000000000000000000e+00
1.892430433640681590e-03 1.675862068965517437e+02 0.000000000000000000e+00
2.903870946852704985e-03 1.675862068965517437e+02 0.000000000000000000e+00
4.455892447128280073e-03 1.675862068965517437e+02 0.000000000000000000e+00
6.837417317699419003e-03 1.675862068965517437e+02 0.000000000000000000e+00
1.049178725274334083e-02 1.675862068965517437e+02 9.288747840896773596e-37
1.609929519321271971e-02 1.675862068965517437e+02 1.302142438031709829e-36
2.470382781069370773e-02 1.675862068965517437e+02 2.162325099870258063e-36
3.790719414584618058e-02 1.675862068965517437e+02 4.704767575094950773e-36
5.816731637794420040e-02 1.675862068965517437e+02 1.042886616470823776e-35
8.925579354658201570e-02 1.675862068965517437e+02 1.134616799572763104e-35
1.369600177162519916e-01 1.675862068965517437e+02 2.716132503504184663e-36
2.101605476516926474e-01 1.675862068965517437e+02 0.000000000000000000e+00
9.999999999999999547e-08 1.737931034482758719e+02 0.000000000000000000e+00
1.534466416958955670e-07 1.737931034482758719e+02 0.000000000000000000e+00
2.354587184774860253e-07 1.737931034482758719e+02 0.000000000000000000e+00
3.613034960838954523e-07 1.737931034482758719e+02 0.000000000000000000e+00
5.544080810706002224e-07 1.737931034482758719e+02 0.000000000000000000e+00
8.507205816934941175e-07 1.737931034482758719e+02 0.000000000000000000e+00
1.305402162824454474e-06 1.737931034482758719e+02 0.000000000000000000e+00
2.003095779479715811e-06 1.737931034482758719e+02 0.000000000000000000e+00
3.073683203563846173e-06 1.737931034482758719e+02 0.000000000000000000e+00
4.716463652239548900e-06 1.737931034482758719e+02 0.000000000000000000e+00
7.237255081169170419e-06 1.737931034482758719e+02 0.000000000000000000e+00
1.110532487301967501e-05 1.737931034482758719e+02 0.000000000000000000e+00
1.704074806706766792e-05 1.737931034482758719e+02 0.000000000000000000e+00
2.614845562877357571e-05 1.737931034482758719e+02 0.000000000000000000e+00
4.012392701769450915e-05 1.737931034482758719e+02 0.000000000000000000e+00
6.156881852516431859e-05 1.737931034482758719e+02 0.000000000000000000e+00
9.447528435870507289e-05 1.737931034482758719e+02 0.000000000000000000e+00
1.449691510810809417e-04 1.737931034482758719e+02 0.000000000000000000e+00
2.224502938289680057e-04 1.737931034482758719e+02 0.000000000000000000e+00
3.413425053232034328e-04 1.737931034482758719e+02 0.000000000000000000e+00
5.237786110990897597e-04 1.737931034482758719e+02 0.000000000000000000e+00
8.037206886529592656e-04 1.737931034482758719e+02 0.000000000000000000e+00
1.233282405353092063e-03 1.737931034482758719e+02 0.000000000000000000e+00
1.892430433640681590e-03 1.737931034482758719e+02 0.000000000000000000e+00
2.903870946852704985e-03 1.737931034482758719e+02 0.000000000000000000e+00
4.455892447128280073e-03 1.737931034482758719e+02 0.000000000000000000e+00
6.837417317699419003e-03 1.737931034482758719e+02 0.000000000000000000e+00
1.049178725274334083e-02 1.737931034482758719e+02 4.663197971925437559e-37
1.609929519321271971e-02 1.737931034482758719e+02 6.587381787360416217e-37
2.470382781069370773e-02 1.737931034482758719e+02 1.101977728016870054e-36
3.790719414584618058e-02 1.737931034482758719e+02 2.392631964717818697e-36
5.816731637794420040e-02 1.737931034482758719e+02 5.221789396193753979e-36
8.925579354658201570e-02 1.737931034482758719e+02 5.585545182818896485e-36
1.369600177162519916e-01 1.737931034482758719e+02 1.289848989066236507e-36
2.101605476516926474e-01 1.737931034482758719e+02 0.000000000000000000e+00
9.999999999999999547e-08 1.800000000000000000e+02 0.000000000000000000e+00
1.534466416958955670e-07 1.800000000000000000e+02 0.000000000000000000e+00
2.354587184774860253e-07 1.800000000000000000e+02 0.000000000000000000e+00
3.613034960838954523e-07 1.800000000000000000e+02 0.000000000000000000e+00
5.544080810706002224e-07 1.800000000000000000e+02 0.000000000000000000e+00
8.507205816934941175e-07 1.800000000000000000e+02 0.000000000000000000e+00
1.305402162824454474e-06 1.800000000000000000e+02 0.000000000000000000e+00
2.003095779479715811e-06 1.800000000000000000e+02 0.000000000000000000e+00
3.073683203563846173e-06 1.800000000000000000e+02 0.000000000000000000e+00
4.716463652239548900e-06 1.800000000000000000e+02 0.000000000000000000e+00
7.237255081169170419e-06 1.800000000000000000e+02 0.000000000000000000e+00
1.110532487301967501e-05 1.800000000000000000e+02 0.000000000000000000e+00
1.704074806706766792e-05 1.800000000000000000e+02 0.000000000000000000e+00
2.614845562877357571e-05 1.800000000000000000e+02 0.000000000000000000e+00
4.012392701769450915e-05 1.800000000000000000e+02 0.000000000000000000e+00
6.156881852516431859e-05 1.800000000000000000e+02 0.000000000000000000e+00
9.447528435870507289e-05 1.800000000000000000e+02 0.000000000000000000e+00
1.449691510810809417e-04 1.800000000000000000e+02 0.000000000000000000e+00
2.224502938289680057e-04 1.800000000000000000e+02 0.000000000000000000e+00
3.413425053232034328e-04 1.800000000000000000e+02 0.000000000000000000e+00
5.237786110990897597e-04 1.800000000000000000e+02 0.000000000000000000e+00
8.037206886529592656e-04 1.800000000000000000e+02 0.000000000000000000e+00
1.233282405353092063e-03 1.800000000000000000e+02 0.000000000000000000e+00
1.892430433640681590e-03 1.800000000000000000e+02 0.000000000000000000e+00
2.903870946852704985e-03 1.800000000000000000e+02 0.000000000000000000e+00
4.455892447128280073e-03 1.800000000000000000e+02 0.000000000000000000e+00
6.837417317699419003e-03 1.800000000000000000e+02 0.000000000000000000e+00
1.049178725274334083e-02 1.800000000000000000e+02 5.268520309182147656e-52
1.609929519321271971e-02 1.800000000000000000e+02 7.451228286221816675e-52
2.470382781069370773e-02 1.800000000000000000e+02 1.249743108916185266e-51
3.790719414584618058e-02 1.800000000000000000e+02 2.715076897087271281e-51
5.816731637794420040e-02 1.800000000000000000e+02 5.937303239799140581e-51
8.925579354658201570e-02 1.800000000000000000e+02 6.295120739045378035e-51
1.369600177162519916e-01 1.800000000000000000e+02 1.434412705607828952e-51
2.101605476516926474e-01 1.800000000000000000e+02 0.000000000000000000e+00
