# atom 16: Tchi 0.30391953823131973 [GeV]; m_chi = 0.05 [GeV]; mS = 0.2 [GeV]; gchi =0.01; gN = 0.01
# Tchi^prime [GeV], theta [degree] ,dsigma/dTchip dtheta [cm^2/GeV]
9.999999999999999547e-08 0.000000000000000000e+00 0.000000000000000000e+00
1.548867200734165734e-07 0.000000000000000000e+00 0.000000000000000000e+00
2.398989605510090242e-07 0.000000000000000000e+00 0.000000000000000000e+00
3.715716314876781855e-07 0.000000000000000000e+00 0.000000000000000000e+00
5.755151127345470891e-07 0.000000000000000000e+00 0.000000000000000000e+00
8.913964816413657190e-07 0.000000000000000000e+00 0.000000000000000000e+00
1.380654773264149257e-06 0.000000000000000000e+00 0.000000000000000000e+00
2.138450893845906815e-06 0.000000000000000000e+00 0.000000000000000000e+00
3.312176449858584610e-06 0.000000000000000000e+00 0.000000000000000000e+00
5.130121466230092225e-06 0.000000000000000000e+00 0.000000000000000000e+00
7.945876874826057222e-06 0.000000000000000000e+00 0.000000000000000000e+00
1.230710807249020246e-05 0.000000000000000000e+00 0.000000000000000000e+00
1.906207602937075158e-05 0.000000000000000000e+00 0.000000000000000000e+00
2.952462433979331885e-05 0.000000000000000000e+00 0.000000000000000000e+00
4.572972225390358467e-05 0.000000000000000000e+00 0.000000000000000000e+00
7.082926689775453032e-05 0.000000000000000000e+00 0.000000000000000000e+00
1.097051283499781685e-04 0.000000000000000000e+00 0.000000000000000000e+00
1.699186750536130469e-04 0.000000000000000000e+00 0.000000000000000000e+00
2.631814625827482291e-04 0.000000000000000000e+00 0.000000000000000000e+00
4.076331352356652414e-04 0.000000000000000000e+00 0.000000000000000000e+00
6.313695930989564548e-04 0.000000000000000000e+00 0.000000000000000000e+00
9.779076542918499482e-04 0.000000000000000000e+00 0.000000000000000000e+00
1.514649091079534830e-03 0.000000000000000000e+00 0.000000000000000000e+00
2.345990297794907711e-03 0.000000000000000000e+00 0.000000000000000000e+00
3.633627425495110450e-03 0.000000000000000000e+00 0.000000000000000000e+00
5.628006339037505169e-03 0.000000000000000000e+00 0.000000000000000000e+00
8.717034424059159556e-03 0.000000000000000000e+00 0.000000000000000000e+00
1.350152870709589968e-02 0.000000000000000000e+00 0.000000000000000000e+00
2.091207497419160510e-02 0.000000000000000000e+00 0.000000000000000000e+00
3.239002702681915286e-02 0.000000000000000000e+00 0.000000000000000000e+00
5.016785049273345815e-02 0.000000000000000000e+00 0.000000000000000000e+00
7.770333815953020529e-02 0.000000000000000000e+00 0.000000000000000000e+00
1.203521518628518361e-01 0.000000000000000000e+00 0.000000000000000000e+00
1.864095005581485331e-01 0.000000000000000000e+00 0.000000000000000000e+00
2.887235613197536854e-01 0.000000000000000000e+00 0.000000000000000000e+00
9.999999999999999547e-08 6.206896551724137900e+00 3.538388372666105480e-40
1.548867200734165734e-07 6.206896551724137900e+00 4.404407100314464350e-40
2.398989605510090242e-07 6.206896551724137900e+00 5.484566238800357423e-40
3.715716314876781855e-07 6.206896551724137900e+00 6.824551669386667837e-40
5.755151127345470891e-07 6.206896551724137900e+00 8.482306561207290858e-40
8.913964816413657190e-07 6.206896551724137900e+00 1.057410099793045320e-39
1.380654773264149257e-06 6.206896551724137900e+00 1.314327093254660998e-39
2.138450893845906815e-06 6.206896551724137900e+00 0.000000000000000000e+00
3.312176449858584610e-06 6.206896551724137900e+00 0.000000000000000000e+00
5.130121466230092225e-06 6.206896551724137900e+00 0.000000000000000000e+00
7.945876874826057222e-06 6.206896551724137900e+00 0.000000000000000000e+00
1.230710807249020246e-05 6.206896551724137900e+00 0.000000000000000000e+00
1.906207602937075158e-05 6.206896551724137900e+00 0.000000000000000000e+00
2.952462433979331885e-05 6.206896551724137900e+00 0.000000000000000000e+00
4.572972225390358467e-05 6.206896551724137900e+00 0.000000000000000000e+00
7.082926689775453032e-05 6.206896551724137900e+00 0.000000000000000000e+00
1.097051283499781685e-04 6.206896551724137900e+00 0.000000000000000000e+00
1.699186750536130469e-04 6.206896551724137900e+00 0.000000000000000000e+00
2.631814625827482291e-04 6.206896551724137900e+00 0.000000000000000000e+00
4.076331352356652414e-04 6.206896551724137900e+00 0.000000000000000000e+00
6.313695930989564548e-04 6.206896551724137900e+00 0.000000000000000000e+00
9.779076542918499482e-04 6.206896551724137900e+00 0.000000000000000000e+00
1.514649091079534830e-03 6.206896551724137900e+00 0.000000000000000000e+00
2.345990297794907711e-03 6.206896551724137900e+00 0.000000000000000000e+00
3.633627425495110450e-03 6.206896551724137900e+00 0.000000000000000000e+00
5.628006339037505169e-03 6.206896551724137900e+00 0.000000000000000000e+00
8.717034424059159556e-03 6.206896551724137900e+00 0.000000000000000000e+00
1.350152870709589968e-02 6.206896551724137900e+00 0.000000000000000000e+00
2.091207497419160510e-02 6.206896551724137900e+00 0.000000000000000000e+00
3.239002702681915286e-02 6.206896551724137900e+00 0.000000000000000000e+00
5.016785049273345815e-02 6.206896551724137900e+00 0.000000000000000000e+00
7.770333815953020529e-02 6.206896551724137900e+00 0.000000000000000000e+00
1.203521518628518361e-01 6.206896551724137900e+00 0.000000000000000000e+00
1.864095005581485331e-01 6.206896551724137900e+00 0.000000000000000000e+00
2.887235613197536854e-01 6.206896551724137900e+00 0.000000000000000000e+00
9.999999999999999547e-08 1.241379310344827580e+01 7.024653244488288052e-40
1.548867200734165734e-07 1.241379310344827580e+01 8.755710955293316832e-40
2.398989605510090242e-07 1.241379310344827580e+01 1.090137983167251936e-39
3.715716314876781855e-07 1.241379310344827580e+01 1.355953608303733222e-39
5.755151127345470891e-07 1.241379310344827580e+01 1.686224501031425182e-39
8.913964816413657190e-07 1.241379310344827580e+01 2.098720187906117216e-39
1.380654773264149257e-06 1.241379310344827580e+01 2.612711513825968923e-39
2.138450893845906815e-06 1.241379310344827580e+01 0.000000000000000000e+00
3.312176449858584610e-06 1.241379310344827580e+01 0.000000000000000000e+00
5.130121466230092225e-06 1.241379310344827580e+01 0.000000000000000000e+00
7.945876874826057222e-06 1.241379310344827580e+01 0.000000000000000000e+00
1.230710807249020246e-05 1.241379310344827580e+01 0.000000000000000000e+00
1.906207602937075158e-05 1.241379310344827580e+01 0.000000000000000000e+00
2.952462433979331885e-05 1.241379310344827580e+01 0.000000000000000000e+00
4.572972225390358467e-05 1.241379310344827580e+01 0.000000000000000000e+00
7.082926689775453032e-05 1.241379310344827580e+01 0.000000000000000000e+00
1.097051283499781685e-04 1.241379310344827580e+01 0.000000000000000000e+00
1.699186750536130469e-04 1.241379310344827580e+01 0.000000000000000000e+00
2.631814625827482291e-04 1.241379310344827580e+01 0.000000000000000000e+00
4.076331352356652414e-04 1.241379310344827580e+01 0.000000000000000000e+00
6.313695930989564548e-04 1.241379310344827580e+01 0.000000000000000000e+00
9.779076542918499482e-04 1.241379310344827580e+01 0.000000000000000000e+00
1.514649091079534830e-03 1.241379310344827580e+01 0.000000000000000000e+00
2.345990297794907711e-03 1.241379310344827580e+01 0.000000000000000000e+00
3.633627425495110450e-03 1.241379310344827580e+01 0.000000000000000000e+00
5.628006339037505169e-03 1.241379310344827580e+01 0.000000000000000000e+00
8.717034424059159556e-03 1.241379310344827580e+01 0.000000000000000000e+00
1.350152870709589968e-02 1.241379310344827580e+01 0.000000000000000000e+00
2.091207497419160510e-02 1.241379310344827580e+01 0.000000000000000000e+00
3.239002702681915286e-02 1.241379310344827580e+01 0.000000000000000000e+00
5.016785049273345815e-02 1.241379310344827580e+01 0.000000000000000000e+00
7.770333815953020529e-02 1.241379310344827580e+01 0.000000000000000000e+00
1.203521518628518361e-01 1.241379310344827580e+01 0.000000000000000000e+00
1.864095005581485331e-01 1.241379310344827580e+01 0.000000000000000000e+00
2.887235613197536854e-01 1.241379310344827580e+01 0.000000000000000000e+00
9.999999999999999547e-08 1.862068965517241281e+01 1.045280816472069300e-39
1.548867200734165734e-07 1.862068965517241281e+01 1.300638003403170129e-39
2.398989605510090242e-07 1.862068965517241281e+01 1.616429845396996657e-39
3.715716314876781855e-07 1.862068965517241281e+01 2.016412630912931903e-39
5.755151127345470891e-07 1.862068965517241281e+01 2.500352152108064164e-39
8.913964816413657190e-07 1.862068965517241281e+01 3.118432443717829085e-39
1.380654773264149257e-06 1.862068965517241281e+01 3.881582291304501376e-39
2.138450893845906815e-06 1.862068965517241281e+01 0.000000000000000000e+00
3.312176449858584610e-06 1.862068965517241281e+01 0.000000000000000000e+00
5.130121466230092225e-06 1.862068965517241281e+01 0.000000000000000000e+00
7.945876874826057222e-06 1.862068965517241281e+01 0.000000000000000000e+00
1.230710807249020246e-05 1.862068965517241281e+01 0.000000000000000000e+00
1.906207602937075158e-05 1.862068965517241281e+01 0.000000000000000000e+00
2.952462433979331885e-05 1.862068965517241281e+01 0.000000000000000000e+00
4.572972225390358467e-05 1.862068965517241281e+01 0.000000000000000000e+00
7.082926689775453032e-05 1.862068965517241281e+01 0.000000000000000000e+00
1.097051283499781685e-04 1.862068965517241281e+01 0.000000000000000000e+00
1.699186750536130469e-04 1.862068965517241281e+01 0.000000000000000000e+00
2.631814625827482291e-04 1.862068965517241281e+01 0.000000000000000000e+00
4.076331352356652414e-04 1.862068965517241281e+01 0.000000000000000000e+00
6.313695930989564548e-04 1.862068965517241281e+01 0.000000000000000000e+00
9.779076542918499482e-04 1.862068965517241281e+01 0.000000000000000000e+00
1.514649091079534830e-03 1.862068965517241281e+01 0.000000000000000000e+00
2.345990297794907711e-03 1.862068965517241281e+01 0.000000000000000000e+00
3.633627425495110450e-03 1.862068965517241281e+01 0.000000000000000000e+00
5.628006339037505169e-03 1.862068965517241281e+01 0.000000000000000000e+00
8.717034424059159556e-03 1.862068965517241281e+01 0.000000000000000000e+00
1.350152870709589968e-02 1.862068965517241281e+01 0.000000000000000000e+00
2.091207497419160510e-02 1.862068965517241281e+01 0.000000000000000000e+00
3.239002702681915286e-02 1.862068965517241281e+01 0.000000000000000000e+00
5.016785049273345815e-02 1.862068965517241281e+01 0.000000000000000000e+00
7.770333815953020529e-02 1.862068965517241281e+01 0.000000000000000000e+00
1.203521518628518361e-01 1.862068965517241281e+01 0.000000000000000000e+00
1.864095005581485331e-01 1.862068965517241281e+01 0.000000000000000000e+00
2.887235613197536854e-01 1.862068965517241281e+01 0.000000000000000000e+00
9.999999999999999547e-08 2.482758620689655160e+01 1.371990419627864647e-39
1.548867200734165734e-07 2.482758620689655160e+01 1.715315190617570860e-39
2.398989605510090242e-07 2.482758620689655160e+01 2.128089919484638532e-39
3.715716314876781855e-07 2.482758620689655160e+01 2.643504393879705189e-39
5.755151127345470891e-07 2.482758620689655160e+01 3.300911675997784866e-39
8.913964816413657190e-07 2.482758620689655160e+01 4.103299716813917444e-39
1.380654773264149257e-06 2.482758620689655160e+01 5.102062984330763865e-39
2.138450893845906815e-06 2.482758620689655160e+01 0.000000000000000000e+00
3.312176449858584610e-06 2.482758620689655160e+01 0.000000000000000000e+00
5.130121466230092225e-06 2.482758620689655160e+01 0.000000000000000000e+00
7.945876874826057222e-06 2.482758620689655160e+01 0.000000000000000000e+00
1.230710807249020246e-05 2.482758620689655160e+01 0.000000000000000000e+00
1.906207602937075158e-05 2.482758620689655160e+01 0.000000000000000000e+00
2.952462433979331885e-05 2.482758620689655160e+01 0.000000000000000000e+00
4.572972225390358467e-05 2.482758620689655160e+01 0.000000000000000000e+00
7.082926689775453032e-05 2.482758620689655160e+01 0.000000000000000000e+00
1.097051283499781685e-04 2.482758620689655160e+01 0.000000000000000000e+00
1.699186750536130469e-04 2.482758620689655160e+01 0.000000000000000000e+00
2.631814625827482291e-04 2.482758620689655160e+01 0.000000000000000000e+00
4.076331352356652414e-04 2.482758620689655160e+01 0.000000000000000000e+00
6.313695930989564548e-04 2.482758620689655160e+01 0.000000000000000000e+00
9.779076542918499482e-04 2.482758620689655160e+01 0.000000000000000000e+00
1.514649091079534830e-03 2.482758620689655160e+01 0.000000000000000000e+00
2.345990297794907711e-03 2.482758620689655160e+01 0.000000000000000000e+00
3.633627425495110450e-03 2.482758620689655160e+01 0.000000000000000000e+00
5.628006339037505169e-03 2.482758620689655160e+01 0.000000000000000000e+00
8.717034424059159556e-03 2.482758620689655160e+01 0.000000000000000000e+00
1.350152870709589968e-02 2.482758620689655160e+01 0.000000000000000000e+00
2.091207497419160510e-02 2.482758620689655160e+01 0.000000000000000000e+00
3.239002702681915286e-02 2.482758620689655160e+01 0.000000000000000000e+00
5.016785049273345815e-02 2.482758620689655160e+01 0.000000000000000000e+00
7.770333815953020529e-02 2.482758620689655160e+01 0.000000000000000000e+00
1.203521518628518361e-01 2.482758620689655160e+01 0.000000000000000000e+00
1.864095005581485331e-01 2.482758620689655160e+01 0.000000000000000000e+00
2.887235613197536854e-01 2.482758620689655160e+01 0.000000000000000000e+00
9.999999999999999547e-08 3.103448275862069039e+01 1.686470951864448880e-39
1.548867200734165734e-07 3.103448275862069039e+01 2.102616732721280610e-39
2.398989605510090242e-07 3.103448275862069039e+01 2.614339164213109453e-39
3.715716314876781855e-07 3.103448275862069039e+01 3.261823580138974697e-39
5.755151127345470891e-07 3.103448275862069039e+01 4.042338712832246772e-39
8.913964816413657190e-07 3.103448275862069039e+01 5.031703575072767870e-39
1.380654773264149257e-06 3.103448275862069039e+01 6.260214011110234250e-39
2.138450893845906815e-06 3.103448275862069039e+01 0.000000000000000000e+00
3.312176449858584610e-06 3.103448275862069039e+01 0.000000000000000000e+00
5.130121466230092225e-06 3.103448275862069039e+01 0.000000000000000000e+00
7.945876874826057222e-06 3.103448275862069039e+01 0.000000000000000000e+00
1.230710807249020246e-05 3.103448275862069039e+01 0.000000000000000000e+00
1.906207602937075158e-05 3.103448275862069039e+01 0.000000000000000000e+00
2.952462433979331885e-05 3.103448275862069039e+01 0.000000000000000000e+00
4.572972225390358467e-05 3.103448275862069039e+01 0.000000000000000000e+00
7.082926689775453032e-05 3.103448275862069039e+01 0.000000000000000000e+00
1.097051283499781685e-04 3.103448275862069039e+01 0.000000000000000000e+00
1.699186750536130469e-04 3.103448275862069039e+01 0.000000000000000000e+00
2.631814625827482291e-04 3.103448275862069039e+01 0.000000000000000000e+00
4.076331352356652414e-04 3.103448275862069039e+01 0.000000000000000000e+00
6.313695930989564548e-04 3.103448275862069039e+01 0.000000000000000000e+00
9.779076542918499482e-04 3.103448275862069039e+01 0.000000000000000000e+00
1.514649091079534830e-03 3.103448275862069039e+01 0.000000000000000000e+00
2.345990297794907711e-03 3.103448275862069039e+01 0.000000000000000000e+00
3.633627425495110450e-03 3.103448275862069039e+01 0.000000000000000000e+00
5.628006339037505169e-03 3.103448275862069039e+01 0.000000000000000000e+00
8.717034424059159556e-03 3.103448275862069039e+01 0.000000000000000000e+00
1.350152870709589968e-02 3.103448275862069039e+01 0.000000000000000000e+00
2.091207497419160510e-02 3.103448275862069039e+01 0.000000000000000000e+00
3.239002702681915286e-02 3.103448275862069039e+01 0.000000000000000000e+00
5.016785049273345815e-02 3.103448275862069039e+01 0.000000000000000000e+00
7.770333815953020529e-02 3.103448275862069039e+01 0.000000000000000000e+00
1.203521518628518361e-01 3.103448275862069039e+01 0.000000000000000000e+00
1.864095005581485331e-01 3.103448275862069039e+01 0.000000000000000000e+00
2.887235613197536854e-01 3.103448275862069039e+01 0.000000000000000000e+00
9.999999999999999547e-08 3.724137931034482563e+01 1.980940582820168025e-39
1.548867200734165734e-07 3.724137931034482563e+01 2.465464487333996920e-39
2.398989605510090242e-07 3.724137931034482563e+01 3.064224298142407201e-39
3.715716314876781855e-07 3.724137931034482563e+01 3.818383182362816237e-39
5.755151127345470891e-07 3.724137931034482563e+01 4.755608800910379370e-39
8.913964816413657190e-07 3.724137931034482563e+01 5.909766172514996889e-39
1.380654773264149257e-06 3.724137931034482563e+01 7.366791009867557424e-39
2.138450893845906815e-06 3.724137931034482563e+01 9.146736976343726496e-39
3.312176449858584610e-06 3.724137931034482563e+01 0.000000000000000000e+00
5.130121466230092225e-06 3.724137931034482563e+01 0.000000000000000000e+00
7.945876874826057222e-06 3.724137931034482563e+01 0.000000000000000000e+00
1.230710807249020246e-05 3.724137931034482563e+01 0.000000000000000000e+00
1.906207602937075158e-05 3.724137931034482563e+01 0.000000000000000000e+00
2.952462433979331885e-05 3.724137931034482563e+01 0.000000000000000000e+00
4.572972225390358467e-05 3.724137931034482563e+01 0.000000000000000000e+00
7.082926689775453032e-05 3.724137931034482563e+01 0.000000000000000000e+00
1.097051283499781685e-04 3.724137931034482563e+01 0.000000000000000000e+00
1.699186750536130469e-04 3.724137931034482563e+01 0.000000000000000000e+00
2.631814625827482291e-04 3.724137931034482563e+01 0.000000000000000000e+00
4.076331352356652414e-04 3.724137931034482563e+01 0.000000000000000000e+00
6.313695930989564548e-04 3.724137931034482563e+01 0.000000000000000000e+00
9.779076542918499482e-04 3.724137931034482563e+01 0.000000000000000000e+00
1.514649091079534830e-03 3.724137931034482563e+01 0.000000000000000000e+00
2.345990297794907711e-03 3.724137931034482563e+01 0.000000000000000000e+00
3.633627425495110450e-03 3.724137931034482563e+01 0.000000000000000000e+00
5.628006339037505169e-03 3.724137931034482563e+01 0.000000000000000000e+00
8.717034424059159556e-03 3.724137931034482563e+01 0.000000000000000000e+00
1.350152870709589968e-02 3.724137931034482563e+01 0.000000000000000000e+00
2.091207497419160510e-02 3.724137931034482563e+01 0.000000000000000000e+00
3.239002702681915286e-02 3.724137931034482563e+01 0.000000000000000000e+00
5.016785049273345815e-02 3.724137931034482563e+01 0.000000000000000000e+00
7.770333815953020529e-02 3.724137931034482563e+01 0.000000000000000000e+00
1.203521518628518361e-01 3.724137931034482563e+01 0.000000000000000000e+00
1.864095005581485331e-01 3.724137931034482563e+01 0.000000000000000000e+00
2.887235613197536854e-01 3.724137931034482563e+01 0.000000000000000000e+00
9.999999999999999547e-08 4.344827586206896797e+01 2.248182805566065176e-39
1.548867200734165734e-07 4.344827586206896797e+01 2.802444429345132445e-39
2.398989605510090242e-07 4.344827586206896797e+01 3.481003824466497679e-39
3.715716314876781855e-07 4.344827586206896797e+01 4.338342485176627384e-39
5.755151127345470891e-07 4.344827586206896797e+01 5.408945840306417506e-39
8.913964816413657190e-07 4.344827586206896797e+01 6.716405123383488369e-39
1.380654773264149257e-06 4.344827586206896797e+01 8.365197157834078253e-39
2.138450893845906815e-06 4.344827586206896797e+01 1.040428049325268603e-38
3.312176449858584610e-06 4.344827586206896797e+01 0.000000000000000000e+00
5.130121466230092225e-06 4.344827586206896797e+01 0.000000000000000000e+00
7.945876874826057222e-06 4.344827586206896797e+01 0.000000000000000000e+00
1.230710807249020246e-05 4.344827586206896797e+01 0.000000000000000000e+00
1.906207602937075158e-05 4.344827586206896797e+01 0.000000000000000000e+00
2.952462433979331885e-05 4.344827586206896797e+01 0.000000000000000000e+00
4.572972225390358467e-05 4.344827586206896797e+01 0.000000000000000000e+00
7.082926689775453032e-05 4.344827586206896797e+01 0.000000000000000000e+00
1.097051283499781685e-04 4.344827586206896797e+01 0.000000000000000000e+00
1.699186750536130469e-04 4.344827586206896797e+01 0.000000000000000000e+00
2.631814625827482291e-04 4.344827586206896797e+01 0.000000000000000000e+00
4.076331352356652414e-04 4.344827586206896797e+01 0.000000000000000000e+00
6.313695930989564548e-04 4.344827586206896797e+01 0.000000000000000000e+00
9.779076542918499482e-04 4.344827586206896797e+01 0.000000000000000000e+00
1.514649091079534830e-03 4.344827586206896797e+01 0.000000000000000000e+00
2.345990297794907711e-03 4.344827586206896797e+01 0.000000000000000000e+00
3.633627425495110450e-03 4.344827586206896797e+01 0.000000000000000000e+00
5.628006339037505169e-03 4.344827586206896797e+01 0.000000000000000000e+00
8.717034424059159556e-03 4.344827586206896797e+01 0.000000000000000000e+00
1.350152870709589968e-02 4.344827586206896797e+01 0.000000000000000000e+00
2.091207497419160510e-02 4.344827586206896797e+01 0.000000000000000000e+00
3.239002702681915286e-02 4.344827586206896797e+01 0.000000000000000000e+00
5.016785049273345815e-02 4.344827586206896797e+01 0.000000000000000000e+00
7.770333815953020529e-02 4.344827586206896797e+01 0.000000000000000000e+00
1.203521518628518361e-01 4.344827586206896797e+01 0.000000000000000000e+00
1.864095005581485331e-01 4.344827586206896797e+01 0.000000000000000000e+00
2.887235613197536854e-01 4.344827586206896797e+01 0.000000000000000000e+00
9.999999999999999547e-08 4.965517241379310320e+01 2.490143339526318704e-39
1.548867200734165734e-07 4.965517241379310320e+01 3.100312885791095102e-39
2.398989605510090242e-07 4.965517241379310320e+01 3.855362719306829028e-39
3.715716314876781855e-07 4.965517241379310320e+01 4.798825602918722607e-39
5.755151127345470891e-07 4.965517241379310320e+01 5.983370812452975803e-39
8.913964816413657190e-07 4.965517241379310320e+01 7.460849249472102060e-39
1.380654773264149257e-06 4.965517241379310320e+01 9.285377405717138439e-39
2.138450893845906815e-06 4.965517241379310320e+01 1.152577364105075635e-38
3.312176449858584610e-06 4.965517241379310320e+01 0.000000000000000000e+00
5.130121466230092225e-06 4.965517241379310320e+01 0.000000000000000000e+00
7.945876874826057222e-06 4.965517241379310320e+01 0.000000000000000000e+00
1.230710807249020246e-05 4.965517241379310320e+01 0.000000000000000000e+00
1.906207602937075158e-05 4.965517241379310320e+01 0.000000000000000000e+00
2.952462433979331885e-05 4.965517241379310320e+01 0.000000000000000000e+00
4.572972225390358467e-05 4.965517241379310320e+01 0.000000000000000000e+00
7.082926689775453032e-05 4.965517241379310320e+01 0.000000000000000000e+00
1.097051283499781685e-04 4.965517241379310320e+01 0.000000000000000000e+00
1.699186750536130469e-04 4.965517241379310320e+01 0.000000000000000000e+00
2.631814625827482291e-04 4.965517241379310320e+01 0.000000000000000000e+00
4.076331352356652414e-04 4.965517241379310320e+01 0.000000000000000000e+00
6.313695930989564548e-04 4.965517241379310320e+01 0.000000000000000000e+00
9.779076542918499482e-04 4.965517241379310320e+01 0.000000000000000000e+00
1.514649091079534830e-03 4.965517241379310320e+01 0.000000000000000000e+00
2.345990297794907711e-03 4.965517241379310320e+01 0.000000000000000000e+00
3.633627425495110450e-03 4.965517241379310320e+01 0.000000000000000000e+00
5.628006339037505169e-03 4.965517241379310320e+01 0.000000000000000000e+00
8.717034424059159556e-03 4.965517241379310320e+01 0.000000000000000000e+00
1.350152870709589968e-02 4.965517241379310320e+01 0.000000000000000000e+00
2.091207497419160510e-02 4.965517241379310320e+01 0.000000000000000000e+00
3.239002702681915286e-02 4.965517241379310320e+01 0.000000000000000000e+00
5.016785049273345815e-02 4.965517241379310320e+01 0.000000000000000000e+00
7.770333815953020529e-02 4.965517241379310320e+01 0.000000000000000000e+00
1.203521518628518361e-01 4.965517241379310320e+01 0.000000000000000000e+00
1.864095005581485331e-01 4.965517241379310320e+01 0.000000000000000000e+00
2.887235613197536854e-01 4.965517241379310320e+01 0.000000000000000000e+00
9.999999999999999547e-08 5.586206896551724554e+01 2.707805456416674090e-39
1.548867200734165734e-07 5.586206896551724554e+01 3.378785672122925155e-39
2.398989605510090242e-07 5.586206896551724554e+01 4.192065637668581450e-39
3.715716314876781855e-07 5.586206896551724554e+01 5.230683807669073001e-39
5.755151127345470891e-07 5.586206896551724554e+01 6.491980355924302749e-39
8.913964816413657190e-07 5.586206896551724554e+01 8.083437072954489578e-39
1.380654773264149257e-06 5.586206896551724554e+01 1.005235624217129188e-38
2.138450893845906815e-06 5.586206896551724554e+01 1.254266614187165930e-38
3.312176449858584610e-06 5.586206896551724554e+01 1.559384908818220235e-38
5.130121466230092225e-06 5.586206896551724554e+01 0.000000000000000000e+00
7.945876874826057222e-06 5.586206896551724554e+01 0.000000000000000000e+00
1.230710807249020246e-05 5.586206896551724554e+01 0.000000000000000000e+00
1.906207602937075158e-05 5.586206896551724554e+01 0.000000000000000000e+00
2.952462433979331885e-05 5.586206896551724554e+01 0.000000000000000000e+00
4.572972225390358467e-05 5.586206896551724554e+01 0.000000000000000000e+00
7.082926689775453032e-05 5.586206896551724554e+01 0.000000000000000000e+00
1.097051283499781685e-04 5.586206896551724554e+01 0.000000000000000000e+00
1.699186750536130469e-04 5.586206896551724554e+01 0.000000000000000000e+00
2.631814625827482291e-04 5.586206896551724554e+01 0.000000000000000000e+00
4.076331352356652414e-04 5.586206896551724554e+01 0.000000000000000000e+00
6.313695930989564548e-04 5.586206896551724554e+01 0.000000000000000000e+00
9.779076542918499482e-04 5.586206896551724554e+01 0.000000000000000000e+00
1.514649091079534830e-03 5.586206896551724554e+01 0.000000000000000000e+00
2.345990297794907711e-03 5.586206896551724554e+01 0.000000000000000000e+00
3.633627425495110450e-03 5.586206896551724554e+01 0.000000000000000000e+00
5.628006339037505169e-03 5.586206896551724554e+01 0.000000000000000000e+00
8.717034424059159556e-03 5.586206896551724554e+01 0.000000000000000000e+00
1.350152870709589968e-02 5.586206896551724554e+01 0.000000000000000000e+00
2.091207497419160510e-02 5.586206896551724554e+01 0.000000000000000000e+00
3.239002702681915286e-02 5.586206896551724554e+01 0.000000000000000000e+00
5.016785049273345815e-02 5.586206896551724554e+01 0.000000000000000000e+00
7.770333815953020529e-02 5.586206896551724554e+01 0.000000000000000000e+00
1.203521518628518361e-01 5.586206896551724554e+01 0.000000000000000000e+00
1.864095005581485331e-01 5.586206896551724554e+01 0.000000000000000000e+00
2.887235613197536854e-01 5.586206896551724554e+01 0.000000000000000000e+00
9.999999999999999547e-08 6.206896551724138078e+01 2.891023910733845664e-39
1.548867200734165734e-07 6.206896551724138078e+01 3.601926895517862083e-39
2.398989605510090242e-07 6.206896551724138078e+01 4.476339375661131522e-39
3.715716314876781855e-07 6.206896551724138078e+01 5.561878603307012095e-39
5.755151127345470891e-07 6.206896551724138078e+01 6.942724101980609062e-39
8.913964816413657190e-07 6.206896551724138078e+01 8.625013658116202263e-39
1.380654773264149257e-06 6.206896551724138078e+01 1.074166920914965424e-38
2.138450893845906815e-06 6.206896551724138078e+01 1.337026197688315042e-38
3.312176449858584610e-06 6.206896551724138078e+01 1.663282997789706966e-38
5.130121466230092225e-06 6.206896551724138078e+01 2.069965633068300493e-38
7.945876874826057222e-06 6.206896551724138078e+01 0.000000000000000000e+00
1.230710807249020246e-05 6.206896551724138078e+01 0.000000000000000000e+00
1.906207602937075158e-05 6.206896551724138078e+01 0.000000000000000000e+00
2.952462433979331885e-05 6.206896551724138078e+01 0.000000000000000000e+00
4.572972225390358467e-05 6.206896551724138078e+01 0.000000000000000000e+00
7.082926689775453032e-05 6.206896551724138078e+01 0.000000000000000000e+00
1.097051283499781685e-04 6.206896551724138078e+01 0.000000000000000000e+00
1.699186750536130469e-04 6.206896551724138078e+01 0.000000000000000000e+00
2.631814625827482291e-04 6.206896551724138078e+01 0.000000000000000000e+00
4.076331352356652414e-04 6.206896551724138078e+01 0.000000000000000000e+00
6.313695930989564548e-04 6.206896551724138078e+01 0.000000000000000000e+00
9.779076542918499482e-04 6.206896551724138078e+01 0.000000000000000000e+00
1.514649091079534830e-03 6.206896551724138078e+01 0.000000000000000000e+00
2.345990297794907711e-03 6.206896551724138078e+01 0.000000000000000000e+00
3.633627425495110450e-03 6.206896551724138078e+01 0.000000000000000000e+00
5.628006339037505169e-03 6.206896551724138078e+01 0.000000000000000000e+00
8.717034424059159556e-03 6.206896551724138078e+01 0.000000000000000000e+00
1.350152870709589968e-02 6.206896551724138078e+01 0.000000000000000000e+00
2.091207497419160510e-02 6.206896551724138078e+01 0.000000000000000000e+00
3.239002702681915286e-02 6.206896551724138078e+01 0.000000000000000000e+00
5.016785049273345815e-02 6.206896551724138078e+01 0.000000000000000000e+00
7.770333815953020529e-02 6.206896551724138078e+01 0.000000000000000000e+00
1.203521518628518361e-01 6.206896551724138078e+01 0.000000000000000000e+00
1.864095005581485331e-01 6.206896551724138078e+01 0.000000000000000000e+00
2.887235613197536854e-01 6.206896551724138078e+01 0.000000000000000000e+00
9.999999999999999547e-08 6.827586206896552312e+01 3.043282264217820037e-39
1.548867200734165734e-07 6.827586206896552312e+01 3.774577456701117339e-39
2.398989605510090242e-07 6.827586206896552312e+01 4.705852284026513342e-39
3.715716314876781855e-07 6.827586206896552312e+01 5.860787932868877405e-39
5.755151127345470891e-07 6.827586206896552312e+01 7.286878967184523545e-39
8.913964816413657190e-07 6.827586206896552312e+01 9.058555180338397589e-39
1.380654773264149257e-06 6.827586206896552312e+01 1.125964202995217553e-38
2.138450893845906815e-06 6.827586206896552312e+01 1.407033281317203415e-38
3.312176449858584610e-06 6.827586206896552312e+01 1.752400398304649696e-38
5.130121466230092225e-06 6.827586206896552312e+01 2.179431191960188030e-38
7.945876874826057222e-06 6.827586206896552312e+01 2.711136654924060514e-38
1.230710807249020246e-05 6.827586206896552312e+01 0.000000000000000000e+00
1.906207602937075158e-05 6.827586206896552312e+01 0.000000000000000000e+00
2.952462433979331885e-05 6.827586206896552312e+01 0.000000000000000000e+00
4.572972225390358467e-05 6.827586206896552312e+01 0.000000000000000000e+00
7.082926689775453032e-05 6.827586206896552312e+01 0.000000000000000000e+00
1.097051283499781685e-04 6.827586206896552312e+01 0.000000000000000000e+00
1.699186750536130469e-04 6.827586206896552312e+01 0.000000000000000000e+00
2.631814625827482291e-04 6.827586206896552312e+01 0.000000000000000000e+00
4.076331352356652414e-04 6.827586206896552312e+01 0.000000000000000000e+00
6.313695930989564548e-04 6.827586206896552312e+01 0.000000000000000000e+00
9.779076542918499482e-04 6.827586206896552312e+01 0.000000000000000000e+00
1.514649091079534830e-03 6.827586206896552312e+01 0.000000000000000000e+00
2.345990297794907711e-03 6.827586206896552312e+01 0.000000000000000000e+00
3.633627425495110450e-03 6.827586206896552312e+01 0.000000000000000000e+00
5.628006339037505169e-03 6.827586206896552312e+01 0.000000000000000000e+00
8.717034424059159556e-03 6.827586206896552312e+01 0.000000000000000000e+00
1.350152870709589968e-02 6.827586206896552312e+01 0.000000000000000000e+00
2.091207497419160510e-02 6.827586206896552312e+01 0.000000000000000000e+00
3.239002702681915286e-02 6.827586206896552312e+01 0.000000000000000000e+00
5.016785049273345815e-02 6.827586206896552312e+01 0.000000000000000000e+00
7.770333815953020529e-02 6.827586206896552312e+01 0.000000000000000000e+00
1.203521518628518361e-01 6.827586206896552312e+01 0.000000000000000000e+00
1.864095005581485331e-01 6.827586206896552312e+01 0.000000000000000000e+00
2.887235613197536854e-01 6.827586206896552312e+01 0.000000000000000000e+00
9.999999999999999547e-08 7.448275862068965125e+01 3.156228000252162130e-39
1.548867200734165734e-07 7.448275862068965125e+01 3.918478834916421248e-39
2.398989605510090242e-07 7.448275862068965125e+01 4.880201404063360587e-39
3.715716314876781855e-07 7.448275862068965125e+01 6.074335943777145468e-39
5.755151127345470891e-07 7.448275862068965125e+01 7.545235121956790148e-39
8.913964816413657190e-07 7.448275862068965125e+01 9.424310585673991890e-39
1.380654773264149257e-06 7.448275862068965125e+01 1.169208315206391496e-38
2.138450893845906815e-06 7.448275862068965125e+01 1.456885304379516333e-38
3.312176449858584610e-06 7.448275862068965125e+01 1.814592518137913639e-38
5.130121466230092225e-06 7.448275862068965125e+01 2.259454208689173330e-38
7.945876874826057222e-06 7.448275862068965125e+01 2.815940670621724059e-38
1.230710807249020246e-05 7.448275862068965125e+01 3.500469520229698576e-38
1.906207602937075158e-05 7.448275862068965125e+01 4.354758985559952438e-38
2.952462433979331885e-05 7.448275862068965125e+01 0.000000000000000000e+00
4.572972225390358467e-05 7.448275862068965125e+01 0.000000000000000000e+00
7.082926689775453032e-05 7.448275862068965125e+01 0.000000000000000000e+00
1.097051283499781685e-04 7.448275862068965125e+01 0.000000000000000000e+00
1.699186750536130469e-04 7.448275862068965125e+01 0.000000000000000000e+00
2.631814625827482291e-04 7.448275862068965125e+01 0.000000000000000000e+00
4.076331352356652414e-04 7.448275862068965125e+01 0.000000000000000000e+00
6.313695930989564548e-04 7.448275862068965125e+01 0.000000000000000000e+00
9.779076542918499482e-04 7.448275862068965125e+01 0.000000000000000000e+00
1.514649091079534830e-03 7.448275862068965125e+01 0.000000000000000000e+00
2.345990297794907711e-03 7.448275862068965125e+01 0.000000000000000000e+00
3.633627425495110450e-03 7.448275862068965125e+01 0.000000000000000000e+00
5.628006339037505169e-03 7.448275862068965125e+01 0.000000000000000000e+00
8.717034424059159556e-03 7.448275862068965125e+01 0.000000000000000000e+00
1.350152870709589968e-02 7.448275862068965125e+01 0.000000000000000000e+00
2.091207497419160510e-02 7.448275862068965125e+01 0.000000000000000000e+00
3.239002702681915286e-02 7.448275862068965125e+01 0.000000000000000000e+00
5.016785049273345815e-02 7.448275862068965125e+01 0.000000000000000000e+00
7.770333815953020529e-02 7.448275862068965125e+01 0.000000000000000000e+00
1.203521518628518361e-01 7.448275862068965125e+01 0.000000000000000000e+00
1.864095005581485331e-01 7.448275862068965125e+01 1.214870757925647235e-34
2.887235613197536854e-01 7.448275862068965125e+01 0.000000000000000000e+00
9.999999999999999547e-08 8.068965517241380780e+01 3.232571050565630190e-39
1.548867200734165734e-07 8.068965517241380780e+01 4.013711310569728050e-39
2.398989605510090242e-07 8.068965517241380780e+01 4.984259240285429122e-39
3.715716314876781855e-07 8.068965517241380780e+01 6.219293669268815559e-39
5.755151127345470891e-07 8.068965517241380780e+01 7.749562622390864556e-39
8.913964816413657190e-07 8.068965517241380780e+01 9.625513030421951839e-39
1.380654773264149257e-06 8.068965517241380780e+01 1.199699839066942326e-38
2.138450893845906815e-06 8.068965517241380780e+01 1.493275341041223467e-38
3.312176449858584610e-06 8.068965517241380780e+01 1.858475245295408946e-38
5.130121466230092225e-06 8.068965517241380780e+01 2.308716073782437027e-38
7.945876874826057222e-06 8.068965517241380780e+01 2.881985324852086041e-38
1.230710807249020246e-05 8.068965517241380780e+01 3.583368098574139725e-38
1.906207602937075158e-05 8.068965517241380780e+01 4.461761423397959706e-38
2.952462433979331885e-05 8.068965517241380780e+01 5.547213914151321365e-38
4.572972225390358467e-05 8.068965517241380780e+01 6.894952536069715296e-38
7.082926689775453032e-05 8.068965517241380780e+01 0.000000000000000000e+00
1.097051283499781685e-04 8.068965517241380780e+01 0.000000000000000000e+00
1.699186750536130469e-04 8.068965517241380780e+01 0.000000000000000000e+00
2.631814625827482291e-04 8.068965517241380780e+01 0.000000000000000000e+00
4.076331352356652414e-04 8.068965517241380780e+01 0.000000000000000000e+00
6.313695930989564548e-04 8.068965517241380780e+01 0.000000000000000000e+00
9.779076542918499482e-04 8.068965517241380780e+01 0.000000000000000000e+00
1.514649091079534830e-03 8.068965517241380780e+01 0.000000000000000000e+00
2.345990297794907711e-03 8.068965517241380780e+01 0.000000000000000000e+00
3.633627425495110450e-03 8.068965517241380780e+01 0.000000000000000000e+00
5.628006339037505169e-03 8.068965517241380780e+01 0.000000000000000000e+00
8.717034424059159556e-03 8.068965517241380780e+01 0.000000000000000000e+00
1.350152870709589968e-02 8.068965517241380780e+01 0.000000000000000000e+00
2.091207497419160510e-02 8.068965517241380780e+01 0.000000000000000000e+00
3.239002702681915286e-02 8.068965517241380780e+01 0.000000000000000000e+00
5.016785049273345815e-02 8.068965517241380780e+01 0.000000000000000000e+00
7.770333815953020529e-02 8.068965517241380780e+01 5.770813614110513243e-36
1.203521518628518361e-01 8.068965517241380780e+01 1.918608875858984288e-35
1.864095005581485331e-01 8.068965517241380780e+01 1.071901298011473367e-34
2.887235613197536854e-01 8.068965517241380780e+01 0.000000000000000000e+00
9.999999999999999547e-08 8.689655172413793593e+01 3.264307004308011842e-39
1.548867200734165734e-07 8.689655172413793593e+01 4.060854235814141790e-39
2.398989605510090242e-07 8.689655172413793593e+01 5.059465822561790891e-39
3.715716314876781855e-07 8.689655172413793593e+01 6.282706839592650395e-39
5.755151127345470891e-07 8.689655172413793593e+01 7.828242651037787626e-39
8.913964816413657190e-07 8.689655172413793593e+01 9.766772528503811819e-39
1.380654773264149257e-06 8.689655172413793593e+01 1.212021915023139139e-38
2.138450893845906815e-06 8.689655172413793593e+01 1.509826412285921388e-38
3.312176449858584610e-06 8.689655172413793593e+01 1.878862515606018587e-38
5.130121466230092225e-06 8.689655172413793593e+01 2.340180660659460607e-38
7.945876874826057222e-06 8.689655172413793593e+01 2.914838261961303995e-38
1.230710807249020246e-05 8.689655172413793593e+01 3.623027386273193169e-38
1.906207602937075158e-05 8.689655172413793593e+01 4.501982542024841049e-38
2.952462433979331885e-05 8.689655172413793593e+01 5.614288911754711523e-38
4.572972225390358467e-05 8.689655172413793593e+01 6.995732609091648435e-38
7.082926689775453032e-05 8.689655172413793593e+01 8.687911170573703670e-38
1.097051283499781685e-04 8.689655172413793593e+01 1.082372906484085846e-37
1.699186750536130469e-04 8.689655172413793593e+01 1.349465027550632603e-37
2.631814625827482291e-04 8.689655172413793593e+01 1.684575043807335973e-37
4.076331352356652414e-04 8.689655172413793593e+01 2.095324973931186886e-37
6.313695930989564548e-04 8.689655172413793593e+01 2.612735078179683659e-37
9.779076542918499482e-04 8.689655172413793593e+01 0.000000000000000000e+00
1.514649091079534830e-03 8.689655172413793593e+01 0.000000000000000000e+00
2.345990297794907711e-03 8.689655172413793593e+01 0.000000000000000000e+00
3.633627425495110450e-03 8.689655172413793593e+01 0.000000000000000000e+00
5.628006339037505169e-03 8.689655172413793593e+01 0.000000000000000000e+00
8.717034424059159556e-03 8.689655172413793593e+01 1.053484628123430335e-36
1.350152870709589968e-02 8.689655172413793593e+01 1.367155692926480852e-36
2.091207497419160510e-02 8.689655172413793593e+01 1.816014454339196402e-36
3.239002702681915286e-02 8.689655172413793593e+01 2.483722925084443279e-36
5.016785049273345815e-02 8.689655172413793593e+01 3.556604285697457411e-36
7.770333815953020529e-02 8.689655172413793593e+01 5.802983748409769839e-36
1.203521518628518361e-01 8.689655172413793593e+01 2.232323706455086776e-35
1.864095005581485331e-01 8.689655172413793593e+01 8.975261191102173099e-35
2.887235613197536854e-01 8.689655172413793593e+01 0.000000000000000000e+00
9.999999999999999547e-08 9.310344827586206407e+01 3.263212580031255807e-39
1.548867200734165734e-07 9.310344827586206407e+01 4.062752201209311275e-39
2.398989605510090242e-07 9.310344827586206407e+01 5.058939098274990086e-39
3.715716314876781855e-07 9.310344827586206407e+01 6.280949082679619524e-39
5.755151127345470891e-07 9.310344827586206407e+01 7.834007545854898964e-39
8.913964816413657190e-07 9.310344827586206407e+01 9.749947021931630225e-39
1.380654773264149257e-06 9.310344827586206407e+01 1.213788837708432984e-38
2.138450893845906815e-06 9.310344827586206407e+01 1.510192196897917108e-38
3.312176449858584610e-06 9.310344827586206407e+01 1.878600680204235636e-38
5.130121466230092225e-06 9.310344827586206407e+01 2.338348989375920835e-38
7.945876874826057222e-06 9.310344827586206407e+01 2.913484360091690416e-38
1.230710807249020246e-05 9.310344827586206407e+01 3.619875787517996879e-38
1.906207602937075158e-05 9.310344827586206407e+01 4.514419535896373585e-38
2.952462433979331885e-05 9.310344827586206407e+01 5.617986908181600665e-38
4.572972225390358467e-05 9.310344827586206407e+01 6.999601944129756008e-38
7.082926689775453032e-05 9.310344827586206407e+01 8.690050470016291284e-38
1.097051283499781685e-04 9.310344827586206407e+01 1.084700914982854256e-37
1.699186750536130469e-04 9.310344827586206407e+01 1.346281078116706698e-37
2.631814625827482291e-04 9.310344827586206407e+01 1.676839691529202358e-37
4.076331352356652414e-04 9.310344827586206407e+01 2.092134510336908202e-37
6.313695930989564548e-04 9.310344827586206407e+01 2.609075147988881676e-37
9.779076542918499482e-04 9.310344827586206407e+01 3.261891077853795763e-37
1.514649091079534830e-03 9.310344827586206407e+01 4.082928886714046925e-37
2.345990297794907711e-03 9.310344827586206407e+01 5.106964907359078792e-37
3.633627425495110450e-03 9.310344827586206407e+01 6.428930771364785671e-37
5.628006339037505169e-03 9.310344827586206407e+01 8.145641488580886539e-37
8.717034424059159556e-03 9.310344827586206407e+01 1.042101647754729185e-36
1.350152870709589968e-02 9.310344827586206407e+01 1.351645045440944335e-36
2.091207497419160510e-02 9.310344827586206407e+01 1.787261787472537189e-36
3.239002702681915286e-02 9.310344827586206407e+01 2.424702596209737796e-36
5.016785049273345815e-02 9.310344827586206407e+01 3.457252999701790064e-36
7.770333815953020529e-02 9.310344827586206407e+01 5.854304105370609680e-36
1.203521518628518361e-01 9.310344827586206407e+01 2.602084927825717711e-35
1.864095005581485331e-01 9.310344827586206407e+01 7.321158307680191493e-35
2.887235613197536854e-01 9.310344827586206407e+01 0.000000000000000000e+00
9.999999999999999547e-08 9.931034482758620641e+01 3.225643304990666662e-39
1.548867200734165734e-07 9.931034482758620641e+01 4.014337219359267517e-39
2.398989605510090242e-07 9.931034482758620641e+01 5.005857146741592520e-39
3.715716314876781855e-07 9.931034482758620641e+01 6.203775833882597548e-39
5.755151127345470891e-07 9.931034482758620641e+01 7.730894427553120742e-39
8.913964816413657190e-07 9.931034482758620641e+01 9.641385670074178206e-39
1.380654773264149257e-06 9.931034482758620641e+01 1.197580037792172882e-38
2.138450893845906815e-06 9.931034482758620641e+01 1.494652404741479075e-38
3.312176449858584610e-06 9.931034482758620641e+01 1.859724087882938982e-38
5.130121466230092225e-06 9.931034482758620641e+01 2.312468511549892328e-38
7.945876874826057222e-06 9.931034482758620641e+01 2.875426271857312960e-38
1.230710807249020246e-05 9.931034482758620641e+01 3.578799966889010967e-38
1.906207602937075158e-05 9.931034482758620641e+01 4.444644618420680654e-38
2.952462433979331885e-05 9.931034482758620641e+01 5.541906211086328093e-38
4.572972225390358467e-05 9.931034482758620641e+01 6.909389684830593930e-38
7.082926689775453032e-05 9.931034482758620641e+01 8.601772063822543854e-38
1.097051283499781685e-04 9.931034482758620641e+01 1.070264696956531621e-37
1.699186750536130469e-04 9.931034482758620641e+01 1.332573847613618107e-37
2.631814625827482291e-04 9.931034482758620641e+01 1.657973623563170691e-37
4.076331352356652414e-04 9.931034482758620641e+01 2.070333858320684769e-37
6.313695930989564548e-04 9.931034482758620641e+01 2.576241747516352638e-37
9.779076542918499482e-04 9.931034482758620641e+01 3.215270013256172373e-37
1.514649091079534830e-03 9.931034482758620641e+01 4.023227327287165797e-37
2.345990297794907711e-03 9.931034482758620641e+01 5.026582480254733684e-37
3.633627425495110450e-03 9.931034482758620641e+01 6.315130302408604146e-37
5.628006339037505169e-03 9.931034482758620641e+01 8.023040437409408157e-37
8.717034424059159556e-03 9.931034482758620641e+01 1.022459999682191225e-36
1.350152870709589968e-02 9.931034482758620641e+01 1.317488936603078255e-36
2.091207497419160510e-02 9.931034482758620641e+01 1.734400501124343533e-36
3.239002702681915286e-02 9.931034482758620641e+01 2.349674226146202335e-36
5.016785049273345815e-02 9.931034482758620641e+01 3.320510528067481975e-36
7.770333815953020529e-02 9.931034482758620641e+01 5.881344614995729735e-36
1.203521518628518361e-01 9.931034482758620641e+01 2.842534227775132470e-35
1.864095005581485331e-01 9.931034482758620641e+01 5.898794560484281708e-35
2.887235613197536854e-01 9.931034482758620641e+01 0.000000000000000000e+00
9.999999999999999547e-08 1.055172413793103630e+02 3.153082187205418728e-39
1.548867200734165734e-07 1.055172413793103630e+02 3.931082507639224487e-39
2.398989605510090242e-07 1.055172413793103630e+02 4.873857266729947087e-39
3.715716314876781855e-07 1.055172413793103630e+02 6.073586260180181227e-39
5.755151127345470891e-07 1.055172413793103630e+02 7.560979546852644055e-39
8.913964816413657190e-07 1.055172413793103630e+02 9.419345492760705643e-39
1.380654773264149257e-06 1.055172413793103630e+02 1.171430389952132374e-38
2.138450893845906815e-06 1.055172413793103630e+02 1.457265149986154963e-38
3.312176449858584610e-06 1.055172413793103630e+02 1.811010372440373886e-38
5.130121466230092225e-06 1.055172413793103630e+02 2.258300166713941789e-38
7.945876874826057222e-06 1.055172413793103630e+02 2.808226250106994098e-38
1.230710807249020246e-05 1.055172413793103630e+02 3.493104692168527398e-38
1.906207602937075158e-05 1.055172413793103630e+02 4.350437566659719859e-38
2.952462433979331885e-05 1.055172413793103630e+02 5.406632140923015455e-38
4.572972225390358467e-05 1.055172413793103630e+02 6.744516993273903218e-38
7.082926689775453032e-05 1.055172413793103630e+02 8.392990351853736270e-38
1.097051283499781685e-04 1.055172413793103630e+02 1.040693898248011259e-37
1.699186750536130469e-04 1.055172413793103630e+02 1.300051462161867827e-37
2.631814625827482291e-04 1.055172413793103630e+02 1.616754556303003559e-37
4.076331352356652414e-04 1.055172413793103630e+02 2.014755979174793843e-37
6.313695930989564548e-04 1.055172413793103630e+02 2.508392809891306916e-37
9.779076542918499482e-04 1.055172413793103630e+02 3.131808126371468172e-37
1.514649091079534830e-03 1.055172413793103630e+02 3.902818182465683822e-37
2.345990297794907711e-03 1.055172413793103630e+02 4.892319753786849777e-37
3.633627425495110450e-03 1.055172413793103630e+02 6.147641205712082017e-37
5.628006339037505169e-03 1.055172413793103630e+02 7.771077115971077311e-37
8.717034424059159556e-03 1.055172413793103630e+02 9.884014297317656653e-37
1.350152870709589968e-02 1.055172413793103630e+02 1.270839517273610345e-36
2.091207497419160510e-02 1.055172413793103630e+02 1.664800091009010262e-36
3.239002702681915286e-02 1.055172413793103630e+02 2.238415116005336965e-36
5.016785049273345815e-02 1.055172413793103630e+02 3.178746788609021573e-36
7.770333815953020529e-02 1.055172413793103630e+02 6.010085558268668437e-36
1.203521518628518361e-01 1.055172413793103630e+02 3.015326574677631938e-35
1.864095005581485331e-01 1.055172413793103630e+02 4.705958105779843551e-35
2.887235613197536854e-01 1.055172413793103630e+02 0.000000000000000000e+00
9.999999999999999547e-08 1.117241379310344911e+02 3.035018908181779076e-39
1.548867200734165734e-07 1.117241379310344911e+02 3.786423515410264140e-39
2.398989605510090242e-07 1.117241379310344911e+02 4.704198217837255289e-39
3.715716314876781855e-07 1.117241379310344911e+02 5.862374357571469578e-39
5.755151127345470891e-07 1.117241379310344911e+02 7.293029446651925041e-39
8.913964816413657190e-07 1.117241379310344911e+02 9.043332578659826363e-39
1.380654773264149257e-06 1.117241379310344911e+02 1.127010412298479668e-38
2.138450893845906815e-06 1.117241379310344911e+02 1.402956627756999206e-38
3.312176449858584610e-06 1.117241379310344911e+02 1.747154299359827539e-38
5.130121466230092225e-06 1.117241379310344911e+02 2.179961052824808882e-38
7.945876874826057222e-06 1.117241379310344911e+02 2.701445438331405841e-38
1.230710807249020246e-05 1.117241379310344911e+02 3.361119329709505465e-38
1.906207602937075158e-05 1.117241379310344911e+02 4.192692459673993905e-38
2.952462433979331885e-05 1.117241379310344911e+02 5.217095228863504143e-38
4.572972225390358467e-05 1.117241379310344911e+02 6.501209318678404040e-38
7.082926689775453032e-05 1.117241379310344911e+02 8.075008665311001927e-38
1.097051283499781685e-04 1.117241379310344911e+02 1.004514865522382669e-37
1.699186750536130469e-04 1.117241379310344911e+02 1.252625730359705175e-37
2.631814625827482291e-04 1.117241379310344911e+02 1.559609171634062410e-37
4.076331352356652414e-04 1.117241379310344911e+02 1.937898632402678396e-37
6.313695930989564548e-04 1.117241379310344911e+02 2.418063790465179837e-37
9.779076542918499482e-04 1.117241379310344911e+02 3.008328588749083415e-37
1.514649091079534830e-03 1.117241379310344911e+02 3.757126602133788876e-37
2.345990297794907711e-03 1.117241379310344911e+02 4.700527724357230178e-37
3.633627425495110450e-03 1.117241379310344911e+02 5.908685846390201669e-37
5.628006339037505169e-03 1.117241379310344911e+02 7.436642153268530789e-37
8.717034424059159556e-03 1.117241379310344911e+02 9.450160673166051839e-37
1.350152870709589968e-02 1.117241379310344911e+02 1.212211750870969910e-36
2.091207497419160510e-02 1.117241379310344911e+02 1.580413438936322132e-36
3.239002702681915286e-02 1.117241379310344911e+02 2.114750921622414892e-36
5.016785049273345815e-02 1.117241379310344911e+02 3.017770002196483523e-36
7.770333815953020529e-02 1.117241379310344911e+02 6.047338860618399577e-36
1.203521518628518361e-01 1.117241379310344911e+02 3.115075525055747367e-35
1.864095005581485331e-01 1.117241379310344911e+02 3.723330395506883193e-35
2.887235613197536854e-01 1.117241379310344911e+02 0.000000000000000000e+00
9.999999999999999547e-08 1.179310344827586192e+02 2.881064517662483268e-39
1.548867200734165734e-07 1.179310344827586192e+02 3.604932629804976790e-39
2.398989605510090242e-07 1.179310344827586192e+02 4.471252974233651516e-39
3.715716314876781855e-07 1.179310344827586192e+02 5.574153853797697371e-39
5.755151127345470891e-07 1.179310344827586192e+02 6.935133062979749716e-39
8.913964816413657190e-07 1.179310344827586192e+02 8.631487497670392662e-39
1.380654773264149257e-06 1.179310344827586192e+02 1.072571637232335155e-38
2.138450893845906815e-06 1.179310344827586192e+02 1.335099834126535552e-38
3.312176449858584610e-06 1.179310344827586192e+02 1.661976412744575780e-38
5.130121466230092225e-06 1.179310344827586192e+02 2.071017837006825044e-38
7.945876874826057222e-06 1.179310344827586192e+02 2.567873059566526457e-38
1.230710807249020246e-05 1.179310344827586192e+02 3.201124588475733042e-38
1.906207602937075158e-05 1.179310344827586192e+02 3.992232384137203074e-38
2.952462433979331885e-05 1.179310344827586192e+02 4.955961422039426374e-38
4.572972225390358467e-05 1.179310344827586192e+02 6.144521657127301759e-38
7.082926689775453032e-05 1.179310344827586192e+02 7.683388390726090856e-38
1.097051283499781685e-04 1.179310344827586192e+02 9.546629986789009161e-38
1.699186750536130469e-04 1.179310344827586192e+02 1.187541584205373161e-37
2.631814625827482291e-04 1.179310344827586192e+02 1.480504965525778304e-37
4.076331352356652414e-04 1.179310344827586192e+02 1.846035152735619295e-37
6.313695930989564548e-04 1.179310344827586192e+02 2.293896257758652027e-37
9.779076542918499482e-04 1.179310344827586192e+02 2.853916333379848482e-37
1.514649091079534830e-03 1.179310344827586192e+02 3.558416578668465953e-37
2.345990297794907711e-03 1.179310344827586192e+02 4.456864072919541949e-37
3.633627425495110450e-03 1.179310344827586192e+02 5.585743236582691135e-37
5.628006339037505169e-03 1.179310344827586192e+02 7.027673533603709272e-37
8.717034424059159556e-03 1.179310344827586192e+02 8.928424678186805861e-37
1.350152870709589968e-02 1.179310344827586192e+02 1.141284889149471379e-36
2.091207497419160510e-02 1.179310344827586192e+02 1.479582582918381989e-36
3.239002702681915286e-02 1.179310344827586192e+02 1.970934750155813308e-36
5.016785049273345815e-02 1.179310344827586192e+02 2.816460898907714782e-36
7.770333815953020529e-02 1.179310344827586192e+02 6.076288396105564722e-36
1.203521518628518361e-01 1.179310344827586192e+02 3.080229151765008571e-35
1.864095005581485331e-01 1.179310344827586192e+02 2.944207874404955395e-35
2.887235613197536854e-01 1.179310344827586192e+02 0.000000000000000000e+00
9.999999999999999547e-08 1.241379310344827616e+02 2.700678212787310510e-39
1.548867200734165734e-07 1.241379310344827616e+02 3.369231041705946746e-39
2.398989605510090242e-07 1.241379310344827616e+02 4.195343050189243093e-39
3.715716314876781855e-07 1.241379310344827616e+02 5.229535091486355536e-39
5.755151127345470891e-07 1.241379310344827616e+02 6.493890563015993191e-39
8.913964816413657190e-07 1.241379310344827616e+02 8.079280968705192203e-39
1.380654773264149257e-06 1.241379310344827616e+02 1.006445568858138273e-38
2.138450893845906815e-06 1.241379310344827616e+02 1.252993759826719668e-38
3.312176449858584610e-06 1.241379310344827616e+02 1.559426426800724543e-38
5.130121466230092225e-06 1.241379310344827616e+02 1.939817902438200434e-38
7.945876874826057222e-06 1.241379310344827616e+02 2.414462735219982708e-38
1.230710807249020246e-05 1.241379310344827616e+02 3.000929764892321156e-38
1.906207602937075158e-05 1.241379310344827616e+02 3.733901846533126480e-38
2.952462433979331885e-05 1.241379310344827616e+02 4.640139529157024810e-38
4.572972225390358467e-05 1.241379310344827616e+02 5.779264856098118075e-38
7.082926689775453032e-05 1.241379310344827616e+02 7.187695981754121994e-38
1.097051283499781685e-04 1.241379310344827616e+02 8.940811513131903879e-38
1.699186750536130469e-04 1.241379310344827616e+02 1.113721741310308200e-37
2.631814625827482291e-04 1.241379310344827616e+02 1.386022446782342509e-37
4.076331352356652414e-04 1.241379310344827616e+02 1.725514151895236838e-37
6.313695930989564548e-04 1.241379310344827616e+02 2.147344649243225617e-37
9.779076542918499482e-04 1.241379310344827616e+02 2.671926328707773963e-37
1.514649091079534830e-03 1.241379310344827616e+02 3.333432311087657835e-37
2.345990297794907711e-03 1.241379310344827616e+02 4.161937713842888511e-37
3.633627425495110450e-03 1.241379310344827616e+02 5.195357086935340786e-37
5.628006339037505169e-03 1.241379310344827616e+02 6.533969400810766298e-37
8.717034424059159556e-03 1.241379310344827616e+02 8.283172187931253654e-37
1.350152870709589968e-02 1.241379310344827616e+02 1.053351848974751842e-36
2.091207497419160510e-02 1.241379310344827616e+02 1.364484798947673090e-36
3.239002702681915286e-02 1.241379310344827616e+02 1.818376300148905640e-36
5.016785049273345815e-02 1.241379310344827616e+02 2.625697122809730437e-36
7.770333815953020529e-02 1.241379310344827616e+02 6.023321426703937792e-36
1.203521518628518361e-01 1.241379310344827616e+02 2.927030386358599433e-35
1.864095005581485331e-01 1.241379310344827616e+02 2.288593964319167927e-35
2.887235613197536854e-01 1.241379310344827616e+02 0.000000000000000000e+00
9.999999999999999547e-08 1.303448275862068897e+02 2.492016138031991265e-39
1.548867200734165734e-07 1.303448275862068897e+02 3.105011232787171680e-39
2.398989605510090242e-07 1.303448275862068897e+02 3.856145607628730510e-39
3.715716314876781855e-07 1.303448275862068897e+02 4.809349098573836110e-39
5.755151127345470891e-07 1.303448275862068897e+02 5.979019838741923737e-39
8.913964816413657190e-07 1.303448275862068897e+02 7.431282018717762596e-39
1.380654773264149257e-06 1.303448275862068897e+02 9.261246591004956375e-39
2.138450893845906815e-06 1.303448275862068897e+02 1.150908923677754642e-38
3.312176449858584610e-06 1.303448275862068897e+02 1.430621904191017243e-38
5.130121466230092225e-06 1.303448275862068897e+02 1.782485828905146817e-38
7.945876874826057222e-06 1.303448275862068897e+02 2.217573597468901560e-38
1.230710807249020246e-05 1.303448275862068897e+02 2.761769451805950053e-38
1.906207602937075158e-05 1.303448275862068897e+02 3.432184379501620596e-38
2.952462433979331885e-05 1.303448275862068897e+02 4.274629375418676684e-38
4.572972225390358467e-05 1.303448275862068897e+02 5.324705917470003516e-38
7.082926689775453032e-05 1.303448275862068897e+02 6.621103874241845771e-38
1.097051283499781685e-04 1.303448275862068897e+02 8.223652434330652461e-38
1.699186750536130469e-04 1.303448275862068897e+02 1.024272499686481786e-37
2.631814625827482291e-04 1.303448275862068897e+02 1.271499187967737785e-37
4.076331352356652414e-04 1.303448275862068897e+02 1.585298303496549701e-37
6.313695930989564548e-04 1.303448275862068897e+02 1.975109716184617896e-37
9.779076542918499482e-04 1.303448275862068897e+02 2.453759398589579005e-37
1.514649091079534830e-03 1.303448275862068897e+02 3.061192804367764057e-37
2.345990297794907711e-03 1.303448275862068897e+02 3.821339592501094615e-37
3.633627425495110450e-03 1.303448275862068897e+02 4.781506948618487207e-37
5.628006339037505169e-03 1.303448275862068897e+02 5.990715514525400852e-37
8.717034424059159556e-03 1.303448275862068897e+02 7.547987753451172838e-37
1.350152870709589968e-02 1.303448275862068897e+02 9.597911433461146429e-37
2.091207497419160510e-02 1.303448275862068897e+02 1.241514454616372938e-36
3.239002702681915286e-02 1.303448275862068897e+02 1.643714443485209716e-36
5.016785049273345815e-02 1.303448275862068897e+02 2.410405614884056165e-36
7.770333815953020529e-02 1.303448275862068897e+02 5.886630251561967495e-36
1.203521518628518361e-01 1.303448275862068897e+02 2.698352878150703152e-35
1.864095005581485331e-01 1.303448275862068897e+02 1.738915440553015617e-35
2.887235613197536854e-01 1.303448275862068897e+02 0.000000000000000000e+00
9.999999999999999547e-08 1.365517241379310462e+02 2.246087820142544481e-39
1.548867200734165734e-07 1.365517241379310462e+02 2.800463417668130981e-39
2.398989605510090242e-07 1.365517241379310462e+02 3.488202660504488764e-39
3.715716314876781855e-07 1.365517241379310462e+02 4.330678255341606377e-39
5.755151127345470891e-07 1.365517241379310462e+02 5.393730784725404557e-39
8.913964816413657190e-07 1.365517241379310462e+02 6.709993830177747273e-39
1.380654773264149257e-06 1.365517241379310462e+02 8.337989252677926883e-39
2.138450893845906815e-06 1.365517241379310462e+02 1.042503749012153222e-38
3.312176449858584610e-06 1.365517241379310462e+02 1.294598390246360442e-38
5.130121466230092225e-06 1.365517241379310462e+02 1.608635007009705275e-38
7.945876874826057222e-06 1.365517241379310462e+02 2.000988829862361144e-38
1.230710807249020246e-05 1.365517241379310462e+02 2.489484647201193278e-38
1.906207602937075158e-05 1.365517241379310462e+02 3.099325710888528653e-38
2.952462433979331885e-05 1.365517241379310462e+02 3.851951199337804255e-38
4.572972225390358467e-05 1.365517241379310462e+02 4.795856076242000977e-38
7.082926689775453032e-05 1.365517241379310462e+02 5.966725040882261404e-38
1.097051283499781685e-04 1.365517241379310462e+02 7.420659267274803957e-38
1.699186750536130469e-04 1.365517241379310462e+02 9.246414961385294149e-38
2.631814625827482291e-04 1.365517241379310462e+02 1.144977825275624866e-37
4.076331352356652414e-04 1.365517241379310462e+02 1.429111297820388704e-37
6.313695930989564548e-04 1.365517241379310462e+02 1.772205648745228814e-37
9.779076542918499482e-04 1.365517241379310462e+02 2.208856323852063204e-37
1.514649091079534830e-03 1.365517241379310462e+02 2.750693033604472317e-37
2.345990297794907711e-03 1.365517241379310462e+02 3.426605574876079947e-37
3.633627425495110450e-03 1.365517241379310462e+02 4.287541108180962409e-37
5.628006339037505169e-03 1.365517241379310462e+02 5.364896328467905912e-37
8.717034424059159556e-03 1.365517241379310462e+02 6.769003128574708053e-37
1.350152870709589968e-02 1.365517241379310462e+02 8.575853326738205837e-37
2.091207497419160510e-02 1.365517241379310462e+02 1.104301449785815436e-36
3.239002702681915286e-02 1.365517241379310462e+02 1.461165708013316432e-36
5.016785049273345815e-02 1.365517241379310462e+02 2.182638851917457138e-36
7.770333815953020529e-02 1.365517241379310462e+02 5.637524487019847999e-36
1.203521518628518361e-01 1.365517241379310462e+02 2.380727833779045653e-35
1.864095005581485331e-01 1.365517241379310462e+02 1.316468042729272631e-35
2.887235613197536854e-01 1.365517241379310462e+02 0.000000000000000000e+00
9.999999999999999547e-08 1.427586206896551744e+02 1.976226693832652410e-39
1.548867200734165734e-07 1.427586206896551744e+02 2.463110862531140709e-39
2.398989605510090242e-07 1.427586206896551744e+02 3.062678925898541565e-39
3.715716314876781855e-07 1.427586206896551744e+02 3.809945954667889766e-39
5.755151127345470891e-07 1.427586206896551744e+02 4.752031505359218771e-39
8.913964816413657190e-07 1.427586206896551744e+02 5.902124792920789774e-39
1.380654773264149257e-06 1.427586206896551744e+02 7.367675905972871883e-39
2.138450893845906815e-06 1.427586206896551744e+02 9.134714720339087120e-39
3.312176449858584610e-06 1.427586206896551744e+02 1.139641835731005672e-38
5.130121466230092225e-06 1.427586206896551744e+02 1.417723855758906228e-38
7.945876874826057222e-06 1.427586206896551744e+02 1.761357808793514334e-38
1.230710807249020246e-05 1.427586206896551744e+02 2.192700390489866197e-38
1.906207602937075158e-05 1.427586206896551744e+02 2.729315419085770773e-38
2.952462433979331885e-05 1.427586206896551744e+02 3.398217488065870220e-38
4.572972225390358467e-05 1.427586206896551744e+02 4.221225567171674387e-38
7.082926689775453032e-05 1.427586206896551744e+02 5.246679182768104730e-38
1.097051283499781685e-04 1.427586206896551744e+02 6.527216798231943499e-38
1.699186750536130469e-04 1.427586206896551744e+02 8.124034672711896892e-38
2.631814625827482291e-04 1.427586206896551744e+02 1.009994399513636681e-37
4.076331352356652414e-04 1.427586206896551744e+02 1.256732736951606662e-37
6.313695930989564548e-04 1.427586206896551744e+02 1.559825372756933145e-37
9.779076542918499482e-04 1.427586206896551744e+02 1.943254605259970393e-37
1.514649091079534830e-03 1.427586206896551744e+02 2.418834863925360801e-37
2.345990297794907711e-03 1.427586206896551744e+02 3.008781536300713169e-37
3.633627425495110450e-03 1.427586206896551744e+02 3.771522515507106242e-37
5.628006339037505169e-03 1.427586206896551744e+02 4.689727353118734673e-37
8.717034424059159556e-03 1.427586206896551744e+02 5.890795984522104195e-37
1.350152870709589968e-02 1.427586206896551744e+02 7.491737509848070449e-37
2.091207497419160510e-02 1.427586206896551744e+02 9.580891338238699355e-37
3.239002702681915286e-02 1.427586206896551744e+02 1.269466892901500021e-36
5.016785049273345815e-02 1.427586206896551744e+02 1.915616101436620262e-36
7.770333815953020529e-02 1.427586206896551744e+02 5.241078751731312841e-36
1.203521518628518361e-01 1.427586206896551744e+02 2.060517869484863761e-35
1.864095005581485331e-01 1.427586206896551744e+02 9.691096097594274724e-36
2.887235613197536854e-01 1.427586206896551744e+02 0.000000000000000000e+00
9.999999999999999547e-08 1.489655172413793025e+02 1.686138024414096416e-39
1.548867200734165734e-07 1.489655172413793025e+02 2.100061730904079790e-39
2.398989605510090242e-07 1.489655172413793025e+02 2.611578837147555406e-39
3.715716314876781855e-07 1.489655172413793025e+02 3.243698583508439794e-39
5.755151127345470891e-07 1.489655172413793025e+02 4.038377934895324094e-39
8.913964816413657190e-07 1.489655172413793025e+02 5.018373681986679806e-39
1.380654773264149257e-06 1.489655172413793025e+02 6.272513657420475305e-39
2.138450893845906815e-06 1.489655172413793025e+02 7.788927585753995985e-39
3.312176449858584610e-06 1.489655172413793025e+02 9.697471486431650878e-39
5.130121466230092225e-06 1.489655172413793025e+02 1.205428003230743577e-38
7.945876874826057222e-06 1.489655172413793025e+02 1.504358350909643016e-38
1.230710807249020246e-05 1.489655172413793025e+02 1.866016595795269342e-38
1.906207602937075158e-05 1.489655172413793025e+02 2.325602813269992313e-38
2.952462433979331885e-05 1.489655172413793025e+02 2.889054151182844290e-38
4.572972225390358467e-05 1.489655172413793025e+02 3.600609731734791313e-38
7.082926689775453032e-05 1.489655172413793025e+02 4.468035980442230472e-38
1.097051283499781685e-04 1.489655172413793025e+02 5.569738805460192872e-38
1.699186750536130469e-04 1.489655172413793025e+02 6.917659591318859456e-38
2.631814625827482291e-04 1.489655172413793025e+02 8.605000260767246440e-38
4.076331352356652414e-04 1.489655172413793025e+02 1.069713456620076504e-37
6.313695930989564548e-04 1.489655172413793025e+02 1.326803422904761588e-37
9.779076542918499482e-04 1.489655172413793025e+02 1.651729070508595177e-37
1.514649091079534830e-03 1.489655172413793025e+02 2.056293745384158075e-37
2.345990297794907711e-03 1.489655172413793025e+02 2.563992920958080737e-37
3.633627425495110450e-03 1.489655172413793025e+02 3.189232457575801277e-37
5.628006339037505169e-03 1.489655172413793025e+02 3.987649619919456433e-37
8.717034424059159556e-03 1.489655172413793025e+02 4.993520948495402164e-37
1.350152870709589968e-02 1.489655172413793025e+02 6.313419460210690513e-37
2.091207497419160510e-02 1.489655172413793025e+02 8.103686178971745984e-37
3.239002702681915286e-02 1.489655172413793025e+02 1.069847980071744758e-36
5.016785049273345815e-02 1.489655172413793025e+02 1.644635250255943143e-36
7.770333815953020529e-02 1.489655172413793025e+02 4.656901515934583196e-36
1.203521518628518361e-01 1.489655172413793025e+02 1.709452399438101611e-35
1.864095005581485331e-01 1.489655172413793025e+02 7.083860737221415184e-36
2.887235613197536854e-01 1.489655172413793025e+02 0.000000000000000000e+00
9.999999999999999547e-08 1.551724137931034591e+02 1.368887876923416357e-39
1.548867200734165734e-07 1.551724137931034591e+02 1.709080320515508575e-39
2.398989605510090242e-07 1.551724137931034591e+02 2.126702549425332394e-39
3.715716314876781855e-07 1.551724137931034591e+02 2.647504313886714810e-39
5.755151127345470891e-07 1.551724137931034591e+02 3.289416253621542752e-39
8.913964816413657190e-07 1.551724137931034591e+02 4.101309682948182440e-39
1.380654773264149257e-06 1.551724137931034591e+02 5.103662741552070223e-39
2.138450893845906815e-06 1.551724137931034591e+02 6.336482866155519177e-39
3.312176449858584610e-06 1.551724137931034591e+02 7.882284134631189850e-39
5.130121466230092225e-06 1.551724137931034591e+02 9.810322229525493617e-39
7.945876874826057222e-06 1.551724137931034591e+02 1.221693276565565342e-38
1.230710807249020246e-05 1.551724137931034591e+02 1.519641460201912099e-38
1.906207602937075158e-05 1.551724137931034591e+02 1.890736777335779842e-38
2.952462433979331885e-05 1.551724137931034591e+02 2.351320412517919271e-38
4.572972225390358467e-05 1.551724137931034591e+02 2.927855885537193152e-38
7.082926689775453032e-05 1.551724137931034591e+02 3.642942471458673937e-38
1.097051283499781685e-04 1.551724137931034591e+02 4.533444003568518671e-38
1.699186750536130469e-04 1.551724137931034591e+02 5.635593514896335402e-38
2.631814625827482291e-04 1.551724137931034591e+02 6.991270395579177776e-38
4.076331352356652414e-04 1.551724137931034591e+02 8.698398941589968262e-38
6.313695930989564548e-04 1.551724137931034591e+02 1.082334777694012248e-37
9.779076542918499482e-04 1.551724137931034591e+02 1.345048660036171271e-37
1.514649091079534830e-03 1.551724137931034591e+02 1.669305558222890669e-37
2.345990297794907711e-03 1.551724137931034591e+02 2.077826952075612091e-37
3.633627425495110450e-03 1.551724137931034591e+02 2.587164021444024757e-37
5.628006339037505169e-03 1.551724137931034591e+02 3.228494093498589611e-37
8.717034424059159556e-03 1.551724137931034591e+02 4.063620572802531524e-37
1.350152870709589968e-02 1.551724137931034591e+02 5.126462407788925740e-37
2.091207497419160510e-02 1.551724137931034591e+02 6.546171710666947827e-37
3.239002702681915286e-02 1.551724137931034591e+02 8.667458228025548348e-37
5.016785049273345815e-02 1.551724137931034591e+02 1.350288844594837953e-36
7.770333815953020529e-02 1.551724137931034591e+02 3.969077684093494479e-36
1.203521518628518361e-01 1.551724137931034591e+02 1.351882086679594725e-35
1.864095005581485331e-01 1.551724137931034591e+02 5.002607629706043724e-36
2.887235613197536854e-01 1.551724137931034591e+02 0.000000000000000000e+00
9.999999999999999547e-08 1.613793103448276156e+02 1.044066483583672103e-39
1.548867200734165734e-07 1.613793103448276156e+02 1.298070091367785201e-39
2.398989605510090242e-07 1.613793103448276156e+02 1.619305352905977812e-39
3.715716314876781855e-07 1.613793103448276156e+02 2.011945551642768737e-39
5.755151127345470891e-07 1.613793103448276156e+02 2.504893896306464803e-39
8.913964816413657190e-07 1.613793103448276156e+02 3.119996790223284788e-39
1.380654773264149257e-06 1.613793103448276156e+02 3.882067294598015719e-39
2.138450893845906815e-06 1.613793103448276156e+02 4.825892031717633487e-39
3.312176449858584610e-06 1.613793103448276156e+02 5.987541916772423472e-39
5.130121466230092225e-06 1.613793103448276156e+02 7.469285205164515625e-39
7.945876874826057222e-06 1.613793103448276156e+02 9.309334508277269747e-39
1.230710807249020246e-05 1.613793103448276156e+02 1.156768428553613087e-38
1.906207602937075158e-05 1.613793103448276156e+02 1.438055622353770543e-38
2.952462433979331885e-05 1.613793103448276156e+02 1.790497521320202306e-38
4.572972225390358467e-05 1.613793103448276156e+02 2.223970473446695411e-38
7.082926689775453032e-05 1.613793103448276156e+02 2.762686284844796825e-38
1.097051283499781685e-04 1.613793103448276156e+02 3.440127567101287269e-38
1.699186750536130469e-04 1.613793103448276156e+02 4.273606607101136786e-38
2.631814625827482291e-04 1.613793103448276156e+02 5.324107048830795701e-38
4.076331352356652414e-04 1.613793103448276156e+02 6.601004234909555677e-38
6.313695930989564548e-04 1.613793103448276156e+02 8.214065641312165698e-38
9.779076542918499482e-04 1.613793103448276156e+02 1.022066337397527686e-37
1.514649091079534830e-03 1.613793103448276156e+02 1.271012154171591949e-37
2.345990297794907711e-03 1.613793103448276156e+02 1.577298877138476028e-37
3.633627425495110450e-03 1.613793103448276156e+02 1.966710364773886786e-37
5.628006339037505169e-03 1.613793103448276156e+02 2.455602712853934237e-37
8.717034424059159556e-03 1.613793103448276156e+02 3.069713261802068571e-37
1.350152870709589968e-02 1.613793103448276156e+02 3.874167833961578222e-37
2.091207497419160510e-02 1.613793103448276156e+02 4.942063365919799959e-37
3.239002702681915286e-02 1.613793103448276156e+02 6.543660013476747620e-37
5.016785049273345815e-02 1.613793103448276156e+02 1.025979105125661249e-36
7.770333815953020529e-02 1.613793103448276156e+02 3.101190615616309945e-36
1.203521518628518361e-01 1.613793103448276156e+02 1.006216348118887033e-35
1.864095005581485331e-01 1.613793103448276156e+02 3.400993904694846842e-36
2.887235613197536854e-01 1.613793103448276156e+02 0.000000000000000000e+00
9.999999999999999547e-08 1.675862068965517437e+02 7.038680708787592815e-40
1.548867200734165734e-07 1.675862068965517437e+02 8.719089921510009538e-40
2.398989605510090242e-07 1.675862068965517437e+02 1.087729264385204899e-39
3.715716314876781855e-07 1.675862068965517437e+02 1.355698334973036474e-39
5.755151127345470891e-07 1.675862068965517437e+02 1.689333458802299992e-39
8.913964816413657190e-07 1.675862068965517437e+02 2.092555747678213989e-39
1.380654773264149257e-06 1.675862068965517437e+02 2.615465108824356124e-39
2.138450893845906815e-06 1.675862068965517437e+02 3.245160095997684293e-39
3.312176449858584610e-06 1.675862068965517437e+02 4.042570765139409812e-39
5.130121466230092225e-06 1.675862068965517437e+02 5.026021533423869509e-39
7.945876874826057222e-06 1.675862068965517437e+02 6.253667576625074499e-39
1.230710807249020246e-05 1.675862068965517437e+02 7.798968039848982835e-39
1.906207602937075158e-05 1.675862068965517437e+02 9.697147139779917620e-39
2.952462433979331885e-05 1.675862068965517437e+02 1.204961070599597069e-38
4.572972225390358467e-05 1.675862068965517437e+02 1.498489600977221865e-38
7.082926689775453032e-05 1.675862068965517437e+02 1.862389342634687875e-38
1.097051283499781685e-04 1.675862068965517437e+02 2.314659453474142031e-38
1.699186750536130469e-04 1.675862068965517437e+02 2.885323346479319778e-38
2.631814625827482291e-04 1.675862068965517437e+02 3.577548935270321398e-38
4.076331352356652414e-04 1.675862068965517437e+02 4.441409727573297604e-38
6.313695930989564548e-04 1.675862068965517437e+02 5.528939240120218238e-38
9.779076542918499482e-04 1.675862068965517437e+02 6.857099764860283843e-38
1.514649091079534830e-03 1.675862068965517437e+02 8.538402692970180807e-38
2.345990297794907711e-03 1.675862068965517437e+02 1.061248471083561478e-37
3.633627425495110450e-03 1.675862068965517437e+02 1.321337203231645058e-37
5.628006339037505169e-03 1.675862068965517437e+02 1.644644713930617499e-37
8.717034424059159556e-03 1.675862068965517437e+02 2.063933233334586702e-37
1.350152870709589968e-02 1.675862068965517437e+02 2.597286347442314520e-37
2.091207497419160510e-02 1.675862068965517437e+02 3.309981753962409834e-37
3.239002702681915286e-02 1.675862068965517437e+02 4.390765923111615286e-37
5.016785049273345815e-02 1.675862068965517437e+02 6.991520511120294971e-37
7.770333815953020529e-02 1.675862068965517437e+02 2.128022161913616453e-36
1.203521518628518361e-01 1.675862068965517437e+02 6.668121995374025487e-36
1.864095005581485331e-01 1.675862068965517437e+02 2.114517286538522296e-36
2.887235613197536854e-01 1.675862068965517437e+02 0.000000000000000000e+00
9.999999999999999547e-08 1.737931034482758719e+02 3.534424803964122999e-40
1.548867200734165734e-07 1.737931034482758719e+02 4.401804359903438380e-40
2.398989605510090242e-07 1.737931034482758719e+02 5.489504444287520904e-40
3.715716314876781855e-07 1.737931034482758719e+02 6.811643047823194107e-40
5.755151127345470891e-07 1.737931034482758719e+02 8.489755881136300059e-40
8.913964816413657190e-07 1.737931034482758719e+02 1.052897661503202251e-39
1.380654773264149257e-06 1.737931034482758719e+02 1.311257149314995262e-39
2.138450893845906815e-06 1.737931034482758719e+02 1.634251493653985995e-39
3.312176449858584610e-06 1.737931034482758719e+02 2.029883522899920135e-39
5.130121466230092225e-06 1.737931034482758719e+02 2.528300426773552196e-39
7.945876874826057222e-06 1.737931034482758719e+02 3.146906683946879587e-39
1.230710807249020246e-05 1.737931034482758719e+02 3.922254624756570202e-39
1.906207602937075158e-05 1.737931034482758719e+02 4.877730514954224593e-39
2.952462433979331885e-05 1.737931034482758719e+02 6.061496914383075697e-39
4.572972225390358467e-05 1.737931034482758719e+02 7.547427753876814805e-39
7.082926689775453032e-05 1.737931034482758719e+02 9.366000908036608163e-39
1.097051283499781685e-04 1.737931034482758719e+02 1.166269042260572994e-38
1.699186750536130469e-04 1.737931034482758719e+02 1.450081405831839137e-38
2.631814625827482291e-04 1.737931034482758719e+02 1.798457824581305736e-38
4.076331352356652414e-04 1.737931034482758719e+02 2.231525480874475464e-38
6.313695930989564548e-04 1.737931034482758719e+02 2.782654125361454557e-38
9.779076542918499482e-04 1.737931034482758719e+02 3.456239708872044185e-38
1.514649091079534830e-03 1.737931034482758719e+02 4.295209360959716509e-38
2.345990297794907711e-03 1.737931034482758719e+02 5.341002274175302356e-38
3.633627425495110450e-03 1.737931034482758719e+02 6.641683695466098183e-38
5.628006339037505169e-03 1.737931034482758719e+02 8.264048950644358344e-38
8.717034424059159556e-03 1.737931034482758719e+02 1.037387456929538809e-37
1.350152870709589968e-02 1.737931034482758719e+02 1.302264117475025506e-37
2.091207497419160510e-02 1.737931034482758719e+02 1.662362195055196348e-37
3.239002702681915286e-02 1.737931034482758719e+02 2.201966319087356599e-37
5.016785049273345815e-02 1.737931034482758719e+02 3.494651008077364524e-37
7.770333815953020529e-02 1.737931034482758719e+02 1.090750641773154689e-36
1.203521518628518361e-01 1.737931034482758719e+02 3.324494717028451437e-36
1.864095005581485331e-01 1.737931034482758719e+02 1.009025994626132433e-36
2.887235613197536854e-01 1.737931034482758719e+02 0.000000000000000000e+00
9.999999999999999547e-08 1.800000000000000000e+02 4.004613870824088279e-55
1.548867200734165734e-07 1.800000000000000000e+02 4.983252687658578851e-55
2.398989605510090242e-07 1.800000000000000000e+02 6.196692800822910606e-55
3.715716314876781855e-07 1.800000000000000000e+02 7.728440380570299635e-55
5.755151127345470891e-07 1.800000000000000000e+02 9.605869637234891408e-55
8.913964816413657190e-07 1.800000000000000000e+02 1.195963827809795360e-54
1.380654773264149257e-06 1.800000000000000000e+02 0.000000000000000000e+00
2.138450893845906815e-06 1.800000000000000000e+02 1.849719360741715508e-54
3.312176449858584610e-06 1.800000000000000000e+02 2.300280768902308384e-54
5.130121466230092225e-06 1.800000000000000000e+02 2.861258242949199346e-54
7.945876874826057222e-06 1.800000000000000000e+02 3.566277204260378999e-54
1.230710807249020246e-05 1.800000000000000000e+02 4.442797098302337044e-54
1.906207602937075158e-05 1.800000000000000000e+02 5.520798516499471569e-54
2.952462433979331885e-05 1.800000000000000000e+02 6.854043642172427254e-54
4.572972225390358467e-05 1.800000000000000000e+02 8.530211047548710949e-54
7.082926689775453032e-05 1.800000000000000000e+02 1.060244655829301579e-53
1.097051283499781685e-04 1.800000000000000000e+02 1.320119175606704104e-53
1.699186750536130469e-04 1.800000000000000000e+02 0.000000000000000000e+00
2.631814625827482291e-04 1.800000000000000000e+02 2.041848717845799711e-53
4.076331352356652414e-04 1.800000000000000000e+02 2.539336737330424680e-53
6.313695930989564548e-04 1.800000000000000000e+02 3.149314429066879019e-53
9.779076542918499482e-04 1.800000000000000000e+02 3.922512749767726608e-53
1.514649091079534830e-03 1.800000000000000000e+02 0.000000000000000000e+00
2.345990297794907711e-03 1.800000000000000000e+02 6.038344968798602778e-53
3.633627425495110450e-03 1.800000000000000000e+02 7.519434176997547692e-53
5.628006339037505169e-03 1.800000000000000000e+02 9.368760314855503118e-53
8.717034424059159556e-03 1.800000000000000000e+02 1.171490887658079129e-52
1.350152870709589968e-02 1.800000000000000000e+02 1.477600874637684590e-52
2.091207497419160510e-02 1.800000000000000000e+02 1.883704062693408933e-52
3.239002702681915286e-02 1.800000000000000000e+02 2.494171961064388646e-52
5.016785049273345815e-02 1.800000000000000000e+02 3.967489985444337976e-52
7.770333815953020529e-02 1.800000000000000000e+02 1.225661505067439628e-51
1.203521518628518361e-01 1.800000000000000000e+02 0.000000000000000000e+00
1.864095005581485331e-01 1.800000000000000000e+02 1.121173874733484858e-51
2.887235613197536854e-01 1.800000000000000000e+02 0.000000000000000000e+00
