# atom 16: Tchi 0.41753189365604015 [GeV]; m_chi = 0.0001 [GeV]; mS = 0.2 [GeV]; gchi =0.01; gN = 0.01
# Tchi^prime [GeV], theta [degree] ,dsigma/dTchip dtheta [cm^2/GeV]
9.999999999999999547e-08 0.000000000000000000e+00 0.000000000000000000e+00
1.563403134142530628e-07 0.000000000000000000e+00 0.000000000000000000e+00
2.444229359846687273e-07 0.000000000000000000e+00 0.000000000000000000e+00
3.821315841747502258e-07 0.000000000000000000e+00 0.000000000000000000e+00
5.974257163536547787e-07 0.000000000000000000e+00 0.000000000000000000e+00
9.340172373646522676e-07 0.000000000000000000e+00 0.000000000000000000e+00
1.460245476239042244e-06 0.000000000000000000e+00 0.000000000000000000e+00
2.282952354169575739e-06 0.000000000000000000e+00 0.000000000000000000e+00
3.569174865606782901e-06 0.000000000000000000e+00 0.000000000000000000e+00
5.580059171192390368e-06 0.000000000000000000e+00 0.000000000000000000e+00
8.723881996942955131e-06 0.000000000000000000e+00 0.000000000000000000e+00
1.363894445591021312e-05 0.000000000000000000e+00 0.000000000000000000e+00
2.132316850876592016e-05 0.000000000000000000e+00 0.000000000000000000e+00
3.333670847645394986e-05 0.000000000000000000e+00 0.000000000000000000e+00
5.211871451408407345e-05 0.000000000000000000e+00 0.000000000000000000e+00
8.148256161879867084e-05 0.000000000000000000e+00 0.000000000000000000e+00
1.273900922127918576e-04 0.000000000000000000e+00 0.000000000000000000e+00
1.991620694241847593e-04 0.000000000000000000e+00 0.000000000000000000e+00
3.113706035400827066e-04 0.000000000000000000e+00 0.000000000000000000e+00
4.867977774544171641e-04 0.000000000000000000e+00 0.000000000000000000e+00
7.610611709658538296e-04 0.000000000000000000e+00 0.000000000000000000e+00
1.189845419962200354e-03 0.000000000000000000e+00 0.000000000000000000e+00
1.860208058714039403e-03 0.000000000000000000e+00 0.000000000000000000e+00
2.908255109150721662e-03 0.000000000000000000e+00 0.000000000000000000e+00
4.546775152532265760e-03 0.000000000000000000e+00 0.000000000000000000e+00
7.108442523710327247e-03 0.000000000000000000e+00 0.000000000000000000e+00
1.111336132044076462e-02 0.000000000000000000e+00 0.000000000000000000e+00
1.737466391923549874e-02 0.000000000000000000e+00 0.000000000000000000e+00
2.716360402600592402e-02 0.000000000000000000e+00 0.000000000000000000e+00
4.246766366886432775e-02 0.000000000000000000e+00 0.000000000000000000e+00
6.639407847961335818e-02 0.000000000000000000e+00 0.000000000000000000e+00
1.038007103835326822e-01 0.000000000000000000e+00 0.000000000000000000e+00
1.622823559398361148e-01 0.000000000000000000e+00 0.000000000000000000e+00
2.537127438923734712e-01 0.000000000000000000e+00 0.000000000000000000e+00
3.966552989732381462e-01 0.000000000000000000e+00 0.000000000000000000e+00
9.999999999999999547e-08 6.206896551724137900e+00 3.829475425536097336e-44
1.563403134142530628e-07 6.206896551724137900e+00 4.729211427409487002e-44
2.444229359846687273e-07 6.206896551724137900e+00 5.832132717917838991e-44
3.821315841747502258e-07 6.206896551724137900e+00 7.190283532478322286e-44
5.974257163536547787e-07 6.206896551724137900e+00 8.781891314077684223e-44
9.340172373646522676e-07 6.206896551724137900e+00 1.072306713427638053e-43
1.460245476239042244e-06 6.206896551724137900e+00 1.298271076606802606e-43
2.282952354169575739e-06 6.206896551724137900e+00 1.556675815345545719e-43
3.569174865606782901e-06 6.206896551724137900e+00 1.852785304965676339e-43
5.580059171192390368e-06 6.206896551724137900e+00 2.185592977513277190e-43
8.723881996942955131e-06 6.206896551724137900e+00 2.535288861579462288e-43
1.363894445591021312e-05 6.206896551724137900e+00 2.899802835033097807e-43
2.132316850876592016e-05 6.206896551724137900e+00 3.266540167779551569e-43
3.333670847645394986e-05 6.206896551724137900e+00 3.609426287142099233e-43
5.211871451408407345e-05 6.206896551724137900e+00 3.922691903385875344e-43
8.148256161879867084e-05 6.206896551724137900e+00 4.201010887320733364e-43
1.273900922127918576e-04 6.206896551724137900e+00 4.474517854572167456e-43
1.991620694241847593e-04 6.206896551724137900e+00 4.784533855650112829e-43
3.113706035400827066e-04 6.206896551724137900e+00 5.271757502440505337e-43
4.867977774544171641e-04 6.206896551724137900e+00 6.248013306146039139e-43
7.610611709658538296e-04 6.206896551724137900e+00 8.378046616662729704e-43
1.189845419962200354e-03 6.206896551724137900e+00 1.329385733813866585e-42
1.860208058714039403e-03 6.206896551724137900e+00 2.494927925631597138e-42
2.908255109150721662e-03 6.206896551724137900e+00 5.312089926287981217e-42
4.546775152532265760e-03 6.206896551724137900e+00 1.210198221651692957e-41
7.108442523710327247e-03 6.206896551724137900e+00 2.893698504281238267e-41
1.111336132044076462e-02 6.206896551724137900e+00 7.110483334064450697e-41
1.737466391923549874e-02 6.206896551724137900e+00 1.786904905760926726e-40
2.716360402600592402e-02 6.206896551724137900e+00 4.607422584100154457e-40
4.246766366886432775e-02 6.206896551724137900e+00 1.225136491843115225e-39
6.639407847961335818e-02 6.206896551724137900e+00 3.446947555444137551e-39
1.038007103835326822e-01 6.206896551724137900e+00 0.000000000000000000e+00
1.622823559398361148e-01 6.206896551724137900e+00 0.000000000000000000e+00
2.537127438923734712e-01 6.206896551724137900e+00 0.000000000000000000e+00
3.966552989732381462e-01 6.206896551724137900e+00 0.000000000000000000e+00
9.999999999999999547e-08 1.241379310344827580e+01 7.621180203102559715e-44
1.563403134142530628e-07 1.241379310344827580e+01 9.421366044364647211e-44
2.444229359846687273e-07 1.241379310344827580e+01 1.164081771085516861e-43
3.821315841747502258e-07 1.241379310344827580e+01 1.429165072031557468e-43
5.974257163536547787e-07 1.241379310344827580e+01 1.750692613277487902e-43
9.340172373646522676e-07 1.241379310344827580e+01 2.131939529082032234e-43
1.460245476239042244e-06 1.241379310344827580e+01 2.585637242945598653e-43
2.282952354169575739e-06 1.241379310344827580e+01 3.112733770134533789e-43
3.569174865606782901e-06 1.241379310344827580e+01 3.700945020993337581e-43
5.580059171192390368e-06 1.241379310344827580e+01 4.378594804436590292e-43
8.723881996942955131e-06 1.241379310344827580e+01 5.085434463499032379e-43
1.363894445591021312e-05 1.241379310344827580e+01 5.856186617708196231e-43
2.132316850876592016e-05 1.241379310344827580e+01 6.642936109283722544e-43
3.333670847645394986e-05 1.241379310344827580e+01 7.430969748362962759e-43
5.211871451408407345e-05 1.241379310344827580e+01 8.188818994497356385e-43
8.148256161879867084e-05 1.241379310344827580e+01 9.068132965755105356e-43
1.273900922127918576e-04 1.241379310344827580e+01 1.020433303795785153e-42
1.991620694241847593e-04 1.241379310344827580e+01 1.199587930678441748e-42
3.113706035400827066e-04 1.241379310344827580e+01 1.546613362131381859e-42
4.867977774544171641e-04 1.241379310344827580e+01 2.278698925844042093e-42
7.610611709658538296e-04 1.241379310344827580e+01 3.955719731087380134e-42
1.189845419962200354e-03 1.241379310344827580e+01 7.815921235199593210e-42
1.860208058714039403e-03 1.241379310344827580e+01 1.705655876989234440e-41
2.908255109150721662e-03 1.241379310344827580e+01 3.915132572955060310e-41
4.546775152532265760e-03 1.241379310344827580e+01 9.330854458506171793e-41
7.108442523710327247e-03 1.241379310344827580e+01 2.262124407861283925e-40
1.111336132044076462e-02 1.241379310344827580e+01 5.579282668900723228e-40
1.737466391923549874e-02 1.241379310344827580e+01 1.394591991696159900e-39
2.716360402600592402e-02 1.241379310344827580e+01 3.572403858018052243e-39
4.246766366886432775e-02 1.241379310344827580e+01 9.419153927035830433e-39
6.639407847961335818e-02 1.241379310344827580e+01 2.607836428295409651e-38
1.038007103835326822e-01 1.241379310344827580e+01 0.000000000000000000e+00
1.622823559398361148e-01 1.241379310344827580e+01 0.000000000000000000e+00
2.537127438923734712e-01 1.241379310344827580e+01 0.000000000000000000e+00
3.966552989732381462e-01 1.241379310344827580e+01 0.000000000000000000e+00
9.999999999999999547e-08 1.862068965517241281e+01 1.134372500350780315e-43
1.563403134142530628e-07 1.862068965517241281e+01 1.402375380710974675e-43
2.444229359846687273e-07 1.862068965517241281e+01 1.725867259959799796e-43
3.821315841747502258e-07 1.862068965517241281e+01 2.128617321873099230e-43
5.974257163536547787e-07 1.862068965517241281e+01 2.616251974950692063e-43
9.340172373646522676e-07 1.862068965517241281e+01 3.185357699510512386e-43
1.460245476239042244e-06 1.862068965517241281e+01 3.858811472804334249e-43
2.282952354169575739e-06 1.862068965517241281e+01 4.647978798929280219e-43
3.569174865606782901e-06 1.862068965517241281e+01 5.562985607660047822e-43
5.580059171192390368e-06 1.862068965517241281e+01 6.585631136229701098e-43
8.723881996942955131e-06 1.862068965517241281e+01 7.695733915484125530e-43
1.363894445591021312e-05 1.862068965517241281e+01 8.929262009214454152e-43
2.132316850876592016e-05 1.862068965517241281e+01 1.022935300110566966e-42
3.333670847645394986e-05 1.862068965517241281e+01 1.164936111801925035e-42
5.211871451408407345e-05 1.862068965517241281e+01 1.320404858543086341e-42
8.148256161879867084e-05 1.862068965517241281e+01 1.524763672780438888e-42
1.273900922127918576e-04 1.862068965517241281e+01 1.832439288315094829e-42
1.991620694241847593e-04 1.862068965517241281e+01 2.387596878299768104e-42
3.113706035400827066e-04 1.862068965517241281e+01 3.520530292810401719e-42
4.867977774544171641e-04 1.862068965517241281e+01 5.971266623115694024e-42
7.610611709658538296e-04 1.862068965517241281e+01 1.150136805832351198e-41
1.189845419962200354e-03 1.862068965517241281e+01 2.435009014131172761e-41
1.860208058714039403e-03 1.862068965517241281e+01 5.492650661878185418e-41
2.908255109150721662e-03 1.862068965517241281e+01 1.281418695619034284e-40
4.546775152532265760e-03 1.862068965517241281e+01 3.060184763347003841e-40
7.108442523710327247e-03 1.862068965517241281e+01 7.436567773385512639e-40
1.111336132044076462e-02 1.862068965517241281e+01 1.820992999078059601e-39
1.737466391923549874e-02 1.862068965517241281e+01 4.540197276567016804e-39
2.716360402600592402e-02 1.862068965517241281e+01 1.151835806890754545e-38
4.246766366886432775e-02 1.862068965517241281e+01 2.978904541503487147e-38
6.639407847961335818e-02 1.862068965517241281e+01 8.057230091681801459e-38
1.038007103835326822e-01 1.862068965517241281e+01 0.000000000000000000e+00
1.622823559398361148e-01 1.862068965517241281e+01 0.000000000000000000e+00
2.537127438923734712e-01 1.862068965517241281e+01 0.000000000000000000e+00
3.966552989732381462e-01 1.862068965517241281e+01 0.000000000000000000e+00
9.999999999999999547e-08 2.482758620689655160e+01 1.492037941254955043e-43
1.563403134142530628e-07 2.482758620689655160e+01 1.843316615981838141e-43
2.444229359846687273e-07 2.482758620689655160e+01 2.284079632506719734e-43
3.821315841747502258e-07 2.482758620689655160e+01 2.813959850904659721e-43
5.974257163536547787e-07 2.482758620689655160e+01 3.458941554588683728e-43
9.340172373646522676e-07 2.482758620689655160e+01 4.210371480277958302e-43
1.460245476239042244e-06 2.482758620689655160e+01 5.116373278961614101e-43
2.282952354169575739e-06 2.482758620689655160e+01 6.188051057535071110e-43
3.569174865606782901e-06 2.482758620689655160e+01 7.408247321194636216e-43
5.580059171192390368e-06 2.482758620689655160e+01 8.823597953136305892e-43
8.723881996942955131e-06 2.482758620689655160e+01 1.039536700533958950e-42
1.363894445591021312e-05 2.482758620689655160e+01 1.210298500284639859e-42
2.132316850876592016e-05 2.482758620689655160e+01 1.407475907108722070e-42
3.333670847645394986e-05 2.482758620689655160e+01 1.633209408366666745e-42
5.211871451408407345e-05 2.482758620689655160e+01 1.920428987900643457e-42
8.148256161879867084e-05 2.482758620689655160e+01 2.320494340099384334e-42
1.273900922127918576e-04 2.482758620689655160e+01 2.987875881713035494e-42
1.991620694241847593e-04 2.482758620689655160e+01 4.245875241580717461e-42
3.113706035400827066e-04 2.482758620689655160e+01 6.856538851895293094e-42
4.867977774544171641e-04 2.482758620689655160e+01 1.250592894517347023e-41
7.610611709658538296e-04 2.482758620689655160e+01 2.532371618797732646e-41
1.189845419962200354e-03 2.482758620689655160e+01 5.526783333858829420e-41
1.860208058714039403e-03 2.482758620689655160e+01 1.260348635009792000e-40
2.908255109150721662e-03 2.482758620689655160e+01 2.952884215936420740e-40
4.546775152532265760e-03 2.482758620689655160e+01 7.041717330867716861e-40
7.108442523710327247e-03 2.482758620689655160e+01 1.704815096148427357e-39
1.111336132044076462e-02 2.482758620689655160e+01 4.150374511703758663e-39
1.737466391923549874e-02 2.482758620689655160e+01 1.025894296376830538e-38
2.716360402600592402e-02 2.482758620689655160e+01 2.556263242010021471e-38
4.246766366886432775e-02 2.482758620689655160e+01 6.495707002341994731e-38
6.639407847961335818e-02 2.482758620689655160e+01 1.688956886568663612e-37
1.038007103835326822e-01 2.482758620689655160e+01 0.000000000000000000e+00
1.622823559398361148e-01 2.482758620689655160e+01 0.000000000000000000e+00
2.537127438923734712e-01 2.482758620689655160e+01 0.000000000000000000e+00
3.966552989732381462e-01 2.482758620689655160e+01 0.000000000000000000e+00
9.999999999999999547e-08 3.103448275862069039e+01 1.840734197045691740e-43
1.563403134142530628e-07 3.103448275862069039e+01 2.273785459208217836e-43
2.444229359846687273e-07 3.103448275862069039e+01 2.811888013159238209e-43
3.821315841747502258e-07 3.103448275862069039e+01 3.473237737794944832e-43
5.974257163536547787e-07 3.103448275862069039e+01 4.258582775294298772e-43
9.340172373646522676e-07 3.103448275862069039e+01 5.211178739764107459e-43
1.460245476239042244e-06 3.103448275862069039e+01 6.345976921174687285e-43
2.282952354169575739e-06 3.103448275862069039e+01 7.702949310452521713e-43
3.569174865606782901e-06 3.103448275862069039e+01 9.261505593231490607e-43
5.580059171192390368e-06 3.103448275862069039e+01 1.105580535079129520e-42
8.723881996942955131e-06 3.103448275862069039e+01 1.316293184415019322e-42
1.363894445591021312e-05 3.103448275862069039e+01 1.551209462582253518e-42
2.132316850876592016e-05 3.103448275862069039e+01 1.831288961651278030e-42
3.333670847645394986e-05 3.103448275862069039e+01 2.179467616512267950e-42
5.211871451408407345e-05 3.103448275862069039e+01 2.637133417966159065e-42
8.148256161879867084e-05 3.103448275862069039e+01 3.346448765576062252e-42
1.273900922127918576e-04 3.103448275862069039e+01 4.572632892939044076e-42
1.991620694241847593e-04 3.103448275862069039e+01 6.949154984254208753e-42
3.113706035400827066e-04 3.103448275862069039e+01 1.184609283128054062e-41
4.867977774544171641e-04 3.103448275862069039e+01 2.260175133760802517e-41
7.610611709658538296e-04 3.103448275862069039e+01 4.684217983110273457e-41
1.189845419962200354e-03 3.103448275862069039e+01 1.035509005309057402e-40
1.860208058714039403e-03 3.103448275862069039e+01 2.370641702807349369e-40
2.908255109150721662e-03 3.103448275862069039e+01 5.565146432143197597e-40
4.546775152532265760e-03 3.103448275862069039e+01 1.325557861291734145e-39
7.108442523710327247e-03 3.103448275862069039e+01 3.184370804498724870e-39
1.111336132044076462e-02 3.103448275862069039e+01 7.732579100910822821e-39
1.737466391923549874e-02 3.103448275862069039e+01 1.875921525309313756e-38
2.716360402600592402e-02 3.103448275862069039e+01 4.616035785487510158e-38
4.246766366886432775e-02 3.103448275862069039e+01 1.139934068484840165e-37
6.639407847961335818e-02 3.103448275862069039e+01 2.863103989794194791e-37
1.038007103835326822e-01 3.103448275862069039e+01 0.000000000000000000e+00
1.622823559398361148e-01 3.103448275862069039e+01 0.000000000000000000e+00
2.537127438923734712e-01 3.103448275862069039e+01 0.000000000000000000e+00
3.966552989732381462e-01 3.103448275862069039e+01 0.000000000000000000e+00
9.999999999999999547e-08 3.724137931034482563e+01 2.160983730243184303e-43
1.563403134142530628e-07 3.724137931034482563e+01 2.689190146202473394e-43
2.444229359846687273e-07 3.724137931034482563e+01 3.309944723237202009e-43
3.821315841747502258e-07 3.724137931034482563e+01 4.083298468042395370e-43
5.974257163536547787e-07 3.724137931034482563e+01 5.023881095651254698e-43
9.340172373646522676e-07 3.724137931034482563e+01 6.172180350264708046e-43
1.460245476239042244e-06 3.724137931034482563e+01 7.553733315096083373e-43
2.282952354169575739e-06 3.724137931034482563e+01 9.161075154817397342e-43
3.569174865606782901e-06 3.724137931034482563e+01 1.106766968422936912e-42
5.580059171192390368e-06 3.724137931034482563e+01 1.330623964174771067e-42
8.723881996942955131e-06 3.724137931034482563e+01 1.596534192985134235e-42
1.363894445591021312e-05 3.724137931034482563e+01 1.915410622553712610e-42
2.132316850876592016e-05 3.724137931034482563e+01 2.294483612327639505e-42
3.333670847645394986e-05 3.724137931034482563e+01 2.791919881625117916e-42
5.211871451408407345e-05 3.724137931034482563e+01 3.502441738327964371e-42
8.148256161879867084e-05 3.724137931034482563e+01 4.626790254522664545e-42
1.273900922127918576e-04 3.724137931034482563e+01 6.638779554811726443e-42
1.991620694241847593e-04 3.724137931034482563e+01 1.056932068145565192e-41
3.113706035400827066e-04 3.724137931034482563e+01 1.873543875699787782e-41
4.867977774544171641e-04 3.724137931034482563e+01 3.667854283015652303e-41
7.610611709658538296e-04 3.724137931034482563e+01 7.721349790327359122e-41
1.189845419962200354e-03 3.724137931034482563e+01 1.713119247336003099e-40
1.860208058714039403e-03 3.724137931034482563e+01 3.929530763182756534e-40
2.908255109150721662e-03 3.724137931034482563e+01 9.223988060574562265e-40
4.546775152532265760e-03 3.724137931034482563e+01 2.195899200662999220e-39
7.108442523710327247e-03 3.724137931034482563e+01 5.242174702555406022e-39
1.111336132044076462e-02 3.724137931034482563e+01 1.259223840482729566e-38
1.737466391923549874e-02 3.724137931034482563e+01 3.020113552680686904e-38
2.716360402600592402e-02 3.724137931034482563e+01 7.250695708057561180e-38
4.246766366886432775e-02 3.724137931034482563e+01 1.740240541261665365e-37
6.639407847961335818e-02 3.724137931034482563e+01 4.192330368900595171e-37
1.038007103835326822e-01 3.724137931034482563e+01 0.000000000000000000e+00
1.622823559398361148e-01 3.724137931034482563e+01 0.000000000000000000e+00
2.537127438923734712e-01 3.724137931034482563e+01 0.000000000000000000e+00
3.966552989732381462e-01 3.724137931034482563e+01 0.000000000000000000e+00
9.999999999999999547e-08 4.344827586206896797e+01 2.462051344055158858e-43
1.563403134142530628e-07 4.344827586206896797e+01 3.055740133062401540e-43
2.444229359846687273e-07 4.344827586206896797e+01 3.796217393653621540e-43
3.821315841747502258e-07 4.344827586206896797e+01 4.677396904294396559e-43
5.974257163536547787e-07 4.344827586206896797e+01 5.768897332854264050e-43
9.340172373646522676e-07 4.344827586206896797e+01 7.101224106118794367e-43
1.460245476239042244e-06 4.344827586206896797e+01 8.669175784447015416e-43
2.282952354169575739e-06 4.344827586206896797e+01 1.058429484350475272e-42
3.569174865606782901e-06 4.344827586206896797e+01 1.287671863264613165e-42
5.580059171192390368e-06 4.344827586206896797e+01 1.561140106431448359e-42
8.723881996942955131e-06 4.344827586206896797e+01 1.888709277901741138e-42
1.363894445591021312e-05 4.344827586206896797e+01 2.286972451674069250e-42
2.132316850876592016e-05 4.344827586206896797e+01 2.797064711272372405e-42
3.333670847645394986e-05 4.344827586206896797e+01 3.486765773626717673e-42
5.211871451408407345e-05 4.344827586206896797e+01 4.503073322812832214e-42
8.148256161879867084e-05 4.344827586206896797e+01 6.168644404861717263e-42
1.273900922127918576e-04 4.344827586206896797e+01 9.216195221026978399e-42
1.991620694241847593e-04 4.344827586206896797e+01 1.518146403432302948e-41
3.113706035400827066e-04 4.344827586206896797e+01 2.760228969906923160e-41
4.867977774544171641e-04 4.344827586206896797e+01 5.488162792316764294e-41
7.610611709658538296e-04 4.344827586206896797e+01 1.166039968332776262e-40
1.189845419962200354e-03 4.344827586206896797e+01 2.598181743118910807e-40
1.860208058714039403e-03 4.344827586206896797e+01 5.956797983329391122e-40
2.908255109150721662e-03 4.344827586206896797e+01 1.393080589581601516e-39
4.546775152532265760e-03 4.344827586206896797e+01 3.300173462185231266e-39
7.108442523710327247e-03 4.344827586206896797e+01 7.860219270987787481e-39
1.111336132044076462e-02 4.344827586206896797e+01 1.862086652398710873e-38
1.737466391923549874e-02 4.344827586206896797e+01 4.403363987983541788e-38
2.716360402600592402e-02 4.344827586206896797e+01 1.032177394853705959e-37
4.246766366886432775e-02 4.344827586206896797e+01 2.404189667745178712e-37
6.639407847961335818e-02 4.344827586206896797e+01 5.543870141931210561e-37
1.038007103835326822e-01 4.344827586206896797e+01 0.000000000000000000e+00
1.622823559398361148e-01 4.344827586206896797e+01 0.000000000000000000e+00
2.537127438923734712e-01 4.344827586206896797e+01 0.000000000000000000e+00
3.966552989732381462e-01 4.344827586206896797e+01 0.000000000000000000e+00
9.999999999999999547e-08 4.965517241379310320e+01 2.743666650154576774e-43
1.563403134142530628e-07 4.965517241379310320e+01 3.398680225489629289e-43
2.444229359846687273e-07 4.965517241379310320e+01 4.217780984073438827e-43
3.821315841747502258e-07 4.965517241379310320e+01 5.214155838650581667e-43
5.974257163536547787e-07 4.965517241379310320e+01 6.451877586980858141e-43
9.340172373646522676e-07 4.965517241379310320e+01 7.980193913595845603e-43
1.460245476239042244e-06 4.965517241379310320e+01 9.765720535438290730e-43
2.282952354169575739e-06 4.965517241379310320e+01 1.195741847316690595e-42
3.569174865606782901e-06 4.965517241379310320e+01 1.463384262426247176e-42
5.580059171192390368e-06 4.965517241379310320e+01 1.786598396317646231e-42
8.723881996942955131e-06 4.965517241379310320e+01 2.185808120860485631e-42
1.363894445591021312e-05 4.965517241379310320e+01 2.682650623634942983e-42
2.132316850876592016e-05 4.965517241379310320e+01 3.335787386014807546e-42
3.333670847645394986e-05 4.965517241379310320e+01 4.232844963122118376e-42
5.211871451408407345e-05 4.965517241379310320e+01 5.648778661363684581e-42
8.148256161879867084e-05 4.965517241379310320e+01 7.974084333073987844e-42
1.273900922127918576e-04 4.965517241379310320e+01 1.225404359671550314e-41
1.991620694241847593e-04 4.965517241379310320e+01 2.075021156546874867e-41
3.113706035400827066e-04 4.965517241379310320e+01 3.845026714590877876e-41
4.867977774544171641e-04 4.965517241379310320e+01 7.730857410288358908e-41
7.610611709658538296e-04 4.965517241379310320e+01 1.652971965058829179e-40
1.189845419962200354e-03 4.965517241379310320e+01 3.676074319788790024e-40
1.860208058714039403e-03 4.965517241379310320e+01 8.445364433646068250e-40
2.908255109150721662e-03 4.965517241379310320e+01 1.965147877489040750e-39
4.546775152532265760e-03 4.965517241379310320e+01 4.644207311653581473e-39
7.108442523710327247e-03 4.965517241379310320e+01 1.095322251012709679e-38
1.111336132044076462e-02 4.965517241379310320e+01 2.568005954638949393e-38
1.737466391923549874e-02 4.965517241379310320e+01 5.996011625453238669e-38
2.716360402600592402e-02 4.965517241379310320e+01 1.367993318860285040e-37
4.246766366886432775e-02 4.965517241379310320e+01 3.078497338343858106e-37
6.639407847961335818e-02 4.965517241379310320e+01 6.844179998692296615e-37
1.038007103835326822e-01 4.965517241379310320e+01 1.533623267324245490e-36
1.622823559398361148e-01 4.965517241379310320e+01 0.000000000000000000e+00
2.537127438923734712e-01 4.965517241379310320e+01 0.000000000000000000e+00
3.966552989732381462e-01 4.965517241379310320e+01 0.000000000000000000e+00
9.999999999999999547e-08 5.586206896551724554e+01 2.984613415315812928e-43
1.563403134142530628e-07 5.586206896551724554e+01 3.718960007707252765e-43
2.444229359846687273e-07 5.586206896551724554e+01 4.616780585858576937e-43
3.821315841747502258e-07 5.586206896551724554e+01 5.718745530483197770e-43
5.974257163536547787e-07 5.586206896551724554e+01 7.077833735362527599e-43
9.340172373646522676e-07 5.586206896551724554e+01 8.738997572601513323e-43
1.460245476239042244e-06 5.586206896551724554e+01 1.077502155300831466e-42
2.282952354169575739e-06 5.586206896551724554e+01 1.327104771370000285e-42
3.569174865606782901e-06 5.586206896551724554e+01 1.627791127835034282e-42
5.580059171192390368e-06 5.586206896551724554e+01 2.011094549045016621e-42
8.723881996942955131e-06 5.586206896551724554e+01 2.480939793303703768e-42
1.363894445591021312e-05 5.586206896551724554e+01 3.076567236071331036e-42
2.132316850876592016e-05 5.586206896551724554e+01 3.901069014498848114e-42
3.333670847645394986e-05 5.586206896551724554e+01 5.071780183317510014e-42
5.211871451408407345e-05 5.586206896551724554e+01 6.894125790738614845e-42
8.148256161879867084e-05 5.586206896551724554e+01 1.003426193297875933e-41
1.273900922127918576e-04 5.586206896551724554e+01 1.576727946096173322e-41
1.991620694241847593e-04 5.586206896551724554e+01 2.713420855686910282e-41
3.113706035400827066e-04 5.586206896551724554e+01 5.111276674489937040e-41
4.867977774544171641e-04 5.586206896551724554e+01 1.032405409087919823e-40
7.610611709658538296e-04 5.586206896551724554e+01 2.216650801979438317e-40
1.189845419962200354e-03 5.586206896551724554e+01 4.941048675463818807e-40
1.860208058714039403e-03 5.586206896551724554e+01 1.129589507672987277e-39
2.908255109150721662e-03 5.586206896551724554e+01 2.636372643487625290e-39
4.546775152532265760e-03 5.586206896551724554e+01 6.170171357114182119e-39
7.108442523710327247e-03 5.586206896551724554e+01 1.443371967378778208e-38
1.111336132044076462e-02 5.586206896551724554e+01 3.355399878831544939e-38
1.737466391923549874e-02 5.586206896551724554e+01 7.647941827003747093e-38
2.716360402600592402e-02 5.586206896551724554e+01 1.710056009180247242e-37
4.246766366886432775e-02 5.586206896551724554e+01 3.726249405503585085e-37
6.639407847961335818e-02 5.586206896551724554e+01 7.944324540401670842e-37
1.038007103835326822e-01 5.586206896551724554e+01 1.705804093795301565e-36
1.622823559398361148e-01 5.586206896551724554e+01 3.962192326708750921e-36
2.537127438923734712e-01 5.586206896551724554e+01 0.000000000000000000e+00
3.966552989732381462e-01 5.586206896551724554e+01 0.000000000000000000e+00
9.999999999999999547e-08 6.206896551724138078e+01 3.210562988378998616e-43
1.563403134142530628e-07 6.206896551724138078e+01 3.984653808137854886e-43
2.444229359846687273e-07 6.206896551724138078e+01 4.963517485386396763e-43
3.821315841747502258e-07 6.206896551724138078e+01 6.158206353663580548e-43
5.974257163536547787e-07 6.206896551724138078e+01 7.652883899920684814e-43
9.340172373646522676e-07 6.206896551724138078e+01 9.453797541751388923e-43
1.460245476239042244e-06 6.206896551724138078e+01 1.172750895114769362e-42
2.282952354169575739e-06 6.206896551724138078e+01 1.452444795104872318e-42
3.569174865606782901e-06 6.206896551724138078e+01 1.796351544081279322e-42
5.580059171192390368e-06 6.206896551724138078e+01 2.219924408081701409e-42
8.723881996942955131e-06 6.206896551724138078e+01 2.770952505598537662e-42
1.363894445591021312e-05 6.206896551724138078e+01 3.489671877150640926e-42
2.132316850876592016e-05 6.206896551724138078e+01 4.483115690899267128e-42
3.333670847645394986e-05 6.206896551724138078e+01 5.944531040775776147e-42
5.211871451408407345e-05 6.206896551724138078e+01 8.255181556289514573e-42
8.148256161879867084e-05 6.206896551724138078e+01 1.225200305586223896e-41
1.273900922127918576e-04 6.206896551724138078e+01 1.967131130669490771e-41
1.991620694241847593e-04 6.206896551724138078e+01 3.437793936334070650e-41
3.113706035400827066e-04 6.206896551724138078e+01 6.519338262125491535e-41
4.867977774544171641e-04 6.206896551724138078e+01 1.327226031872338527e-40
7.610611709658538296e-04 6.206896551724138078e+01 2.848197573412380831e-40
1.189845419962200354e-03 6.206896551724138078e+01 6.348288030778450503e-40
1.860208058714039403e-03 6.206896551724138078e+01 1.452040251633315862e-39
2.908255109150721662e-03 6.206896551724138078e+01 3.365412570146433674e-39
4.546775152532265760e-03 6.206896551724138078e+01 7.837330850294634161e-39
7.108442523710327247e-03 6.206896551724138078e+01 1.821645900387531510e-38
1.111336132044076462e-02 6.206896551724138078e+01 4.160444521343976664e-38
1.737466391923549874e-02 6.206896551724138078e+01 9.362998046625071882e-38
2.716360402600592402e-02 6.206896551724138078e+01 2.039204664592495794e-37
4.246766366886432775e-02 6.206896551724138078e+01 4.306669785459067513e-37
6.639407847961335818e-02 6.206896551724138078e+01 8.850437265195329091e-37
1.038007103835326822e-01 6.206896551724138078e+01 1.827177561351176158e-36
1.622823559398361148e-01 6.206896551724138078e+01 4.113451017270112942e-36
2.537127438923734712e-01 6.206896551724138078e+01 4.181067006916528650e-35
3.966552989732381462e-01 6.206896551724138078e+01 0.000000000000000000e+00
9.999999999999999547e-08 6.827586206896552312e+01 3.383317874620707985e-43
1.563403134142530628e-07 6.827586206896552312e+01 4.220954946772097030e-43
2.444229359846687273e-07 6.827586206896552312e+01 5.254894833787885589e-43
3.821315841747502258e-07 6.827586206896552312e+01 6.525302393350503994e-43
5.974257163536547787e-07 6.827586206896552312e+01 8.137798015192277276e-43
9.340172373646522676e-07 6.827586206896552312e+01 1.008906017331091807e-42
1.460245476239042244e-06 6.827586206896552312e+01 1.254338908799554174e-42
2.282952354169575739e-06 6.827586206896552312e+01 1.559289561830386157e-42
3.569174865606782901e-06 6.827586206896552312e+01 1.936559744026595038e-42
5.580059171192390368e-06 6.827586206896552312e+01 2.422968196953302814e-42
8.723881996942955131e-06 6.827586206896552312e+01 3.046179307509677165e-42
1.363894445591021312e-05 6.827586206896552312e+01 3.889233804856233082e-42
2.132316850876592016e-05 6.827586206896552312e+01 5.058020335657093000e-42
3.333670847645394986e-05 6.827586206896552312e+01 6.824500262675099853e-42
5.211871451408407345e-05 6.827586206896552312e+01 9.664355422009000729e-42
8.148256161879867084e-05 6.827586206896552312e+01 1.458300481030569000e-41
1.273900922127918576e-04 6.827586206896552312e+01 2.377213641074761203e-41
1.991620694241847593e-04 6.827586206896552312e+01 4.209965403999281105e-41
3.113706035400827066e-04 6.827586206896552312e+01 8.057816840794468919e-41
4.867977774544171641e-04 6.827586206896552312e+01 1.639774963707931862e-40
7.610611709658538296e-04 6.827586206896552312e+01 3.529199568912051558e-40
1.189845419962200354e-03 6.827586206896552312e+01 7.863308604334341939e-40
1.860208058714039403e-03 6.827586206896552312e+01 1.801871736975425285e-39
2.908255109150721662e-03 6.827586206896552312e+01 4.140082185558534782e-39
4.546775152532265760e-03 6.827586206896552312e+01 9.592715838996774003e-39
7.108442523710327247e-03 6.827586206896552312e+01 2.208485832906589681e-38
1.111336132044076462e-02 6.827586206896552312e+01 4.995880117308478346e-38
1.737466391923549874e-02 6.827586206896552312e+01 1.097812469368686276e-37
2.716360402600592402e-02 6.827586206896552312e+01 2.342276853500836635e-37
4.246766366886432775e-02 6.827586206896552312e+01 4.800025002867312116e-37
6.639407847961335818e-02 6.827586206896552312e+01 9.524913063013512967e-37
1.038007103835326822e-01 6.827586206896552312e+01 1.902507590421150925e-36
1.622823559398361148e-01 6.827586206896552312e+01 4.211760892045753379e-36
2.537127438923734712e-01 6.827586206896552312e+01 5.089994898528311499e-35
3.966552989732381462e-01 6.827586206896552312e+01 0.000000000000000000e+00
9.999999999999999547e-08 7.448275862068965125e+01 3.530444008065698128e-43
1.563403134142530628e-07 7.448275862068965125e+01 4.396306307569516064e-43
2.444229359846687273e-07 7.448275862068965125e+01 5.492749626705429585e-43
3.821315841747502258e-07 7.448275862068965125e+01 6.842572412930206216e-43
5.974257163536547787e-07 7.448275862068965125e+01 8.544540965973281357e-43
9.340172373646522676e-07 7.448275862068965125e+01 1.060882148096662365e-42
1.460245476239042244e-06 7.448275862068965125e+01 1.326080615325757841e-42
2.282952354169575739e-06 7.448275862068965125e+01 1.654840351884852647e-42
3.569174865606782901e-06 7.448275862068965125e+01 2.075641577340294187e-42
5.580059171192390368e-06 7.448275862068965125e+01 2.604607616921667486e-42
8.723881996942955131e-06 7.448275862068965125e+01 3.304639868482555243e-42
1.363894445591021312e-05 7.448275862068965125e+01 4.269519748261280465e-42
2.132316850876592016e-05 7.448275862068965125e+01 5.635338961433908770e-42
3.333670847645394986e-05 7.448275862068965125e+01 7.717367092563359673e-42
5.211871451408407345e-05 7.448275862068965125e+01 1.109941438372157114e-41
8.148256161879867084e-05 7.448275862068965125e+01 1.697960203908732515e-41
1.273900922127918576e-04 7.448275862068965125e+01 2.802660172936508066e-41
1.991620694241847593e-04 7.448275862068965125e+01 5.007966475599319771e-41
3.113706035400827066e-04 7.448275862068965125e+01 9.621728054973070919e-41
4.867977774544171641e-04 7.448275862068965125e+01 1.965412170829522609e-40
7.610611709658538296e-04 7.448275862068965125e+01 4.237959450190649090e-40
1.189845419962200354e-03 7.448275862068965125e+01 9.445863962125318249e-40
1.860208058714039403e-03 7.448275862068965125e+01 2.144840557932475261e-39
2.908255109150721662e-03 7.448275862068965125e+01 4.942176556212037253e-39
4.546775152532265760e-03 7.448275862068965125e+01 1.137432549215178811e-38
7.108442523710327247e-03 7.448275862068965125e+01 2.585952997198526602e-38
1.111336132044076462e-02 7.448275862068965125e+01 5.780976376296738694e-38
1.737466391923549874e-02 7.448275862068965125e+01 1.249567612868748738e-37
2.716360402600592402e-02 7.448275862068965125e+01 2.601732338517627109e-37
4.246766366886432775e-02 7.448275862068965125e+01 5.171171053837577028e-37
6.639407847961335818e-02 7.448275862068965125e+01 9.950886093102369251e-37
1.038007103835326822e-01 7.448275862068965125e+01 1.931620947233389951e-36
1.622823559398361148e-01 7.448275862068965125e+01 4.290976851739228657e-36
2.537127438923734712e-01 7.448275862068965125e+01 5.564531106887496155e-35
3.966552989732381462e-01 7.448275862068965125e+01 0.000000000000000000e+00
9.999999999999999547e-08 8.068965517241380780e+01 3.622665458009846953e-43
1.563403134142530628e-07 8.068965517241380780e+01 4.524390469113212523e-43
2.444229359846687273e-07 8.068965517241380780e+01 5.654705306567615195e-43
3.821315841747502258e-07 8.068965517241380780e+01 7.066923833175828955e-43
5.974257163536547787e-07 8.068965517241380780e+01 8.819160564530896560e-43
9.340172373646522676e-07 8.068965517241380780e+01 1.103988781630707595e-42
1.460245476239042244e-06 8.068965517241380780e+01 1.381511038547975239e-42
2.282952354169575739e-06 8.068965517241380780e+01 1.737526357688028770e-42
3.569174865606782901e-06 8.068965517241380780e+01 2.182444992580811262e-42
5.580059171192390368e-06 8.068965517241380780e+01 2.769473978011376247e-42
8.723881996942955131e-06 8.068965517241380780e+01 3.547833083795333005e-42
1.363894445591021312e-05 8.068965517241380780e+01 4.620797431189573435e-42
2.132316850876592016e-05 8.068965517241380780e+01 6.171774158261910925e-42
3.333670847645394986e-05 8.068965517241380780e+01 8.566792358850901783e-42
5.211871451408407345e-05 8.068965517241380780e+01 1.250304082385899432e-41
8.148256161879867084e-05 8.068965517241380780e+01 1.934573988956036803e-41
1.273900922127918576e-04 8.068965517241380780e+01 3.226536975929567950e-41
1.991620694241847593e-04 8.068965517241380780e+01 5.805779206895075512e-41
3.113706035400827066e-04 8.068965517241380780e+01 1.119583375228017942e-40
4.867977774544171641e-04 8.068965517241380780e+01 2.293869983415007060e-40
7.610611709658538296e-04 8.068965517241380780e+01 4.935669737351521797e-40
1.189845419962200354e-03 8.068965517241380780e+01 1.101165093760361230e-39
1.860208058714039403e-03 8.068965517241380780e+01 2.497329954627431292e-39
2.908255109150721662e-03 8.068965517241380780e+01 5.706894206952392756e-39
4.546775152532265760e-03 8.068965517241380780e+01 1.305943101267082069e-38
7.108442523710327247e-03 8.068965517241380780e+01 2.948852662718655439e-38
1.111336132044076462e-02 8.068965517241380780e+01 6.509652385563602050e-38
1.737466391923549874e-02 8.068965517241380780e+01 1.384859150515539152e-37
2.716360402600592402e-02 8.068965517241380780e+01 2.814969469194295848e-37
4.246766366886432775e-02 8.068965517241380780e+01 5.446091242980727468e-37
6.639407847961335818e-02 8.068965517241380780e+01 1.022324528375140551e-36
1.038007103835326822e-01 8.068965517241380780e+01 1.931653067506137402e-36
1.622823559398361148e-01 8.068965517241380780e+01 4.444439546277493800e-36
2.537127438923734712e-01 8.068965517241380780e+01 5.485077129876640686e-35
3.966552989732381462e-01 8.068965517241380780e+01 0.000000000000000000e+00
9.999999999999999547e-08 8.689655172413793593e+01 3.680389677954401373e-43
1.563403134142530628e-07 8.689655172413793593e+01 4.612466601305128901e-43
2.444229359846687273e-07 8.689655172413793593e+01 5.764959450608420173e-43
3.821315841747502258e-07 8.689655172413793593e+01 7.208938562931219105e-43
5.974257163536547787e-07 8.689655172413793593e+01 9.060576773639680264e-43
9.340172373646522676e-07 8.689655172413793593e+01 1.132924551569527154e-42
1.460245476239042244e-06 8.689655172413793593e+01 1.424537895951372628e-42
2.282952354169575739e-06 8.689655172413793593e+01 1.794932538399193257e-42
3.569174865606782901e-06 8.689655172413793593e+01 2.275998342069770074e-42
5.580059171192390368e-06 8.689655172413793593e+01 2.901953318201369326e-42
8.723881996942955131e-06 8.689655172413793593e+01 3.752624775899091300e-42
1.363894445591021312e-05 8.689655172413793593e+01 4.938307137474979227e-42
2.132316850876592016e-05 8.689655172413793593e+01 6.662548059842483472e-42
3.333670847645394986e-05 8.689655172413793593e+01 9.376672616890019717e-42
5.211871451408407345e-05 8.689655172413793593e+01 1.378452256972993449e-41
8.148256161879867084e-05 8.689655172413793593e+01 2.162570294234217197e-41
1.273900922127918576e-04 8.689655172413793593e+01 3.631396127985271752e-41
1.991620694241847593e-04 8.689655172413793593e+01 6.572306208602401442e-41
3.113706035400827066e-04 8.689655172413793593e+01 1.271084406269104452e-40
4.867977774544171641e-04 8.689655172413793593e+01 2.608455222136093173e-40
7.610611709658538296e-04 8.689655172413793593e+01 5.604822999185457637e-40
1.189845419962200354e-03 8.689655172413793593e+01 1.247812497194891550e-39
1.860208058714039403e-03 8.689655172413793593e+01 2.828080716490602587e-39
2.908255109150721662e-03 8.689655172413793593e+01 6.454301144174545885e-39
4.546775152532265760e-03 8.689655172413793593e+01 1.464450728461507451e-38
7.108442523710327247e-03 8.689655172413793593e+01 3.281118006977657158e-38
1.111336132044076462e-02 8.689655172413793593e+01 7.129597246510679685e-38
1.737466391923549874e-02 8.689655172413793593e+01 1.487010854805933144e-37
2.716360402600592402e-02 8.689655172413793593e+01 2.964417609762825711e-37
4.246766366886432775e-02 8.689655172413793593e+01 5.591004452138563182e-37
6.639407847961335818e-02 8.689655172413793593e+01 1.024933669242197507e-36
1.038007103835326822e-01 8.689655172413793593e+01 1.893657061575064761e-36
1.622823559398361148e-01 8.689655172413793593e+01 4.652170762744380221e-36
2.537127438923734712e-01 8.689655172413793593e+01 4.914922732320409197e-35
3.966552989732381462e-01 8.689655172413793593e+01 0.000000000000000000e+00
9.999999999999999547e-08 9.310344827586206407e+01 3.708841878458574511e-43
1.563403134142530628e-07 9.310344827586206407e+01 4.636842754805631982e-43
2.444229359846687273e-07 9.310344827586206407e+01 5.812544227440816834e-43
3.821315841747502258e-07 9.310344827586206407e+01 7.266432838569700225e-43
5.974257163536547787e-07 9.310344827586206407e+01 9.152229280020043994e-43
9.340172373646522676e-07 9.310344827586206407e+01 1.152313322870589352e-42
1.460245476239042244e-06 9.310344827586206407e+01 1.452338091972566189e-42
2.282952354169575739e-06 9.310344827586206407e+01 1.837372684529086309e-42
3.569174865606782901e-06 9.310344827586206407e+01 2.335101484161696668e-42
5.580059171192390368e-06 9.310344827586206407e+01 3.007985563608309089e-42
8.723881996942955131e-06 9.310344827586206407e+01 3.911922188459968132e-42
1.363894445591021312e-05 9.310344827586206407e+01 5.189668582127334756e-42
2.132316850876592016e-05 9.310344827586206407e+01 7.081857414951073430e-42
3.333670847645394986e-05 9.310344827586206407e+01 1.003486204025633749e-41
5.211871451408407345e-05 9.310344827586206407e+01 1.497402439767237209e-41
8.148256161879867084e-05 9.310344827586206407e+01 2.363697624562881232e-41
1.273900922127918576e-04 9.310344827586206407e+01 4.013191374887659821e-41
1.991620694241847593e-04 9.310344827586206407e+01 7.271199315713479271e-41
3.113706035400827066e-04 9.310344827586206407e+01 1.410658231694224175e-40
4.867977774544171641e-04 9.310344827586206407e+01 2.897607245164347131e-40
7.610611709658538296e-04 9.310344827586206407e+01 6.235479682631209397e-40
1.189845419962200354e-03 9.310344827586206407e+01 1.384360518868533151e-39
1.860208058714039403e-03 9.310344827586206407e+01 3.122156683416477228e-39
2.908255109150721662e-03 9.310344827586206407e+01 7.073104598126807948e-39
4.546775152532265760e-03 9.310344827586206407e+01 1.601728371146815898e-38
7.108442523710327247e-03 9.310344827586206407e+01 3.552037591262856808e-38
1.111336132044076462e-02 9.310344827586206407e+01 7.628755396066643104e-38
1.737466391923549874e-02 9.310344827586206407e+01 1.569423005844090786e-37
2.716360402600592402e-02 9.310344827586206407e+01 3.059464094180038898e-37
4.246766366886432775e-02 9.310344827586206407e+01 5.669467398089429368e-37
6.639407847961335818e-02 9.310344827586206407e+01 1.009962538275146267e-36
1.038007103835326822e-01 9.310344827586206407e+01 1.835225821691399214e-36
1.622823559398361148e-01 9.310344827586206407e+01 4.969363288102948100e-36
2.537127438923734712e-01 9.310344827586206407e+01 4.178571232565323149e-35
3.966552989732381462e-01 9.310344827586206407e+01 0.000000000000000000e+00
9.999999999999999547e-08 9.931034482758620641e+01 3.681820876837406506e-43
1.563403134142530628e-07 9.931034482758620641e+01 4.626228730963740918e-43
2.444229359846687273e-07 9.931034482758620641e+01 5.783345821810496181e-43
3.821315841747502258e-07 9.931034482758620641e+01 7.288925746742668115e-43
5.974257163536547787e-07 9.931034482758620641e+01 9.153460322730313845e-43
9.340172373646522676e-07 9.931034482758620641e+01 1.154637070922886365e-42
1.460245476239042244e-06 9.931034482758620641e+01 1.457981920332402966e-42
2.282952354169575739e-06 9.931034482758620641e+01 1.858687091721663717e-42
3.569174865606782901e-06 9.931034482758620641e+01 2.367610407432671409e-42
5.580059171192390368e-06 9.931034482758620641e+01 3.070876460403877004e-42
8.723881996942955131e-06 9.931034482758620641e+01 4.023284374918509318e-42
1.363894445591021312e-05 9.931034482758620641e+01 5.378878160905062866e-42
2.132316850876592016e-05 9.931034482758620641e+01 7.412887097828222654e-42
3.333670847645394986e-05 9.931034482758620641e+01 1.062685553283720730e-41
5.211871451408407345e-05 9.931034482758620641e+01 1.594256286288767464e-41
8.148256161879867084e-05 9.931034482758620641e+01 2.542314339944323485e-41
1.273900922127918576e-04 9.931034482758620641e+01 4.316003908637495727e-41
1.991620694241847593e-04 9.931034482758620641e+01 7.857949594121511438e-41
3.113706035400827066e-04 9.931034482758620641e+01 1.528620163910036457e-40
4.867977774544171641e-04 9.931034482758620641e+01 3.147384881848743911e-40
7.610611709658538296e-04 9.931034482758620641e+01 6.746740051526186960e-40
1.189845419962200354e-03 9.931034482758620641e+01 1.495659503117687769e-39
1.860208058714039403e-03 9.931034482758620641e+01 3.377442661096598709e-39
2.908255109150721662e-03 9.931034482758620641e+01 7.614802585897989160e-39
4.546775152532265760e-03 9.931034482758620641e+01 1.719740117092235187e-38
7.108442523710327247e-03 9.931034482758620641e+01 3.763376245996620675e-38
1.111336132044076462e-02 9.931034482758620641e+01 7.984104755671364008e-38
1.737466391923549874e-02 9.931034482758620641e+01 1.617078625349266671e-37
2.716360402600592402e-02 9.931034482758620641e+01 3.091557044490525043e-37
4.246766366886432775e-02 9.931034482758620641e+01 5.606387212596285257e-37
6.639407847961335818e-02 9.931034482758620641e+01 9.851606184470082913e-37
1.038007103835326822e-01 9.931034482758620641e+01 1.761292965266546269e-36
1.622823559398361148e-01 9.931034482758620641e+01 5.368129960105312159e-36
2.537127438923734712e-01 9.931034482758620641e+01 3.392482503959143583e-35
3.966552989732381462e-01 9.931034482758620641e+01 0.000000000000000000e+00
9.999999999999999547e-08 1.055172413793103630e+02 3.601975029382263237e-43
1.563403134142530628e-07 1.055172413793103630e+02 4.534131256475196138e-43
2.444229359846687273e-07 1.055172413793103630e+02 5.685196329211211030e-43
3.821315841747502258e-07 1.055172413793103630e+02 7.160343877802141080e-43
5.974257163536547787e-07 1.055172413793103630e+02 9.011742968376360455e-43
9.340172373646522676e-07 1.055172413793103630e+02 1.140902878078131197e-42
1.460245476239042244e-06 1.055172413793103630e+02 1.450138108103798877e-42
2.282952354169575739e-06 1.055172413793103630e+02 1.850126281512977861e-42
3.569174865606782901e-06 1.055172413793103630e+02 2.385401956431492017e-42
5.580059171192390368e-06 1.055172413793103630e+02 3.095174787434389009e-42
8.723881996942955131e-06 1.055172413793103630e+02 4.085298309354550190e-42
1.363894445591021312e-05 1.055172413793103630e+02 5.494772490006196335e-42
2.132316850876592016e-05 1.055172413793103630e+02 7.638217102904036392e-42
3.333670847645394986e-05 1.055172413793103630e+02 1.101637026744103225e-41
5.211871451408407345e-05 1.055172413793103630e+02 1.664295791172154267e-41
8.148256161879867084e-05 1.055172413793103630e+02 2.668356151728210727e-41
1.273900922127918576e-04 1.055172413793103630e+02 4.554470238510436564e-41
1.991620694241847593e-04 1.055172413793103630e+02 8.342651525649219056e-41
3.113706035400827066e-04 1.055172413793103630e+02 1.623765484037324382e-40
4.867977774544171641e-04 1.055172413793103630e+02 3.336853539147034042e-40
7.610611709658538296e-04 1.055172413793103630e+02 7.171158759604113450e-40
1.189845419962200354e-03 1.055172413793103630e+02 1.586042540171665319e-39
1.860208058714039403e-03 1.055172413793103630e+02 3.557730698223633086e-39
2.908255109150721662e-03 1.055172413793103630e+02 8.025907554799814993e-39
4.546775152532265760e-03 1.055172413793103630e+02 1.794473782646164925e-38
7.108442523710327247e-03 1.055172413793103630e+02 3.902505702593334133e-38
1.111336132044076462e-02 1.055172413793103630e+02 8.181734451460921639e-38
1.737466391923549874e-02 1.055172413793103630e+02 1.636353008191004746e-37
2.716360402600592402e-02 1.055172413793103630e+02 3.077018952019879035e-37
4.246766366886432775e-02 1.055172413793103630e+02 5.483684239076230522e-37
6.639407847961335818e-02 1.055172413793103630e+02 9.451399087505341173e-37
1.038007103835326822e-01 1.055172413793103630e+02 1.671515047922991561e-36
1.622823559398361148e-01 1.055172413793103630e+02 5.802118983427406888e-36
2.537127438923734712e-01 1.055172413793103630e+02 2.698115902677262605e-35
3.966552989732381462e-01 1.055172413793103630e+02 0.000000000000000000e+00
9.999999999999999547e-08 1.117241379310344911e+02 3.502676456104547251e-43
1.563403134142530628e-07 1.117241379310344911e+02 4.395684208369373907e-43
2.444229359846687273e-07 1.117241379310344911e+02 5.538051508881104985e-43
3.821315841747502258e-07 1.117241379310344911e+02 6.967160580172414240e-43
5.974257163536547787e-07 1.117241379310344911e+02 8.795405588739596213e-43
9.340172373646522676e-07 1.117241379310344911e+02 1.116606096043476170e-42
1.460245476239042244e-06 1.117241379310344911e+02 1.419635563528187939e-42
2.282952354169575739e-06 1.117241379310344911e+02 1.817430988392163186e-42
3.569174865606782901e-06 1.117241379310344911e+02 2.349052901182953414e-42
5.580059171192390368e-06 1.117241379310344911e+02 3.067274918339269483e-42
8.723881996942955131e-06 1.117241379310344911e+02 4.074497514502228502e-42
1.363894445591021312e-05 1.117241379310344911e+02 5.525591800131355357e-42
2.132316850876592016e-05 1.117241379310344911e+02 7.711906185774466857e-42
3.333670847645394986e-05 1.117241379310344911e+02 1.122299492240667910e-41
5.211871451408407345e-05 1.117241379310344911e+02 1.707278756189936716e-41
8.148256161879867084e-05 1.117241379310344911e+02 2.748727031284160529e-41
1.273900922127918576e-04 1.117241379310344911e+02 4.718819777844142391e-41
1.991620694241847593e-04 1.117241379310344911e+02 8.651953219267207324e-41
3.113706035400827066e-04 1.117241379310344911e+02 1.681908996138739979e-40
4.867977774544171641e-04 1.117241379310344911e+02 3.466517426191084092e-40
7.610611709658538296e-04 1.117241379310344911e+02 7.444640609233584551e-40
1.189845419962200354e-03 1.117241379310344911e+02 1.644148991453464659e-39
1.860208058714039403e-03 1.117241379310344911e+02 3.680608858504384814e-39
2.908255109150721662e-03 1.117241379310344911e+02 8.281155395254324726e-39
4.546775152532265760e-03 1.117241379310344911e+02 1.835501016591122556e-38
7.108442523710327247e-03 1.117241379310344911e+02 3.968710106985445019e-38
1.111336132044076462e-02 1.117241379310344911e+02 8.265265968813269816e-38
1.737466391923549874e-02 1.117241379310344911e+02 1.620538946600944458e-37
2.716360402600592402e-02 1.117241379310344911e+02 3.012286593792516721e-37
4.246766366886432775e-02 1.117241379310344911e+02 5.255012466694582129e-37
6.639407847961335818e-02 1.117241379310344911e+02 8.956203823770462350e-37
1.038007103835326822e-01 1.117241379310344911e+02 1.571909290873433868e-36
1.622823559398361148e-01 1.117241379310344911e+02 6.293170254004556115e-36
2.537127438923734712e-01 1.117241379310344911e+02 2.130202201985612859e-35
3.966552989732381462e-01 1.117241379310344911e+02 0.000000000000000000e+00
9.999999999999999547e-08 1.179310344827586192e+02 3.345448349390719565e-43
1.563403134142530628e-07 1.179310344827586192e+02 4.199512334006193125e-43
2.444229359846687273e-07 1.179310344827586192e+02 5.289659448286906002e-43
3.821315841747502258e-07 1.179310344827586192e+02 6.681039137354930202e-43
5.974257163536547787e-07 1.179310344827586192e+02 8.441272591034254166e-43
9.340172373646522676e-07 1.179310344827586192e+02 1.075035219997080637e-42
1.460245476239042244e-06 1.179310344827586192e+02 1.374172693162404011e-42
2.282952354169575739e-06 1.179310344827586192e+02 1.761110467480063625e-42
3.569174865606782901e-06 1.179310344827586192e+02 2.283805119020917779e-42
5.580059171192390368e-06 1.179310344827586192e+02 3.004470309218421665e-42
8.723881996942955131e-06 1.179310344827586192e+02 4.006868275187119476e-42
1.363894445591021312e-05 1.179310344827586192e+02 5.466485706279571575e-42
2.132316850876592016e-05 1.179310344827586192e+02 7.689523073964846827e-42
3.333670847645394986e-05 1.179310344827586192e+02 1.123459320730736427e-41
5.211871451408407345e-05 1.179310344827586192e+02 1.712414887627760983e-41
8.148256161879867084e-05 1.179310344827586192e+02 2.782464782596582464e-41
1.273900922127918576e-04 1.179310344827586192e+02 4.771780923011266522e-41
1.991620694241847593e-04 1.179310344827586192e+02 8.789897065151949889e-41
3.113706035400827066e-04 1.179310344827586192e+02 1.712226063797628183e-40
4.867977774544171641e-04 1.179310344827586192e+02 3.525371845381322315e-40
7.610611709658538296e-04 1.179310344827586192e+02 7.558256140826918961e-40
1.189845419962200354e-03 1.179310344827586192e+02 1.665698481201828322e-39
1.860208058714039403e-03 1.179310344827586192e+02 3.728551120303789026e-39
2.908255109150721662e-03 1.179310344827586192e+02 8.330475592375410110e-39
4.546775152532265760e-03 1.179310344827586192e+02 1.841305940699116228e-38
7.108442523710327247e-03 1.179310344827586192e+02 3.949223604049811252e-38
1.111336132044076462e-02 1.179310344827586192e+02 8.123204812344212538e-38
1.737466391923549874e-02 1.179310344827586192e+02 1.582428037187481690e-37
2.716360402600592402e-02 1.179310344827586192e+02 2.890420476192171309e-37
4.246766366886432775e-02 1.179310344827586192e+02 4.984223242977516780e-37
6.639407847961335818e-02 1.179310344827586192e+02 8.342178723276166865e-37
1.038007103835326822e-01 1.179310344827586192e+02 1.459518575638424082e-36
1.622823559398361148e-01 1.179310344827586192e+02 6.780216028538914458e-36
2.537127438923734712e-01 1.179310344827586192e+02 1.669154427797451644e-35
3.966552989732381462e-01 1.179310344827586192e+02 0.000000000000000000e+00
9.999999999999999547e-08 1.241379310344827616e+02 3.148073734238642692e-43
1.563403134142530628e-07 1.241379310344827616e+02 3.956691242781561132e-43
2.444229359846687273e-07 1.241379310344827616e+02 4.982032242307261883e-43
3.821315841747502258e-07 1.241379310344827616e+02 6.305258700236806461e-43
5.974257163536547787e-07 1.241379310344827616e+02 8.010849035657585814e-43
9.340172373646522676e-07 1.241379310344827616e+02 1.017381092005522243e-42
1.460245476239042244e-06 1.241379310344827616e+02 1.304205402344419524e-42
2.282952354169575739e-06 1.241379310344827616e+02 1.680339995540435326e-42
3.569174865606782901e-06 1.241379310344827616e+02 2.187470921076182155e-42
5.580059171192390368e-06 1.241379310344827616e+02 2.890975305105851604e-42
8.723881996942955131e-06 1.241379310344827616e+02 3.880160859808614275e-42
1.363894445591021312e-05 1.241379310344827616e+02 5.300879551560695526e-42
2.132316850876592016e-05 1.241379310344827616e+02 7.479976091178473967e-42
3.333670847645394986e-05 1.241379310344827616e+02 1.103253841741967205e-41
5.211871451408407345e-05 1.241379310344827616e+02 1.691583289822355648e-41
8.148256161879867084e-05 1.241379310344827616e+02 2.743372290120571370e-41
1.273900922127918576e-04 1.241379310344827616e+02 4.742057270053657346e-41
1.991620694241847593e-04 1.241379310344827616e+02 8.691118572909033604e-41
3.113706035400827066e-04 1.241379310344827616e+02 1.698764172150500781e-40
4.867977774544171641e-04 1.241379310344827616e+02 3.495405611462001612e-40
7.610611709658538296e-04 1.241379310344827616e+02 7.490314203196681333e-40
1.189845419962200354e-03 1.241379310344827616e+02 1.648558222321015240e-39
1.860208058714039403e-03 1.241379310344827616e+02 3.686334438278166918e-39
2.908255109150721662e-03 1.241379310344827616e+02 8.231390536466316010e-39
4.546775152532265760e-03 1.241379310344827616e+02 1.807098421041048388e-38
7.108442523710327247e-03 1.241379310344827616e+02 3.844292307011866229e-38
1.111336132044076462e-02 1.241379310344827616e+02 7.863693578421237914e-38
1.737466391923549874e-02 1.241379310344827616e+02 1.505071837229669579e-37
2.716360402600592402e-02 1.241379310344827616e+02 2.719008583900411300e-37
4.246766366886432775e-02 1.241379310344827616e+02 4.650788032048451417e-37
6.639407847961335818e-02 1.241379310344827616e+02 7.683411688924065217e-37
1.038007103835326822e-01 1.241379310344827616e+02 1.340891559397309480e-36
1.622823559398361148e-01 1.241379310344827616e+02 6.998608891762680476e-36
2.537127438923734712e-01 1.241379310344827616e+02 1.285518086181223476e-35
3.966552989732381462e-01 1.241379310344827616e+02 0.000000000000000000e+00
9.999999999999999547e-08 1.303448275862068897e+02 2.896210536922903815e-43
1.563403134142530628e-07 1.303448275862068897e+02 3.658467204475957264e-43
2.444229359846687273e-07 1.303448275862068897e+02 4.630468496468280820e-43
3.821315841747502258e-07 1.303448275862068897e+02 5.836716903751942113e-43
5.974257163536547787e-07 1.303448275862068897e+02 7.440178007140654744e-43
9.340172373646522676e-07 1.303448275862068897e+02 9.484955168465713945e-43
1.460245476239042244e-06 1.303448275862068897e+02 1.217441949659109295e-42
2.282952354169575739e-06 1.303448275862068897e+02 1.575175129779256967e-42
3.569174865606782901e-06 1.303448275862068897e+02 2.059256686777048556e-42
5.580059171192390368e-06 1.303448275862068897e+02 2.718511574237121691e-42
8.723881996942955131e-06 1.303448275862068897e+02 3.663115810442484661e-42
1.363894445591021312e-05 1.303448275862068897e+02 5.034064561702332847e-42
2.132316850876592016e-05 1.303448275862068897e+02 7.164645241306415357e-42
3.333670847645394986e-05 1.303448275862068897e+02 1.056575420011587786e-41
5.211871451408407345e-05 1.303448275862068897e+02 1.631111389846995335e-41
8.148256161879867084e-05 1.303448275862068897e+02 2.652433572770122350e-41
1.273900922127918576e-04 1.303448275862068897e+02 4.583213362396700100e-41
1.991620694241847593e-04 1.303448275862068897e+02 8.447660424154514968e-41
3.113706035400827066e-04 1.303448275862068897e+02 1.649142291804274069e-40
4.867977774544171641e-04 1.303448275862068897e+02 3.396478699502582687e-40
7.610611709658538296e-04 1.303448275862068897e+02 7.250236486957939862e-40
1.189845419962200354e-03 1.303448275862068897e+02 1.598425251526818723e-39
1.860208058714039403e-03 1.303448275862068897e+02 3.554906954796648005e-39
2.908255109150721662e-03 1.303448275862068897e+02 7.888660481083291624e-39
4.546775152532265760e-03 1.303448275862068897e+02 1.729431352165042295e-38
7.108442523710327247e-03 1.303448275862068897e+02 3.658250022278697441e-38
1.111336132044076462e-02 1.303448275862068897e+02 7.391720009223620187e-38
1.737466391923549874e-02 1.303448275862068897e+02 1.409282081221678536e-37
2.716360402600592402e-02 1.303448275862068897e+02 2.517653399911942303e-37
4.246766366886432775e-02 1.303448275862068897e+02 4.236435244617887607e-37
6.639407847961335818e-02 1.303448275862068897e+02 6.963951205891692971e-37
1.038007103835326822e-01 1.303448275862068897e+02 1.218182264652467020e-36
1.622823559398361148e-01 1.303448275862068897e+02 7.100224462129094809e-36
2.537127438923734712e-01 1.303448275862068897e+02 9.835755367858262758e-36
3.966552989732381462e-01 1.303448275862068897e+02 0.000000000000000000e+00
9.999999999999999547e-08 1.365517241379310462e+02 2.632939149910897227e-43
1.563403134142530628e-07 1.365517241379310462e+02 3.319654321513588792e-43
2.444229359846687273e-07 1.365517241379310462e+02 4.191969941973875920e-43
3.821315841747502258e-07 1.365517241379310462e+02 5.312554720359600366e-43
5.974257163536547787e-07 1.365517241379310462e+02 6.745240364263815027e-43
9.340172373646522676e-07 1.365517241379310462e+02 8.629725868629758796e-43
1.460245476239042244e-06 1.365517241379310462e+02 1.111544832252898478e-42
2.282952354169575739e-06 1.365517241379310462e+02 1.438850263200065576e-42
3.569174865606782901e-06 1.365517241379310462e+02 1.885279297598868813e-42
5.580059171192390368e-06 1.365517241379310462e+02 2.503329017695874388e-42
8.723881996942955131e-06 1.365517241379310462e+02 3.377791782069178921e-42
1.363894445591021312e-05 1.365517241379310462e+02 4.684761678484689523e-42
2.132316850876592016e-05 1.365517241379310462e+02 6.668781414256683624e-42
3.333670847645394986e-05 1.365517241379310462e+02 9.866505398310169041e-42
5.211871451408407345e-05 1.365517241379310462e+02 1.523648487932021455e-41
8.148256161879867084e-05 1.365517241379310462e+02 2.497588380259731224e-41
1.273900922127918576e-04 1.365517241379310462e+02 4.314239509753620931e-41
1.991620694241847593e-04 1.365517241379310462e+02 7.958921338809988845e-41
3.113706035400827066e-04 1.365517241379310462e+02 1.558375893326791502e-40
4.867977774544171641e-04 1.365517241379310462e+02 3.200600113125425733e-40
7.610611709658538296e-04 1.365517241379310462e+02 6.850647560591419799e-40
1.189845419962200354e-03 1.365517241379310462e+02 1.505024683467078733e-39
1.860208058714039403e-03 1.365517241379310462e+02 3.345731709490739653e-39
2.908255109150721662e-03 1.365517241379310462e+02 7.404054605884400558e-39
4.546775152532265760e-03 1.365517241379310462e+02 1.620060336897226993e-38
7.108442523710327247e-03 1.365517241379310462e+02 3.399387982734031200e-38
1.111336132044076462e-02 1.365517241379310462e+02 6.827821162337335434e-38
1.737466391923549874e-02 1.365517241379310462e+02 1.289124094261800807e-37
2.716360402600592402e-02 1.365517241379310462e+02 2.270564432636268890e-37
4.246766366886432775e-02 1.365517241379310462e+02 3.792212360106474156e-37
6.639407847961335818e-02 1.365517241379310462e+02 6.182916933220238667e-37
1.038007103835326822e-01 1.365517241379310462e+02 1.091126233207125345e-36
1.622823559398361148e-01 1.365517241379310462e+02 6.800175016785063345e-36
2.537127438923734712e-01 1.365517241379310462e+02 7.361240922419167480e-36
3.966552989732381462e-01 1.365517241379310462e+02 0.000000000000000000e+00
9.999999999999999547e-08 1.427586206896551744e+02 2.320547169750265175e-43
1.563403134142530628e-07 1.427586206896551744e+02 2.924706597902806608e-43
2.444229359846687273e-07 1.427586206896551744e+02 3.711861513654718479e-43
3.821315841747502258e-07 1.427586206896551744e+02 4.701679986023776910e-43
5.974257163536547787e-07 1.427586206896551744e+02 5.975688797717153949e-43
9.340172373646522676e-07 1.427586206896551744e+02 7.657103149815518404e-43
1.460245476239042244e-06 1.427586206896551744e+02 9.878086754198616453e-43
2.282952354169575739e-06 1.427586206896551744e+02 1.277572541563389569e-42
3.569174865606782901e-06 1.427586206896551744e+02 1.686673228916589466e-42
5.580059171192390368e-06 1.427586206896551744e+02 2.253269689530259295e-42
8.723881996942955131e-06 1.427586206896551744e+02 3.044431918725697177e-42
1.363894445591021312e-05 1.427586206896551744e+02 4.227686708261407982e-42
2.132316850876592016e-05 1.427586206896551744e+02 6.032231324066885812e-42
3.333670847645394986e-05 1.427586206896551744e+02 8.966318518185521985e-42
5.211871451408407345e-05 1.427586206896551744e+02 1.389102755224184093e-41
8.148256161879867084e-05 1.427586206896551744e+02 2.272035202964291050e-41
1.273900922127918576e-04 1.427586206896551744e+02 3.939709612001692064e-41
1.991620694241847593e-04 1.427586206896551744e+02 7.282302980537950692e-41
3.113706035400827066e-04 1.427586206896551744e+02 1.421124437852937280e-40
4.867977774544171641e-04 1.427586206896551744e+02 2.922133562287006872e-40
7.610611709658538296e-04 1.427586206896551744e+02 6.240343521366054724e-40
1.189845419962200354e-03 1.427586206896551744e+02 1.371161240235284802e-39
1.860208058714039403e-03 1.427586206896551744e+02 3.039170434976343345e-39
2.908255109150721662e-03 1.427586206896551744e+02 6.730103689655386664e-39
4.546775152532265760e-03 1.427586206896551744e+02 1.458972473134819819e-38
7.108442523710327247e-03 1.427586206896551744e+02 3.050987985525385540e-38
1.111336132044076462e-02 1.427586206896551744e+02 6.109774191963544246e-38
1.737466391923549874e-02 1.427586206896551744e+02 1.141161274870573553e-37
2.716360402600592402e-02 1.427586206896551744e+02 2.004467542526355390e-37
4.246766366886432775e-02 1.427586206896551744e+02 3.318672733002282340e-37
6.639407847961335818e-02 1.427586206896551744e+02 5.374507480875510080e-37
1.038007103835326822e-01 1.427586206896551744e+02 9.601376920551696000e-37
1.622823559398361148e-01 1.427586206896551744e+02 6.306010005565324064e-36
2.537127438923734712e-01 1.427586206896551744e+02 5.451222015681053751e-36
3.966552989732381462e-01 1.427586206896551744e+02 0.000000000000000000e+00
9.999999999999999547e-08 1.489655172413793025e+02 1.981225751649320785e-43
1.563403134142530628e-07 1.489655172413793025e+02 2.509586750576730310e-43
2.444229359846687273e-07 1.489655172413793025e+02 3.163315932910459126e-43
3.821315841747502258e-07 1.489655172413793025e+02 4.025615125139854384e-43
5.974257163536547787e-07 1.489655172413793025e+02 5.130519797102958964e-43
9.340172373646522676e-07 1.489655172413793025e+02 6.581100605865547596e-43
1.460245476239042244e-06 1.489655172413793025e+02 8.501211477437729477e-43
2.282952354169575739e-06 1.489655172413793025e+02 1.106035848127437306e-42
3.569174865606782901e-06 1.489655172413793025e+02 1.455343783710179512e-42
5.580059171192390368e-06 1.489655172413793025e+02 1.942396747818829886e-42
8.723881996942955131e-06 1.489655172413793025e+02 2.636604914651190307e-42
1.363894445591021312e-05 1.489655172413793025e+02 3.675905113270807647e-42
2.132316850876592016e-05 1.489655172413793025e+02 5.270797354871263697e-42
3.333670847645394986e-05 1.489655172413793025e+02 7.818721052173035550e-42
5.211871451408407345e-05 1.489655172413793025e+02 1.217850915374514203e-41
8.148256161879867084e-05 1.489655172413793025e+02 1.991431988198154312e-41
1.273900922127918576e-04 1.489655172413793025e+02 3.453880311737939312e-41
1.991620694241847593e-04 1.489655172413793025e+02 6.402849350837079164e-41
3.113706035400827066e-04 1.489655172413793025e+02 1.248378622814960026e-40
4.867977774544171641e-04 1.489655172413793025e+02 2.572949105604714051e-40
7.610611709658538296e-04 1.489655172413793025e+02 5.502479421029540566e-40
1.189845419962200354e-03 1.489655172413793025e+02 1.200023643163552142e-39
1.860208058714039403e-03 1.489655172413793025e+02 2.666254892708236916e-39
2.908255109150721662e-03 1.489655172413793025e+02 5.901197809277743520e-39
4.546775152532265760e-03 1.489655172413793025e+02 1.273052900852185499e-38
7.108442523710327247e-03 1.489655172413793025e+02 2.660167068170357334e-38
1.111336132044076462e-02 1.489655172413793025e+02 5.277560763679912919e-38
1.737466391923549874e-02 1.489655172413793025e+02 9.793341719065840100e-38
2.716360402600592402e-02 1.489655172413793025e+02 1.708538473821560284e-37
4.246766366886432775e-02 1.489655172413793025e+02 2.812061309829196320e-37
6.639407847961335818e-02 1.489655172413793025e+02 4.516967613104267664e-37
1.038007103835326822e-01 1.489655172413793025e+02 8.136180868979970040e-37
1.622823559398361148e-01 1.489655172413793025e+02 5.609853070013280061e-36
2.537127438923734712e-01 1.489655172413793025e+02 3.961427810617547535e-36
3.966552989732381462e-01 1.489655172413793025e+02 0.000000000000000000e+00
9.999999999999999547e-08 1.551724137931034591e+02 1.618476949263336832e-43
1.563403134142530628e-07 1.551724137931034591e+02 2.040595996090524297e-43
2.444229359846687273e-07 1.551724137931034591e+02 2.590337312988236742e-43
3.821315841747502258e-07 1.551724137931034591e+02 3.283679899389410908e-43
5.974257163536547787e-07 1.551724137931034591e+02 4.208929524518492278e-43
9.340172373646522676e-07 1.551724137931034591e+02 5.383878084201966166e-43
1.460245476239042244e-06 1.551724137931034591e+02 6.955670309802313741e-43
2.282952354169575739e-06 1.551724137931034591e+02 9.093779207843914371e-43
3.569174865606782901e-06 1.551724137931034591e+02 1.197319154083707027e-42
5.580059171192390368e-06 1.551724137931034591e+02 1.598579887288651362e-42
8.723881996942955131e-06 1.551724137931034591e+02 2.179581539609475797e-42
1.363894445591021312e-05 1.551724137931034591e+02 3.043188119044172492e-42
2.132316850876592016e-05 1.551724137931034591e+02 4.372897353568779256e-42
3.333670847645394986e-05 1.551724137931034591e+02 6.509893842189174791e-42
5.211871451408407345e-05 1.551724137931034591e+02 1.014191950905948903e-41
8.148256161879867084e-05 1.551724137931034591e+02 1.660360656802935451e-41
1.273900922127918576e-04 1.551724137931034591e+02 2.894497091520784417e-41
1.991620694241847593e-04 1.551724137931034591e+02 5.336095248462754223e-41
3.113706035400827066e-04 1.551724137931034591e+02 1.043444281483940182e-40
4.867977774544171641e-04 1.551724137931034591e+02 2.146575626687507166e-40
7.610611709658538296e-04 1.551724137931034591e+02 4.590305945234122982e-40
1.189845419962200354e-03 1.551724137931034591e+02 1.006433209301549874e-39
1.860208058714039403e-03 1.551724137931034591e+02 2.225574267369892338e-39
2.908255109150721662e-03 1.551724137931034591e+02 4.893302885214303169e-39
4.546775152532265760e-03 1.551724137931034591e+02 1.056140905182630912e-38
7.108442523710327247e-03 1.551724137931034591e+02 2.198176523168001807e-38
1.111336132044076462e-02 1.551724137931034591e+02 4.333246815930671264e-38
1.737466391923549874e-02 1.551724137931034591e+02 8.030529581048127754e-38
2.716360402600592402e-02 1.551724137931034591e+02 1.393127132034888727e-37
4.246766366886432775e-02 1.551724137931034591e+02 2.278530072325502205e-37
6.639407847961335818e-02 1.551724137931034591e+02 3.647163505881429551e-37
1.038007103835326822e-01 1.551724137931034591e+02 6.664102800413879569e-37
1.622823559398361148e-01 1.551724137931034591e+02 4.683923045425689744e-36
2.537127438923734712e-01 1.551724137931034591e+02 2.803123524545283401e-36
3.966552989732381462e-01 1.551724137931034591e+02 0.000000000000000000e+00
9.999999999999999547e-08 1.613793103448276156e+02 1.231807591567493123e-43
1.563403134142530628e-07 1.613793103448276156e+02 1.558021666030477837e-43
2.444229359846687273e-07 1.613793103448276156e+02 1.974980373695253337e-43
3.821315841747502258e-07 1.613793103448276156e+02 2.511707488691820769e-43
5.974257163536547787e-07 1.613793103448276156e+02 3.204740983409155039e-43
9.340172373646522676e-07 1.613793103448276156e+02 4.123735356780825835e-43
1.460245476239042244e-06 1.613793103448276156e+02 5.326358793104626894e-43
2.282952354169575739e-06 1.613793103448276156e+02 6.960356827871438650e-43
3.569174865606782901e-06 1.613793103448276156e+02 9.193160781800905696e-43
5.580059171192390368e-06 1.613793103448276156e+02 1.227185398725653283e-42
8.723881996942955131e-06 1.613793103448276156e+02 1.677729763050015976e-42
1.363894445591021312e-05 1.613793103448276156e+02 2.340175889519894009e-42
2.132316850876592016e-05 1.613793103448276156e+02 3.366437688492112244e-42
3.333670847645394986e-05 1.613793103448276156e+02 5.012202370091573760e-42
5.211871451408407345e-05 1.613793103448276156e+02 7.847292849701387675e-42
8.148256161879867084e-05 1.613793103448276156e+02 1.285570030302986956e-41
1.273900922127918576e-04 1.613793103448276156e+02 2.242748411898248186e-41
1.991620694241847593e-04 1.613793103448276156e+02 4.146251124674518733e-41
3.113706035400827066e-04 1.613793103448276156e+02 8.102299438082509119e-41
4.867977774544171641e-04 1.613793103448276156e+02 1.666400728060711021e-40
7.610611709658538296e-04 1.613793103448276156e+02 3.557367518169710775e-40
1.189845419962200354e-03 1.613793103448276156e+02 7.780809058801087360e-40
1.860208058714039403e-03 1.613793103448276156e+02 1.722263361824812126e-39
2.908255109150721662e-03 1.613793103448276156e+02 3.787744664064403148e-39
4.546775152532265760e-03 1.613793103448276156e+02 8.167232019016145907e-39
7.108442523710327247e-03 1.613793103448276156e+02 1.690955709049731715e-38
1.111336132044076462e-02 1.613793103448276156e+02 3.323495692926569502e-38
1.737466391923549874e-02 1.613793103448276156e+02 6.140619513370917334e-38
2.716360402600592402e-02 1.613793103448276156e+02 1.058550459635772063e-37
4.246766366886432775e-02 1.613793103448276156e+02 1.727632608453783724e-37
6.639407847961335818e-02 1.613793103448276156e+02 2.755484877021732661e-37
1.038007103835326822e-01 1.613793103448276156e+02 5.070764682222265990e-37
1.622823559398361148e-01 1.613793103448276156e+02 3.610084141513727412e-36
2.537127438923734712e-01 1.613793103448276156e+02 1.896805326932893756e-36
3.966552989732381462e-01 1.613793103448276156e+02 0.000000000000000000e+00
9.999999999999999547e-08 1.675862068965517437e+02 8.312875378655255059e-44
1.563403134142530628e-07 1.675862068965517437e+02 1.049604185789873454e-43
2.444229359846687273e-07 1.675862068965517437e+02 1.332412461115869262e-43
3.821315841747502258e-07 1.675862068965517437e+02 1.695059357646527678e-43
5.974257163536547787e-07 1.675862068965517437e+02 2.167431409632840444e-43
9.340172373646522676e-07 1.675862068965517437e+02 2.782617230957678264e-43
1.460245476239042244e-06 1.675862068965517437e+02 3.597452845664662337e-43
2.282952354169575739e-06 1.675862068965517437e+02 4.705370780995044464e-43
3.569174865606782901e-06 1.675862068965517437e+02 6.209901806412986299e-43
5.580059171192390368e-06 1.675862068965517437e+02 8.331170339936600803e-43
8.723881996942955131e-06 1.675862068965517437e+02 1.140414847567282182e-42
1.363894445591021312e-05 1.675862068965517437e+02 1.589875289176000237e-42
2.132316850876592016e-05 1.675862068965517437e+02 2.294054028241459342e-42
3.333670847645394986e-05 1.675862068965517437e+02 3.427988416536169271e-42
5.211871451408407345e-05 1.675862068965517437e+02 5.342679231653920090e-42
8.148256161879867084e-05 1.675862068965517437e+02 8.793151269019458954e-42
1.273900922127918576e-04 1.675862068965517437e+02 1.527319908975269201e-41
1.991620694241847593e-04 1.675862068965517437e+02 2.829787402176431675e-41
3.113706035400827066e-04 1.675862068965517437e+02 5.537335005848464534e-41
4.867977774544171641e-04 1.675862068965517437e+02 1.137408429867031065e-40
7.610611709658538296e-04 1.675862068965517437e+02 2.423331319511858113e-40
1.189845419962200354e-03 1.675862068965517437e+02 5.313030617419839104e-40
1.860208058714039403e-03 1.675862068965517437e+02 1.176814081821734566e-39
2.908255109150721662e-03 1.675862068965517437e+02 2.573955142940214965e-39
4.546775152532265760e-03 1.675862068965517437e+02 5.540988450685924238e-39
7.108442523710327247e-03 1.675862068965517437e+02 1.147809197158392908e-38
1.111336132044076462e-02 1.675862068965517437e+02 2.257010641326438596e-38
1.737466391923549874e-02 1.675862068965517437e+02 4.138801284512130378e-38
2.716360402600592402e-02 1.675862068965517437e+02 7.107506731242416478e-38
4.246766366886432775e-02 1.675862068965517437e+02 1.152208149556534775e-37
6.639407847961335818e-02 1.675862068965517437e+02 1.842623637159786842e-37
1.038007103835326822e-01 1.675862068965517437e+02 3.421091951169962293e-37
1.622823559398361148e-01 1.675862068965517437e+02 2.476474226482610271e-36
2.537127438923734712e-01 1.675862068965517437e+02 1.172664933543274424e-36
3.966552989732381462e-01 1.675862068965517437e+02 0.000000000000000000e+00
9.999999999999999547e-08 1.737931034482758719e+02 4.179446101635802520e-44
1.563403134142530628e-07 1.737931034482758719e+02 5.281114959502748434e-44
2.444229359846687273e-07 1.737931034482758719e+02 6.694568488230872865e-44
3.821315841747502258e-07 1.737931034482758719e+02 8.535647876340570480e-44
5.974257163536547787e-07 1.737931034482758719e+02 1.090762675931995119e-43
9.340172373646522676e-07 1.737931034482758719e+02 1.403683917041661374e-43
1.460245476239042244e-06 1.737931034482758719e+02 1.814705873084842259e-43
2.282952354169575739e-06 1.737931034482758719e+02 2.376789122029410818e-43
3.569174865606782901e-06 1.737931034482758719e+02 3.145477638787217984e-43
5.580059171192390368e-06 1.737931034482758719e+02 4.212162029507305408e-43
8.723881996942955131e-06 1.737931034482758719e+02 5.762960149047243245e-43
1.363894445591021312e-05 1.737931034482758719e+02 8.065463930175479344e-43
2.132316850876592016e-05 1.737931034482758719e+02 1.157928330682172286e-42
3.333670847645394986e-05 1.737931034482758719e+02 1.737113117221120485e-42
5.211871451408407345e-05 1.737931034482758719e+02 2.708413534772638281e-42
8.148256161879867084e-05 1.737931034482758719e+02 4.452187081652179228e-42
1.273900922127918576e-04 1.737931034482758719e+02 7.757774967997778620e-42
1.991620694241847593e-04 1.737931034482758719e+02 1.438045865899711840e-41
3.113706035400827066e-04 1.737931034482758719e+02 2.811209533029871811e-41
4.867977774544171641e-04 1.737931034482758719e+02 5.762682311082243691e-41
7.610611709658538296e-04 1.737931034482758719e+02 1.230238852377878623e-40
1.189845419962200354e-03 1.737931034482758719e+02 2.697342768320368374e-40
1.860208058714039403e-03 1.737931034482758719e+02 5.939005341159559881e-40
2.908255109150721662e-03 1.737931034482758719e+02 1.308625728341413191e-39
4.546775152532265760e-03 1.737931034482758719e+02 2.801388687077381803e-39
7.108442523710327247e-03 1.737931034482758719e+02 5.803695813759847848e-39
1.111336132044076462e-02 1.737931034482758719e+02 1.137320430465513466e-38
1.737466391923549874e-02 1.737931034482758719e+02 2.088585639254723681e-38
2.716360402600592402e-02 1.737931034482758719e+02 3.582428277757901252e-38
4.246766366886432775e-02 1.737931034482758719e+02 5.795466981556654522e-38
6.639407847961335818e-02 1.737931034482758719e+02 9.257389989229698607e-38
1.038007103835326822e-01 1.737931034482758719e+02 1.723116835734581368e-37
1.622823559398361148e-01 1.737931034482758719e+02 1.247847097391115501e-36
2.537127438923734712e-01 1.737931034482758719e+02 5.584701014730349280e-37
3.966552989732381462e-01 1.737931034482758719e+02 0.000000000000000000e+00
9.999999999999999547e-08 1.800000000000000000e+02 0.000000000000000000e+00
1.563403134142530628e-07 1.800000000000000000e+02 0.000000000000000000e+00
2.444229359846687273e-07 1.800000000000000000e+02 0.000000000000000000e+00
3.821315841747502258e-07 1.800000000000000000e+02 0.000000000000000000e+00
5.974257163536547787e-07 1.800000000000000000e+02 1.238238549862788317e-58
9.340172373646522676e-07 1.800000000000000000e+02 0.000000000000000000e+00
1.460245476239042244e-06 1.800000000000000000e+02 2.062970977588738246e-58
2.282952354169575739e-06 1.800000000000000000e+02 2.691315916161524303e-58
3.569174865606782901e-06 1.800000000000000000e+02 3.563846312280524370e-58
5.580059171192390368e-06 1.800000000000000000e+02 0.000000000000000000e+00
8.723881996942955131e-06 1.800000000000000000e+02 0.000000000000000000e+00
1.363894445591021312e-05 1.800000000000000000e+02 0.000000000000000000e+00
2.132316850876592016e-05 1.800000000000000000e+02 1.316025378766875245e-57
3.333670847645394986e-05 1.800000000000000000e+02 1.965911496080907995e-57
5.211871451408407345e-05 1.800000000000000000e+02 3.071887124698370158e-57
8.148256161879867084e-05 1.800000000000000000e+02 5.048379678635599990e-57
1.273900922127918576e-04 1.800000000000000000e+02 8.812634446782412314e-57
1.991620694241847593e-04 1.800000000000000000e+02 0.000000000000000000e+00
3.113706035400827066e-04 1.800000000000000000e+02 3.185533947495236008e-56
4.867977774544171641e-04 1.800000000000000000e+02 6.557323219998908950e-56
7.610611709658538296e-04 1.800000000000000000e+02 1.399672849494641415e-55
1.189845419962200354e-03 1.800000000000000000e+02 3.054999569034366751e-55
1.860208058714039403e-03 1.800000000000000000e+02 6.760038859491320413e-55
2.908255109150721662e-03 1.800000000000000000e+02 0.000000000000000000e+00
4.546775152532265760e-03 1.800000000000000000e+02 3.188085106353884447e-54
7.108442523710327247e-03 1.800000000000000000e+02 6.586006488316004792e-54
1.111336132044076462e-02 1.800000000000000000e+02 0.000000000000000000e+00
1.737466391923549874e-02 1.800000000000000000e+02 0.000000000000000000e+00
2.716360402600592402e-02 1.800000000000000000e+02 4.050437151531578565e-53
4.246766366886432775e-02 1.800000000000000000e+02 6.578075549952266716e-53
6.639407847961335818e-02 1.800000000000000000e+02 1.045395774464989478e-52
1.038007103835326822e-01 1.800000000000000000e+02 1.955512360427991496e-52
1.622823559398361148e-01 1.800000000000000000e+02 1.418817837632801634e-51
2.537127438923734712e-01 1.800000000000000000e+02 6.209371476558168429e-52
3.966552989732381462e-01 1.800000000000000000e+02 0.000000000000000000e+00
