# atom 16: Tchi 0.4520353656360243 [GeV]; m_chi = 0.06666666666666667 [GeV]; mS = 0.2 [GeV]; gchi =0.01; gN = 0.01
# Tchi^prime [GeV], theta [degree] ,dsigma/dTchip dtheta [cm^2/GeV]
9.999999999999999547e-08 0.000000000000000000e+00 0.000000000000000000e+00
1.567058383000412467e-07 0.000000000000000000e+00 0.000000000000000000e+00
2.455671975731871866e-07 0.000000000000000000e+00 0.000000000000000000e+00
3.848181355469815166e-07 0.000000000000000000e+00 0.000000000000000000e+00
6.030324852394863719e-07 0.000000000000000000e+00 0.000000000000000000e+00
9.449871112161095467e-07 0.000000000000000000e+00 0.000000000000000000e+00
1.480849974458550485e-06 0.000000000000000000e+00 0.000000000000000000e+00
2.320578366441218132e-06 0.000000000000000000e+00 0.000000000000000000e+00
3.636481782541113467e-06 0.000000000000000000e+00 0.000000000000000000e+00
5.698579261959346132e-06 0.000000000000000000e+00 0.000000000000000000e+00
8.930006403645696271e-06 0.000000000000000000e+00 0.000000000000000000e+00
1.399384139508035302e-05 0.000000000000000000e+00 0.000000000000000000e+00
2.192916646853889756e-05 0.000000000000000000e+00 0.000000000000000000e+00
3.436428414673535470e-05 0.000000000000000000e+00 0.000000000000000000e+00
5.385083954794991939e-05 0.000000000000000000e+00 0.000000000000000000e+00
8.438740954522506142e-05 0.000000000000000000e+00 0.000000000000000000e+00
1.322399975475340838e-04 0.000000000000000000e+00 0.000000000000000000e+00
2.072277967248174811e-04 0.000000000000000000e+00 0.000000000000000000e+00
3.247380560483306157e-04 0.000000000000000000e+00 0.000000000000000000e+00
5.088834930097947858e-04 0.000000000000000000e+00 0.000000000000000000e+00
7.974501436915305743e-04 0.000000000000000000e+00 0.000000000000000000e+00
1.249650932696697806e-03 0.000000000000000000e+00 0.000000000000000000e+00
1.958275969906644355e-03 0.000000000000000000e+00 0.000000000000000000e+00
3.068732774870470102e-03 0.000000000000000000e+00 0.000000000000000000e+00
4.808883420048897482e-03 0.000000000000000000e+00 0.000000000000000000e+00
7.535801076259317395e-03 0.000000000000000000e+00 0.000000000000000000e+00
1.180904024917569378e-02 0.000000000000000000e+00 0.000000000000000000e+00
1.850545551766008545e-02 0.000000000000000000e+00 0.000000000000000000e+00
2.899912920019047380e-02 0.000000000000000000e+00 0.000000000000000000e+00
4.544332851287052888e-02 0.000000000000000000e+00 0.000000000000000000e+00
7.121234889753541575e-02 0.000000000000000000e+00 0.000000000000000000e+00
1.115939083130332854e-01 0.000000000000000000e+00 0.000000000000000000e+00
1.748741695137182028e-01 0.000000000000000000e+00 0.000000000000000000e+00
2.740380333067072849e-01 0.000000000000000000e+00 0.000000000000000000e+00
4.294335973542230955e-01 0.000000000000000000e+00 0.000000000000000000e+00
9.999999999999999547e-08 6.206896551724137900e+00 1.057998986783439205e-40
1.567058383000412467e-07 6.206896551724137900e+00 1.321905327433402779e-40
2.455671975731871866e-07 6.206896551724137900e+00 1.656592213923238977e-40
3.848181355469815166e-07 6.206896551724137900e+00 2.075608704568921077e-40
6.030324852394863719e-07 6.206896551724137900e+00 2.603964926996322715e-40
9.449871112161095467e-07 6.206896551724137900e+00 3.246714777880909998e-40
1.480849974458550485e-06 6.206896551724137900e+00 4.068986164154332688e-40
2.320578366441218132e-06 6.206896551724137900e+00 5.122389631675043008e-40
3.636481782541113467e-06 6.206896551724137900e+00 6.397837667301034949e-40
5.698579261959346132e-06 6.206896551724137900e+00 8.018444269130327091e-40
8.930006403645696271e-06 6.206896551724137900e+00 1.006333950051772513e-39
1.399384139508035302e-05 6.206896551724137900e+00 1.261790813326699563e-39
2.192916646853889756e-05 6.206896551724137900e+00 1.580157409543921286e-39
3.436428414673535470e-05 6.206896551724137900e+00 1.987467822816044056e-39
5.385083954794991939e-05 6.206896551724137900e+00 2.495896942984375436e-39
8.438740954522506142e-05 6.206896551724137900e+00 3.140871567072586263e-39
1.322399975475340838e-04 6.206896551724137900e+00 3.951850170131149594e-39
2.072277967248174811e-04 6.206896551724137900e+00 4.976830370891138144e-39
3.247380560483306157e-04 6.206896551724137900e+00 6.313272948048887173e-39
5.088834930097947858e-04 6.206896551724137900e+00 7.985849980845191548e-39
7.974501436915305743e-04 6.206896551724137900e+00 1.012713176638711878e-38
1.249650932696697806e-03 6.206896551724137900e+00 1.297569880138178737e-38
1.958275969906644355e-03 6.206896551724137900e+00 1.659675372196392811e-38
3.068732774870470102e-03 6.206896551724137900e+00 2.152422469883017190e-38
4.808883420048897482e-03 6.206896551724137900e+00 2.809484540783163283e-38
7.535801076259317395e-03 6.206896551724137900e+00 3.712862206557379986e-38
1.180904024917569378e-02 6.206896551724137900e+00 4.999443628406075925e-38
1.850545551766008545e-02 6.206896551724137900e+00 6.917141646537804943e-38
2.899912920019047380e-02 6.206896551724137900e+00 9.876979565053231698e-38
4.544332851287052888e-02 6.206896551724137900e+00 1.476053416776652722e-37
7.121234889753541575e-02 6.206896551724137900e+00 2.353166953868371266e-37
1.115939083130332854e-01 6.206896551724137900e+00 4.197885681631685871e-37
1.748741695137182028e-01 6.206896551724137900e+00 0.000000000000000000e+00
2.740380333067072849e-01 6.206896551724137900e+00 0.000000000000000000e+00
4.294335973542230955e-01 6.206896551724137900e+00 0.000000000000000000e+00
9.999999999999999547e-08 1.241379310344827580e+01 2.097722706349890278e-40
1.567058383000412467e-07 1.241379310344827580e+01 2.633881899769904719e-40
2.455671975731871866e-07 1.241379310344827580e+01 3.293036617031114269e-40
3.848181355469815166e-07 1.241379310344827580e+01 4.127409583961748938e-40
6.030324852394863719e-07 1.241379310344827580e+01 5.184579083024187455e-40
9.449871112161095467e-07 1.241379310344827580e+01 6.465705876749036783e-40
1.480849974458550485e-06 1.241379310344827580e+01 8.106403375701761022e-40
2.320578366441218132e-06 1.241379310344827580e+01 1.013805389089653050e-39
3.636481782541113467e-06 1.241379310344827580e+01 1.272788840399442581e-39
5.698579261959346132e-06 1.241379310344827580e+01 1.595387505294036441e-39
8.930006403645696271e-06 1.241379310344827580e+01 1.997256549139850552e-39
1.399384139508035302e-05 1.241379310344827580e+01 2.508651957394277128e-39
2.192916646853889756e-05 1.241379310344827580e+01 3.145706565022486613e-39
3.436428414673535470e-05 1.241379310344827580e+01 3.953797077732163685e-39
5.385083954794991939e-05 1.241379310344827580e+01 4.969600392234191683e-39
8.438740954522506142e-05 1.241379310344827580e+01 6.231487065077736395e-39
1.322399975475340838e-04 1.241379310344827580e+01 7.860659768386579635e-39
2.072277967248174811e-04 1.241379310344827580e+01 9.910311501223554418e-39
3.247380560483306157e-04 1.241379310344827580e+01 1.251501721246021377e-38
5.088834930097947858e-04 1.241379310344827580e+01 1.583858132995361076e-38
7.974501436915305743e-04 1.241379310344827580e+01 2.017198853455657553e-38
1.249650932696697806e-03 1.241379310344827580e+01 2.570912439823393132e-38
1.958275969906644355e-03 1.241379310344827580e+01 3.302367984912763893e-38
3.068732774870470102e-03 1.241379310344827580e+01 4.264541968876590808e-38
4.808883420048897482e-03 1.241379310344827580e+01 5.580081968783263144e-38
7.535801076259317395e-03 1.241379310344827580e+01 7.349890752590844269e-38
1.180904024917569378e-02 1.241379310344827580e+01 9.902701506623971185e-38
1.850545551766008545e-02 1.241379310344827580e+01 1.365522497529776513e-37
2.899912920019047380e-02 1.241379310344827580e+01 1.948647479606777856e-37
4.544332851287052888e-02 1.241379310344827580e+01 2.901963249873436183e-37
7.121234889753541575e-02 1.241379310344827580e+01 4.654192685641041362e-37
1.115939083130332854e-01 1.241379310344827580e+01 8.299409727900621796e-37
1.748741695137182028e-01 1.241379310344827580e+01 0.000000000000000000e+00
2.740380333067072849e-01 1.241379310344827580e+01 0.000000000000000000e+00
4.294335973542230955e-01 1.241379310344827580e+01 0.000000000000000000e+00
9.999999999999999547e-08 1.862068965517241281e+01 3.126619079641969790e-40
1.567058383000412467e-07 1.862068965517241281e+01 3.908691217732485423e-40
2.455671975731871866e-07 1.862068965517241281e+01 4.895273710124286584e-40
3.848181355469815166e-07 1.862068965517241281e+01 6.130997332964833763e-40
6.030324852394863719e-07 1.862068965517241281e+01 7.667154234140604137e-40
9.449871112161095467e-07 1.862068965517241281e+01 9.638944700495816893e-40
1.480849974458550485e-06 1.862068965517241281e+01 1.202779276877680391e-39
2.320578366441218132e-06 1.862068965517241281e+01 1.509655883488240553e-39
3.636481782541113467e-06 1.862068965517241281e+01 1.886483274499968627e-39
5.698579261959346132e-06 1.862068965517241281e+01 2.368512547067118952e-39
8.930006403645696271e-06 1.862068965517241281e+01 2.970748331309119581e-39
1.399384139508035302e-05 1.862068965517241281e+01 3.725274818393098254e-39
2.192916646853889756e-05 1.862068965517241281e+01 4.680006695158121860e-39
3.436428414673535470e-05 1.862068965517241281e+01 5.859496134481656359e-39
5.385083954794991939e-05 1.862068965517241281e+01 7.369153916383372788e-39
8.438740954522506142e-05 1.862068965517241281e+01 9.267061553163372111e-39
1.322399975475340838e-04 1.862068965517241281e+01 1.165676273022817869e-38
2.072277967248174811e-04 1.862068965517241281e+01 1.466951173737202604e-38
3.247380560483306157e-04 1.862068965517241281e+01 1.858286553083858226e-38
5.088834930097947858e-04 1.862068965517241281e+01 2.351176215827602807e-38
7.974501436915305743e-04 1.862068965517241281e+01 2.987539120018048445e-38
1.249650932696697806e-03 1.862068965517241281e+01 3.813428182905736498e-38
1.958275969906644355e-03 1.862068965517241281e+01 4.890920692084285913e-38
3.068732774870470102e-03 1.862068965517241281e+01 6.321475673715143501e-38
4.808883420048897482e-03 1.862068965517241281e+01 8.237784829596081368e-38
7.535801076259317395e-03 1.862068965517241281e+01 1.086025137105319898e-37
1.180904024917569378e-02 1.862068965517241281e+01 1.458548345009149846e-37
1.850545551766008545e-02 1.862068965517241281e+01 2.008195831647895826e-37
2.899912920019047380e-02 1.862068965517241281e+01 2.858083712879086015e-37
4.544332851287052888e-02 1.862068965517241281e+01 4.250952505748428441e-37
7.121234889753541575e-02 1.862068965517241281e+01 6.790997791827174619e-37
1.115939083130332854e-01 1.862068965517241281e+01 1.209577162441123338e-36
1.748741695137182028e-01 1.862068965517241281e+01 0.000000000000000000e+00
2.740380333067072849e-01 1.862068965517241281e+01 0.000000000000000000e+00
4.294335973542230955e-01 1.862068965517241281e+01 0.000000000000000000e+00
9.999999999999999547e-08 2.482758620689655160e+01 4.099970612250484838e-40
1.567058383000412467e-07 2.482758620689655160e+01 5.150030925602738199e-40
2.455671975731871866e-07 2.482758620689655160e+01 6.451291369379810679e-40
3.848181355469815166e-07 2.482758620689655160e+01 8.069686620044914301e-40
6.030324852394863719e-07 2.482758620689655160e+01 1.009101676385740804e-39
9.449871112161095467e-07 2.482758620689655160e+01 1.264627774766179678e-39
1.480849974458550485e-06 2.482758620689655160e+01 1.586552995842020485e-39
2.320578366441218132e-06 2.482758620689655160e+01 1.982158990386225930e-39
3.636481782541113467e-06 2.482758620689655160e+01 2.486639185665455727e-39
5.698579261959346132e-06 2.482758620689655160e+01 3.115795292007537309e-39
8.930006403645696271e-06 2.482758620689655160e+01 3.905635165639992026e-39
1.399384139508035302e-05 2.482758620689655160e+01 4.895960241458870788e-39
2.192916646853889756e-05 2.482758620689655160e+01 6.126198436350419023e-39
3.436428414673535470e-05 2.482758620689655160e+01 7.706012322485220275e-39
5.385083954794991939e-05 2.482758620689655160e+01 9.673186451750667820e-39
8.438740954522506142e-05 2.482758620689655160e+01 1.217212297715857257e-38
1.322399975475340838e-04 2.482758620689655160e+01 1.532013964335973844e-38
2.072277967248174811e-04 2.482758620689655160e+01 1.935162654270656748e-38
3.247380560483306157e-04 2.482758620689655160e+01 2.434252754347027765e-38
5.088834930097947858e-04 2.482758620689655160e+01 3.092735427670242258e-38
7.974501436915305743e-04 2.482758620689655160e+01 3.923971972265228771e-38
1.249650932696697806e-03 2.482758620689655160e+01 4.985043487878925106e-38
1.958275969906644355e-03 2.482758620689655160e+01 6.388565616458467091e-38
3.068732774870470102e-03 2.482758620689655160e+01 8.261444787058485668e-38
4.808883420048897482e-03 2.482758620689655160e+01 1.074935487163802838e-37
7.535801076259317395e-03 2.482758620689655160e+01 1.412840084049691911e-37
1.180904024917569378e-02 2.482758620689655160e+01 1.894394746895417428e-37
1.850545551766008545e-02 2.482758620689655160e+01 2.599379008101162342e-37
2.899912920019047380e-02 2.482758620689655160e+01 3.679437257626032865e-37
4.544332851287052888e-02 2.482758620689655160e+01 5.467316641094081876e-37
7.121234889753541575e-02 2.482758620689655160e+01 8.699810411644970591e-37
1.115939083130332854e-01 2.482758620689655160e+01 1.534690424226473369e-36
1.748741695137182028e-01 2.482758620689655160e+01 0.000000000000000000e+00
2.740380333067072849e-01 2.482758620689655160e+01 0.000000000000000000e+00
4.294335973542230955e-01 2.482758620689655160e+01 0.000000000000000000e+00
9.999999999999999547e-08 3.103448275862069039e+01 5.043509461633452030e-40
1.567058383000412467e-07 3.103448275862069039e+01 6.300580153279748921e-40
2.455671975731871866e-07 3.103448275862069039e+01 7.928401381178626842e-40
3.848181355469815166e-07 3.103448275862069039e+01 9.881025346738926068e-40
6.030324852394863719e-07 3.103448275862069039e+01 1.239651419707066095e-39
9.449871112161095467e-07 3.103448275862069039e+01 1.556479874716582156e-39
1.480849974458550485e-06 3.103448275862069039e+01 1.942990284578819956e-39
2.320578366441218132e-06 3.103448275862069039e+01 2.437005197821765831e-39
3.636481782541113467e-06 3.103448275862069039e+01 3.054998924223431978e-39
5.698579261959346132e-06 3.103448275862069039e+01 3.817691867276894749e-39
8.930006403645696271e-06 3.103448275862069039e+01 4.787614691965201269e-39
1.399384139508035302e-05 3.103448275862069039e+01 6.013624414734817186e-39
2.192916646853889756e-05 3.103448275862069039e+01 7.539124799706669185e-39
3.436428414673535470e-05 3.103448275862069039e+01 9.471382323891954408e-39
5.385083954794991939e-05 3.103448275862069039e+01 1.186966996683680073e-38
8.438740954522506142e-05 3.103448275862069039e+01 1.491518593638914125e-38
1.322399975475340838e-04 3.103448275862069039e+01 1.876618121966349133e-38
2.072277967248174811e-04 3.103448275862069039e+01 2.365098638585755780e-38
3.247380560483306157e-04 3.103448275862069039e+01 2.989673389119389360e-38
5.088834930097947858e-04 3.103448275862069039e+01 3.773564417059301729e-38
7.974501436915305743e-04 3.103448275862069039e+01 4.791745277007322809e-38
1.249650932696697806e-03 3.103448275862069039e+01 6.100772253938055362e-38
1.958275969906644355e-03 3.103448275862069039e+01 7.805740052365575079e-38
3.068732774870470102e-03 3.103448275862069039e+01 1.004668324878846806e-37
4.808883420048897482e-03 3.103448275862069039e+01 1.308930420244199114e-37
7.535801076259317395e-03 3.103448275862069039e+01 1.717262184809657304e-37
1.180904024917569378e-02 3.103448275862069039e+01 2.292145689503603740e-37
1.850545551766008545e-02 3.103448275862069039e+01 3.132425749389273344e-37
2.899912920019047380e-02 3.103448275862069039e+01 4.412031440841108884e-37
4.544332851287052888e-02 3.103448275862069039e+01 6.492325294232188436e-37
7.121234889753541575e-02 3.103448275862069039e+01 1.022028764327302815e-36
1.115939083130332854e-01 3.103448275862069039e+01 1.782827578144859139e-36
1.748741695137182028e-01 3.103448275862069039e+01 0.000000000000000000e+00
2.740380333067072849e-01 3.103448275862069039e+01 0.000000000000000000e+00
4.294335973542230955e-01 3.103448275862069039e+01 0.000000000000000000e+00
9.999999999999999547e-08 3.724137931034482563e+01 5.906248438899169835e-40
1.567058383000412467e-07 3.724137931034482563e+01 7.406735762702108762e-40
2.455671975731871866e-07 3.724137931034482563e+01 9.312272166535836891e-40
3.848181355469815166e-07 3.724137931034482563e+01 1.160011491057810337e-39
6.030324852394863719e-07 3.724137931034482563e+01 1.452005931060119752e-39
9.449871112161095467e-07 3.724137931034482563e+01 1.821882141924877675e-39
1.480849974458550485e-06 3.724137931034482563e+01 2.284833499693980923e-39
2.320578366441218132e-06 3.724137931034482563e+01 2.861068436261438789e-39
3.636481782541113467e-06 3.724137931034482563e+01 3.583077807848491257e-39
5.698579261959346132e-06 3.724137931034482563e+01 4.480042108489498412e-39
8.930006403645696271e-06 3.724137931034482563e+01 5.632259634952127257e-39
1.399384139508035302e-05 3.724137931034482563e+01 7.047056001413976529e-39
2.192916646853889756e-05 3.724137931034482563e+01 8.840008191067843107e-39
3.436428414673535470e-05 3.724137931034482563e+01 1.109885447784133295e-38
5.385083954794991939e-05 3.724137931034482563e+01 1.391701048233112619e-38
8.438740954522506142e-05 3.724137931034482563e+01 1.748810781101561594e-38
1.322399975475340838e-04 3.724137931034482563e+01 2.205099826945490118e-38
2.072277967248174811e-04 3.724137931034482563e+01 2.771254332417845568e-38
3.247380560483306157e-04 3.724137931034482563e+01 3.493948016048216715e-38
5.088834930097947858e-04 3.724137931034482563e+01 4.422365499884651009e-38
7.974501436915305743e-04 3.724137931034482563e+01 5.602515615296467975e-38
1.249650932696697806e-03 3.724137931034482563e+01 7.118769533634511442e-38
1.958275969906644355e-03 3.724137931034482563e+01 9.127672888740641257e-38
3.068732774870470102e-03 3.724137931034482563e+01 1.170698072998595521e-37
4.808883420048897482e-03 3.724137931034482563e+01 1.512812696762822619e-37
7.535801076259317395e-03 3.724137931034482563e+01 1.987920161559794060e-37
1.180904024917569378e-02 3.724137931034482563e+01 2.636988989790200821e-37
1.850545551766008545e-02 3.724137931034482563e+01 3.595796113858606054e-37
2.899912920019047380e-02 3.724137931034482563e+01 5.022688854234475046e-37
4.544332851287052888e-02 3.724137931034482563e+01 7.334974917041362054e-37
7.121234889753541575e-02 3.724137931034482563e+01 1.140883504407103424e-36
1.115939083130332854e-01 3.724137931034482563e+01 1.946235545995506872e-36
1.748741695137182028e-01 3.724137931034482563e+01 3.918500188986779569e-36
2.740380333067072849e-01 3.724137931034482563e+01 0.000000000000000000e+00
4.294335973542230955e-01 3.724137931034482563e+01 0.000000000000000000e+00
9.999999999999999547e-08 4.344827586206896797e+01 6.724234724695715148e-40
1.567058383000412467e-07 4.344827586206896797e+01 8.405457939300466167e-40
2.455671975731871866e-07 4.344827586206896797e+01 1.053070279034875480e-39
3.848181355469815166e-07 4.344827586206896797e+01 1.321193124440448841e-39
6.030324852394863719e-07 4.344827586206896797e+01 1.654570412941823253e-39
9.449871112161095467e-07 4.344827586206896797e+01 2.075524932753139096e-39
1.480849974458550485e-06 4.344827586206896797e+01 2.588894324096356097e-39
2.320578366441218132e-06 4.344827586206896797e+01 3.250072693373421671e-39
3.636481782541113467e-06 4.344827586206896797e+01 4.058134311460386837e-39
5.698579261959346132e-06 4.344827586206896797e+01 5.102472266102208111e-39
8.930006403645696271e-06 4.344827586206896797e+01 6.378504303227101197e-39
1.399384139508035302e-05 4.344827586206896797e+01 7.994231117572391985e-39
2.192916646853889756e-05 4.344827586206896797e+01 1.003840058536979806e-38
3.436428414673535470e-05 4.344827586206896797e+01 1.260016225868336027e-38
5.385083954794991939e-05 4.344827586206896797e+01 1.580295953603771363e-38
8.438740954522506142e-05 4.344827586206896797e+01 1.984048662192619216e-38
1.322399975475340838e-04 4.344827586206896797e+01 2.491780357125375224e-38
2.072277967248174811e-04 4.344827586206896797e+01 3.143353909895051878e-38
3.247380560483306157e-04 4.344827586206896797e+01 3.969565523158254047e-38
5.088834930097947858e-04 4.344827586206896797e+01 4.997263498496814689e-38
7.974501436915305743e-04 4.344827586206896797e+01 6.332969854800130748e-38
1.249650932696697806e-03 4.344827586206896797e+01 8.037502978477346382e-38
1.958275969906644355e-03 4.344827586206896797e+01 1.026305296974615246e-37
3.068732774870470102e-03 4.344827586206896797e+01 1.314319176318216175e-37
4.808883420048897482e-03 4.344827586206896797e+01 1.702722680798102500e-37
7.535801076259317395e-03 4.344827586206896797e+01 2.221523496091343637e-37
1.180904024917569378e-02 4.344827586206896797e+01 2.946485771683308180e-37
1.850545551766008545e-02 4.344827586206896797e+01 3.968171156165991170e-37
2.899912920019047380e-02 4.344827586206896797e+01 5.515829588637544312e-37
4.544332851287052888e-02 4.344827586206896797e+01 7.960375842664232673e-37
7.121234889753541575e-02 4.344827586206896797e+01 1.219740539242691967e-36
1.115939083130332854e-01 4.344827586206896797e+01 2.037175444279075360e-36
1.748741695137182028e-01 4.344827586206896797e+01 4.018160333012275896e-36
2.740380333067072849e-01 4.344827586206896797e+01 2.261930792074049703e-35
4.294335973542230955e-01 4.344827586206896797e+01 0.000000000000000000e+00
9.999999999999999547e-08 4.965517241379310320e+01 7.462598148154858192e-40
1.567058383000412467e-07 4.965517241379310320e+01 9.333768970694595589e-40
2.455671975731871866e-07 4.965517241379310320e+01 1.168373165043719275e-39
3.848181355469815166e-07 4.965517241379310320e+01 1.461599769271310763e-39
6.030324852394863719e-07 4.965517241379310320e+01 1.830209711269251265e-39
9.449871112161095467e-07 4.965517241379310320e+01 2.292964048058217173e-39
1.480849974458550485e-06 4.965517241379310320e+01 2.872121398111734199e-39
2.320578366441218132e-06 4.965517241379310320e+01 3.598963218069120676e-39
3.636481782541113467e-06 4.965517241379310320e+01 4.500534351203425655e-39
5.698579261959346132e-06 4.965517241379310320e+01 5.642738011201063610e-39
8.930006403645696271e-06 4.965517241379310320e+01 7.073159361984049960e-39
1.399384139508035302e-05 4.965517241379310320e+01 8.858734215220442824e-39
2.192916646853889756e-05 4.965517241379310320e+01 1.112215586258262334e-38
3.436428414673535470e-05 4.965517241379310320e+01 1.395270710640612133e-38
5.385083954794991939e-05 4.965517241379310320e+01 1.751358488369883150e-38
8.438740954522506142e-05 4.965517241379310320e+01 2.199860351867705815e-38
1.322399975475340838e-04 4.965517241379310320e+01 2.754828670468730857e-38
2.072277967248174811e-04 4.965517241379310320e+01 3.477534066982648965e-38
3.247380560483306157e-04 4.965517241379310320e+01 4.375081612235842708e-38
5.088834930097947858e-04 4.965517241379310320e+01 5.514003451994989719e-38
7.974501436915305743e-04 4.965517241379310320e+01 6.975888982933613401e-38
1.249650932696697806e-03 4.965517241379310320e+01 8.849613548851282286e-38
1.958275969906644355e-03 4.965517241379310320e+01 1.128198653291993056e-37
3.068732774870470102e-03 4.965517241379310320e+01 1.442456625935420079e-37
4.808883420048897482e-03 4.965517241379310320e+01 1.855111484349286938e-37
7.535801076259317395e-03 4.965517241379310320e+01 2.416112873943729129e-37
1.180904024917569378e-02 4.965517241379310320e+01 3.181317816311220082e-37
1.850545551766008545e-02 4.965517241379310320e+01 4.267246724399224056e-37
2.899912920019047380e-02 4.965517241379310320e+01 5.882947469460525994e-37
4.544332851287052888e-02 4.965517241379310320e+01 8.405658829685999708e-37
7.121234889753541575e-02 4.965517241379310320e+01 1.263763470027329846e-36
1.115939083130332854e-01 4.965517241379310320e+01 2.082610648588830270e-36
1.748741695137182028e-01 4.965517241379310320e+01 4.053116706749742889e-36
2.740380333067072849e-01 4.965517241379310320e+01 3.370385749817395467e-35
4.294335973542230955e-01 4.965517241379310320e+01 0.000000000000000000e+00
9.999999999999999547e-08 5.586206896551724554e+01 8.090620342497958910e-40
1.567058383000412467e-07 5.586206896551724554e+01 1.014371782673274713e-39
2.455671975731871866e-07 5.586206896551724554e+01 1.267190695154091082e-39
3.848181355469815166e-07 5.586206896551724554e+01 1.590120920202011819e-39
6.030324852394863719e-07 5.586206896551724554e+01 1.987340903891500169e-39
9.449871112161095467e-07 5.586206896551724554e+01 2.491087461403708961e-39
1.480849974458550485e-06 5.586206896551724554e+01 3.117260666757555275e-39
2.320578366441218132e-06 5.586206896551724554e+01 3.906505682668052825e-39
3.636481782541113467e-06 5.586206896551724554e+01 4.890806948854711678e-39
5.698579261959346132e-06 5.586206896551724554e+01 6.125788110374853245e-39
8.930006403645696271e-06 5.586206896551724554e+01 7.681713857476561111e-39
1.399384139508035302e-05 5.586206896551724554e+01 9.623260833352205164e-39
2.192916646853889756e-05 5.586206896551724554e+01 1.206832743438346433e-38
3.436428414673535470e-05 5.586206896551724554e+01 1.512243825446716876e-38
5.385083954794991939e-05 5.586206896551724554e+01 1.894519113062690811e-38
8.438740954522506142e-05 5.586206896551724554e+01 2.382101410871462718e-38
1.322399975475340838e-04 5.586206896551724554e+01 2.985831650794612845e-38
2.072277967248174811e-04 5.586206896551724554e+01 3.763734488133238835e-38
3.247380560483306157e-04 5.586206896551724554e+01 4.737850349499882114e-38
5.088834930097947858e-04 5.586206896551724554e+01 5.965459910991437357e-38
7.974501436915305743e-04 5.586206896551724554e+01 7.523277263835753570e-38
1.249650932696697806e-03 5.586206896551724554e+01 9.543879504717816452e-38
1.958275969906644355e-03 5.586206896551724554e+01 1.210314545346673257e-37
3.068732774870470102e-03 5.586206896551724554e+01 1.549434607911681568e-37
4.808883420048897482e-03 5.586206896551724554e+01 1.986043330945049698e-37
7.535801076259317395e-03 5.586206896551724554e+01 2.576906097965373237e-37
1.180904024917569378e-02 5.586206896551724554e+01 3.374013107044775532e-37
1.850545551766008545e-02 5.586206896551724554e+01 4.492227441737040376e-37
2.899912920019047380e-02 5.586206896551724554e+01 6.140576728964081988e-37
4.544332851287052888e-02 5.586206896551724554e+01 8.624373654294368245e-37
7.121234889753541575e-02 5.586206896551724554e+01 1.282366689986589363e-36
1.115939083130332854e-01 5.586206896551724554e+01 2.078146777823576488e-36
1.748741695137182028e-01 5.586206896551724554e+01 4.053692682392110384e-36
2.740380333067072849e-01 5.586206896551724554e+01 4.420458777461654010e-35
4.294335973542230955e-01 5.586206896551724554e+01 0.000000000000000000e+00
9.999999999999999547e-08 6.206896551724138078e+01 8.644597966814760802e-40
1.567058383000412467e-07 6.206896551724138078e+01 1.079147331188496215e-39
2.455671975731871866e-07 6.206896551724138078e+01 1.352927123130990468e-39
3.848181355469815166e-07 6.206896551724138078e+01 1.697750912473130852e-39
6.030324852394863719e-07 6.206896551724138078e+01 2.121047042661940470e-39
9.449871112161095467e-07 6.206896551724138078e+01 2.656469219813950258e-39
1.480849974458550485e-06 6.206896551724138078e+01 3.326021179464112710e-39
2.320578366441218132e-06 6.206896551724138078e+01 4.172748814181507042e-39
3.636481782541113467e-06 6.206896551724138078e+01 5.207050395011066119e-39
5.698579261959346132e-06 6.206896551724138078e+01 6.535828849269447544e-39
8.930006403645696271e-06 6.206896551724138078e+01 8.176470288992951638e-39
1.399384139508035302e-05 6.206896551724138078e+01 1.025190601592437052e-38
2.192916646853889756e-05 6.206896551724138078e+01 1.287367502536156433e-38
3.436428414673535470e-05 6.206896551724138078e+01 1.611231844936401118e-38
5.385083954794991939e-05 6.206896551724138078e+01 2.023104992316239124e-38
8.438740954522506142e-05 6.206896551724138078e+01 2.532263083461977847e-38
1.322399975475340838e-04 6.206896551724138078e+01 3.178613440954804760e-38
2.072277967248174811e-04 6.206896551724138078e+01 3.994555016524349113e-38
3.247380560483306157e-04 6.206896551724138078e+01 5.025561677170797989e-38
5.088834930097947858e-04 6.206896551724138078e+01 6.325475235017026327e-38
7.974501436915305743e-04 6.206896551724138078e+01 7.987934999208590769e-38
1.249650932696697806e-03 6.206896551724138078e+01 1.004969659953513136e-37
1.958275969906644355e-03 6.206896551724138078e+01 1.280431978761025285e-37
3.068732774870470102e-03 6.206896551724138078e+01 1.628176999576684808e-37
4.808883420048897482e-03 6.206896551724138078e+01 2.088485879408059241e-37
7.535801076259317395e-03 6.206896551724138078e+01 2.687427723996830135e-37
1.180904024917569378e-02 6.206896551724138078e+01 3.511546615307395433e-37
1.850545551766008545e-02 6.206896551724138078e+01 4.637241971020847946e-37
2.899912920019047380e-02 6.206896551724138078e+01 6.257968037886513184e-37
4.544332851287052888e-02 6.206896551724138078e+01 8.715673331475679341e-37
7.121234889753541575e-02 6.206896551724138078e+01 1.277800047468991984e-36
1.115939083130332854e-01 6.206896551724138078e+01 2.040680552107147320e-36
1.748741695137182028e-01 6.206896551724138078e+01 4.179257743645149696e-36
2.740380333067072849e-01 6.206896551724138078e+01 4.856836613090362744e-35
4.294335973542230955e-01 6.206896551724138078e+01 0.000000000000000000e+00
9.999999999999999547e-08 6.827586206896552312e+01 9.074389110607565013e-40
1.567058383000412467e-07 6.827586206896552312e+01 1.136984176567784869e-39
2.455671975731871866e-07 6.827586206896552312e+01 1.423107052412033747e-39
3.848181355469815166e-07 6.827586206896552312e+01 1.784365641372000125e-39
6.030324852394863719e-07 6.827586206896552312e+01 2.232684853439102381e-39
9.449871112161095467e-07 6.827586206896552312e+01 2.793844752186619713e-39
1.480849974458550485e-06 6.827586206896552312e+01 3.494301613930541139e-39
2.320578366441218132e-06 6.827586206896552312e+01 4.377090061602193298e-39
3.636481782541113467e-06 6.827586206896552312e+01 5.480060195326552751e-39
5.698579261959346132e-06 6.827586206896552312e+01 6.854623527820571575e-39
8.930006403645696271e-06 6.827586206896552312e+01 8.611132463577718694e-39
1.399384139508035302e-05 6.827586206896552312e+01 1.075710671325144029e-38
2.192916646853889756e-05 6.827586206896552312e+01 1.350021159468679249e-38
3.436428414673535470e-05 6.827586206896552312e+01 1.689562208047162153e-38
5.385083954794991939e-05 6.827586206896552312e+01 2.123490815074387598e-38
8.438740954522506142e-05 6.827586206896552312e+01 2.657700222587529741e-38
1.322399975475340838e-04 6.827586206896552312e+01 3.338302891397078990e-38
2.072277967248174811e-04 6.827586206896552312e+01 4.199729124397518405e-38
3.247380560483306157e-04 6.827586206896552312e+01 5.257594522145874749e-38
5.088834930097947858e-04 6.827586206896552312e+01 6.623885183755352933e-38
7.974501436915305743e-04 6.827586206896552312e+01 8.324858252154518369e-38
1.249650932696697806e-03 6.827586206896552312e+01 1.052090088304751787e-37
1.958275969906644355e-03 6.827586206896552312e+01 1.331695520330242531e-37
3.068732774870470102e-03 6.827586206896552312e+01 1.687087246259687327e-37
4.808883420048897482e-03 6.827586206896552312e+01 2.149188218010082840e-37
7.535801076259317395e-03 6.827586206896552312e+01 2.761560760873260685e-37
1.180904024917569378e-02 6.827586206896552312e+01 3.580961025278711601e-37
1.850545551766008545e-02 6.827586206896552312e+01 4.699193177725900034e-37
2.899912920019047380e-02 6.827586206896552312e+01 6.285440366218377443e-37
4.544332851287052888e-02 6.827586206896552312e+01 8.663681960953564196e-37
7.121234889753541575e-02 6.827586206896552312e+01 1.254670817487763754e-36
1.115939083130332854e-01 6.827586206896552312e+01 1.975515312285944734e-36
1.748741695137182028e-01 6.827586206896552312e+01 4.484244159762246658e-36
2.740380333067072849e-01 6.827586206896552312e+01 4.505666207031417674e-35
4.294335973542230955e-01 6.827586206896552312e+01 0.000000000000000000e+00
9.999999999999999547e-08 7.448275862068965125e+01 9.415245738540960854e-40
1.567058383000412467e-07 7.448275862068965125e+01 1.178799718286859718e-39
2.455671975731871866e-07 7.448275862068965125e+01 1.474849950281284577e-39
3.848181355469815166e-07 7.448275862068965125e+01 1.851202606124951456e-39
6.030324852394863719e-07 7.448275862068965125e+01 2.318658191412926530e-39
9.449871112161095467e-07 7.448275862068965125e+01 2.894988237041831417e-39
1.480849974458550485e-06 7.448275862068965125e+01 3.623910985062148928e-39
2.320578366441218132e-06 7.448275862068965125e+01 4.541854138010022597e-39
3.636481782541113467e-06 7.448275862068965125e+01 5.678794057749188292e-39
5.698579261959346132e-06 7.448275862068965125e+01 7.130235139762790328e-39
8.930006403645696271e-06 7.448275862068965125e+01 8.926653445403273565e-39
1.399384139508035302e-05 7.448275862068965125e+01 1.115932576751834733e-38
2.192916646853889756e-05 7.448275862068965125e+01 1.397181707840092981e-38
3.436428414673535470e-05 7.448275862068965125e+01 1.751921090442769345e-38
5.385083954794991939e-05 7.448275862068965125e+01 2.201094833851411866e-38
8.438740954522506142e-05 7.448275862068965125e+01 2.756050858954709042e-38
1.322399975475340838e-04 7.448275862068965125e+01 3.456487243873948897e-38
2.072277967248174811e-04 7.448275862068965125e+01 4.331021821124748500e-38
3.247380560483306157e-04 7.448275862068965125e+01 5.426467732502366206e-38
5.088834930097947858e-04 7.448275862068965125e+01 6.833399248775232407e-38
7.974501436915305743e-04 7.448275862068965125e+01 8.584669759196481122e-38
1.249650932696697806e-03 7.448275862068965125e+01 1.079303228993827831e-37
1.958275969906644355e-03 7.448275862068965125e+01 1.365733855123849373e-37
3.068732774870470102e-03 7.448275862068965125e+01 1.722611812529452728e-37
4.808883420048897482e-03 7.448275862068965125e+01 2.197849138897245442e-37
7.535801076259317395e-03 7.448275862068965125e+01 2.808157237360517118e-37
1.180904024917569378e-02 7.448275862068965125e+01 3.612315352340508282e-37
1.850545551766008545e-02 7.448275862068965125e+01 4.708315149607717808e-37
2.899912920019047380e-02 7.448275862068965125e+01 6.240220987628230026e-37
4.544332851287052888e-02 7.448275862068965125e+01 8.492840110109057004e-37
7.121234889753541575e-02 7.448275862068965125e+01 1.213579620863180764e-36
1.115939083130332854e-01 7.448275862068965125e+01 1.903544002270290943e-36
1.748741695137182028e-01 7.448275862068965125e+01 5.168928012646632882e-36
2.740380333067072849e-01 7.448275862068965125e+01 3.649609720461305810e-35
4.294335973542230955e-01 7.448275862068965125e+01 0.000000000000000000e+00
9.999999999999999547e-08 8.068965517241380780e+01 9.646604424622260374e-40
1.567058383000412467e-07 8.068965517241380780e+01 1.206958938852387428e-39
2.455671975731871866e-07 8.068965517241380780e+01 1.515059251019013455e-39
3.848181355469815166e-07 8.068965517241380780e+01 1.894958205203338669e-39
6.030324852394863719e-07 8.068965517241380780e+01 2.371687401583251462e-39
9.449871112161095467e-07 8.068965517241380780e+01 2.970714659119583001e-39
1.480849974458550485e-06 8.068965517241380780e+01 3.716197084736747324e-39
2.320578366441218132e-06 8.068965517241380780e+01 4.647107068681966778e-39
3.636481782541113467e-06 8.068965517241380780e+01 5.830494300607116251e-39
5.698579261959346132e-06 8.068965517241380780e+01 7.296615066152842644e-39
8.930006403645696271e-06 8.068965517241380780e+01 9.138363371730989163e-39
1.399384139508035302e-05 8.068965517241380780e+01 1.140900899180206569e-38
2.192916646853889756e-05 8.068965517241380780e+01 1.427715770477497913e-38
3.436428414673535470e-05 8.068965517241380780e+01 1.795096343810873914e-38
5.385083954794991939e-05 8.068965517241380780e+01 2.243007553019826440e-38
8.438740954522506142e-05 8.068965517241380780e+01 2.808273880916426638e-38
1.322399975475340838e-04 8.068965517241380780e+01 3.525690097608898116e-38
2.072277967248174811e-04 8.068965517241380780e+01 4.418099582704068161e-38
3.247380560483306157e-04 8.068965517241380780e+01 5.547831023748096343e-38
5.088834930097947858e-04 8.068965517241380780e+01 6.967088733359965988e-38
7.974501436915305743e-04 8.068965517241380780e+01 8.737120189092685369e-38
1.249650932696697806e-03 8.068965517241380780e+01 1.096260591161585768e-37
1.958275969906644355e-03 8.068965517241380780e+01 1.383258444948363428e-37
3.068732774870470102e-03 8.068965517241380780e+01 1.744174670481471460e-37
4.808883420048897482e-03 8.068965517241380780e+01 2.209587851608261553e-37
7.535801076259317395e-03 8.068965517241380780e+01 2.800987087835382443e-37
1.180904024917569378e-02 8.068965517241380780e+01 3.593790623273745580e-37
1.850545551766008545e-02 8.068965517241380780e+01 4.642122829138009056e-37
2.899912920019047380e-02 8.068965517241380780e+01 6.109092211342591287e-37
4.544332851287052888e-02 8.068965517241380780e+01 8.249583797244091754e-37
7.121234889753541575e-02 8.068965517241380780e+01 1.168224018814176369e-36
1.115939083130332854e-01 8.068965517241380780e+01 1.834374029215966380e-36
1.748741695137182028e-01 8.068965517241380780e+01 6.198740097561159476e-36
2.740380333067072849e-01 8.068965517241380780e+01 2.731217003991154150e-35
4.294335973542230955e-01 8.068965517241380780e+01 0.000000000000000000e+00
9.999999999999999547e-08 8.689655172413793593e+01 9.761515453886051784e-40
1.567058383000412467e-07 8.689655172413793593e+01 1.219433435362368607e-39
2.455671975731871866e-07 8.689655172413793593e+01 1.529540468861815709e-39
3.848181355469815166e-07 8.689655172413793593e+01 1.915574251458025188e-39
6.030324852394863719e-07 8.689655172413793593e+01 2.398841698426687885e-39
9.449871112161095467e-07 8.689655172413793593e+01 3.003124780636263850e-39
1.480849974458550485e-06 8.689655172413793593e+01 3.758315200868733191e-39
2.320578366441218132e-06 8.689655172413793593e+01 4.699532231667315261e-39
3.636481782541113467e-06 8.689655172413793593e+01 5.881768572001295434e-39
5.698579261959346132e-06 8.689655172413793593e+01 7.353196875934740242e-39
8.930006403645696271e-06 8.689655172413793593e+01 9.236794341724634770e-39
1.399384139508035302e-05 8.689655172413793593e+01 1.158450804655284645e-38
2.192916646853889756e-05 8.689655172413793593e+01 1.443827881368970721e-38
3.436428414673535470e-05 8.689655172413793593e+01 1.813071428957370832e-38
5.385083954794991939e-05 8.689655172413793593e+01 2.274017966797508317e-38
8.438740954522506142e-05 8.689655172413793593e+01 2.835965958581484860e-38
1.322399975475340838e-04 8.689655172413793593e+01 3.555239754987689626e-38
2.072277967248174811e-04 8.689655172413793593e+01 4.454176038569176257e-38
3.247380560483306157e-04 8.689655172413793593e+01 5.567975353159647680e-38
5.088834930097947858e-04 8.689655172413793593e+01 6.994579025659122214e-38
7.974501436915305743e-04 8.689655172413793593e+01 8.767855264797098603e-38
1.249650932696697806e-03 8.689655172413793593e+01 1.099995706624623869e-37
1.958275969906644355e-03 8.689655172413793593e+01 1.381831500506545644e-37
3.068732774870470102e-03 8.689655172413793593e+01 1.735406946374497260e-37
4.808883420048897482e-03 8.689655172413793593e+01 2.201991724908049663e-37
7.535801076259317395e-03 8.689655172413793593e+01 2.778020994749743998e-37
1.180904024917569378e-02 8.689655172413793593e+01 3.528205349778852171e-37
1.850545551766008545e-02 8.689655172413793593e+01 4.539932003116755159e-37
2.899912920019047380e-02 8.689655172413793593e+01 5.929333426474984670e-37
4.544332851287052888e-02 8.689655172413793593e+01 7.924223504808859904e-37
7.121234889753541575e-02 8.689655172413793593e+01 1.114452541602138635e-36
1.115939083130332854e-01 8.689655172413793593e+01 1.769931059439560151e-36
1.748741695137182028e-01 8.689655172413793593e+01 7.656796074081018711e-36
2.740380333067072849e-01 8.689655172413793593e+01 1.985097980451066727e-35
4.294335973542230955e-01 8.689655172413793593e+01 0.000000000000000000e+00
9.999999999999999547e-08 9.310344827586206407e+01 9.751994748025603651e-40
1.567058383000412467e-07 9.310344827586206407e+01 1.222623108632655481e-39
2.455671975731871866e-07 9.310344827586206407e+01 1.530613189809046421e-39
3.848181355469815166e-07 9.310344827586206407e+01 1.910444138892382164e-39
6.030324852394863719e-07 9.310344827586206407e+01 2.396793671420911975e-39
9.449871112161095467e-07 9.310344827586206407e+01 2.997932347011786268e-39
1.480849974458550485e-06 9.310344827586206407e+01 3.748520932722495551e-39
2.320578366441218132e-06 9.310344827586206407e+01 4.693980782870857385e-39
3.636481782541113467e-06 9.310344827586206407e+01 5.901120486101812420e-39
5.698579261959346132e-06 9.310344827586206407e+01 7.374142460122740849e-39
8.930006403645696271e-06 9.310344827586206407e+01 9.215651443047910008e-39
1.399384139508035302e-05 9.310344827586206407e+01 1.154863343048738855e-38
2.192916646853889756e-05 9.310344827586206407e+01 1.443256767307628997e-38
3.436428414673535470e-05 9.310344827586206407e+01 1.808376319699540720e-38
5.385083954794991939e-05 9.310344827586206407e+01 2.263407128063374453e-38
8.438740954522506142e-05 9.310344827586206407e+01 2.834157322699713926e-38
1.322399975475340838e-04 9.310344827586206407e+01 3.547509158498961860e-38
2.072277967248174811e-04 9.310344827586206407e+01 4.437191926323538500e-38
3.247380560483306157e-04 9.310344827586206407e+01 5.545730531107193775e-38
5.088834930097947858e-04 9.310344827586206407e+01 6.965787493588933916e-38
7.974501436915305743e-04 9.310344827586206407e+01 8.696831067333380478e-38
1.249650932696697806e-03 9.310344827586206407e+01 1.093301325175616448e-37
1.958275969906644355e-03 9.310344827586206407e+01 1.367899053836553632e-37
3.068732774870470102e-03 9.310344827586206407e+01 1.714281011735690540e-37
4.808883420048897482e-03 9.310344827586206407e+01 2.153005580680467452e-37
7.535801076259317395e-03 9.310344827586206407e+01 2.712862565826413648e-37
1.180904024917569378e-02 9.310344827586206407e+01 3.438225816011395174e-37
1.850545551766008545e-02 9.310344827586206407e+01 4.389568023659426007e-37
2.899912920019047380e-02 9.310344827586206407e+01 5.686188164092646783e-37
4.544332851287052888e-02 9.310344827586206407e+01 7.524510357998702637e-37
7.121234889753541575e-02 9.310344827586206407e+01 1.052197163004777376e-36
1.115939083130332854e-01 9.310344827586206407e+01 1.731879021585613314e-36
1.748741695137182028e-01 9.310344827586206407e+01 9.203380185663495716e-36
2.740380333067072849e-01 9.310344827586206407e+01 1.404904401851961928e-35
4.294335973542230955e-01 9.310344827586206407e+01 0.000000000000000000e+00
9.999999999999999547e-08 9.931034482758620641e+01 9.632357369933563770e-40
1.567058383000412467e-07 9.931034482758620641e+01 1.205499058408701174e-39
2.455671975731871866e-07 9.931034482758620641e+01 1.510653738121198225e-39
3.848181355469815166e-07 9.931034482758620641e+01 1.889663140979135731e-39
6.030324852394863719e-07 9.931034482758620641e+01 2.369584187495224588e-39
9.449871112161095467e-07 9.931034482758620641e+01 2.964139697221021251e-39
1.480849974458550485e-06 9.931034482758620641e+01 3.703850339616574844e-39
2.320578366441218132e-06 9.931034482758620641e+01 4.645195647122828719e-39
3.636481782541113467e-06 9.931034482758620641e+01 5.807344776522022936e-39
5.698579261959346132e-06 9.931034482758620641e+01 7.277024786456946762e-39
8.930006403645696271e-06 9.931034482758620641e+01 9.095381090382172891e-39
1.399384139508035302e-05 9.931034482758620641e+01 1.139955468987307239e-38
2.192916646853889756e-05 9.931034482758620641e+01 1.425043784771834092e-38
3.436428414673535470e-05 9.931034482758620641e+01 1.783633110781158921e-38
5.385083954794991939e-05 9.931034482758620641e+01 2.229690762802959421e-38
8.438740954522506142e-05 9.931034482758620641e+01 2.794673691440664413e-38
1.322399975475340838e-04 9.931034482758620641e+01 3.495895624536613613e-38
2.072277967248174811e-04 9.931034482758620641e+01 4.368989314127756894e-38
3.247380560483306157e-04 9.931034482758620641e+01 5.471660228516398535e-38
5.088834930097947858e-04 9.931034482758620641e+01 6.830289898029262309e-38
7.974501436915305743e-04 9.931034482758620641e+01 8.529538509695787589e-38
1.249650932696697806e-03 9.931034482758620641e+01 1.067116785110051351e-37
1.958275969906644355e-03 9.931034482758620641e+01 1.334781509857535326e-37
3.068732774870470102e-03 9.931034482758620641e+01 1.669198968960557086e-37
4.808883420048897482e-03 9.931034482758620641e+01 2.088228458520247677e-37
7.535801076259317395e-03 9.931034482758620641e+01 2.621398989692984439e-37
1.180904024917569378e-02 9.931034482758620641e+01 3.297695409653343048e-37
1.850545551766008545e-02 9.931034482758620641e+01 4.200979952553111551e-37
2.899912920019047380e-02 9.931034482758620641e+01 5.397071080495016986e-37
4.544332851287052888e-02 9.931034482758620641e+01 7.099212045336131854e-37
7.121234889753541575e-02 9.931034482758620641e+01 9.884581188126842522e-37
1.115939083130332854e-01 9.931034482758620641e+01 1.708301033221920946e-36
1.748741695137182028e-01 9.931034482758620641e+01 1.029424980911041146e-35
2.740380333067072849e-01 9.931034482758620641e+01 9.471045763822611114e-36
4.294335973542230955e-01 9.931034482758620641e+01 0.000000000000000000e+00
9.999999999999999547e-08 1.055172413793103630e+02 9.421133062344710542e-40
1.567058383000412467e-07 1.055172413793103630e+02 1.177736695072729489e-39
2.455671975731871866e-07 1.055172413793103630e+02 1.477721080606860220e-39
3.848181355469815166e-07 1.055172413793103630e+02 1.844434760017505168e-39
6.030324852394863719e-07 1.055172413793103630e+02 2.311045021576142965e-39
9.449871112161095467e-07 1.055172413793103630e+02 2.893811109627503844e-39
1.480849974458550485e-06 1.055172413793103630e+02 3.625765199590545177e-39
2.320578366441218132e-06 1.055172413793103630e+02 4.531829619776785272e-39
3.636481782541113467e-06 1.055172413793103630e+02 5.668651854260451236e-39
5.698579261959346132e-06 1.055172413793103630e+02 7.089363387725287102e-39
8.930006403645696271e-06 1.055172413793103630e+02 8.856250442081968745e-39
1.399384139508035302e-05 1.055172413793103630e+02 1.109574649623963978e-38
2.192916646853889756e-05 1.055172413793103630e+02 1.390193020831881672e-38
3.436428414673535470e-05 1.055172413793103630e+02 1.740192808348172051e-38
5.385083954794991939e-05 1.055172413793103630e+02 2.173756982815140100e-38
8.438740954522506142e-05 1.055172413793103630e+02 2.720400329853247641e-38
1.322399975475340838e-04 1.055172413793103630e+02 3.407234089499046218e-38
2.072277967248174811e-04 1.055172413793103630e+02 4.248785715716274768e-38
3.247380560483306157e-04 1.055172413793103630e+02 5.309024547902261168e-38
5.088834930097947858e-04 1.055172413793103630e+02 6.628926914468684484e-38
7.974501436915305743e-04 1.055172413793103630e+02 8.271239746828020432e-38
1.249650932696697806e-03 1.055172413793103630e+02 1.031606869694772949e-37
1.958275969906644355e-03 1.055172413793103630e+02 1.286024592401374632e-37
3.068732774870470102e-03 1.055172413793103630e+02 1.607107878707053199e-37
4.808883420048897482e-03 1.055172413793103630e+02 2.002048932503532621e-37
7.535801076259317395e-03 1.055172413793103630e+02 2.509027720552502366e-37
1.180904024917569378e-02 1.055172413793103630e+02 3.142805514027981446e-37
1.850545551766008545e-02 1.055172413793103630e+02 3.969435252705883268e-37
2.899912920019047380e-02 1.055172413793103630e+02 5.061858279277009128e-37
4.544332851287052888e-02 1.055172413793103630e+02 6.648833675964889137e-37
7.121234889753541575e-02 1.055172413793103630e+02 9.233980061270247473e-37
1.115939083130332854e-01 1.055172413793103630e+02 1.734381965719856529e-36
1.748741695137182028e-01 1.055172413793103630e+02 1.082159854135618252e-35
2.740380333067072849e-01 1.055172413793103630e+02 5.976675518384544108e-36
4.294335973542230955e-01 1.055172413793103630e+02 0.000000000000000000e+00
9.999999999999999547e-08 1.117241379310344911e+02 9.084711885079581829e-40
1.567058383000412467e-07 1.117241379310344911e+02 1.136767495735774990e-39
2.455671975731871866e-07 1.117241379310344911e+02 1.419000783279395405e-39
3.848181355469815166e-07 1.117241379310344911e+02 1.778715547185432609e-39
6.030324852394863719e-07 1.117241379310344911e+02 2.230989197962422984e-39
9.449871112161095467e-07 1.117241379310344911e+02 2.787556691570294370e-39
1.480849974458550485e-06 1.117241379310344911e+02 3.494187232568658051e-39
2.320578366441218132e-06 1.117241379310344911e+02 4.358816134245459320e-39
3.636481782541113467e-06 1.117241379310344911e+02 5.468107938441646140e-39
5.698579261959346132e-06 1.117241379310344911e+02 6.850926904992439145e-39
8.930006403645696271e-06 1.117241379310344911e+02 8.560270320443854150e-39
1.399384139508035302e-05 1.117241379310344911e+02 1.070561846416460974e-38
2.192916646853889756e-05 1.117241379310344911e+02 1.338687803090923675e-38
3.436428414673535470e-05 1.117241379310344911e+02 1.676945564744997770e-38
5.385083954794991939e-05 1.117241379310344911e+02 2.095486883200307425e-38
8.438740954522506142e-05 1.117241379310344911e+02 2.617357863150170204e-38
1.322399975475340838e-04 1.117241379310344911e+02 3.271988238545776544e-38
2.072277967248174811e-04 1.117241379310344911e+02 4.085735989500832824e-38
3.247380560483306157e-04 1.117241379310344911e+02 5.096076614304380970e-38
5.088834930097947858e-04 1.117241379310344911e+02 6.364349372205117405e-38
7.974501436915305743e-04 1.117241379310344911e+02 7.919873764073221869e-38
1.249650932696697806e-03 1.117241379310344911e+02 9.855321890098851563e-38
1.958275969906644355e-03 1.117241379310344911e+02 1.227543408419174074e-37
3.068732774870470102e-03 1.117241379310344911e+02 1.528012916811454185e-37
4.808883420048897482e-03 1.117241379310344911e+02 1.902407077555070749e-37
7.535801076259317395e-03 1.117241379310344911e+02 2.366931032797545362e-37
1.180904024917569378e-02 1.117241379310344911e+02 2.949123011506248875e-37
1.850545551766008545e-02 1.117241379310344911e+02 3.721996925715094486e-37
2.899912920019047380e-02 1.117241379310344911e+02 4.716732024998395944e-37
4.544332851287052888e-02 1.117241379310344911e+02 6.146818535758913436e-37
7.121234889753541575e-02 1.117241379310344911e+02 8.555798970729796732e-37
1.115939083130332854e-01 1.117241379310344911e+02 1.758159221714606751e-36
1.748741695137182028e-01 1.117241379310344911e+02 1.055455880055921263e-35
2.740380333067072849e-01 1.117241379310344911e+02 3.515769347854727061e-36
4.294335973542230955e-01 1.117241379310344911e+02 0.000000000000000000e+00
9.999999999999999547e-08 1.179310344827586192e+02 8.617817634065041212e-40
1.567058383000412467e-07 1.179310344827586192e+02 1.080657709584826935e-39
2.455671975731871866e-07 1.179310344827586192e+02 1.351092091496287103e-39
3.848181355469815166e-07 1.179310344827586192e+02 1.688540797584513908e-39
6.030324852394863719e-07 1.179310344827586192e+02 2.122966136016811361e-39
9.449871112161095467e-07 1.179310344827586192e+02 2.656661568270739534e-39
1.480849974458550485e-06 1.179310344827586192e+02 3.317811504201667030e-39
2.320578366441218132e-06 1.179310344827586192e+02 4.148733405979061425e-39
3.636481782541113467e-06 1.179310344827586192e+02 5.199657751860543937e-39
5.698579261959346132e-06 1.179310344827586192e+02 6.502514184301356868e-39
8.930006403645696271e-06 1.179310344827586192e+02 8.150049692251044839e-39
1.399384139508035302e-05 1.179310344827586192e+02 1.015034626792788073e-38
2.192916646853889756e-05 1.179310344827586192e+02 1.271227453230183960e-38
3.436428414673535470e-05 1.179310344827586192e+02 1.589820734819023577e-38
5.385083954794991939e-05 1.179310344827586192e+02 1.983920595630182167e-38
8.438740954522506142e-05 1.179310344827586192e+02 2.479925204106532014e-38
1.322399975475340838e-04 1.179310344827586192e+02 3.100152904818958064e-38
2.072277967248174811e-04 1.179310344827586192e+02 3.870565625347783491e-38
3.247380560483306157e-04 1.179310344827586192e+02 4.827828807030477900e-38
5.088834930097947858e-04 1.179310344827586192e+02 6.021035330684631024e-38
7.974501436915305743e-04 1.179310344827586192e+02 7.479958802247936991e-38
1.249650932696697806e-03 1.179310344827586192e+02 9.298613434510080094e-38
1.958275969906644355e-03 1.179310344827586192e+02 1.156504158907825920e-37
3.068732774870470102e-03 1.179310344827586192e+02 1.438691171984982915e-37
4.808883420048897482e-03 1.179310344827586192e+02 1.782639035283826954e-37
7.535801076259317395e-03 1.179310344827586192e+02 2.213686717342662397e-37
1.180904024917569378e-02 1.179310344827586192e+02 2.747827880122618232e-37
1.850545551766008545e-02 1.179310344827586192e+02 3.435538480490139154e-37
2.899912920019047380e-02 1.179310344827586192e+02 4.339006266011227007e-37
4.544332851287052888e-02 1.179310344827586192e+02 5.651649091165703452e-37
7.121234889753541575e-02 1.179310344827586192e+02 7.878084325304136753e-37
1.115939083130332854e-01 1.179310344827586192e+02 1.804286905299534227e-36
1.748741695137182028e-01 1.179310344827586192e+02 9.727055240016075225e-36
2.740380333067072849e-01 1.179310344827586192e+02 1.952729512660092006e-36
4.294335973542230955e-01 1.179310344827586192e+02 0.000000000000000000e+00
9.999999999999999547e-08 1.241379310344827616e+02 8.094912848665515630e-40
1.567058383000412467e-07 1.241379310344827616e+02 1.011957696825624762e-39
2.455671975731871866e-07 1.241379310344827616e+02 1.266324016560625288e-39
3.848181355469815166e-07 1.241379310344827616e+02 1.584738069165772230e-39
6.030324852394863719e-07 1.241379310344827616e+02 1.982499100474510430e-39
9.449871112161095467e-07 1.241379310344827616e+02 2.479707471633219192e-39
1.480849974458550485e-06 1.241379310344827616e+02 3.105587767546547087e-39
2.320578366441218132e-06 1.241379310344827616e+02 3.876987830533376582e-39
3.636481782541113467e-06 1.241379310344827616e+02 4.863997703246588621e-39
5.698579261959346132e-06 1.241379310344827616e+02 6.086543039677586400e-39
8.930006403645696271e-06 1.241379310344827616e+02 7.614854831970319498e-39
1.399384139508035302e-05 1.241379310344827616e+02 9.543479539708141269e-39
2.192916646853889756e-05 1.241379310344827616e+02 1.191054579821020236e-38
3.436428414673535470e-05 1.241379310344827616e+02 1.485553057292411669e-38
5.385083954794991939e-05 1.241379310344827616e+02 1.856339022200570922e-38
8.438740954522506142e-05 1.241379310344827616e+02 2.321734250956175298e-38
1.322399975475340838e-04 1.241379310344827616e+02 2.898496330495381358e-38
2.072277967248174811e-04 1.241379310344827616e+02 3.616572628880920107e-38
3.247380560483306157e-04 1.241379310344827616e+02 4.504185342888966121e-38
5.088834930097947858e-04 1.241379310344827616e+02 5.601457245447179951e-38
7.974501436915305743e-04 1.241379310344827616e+02 6.964415102635501933e-38
1.249650932696697806e-03 1.241379310344827616e+02 8.660491416610582354e-38
1.958275969906644355e-03 1.241379310344827616e+02 1.074117535257233984e-37
3.068732774870470102e-03 1.241379310344827616e+02 1.328100685935945715e-37
4.808883420048897482e-03 1.241379310344827616e+02 1.644357015880075227e-37
7.535801076259317395e-03 1.241379310344827616e+02 2.037272534111871994e-37
1.180904024917569378e-02 1.241379310344827616e+02 2.526935368773308990e-37
1.850545551766008545e-02 1.241379310344827616e+02 3.142462999192304169e-37
2.899912920019047380e-02 1.241379310344827616e+02 3.955896402044569018e-37
4.544332851287052888e-02 1.241379310344827616e+02 5.123997846762803730e-37
7.121234889753541575e-02 1.241379310344827616e+02 7.219135556766011753e-37
1.115939083130332854e-01 1.241379310344827616e+02 1.841221951965700699e-36
1.748741695137182028e-01 1.241379310344827616e+02 8.567245421195353025e-36
2.740380333067072849e-01 1.241379310344827616e+02 1.042085668480075429e-36
4.294335973542230955e-01 1.241379310344827616e+02 0.000000000000000000e+00
9.999999999999999547e-08 1.303448275862068897e+02 7.450224713386350820e-40
1.567058383000412467e-07 1.303448275862068897e+02 9.303474561172398279e-40
2.455671975731871866e-07 1.303448275862068897e+02 1.167375959385673262e-39
3.848181355469815166e-07 1.303448275862068897e+02 1.460766851305954867e-39
6.030324852394863719e-07 1.303448275862068897e+02 1.829847780348160227e-39
9.449871112161095467e-07 1.303448275862068897e+02 2.285382437454491587e-39
1.480849974458550485e-06 1.303448275862068897e+02 2.864321164790448080e-39
2.320578366441218132e-06 1.303448275862068897e+02 3.574187168444526862e-39
3.636481782541113467e-06 1.303448275862068897e+02 4.484899405124534049e-39
5.698579261959346132e-06 1.303448275862068897e+02 5.607364623880423461e-39
8.930006403645696271e-06 1.303448275862068897e+02 7.011614047565963890e-39
1.399384139508035302e-05 1.303448275862068897e+02 8.771875852908907279e-39
2.192916646853889756e-05 1.303448275862068897e+02 1.095725616187942835e-38
3.436428414673535470e-05 1.303448275862068897e+02 1.370519665701374042e-38
5.385083954794991939e-05 1.303448275862068897e+02 1.707985160178557309e-38
8.438740954522506142e-05 1.303448275862068897e+02 2.135284963939691557e-38
1.322399975475340838e-04 1.303448275862068897e+02 2.658010014154545039e-38
2.072277967248174811e-04 1.303448275862068897e+02 3.317052945559249596e-38
3.247380560483306157e-04 1.303448275862068897e+02 4.131562956435144254e-38
5.088834930097947858e-04 1.303448275862068897e+02 5.139761946080346176e-38
7.974501436915305743e-04 1.303448275862068897e+02 6.375986455710723678e-38
1.249650932696697806e-03 1.303448275862068897e+02 7.931395642834205496e-38
1.958275969906644355e-03 1.303448275862068897e+02 9.789537780380197066e-38
3.068732774870470102e-03 1.303448275862068897e+02 1.211280243354295604e-37
4.808883420048897482e-03 1.303448275862068897e+02 1.495892626572656754e-37
7.535801076259317395e-03 1.303448275862068897e+02 1.845871187837407778e-37
1.180904024917569378e-02 1.303448275862068897e+02 2.270427142105375781e-37
1.850545551766008545e-02 1.303448275862068897e+02 2.818608962382269108e-37
2.899912920019047380e-02 1.303448275862068897e+02 3.541801233494779067e-37
4.544332851287052888e-02 1.303448275862068897e+02 4.580725650715138300e-37
7.121234889753541575e-02 1.303448275862068897e+02 6.558341497620715795e-37
1.115939083130332854e-01 1.303448275862068897e+02 1.871542170677097831e-36
1.748741695137182028e-01 1.303448275862068897e+02 7.210981436149132637e-36
2.740380333067072849e-01 1.303448275862068897e+02 5.404510262087190348e-37
4.294335973542230955e-01 1.303448275862068897e+02 0.000000000000000000e+00
9.999999999999999547e-08 1.365517241379310462e+02 6.706245312824586199e-40
1.567058383000412467e-07 1.365517241379310462e+02 8.417458529199306149e-40
2.455671975731871866e-07 1.365517241379310462e+02 1.054264404316853802e-39
3.848181355469815166e-07 1.365517241379310462e+02 1.317648471285439349e-39
6.030324852394863719e-07 1.365517241379310462e+02 1.651476159368991504e-39
9.449871112161095467e-07 1.365517241379310462e+02 2.056825243389947117e-39
1.480849974458550485e-06 1.365517241379310462e+02 2.583024622938301183e-39
2.320578366441218132e-06 1.365517241379310462e+02 3.239542515872822853e-39
3.636481782541113467e-06 1.365517241379310462e+02 4.036693918582819309e-39
5.698579261959346132e-06 1.365517241379310462e+02 5.053604199896392800e-39
8.930006403645696271e-06 1.365517241379310462e+02 6.318865987924381394e-39
1.399384139508035302e-05 1.365517241379310462e+02 7.889208448009318385e-39
2.192916646853889756e-05 1.365517241379310462e+02 9.869401251451769587e-39
3.436428414673535470e-05 1.365517241379310462e+02 1.232553989493605204e-38
5.385083954794991939e-05 1.365517241379310462e+02 1.539564872876932177e-38
8.438740954522506142e-05 1.365517241379310462e+02 1.921663056230807543e-38
1.322399975475340838e-04 1.365517241379310462e+02 2.395221792462621938e-38
2.072277967248174811e-04 1.365517241379310462e+02 2.985738643757066056e-38
3.247380560483306157e-04 1.365517241379310462e+02 3.725542469828524450e-38
5.088834930097947858e-04 1.365517241379310462e+02 4.622916224520231327e-38
7.974501436915305743e-04 1.365517241379310462e+02 5.725205314995509942e-38
1.249650932696697806e-03 1.365517241379310462e+02 7.089200270768061140e-38
1.958275969906644355e-03 1.365517241379310462e+02 8.775905586020079857e-38
3.068732774870470102e-03 1.365517241379310462e+02 1.084576327706300432e-37
4.808883420048897482e-03 1.365517241379310462e+02 1.332794060524829138e-37
7.535801076259317395e-03 1.365517241379310462e+02 1.639450600977406401e-37
1.180904024917569378e-02 1.365517241379310462e+02 2.022113420262166713e-37
1.850545551766008545e-02 1.365517241379310462e+02 2.498486920225624156e-37
2.899912920019047380e-02 1.365517241379310462e+02 3.124790738432900232e-37
4.544332851287052888e-02 1.365517241379310462e+02 4.043034485784369646e-37
7.121234889753541575e-02 1.365517241379310462e+02 5.887818276625975795e-37
1.115939083130332854e-01 1.365517241379310462e+02 1.832321522668944428e-36
1.748741695137182028e-01 1.365517241379310462e+02 5.931631412762294838e-36
2.740380333067072849e-01 1.365517241379310462e+02 2.810502172881253307e-37
4.294335973542230955e-01 1.365517241379310462e+02 0.000000000000000000e+00
9.999999999999999547e-08 1.427586206896551744e+02 5.904661690473719408e-40
1.567058383000412467e-07 1.427586206896551744e+02 7.388258607069051692e-40
2.455671975731871866e-07 1.427586206896551744e+02 9.255894875013857302e-40
3.848181355469815166e-07 1.427586206896551744e+02 1.158192105568174841e-39
6.030324852394863719e-07 1.427586206896551744e+02 1.450501063837109138e-39
9.449871112161095467e-07 1.427586206896551744e+02 1.814940661568556736e-39
1.480849974458550485e-06 1.427586206896551744e+02 2.271141467909449777e-39
2.320578366441218132e-06 1.427586206896551744e+02 2.834796500412403350e-39
3.636481782541113467e-06 1.427586206896551744e+02 3.553989928063060280e-39
5.698579261959346132e-06 1.427586206896551744e+02 4.434556095603973037e-39
8.930006403645696271e-06 1.427586206896551744e+02 5.555866208594065045e-39
1.399384139508035302e-05 1.427586206896551744e+02 6.955535383786762216e-39
2.192916646853889756e-05 1.427586206896551744e+02 8.664976081487375652e-39
3.436428414673535470e-05 1.427586206896551744e+02 1.084890955621472810e-38
5.385083954794991939e-05 1.427586206896551744e+02 1.352825803800098243e-38
8.438740954522506142e-05 1.427586206896551744e+02 1.686688210232568684e-38
1.322399975475340838e-04 1.427586206896551744e+02 2.104883358530320390e-38
2.072277967248174811e-04 1.427586206896551744e+02 2.619767558894660182e-38
3.247380560483306157e-04 1.427586206896551744e+02 3.264771890696688876e-38
5.088834930097947858e-04 1.427586206896551744e+02 4.052731252935039251e-38
7.974501436915305743e-04 1.427586206896551744e+02 5.013376173446647309e-38
1.249650932696697806e-03 1.427586206896551744e+02 6.206984190402850990e-38
1.958275969906644355e-03 1.427586206896551744e+02 7.658634324425386496e-38
3.068732774870470102e-03 1.427586206896551744e+02 9.446028531767358970e-38
4.808883420048897482e-03 1.427586206896551744e+02 1.160613589284103146e-37
7.535801076259317395e-03 1.427586206896551744e+02 1.422220197764532807e-37
1.180904024917569378e-02 1.427586206896551744e+02 1.754486219399371362e-37
1.850545551766008545e-02 1.427586206896551744e+02 2.160301865226027845e-37
2.899912920019047380e-02 1.427586206896551744e+02 2.696552698410109476e-37
4.544332851287052888e-02 1.427586206896551744e+02 3.476712617884947998e-37
7.121234889753541575e-02 1.427586206896551744e+02 5.181711313115683917e-37
1.115939083130332854e-01 1.427586206896551744e+02 1.758233623458354171e-36
1.748741695137182028e-01 1.427586206896551744e+02 4.762679664903372531e-36
2.740380333067072849e-01 1.427586206896551744e+02 1.450962642141441909e-37
4.294335973542230955e-01 1.427586206896551744e+02 0.000000000000000000e+00
9.999999999999999547e-08 1.489655172413793025e+02 5.040983487407360457e-40
1.567058383000412467e-07 1.489655172413793025e+02 6.297279361400780790e-40
2.455671975731871866e-07 1.489655172413793025e+02 7.877364129477406614e-40
3.848181355469815166e-07 1.489655172413793025e+02 9.892257133316583593e-40
6.030324852394863719e-07 1.489655172413793025e+02 1.235652144330152227e-39
9.449871112161095467e-07 1.489655172413793025e+02 1.545415638951144560e-39
1.480849974458550485e-06 1.489655172413793025e+02 1.932202764363291820e-39
2.320578366441218132e-06 1.489655172413793025e+02 2.424282345781678051e-39
3.636481782541113467e-06 1.489655172413793025e+02 3.024991584112259466e-39
5.698579261959346132e-06 1.489655172413793025e+02 3.787546370829019050e-39
8.930006403645696271e-06 1.489655172413793025e+02 4.737269271958642906e-39
1.399384139508035302e-05 1.489655172413793025e+02 5.898371742890121315e-39
2.192916646853889756e-05 1.489655172413793025e+02 7.376205789927965200e-39
3.436428414673535470e-05 1.489655172413793025e+02 9.213647091912825820e-39
5.385083954794991939e-05 1.489655172413793025e+02 1.149650304263426705e-38
8.438740954522506142e-05 1.489655172413793025e+02 1.438471970733248821e-38
1.322399975475340838e-04 1.489655172413793025e+02 1.787820089229306667e-38
2.072277967248174811e-04 1.489655172413793025e+02 2.229407092413936577e-38
3.247380560483306157e-04 1.489655172413793025e+02 2.759975540959721638e-38
5.088834930097947858e-04 1.489655172413793025e+02 3.438596034086055745e-38
7.974501436915305743e-04 1.489655172413793025e+02 4.269216310831058968e-38
1.249650932696697806e-03 1.489655172413793025e+02 5.270279009764122201e-38
1.958275969906644355e-03 1.489655172413793025e+02 6.491288677035477348e-38
3.068732774870470102e-03 1.489655172413793025e+02 7.992953155179817957e-38
4.808883420048897482e-03 1.489655172413793025e+02 9.787337829407672939e-38
7.535801076259317395e-03 1.489655172413793025e+02 1.201921115010113960e-37
1.180904024917569378e-02 1.489655172413793025e+02 1.471218896906852329e-37
1.850545551766008545e-02 1.489655172413793025e+02 1.811939963952986077e-37
2.899912920019047380e-02 1.489655172413793025e+02 2.258291800832101535e-37
4.544332851287052888e-02 1.489655172413793025e+02 2.924031288489151104e-37
7.121234889753541575e-02 1.489655172413793025e+02 4.441807881438149467e-37
1.115939083130332854e-01 1.489655172413793025e+02 1.606036664363396938e-36
1.748741695137182028e-01 1.489655172413793025e+02 3.715893125223746491e-36
2.740380333067072849e-01 1.489655172413793025e+02 7.589071062475530547e-38
4.294335973542230955e-01 1.489655172413793025e+02 0.000000000000000000e+00
9.999999999999999547e-08 1.551724137931034591e+02 4.115690032089811078e-40
1.567058383000412467e-07 1.551724137931034591e+02 5.140124169032039239e-40
2.455671975731871866e-07 1.551724137931034591e+02 6.410205432885006658e-40
3.848181355469815166e-07 1.551724137931034591e+02 8.022603356205336584e-40
6.030324852394863719e-07 1.551724137931034591e+02 1.007559362879596748e-39
9.449871112161095467e-07 1.551724137931034591e+02 1.259962203610970715e-39
1.480849974458550485e-06 1.551724137931034591e+02 1.574201236482071386e-39
2.320578366441218132e-06 1.551724137931034591e+02 1.973868897939432120e-39
3.636481782541113467e-06 1.551724137931034591e+02 2.462061760730073415e-39
5.698579261959346132e-06 1.551724137931034591e+02 3.083843134984047385e-39
8.930006403645696271e-06 1.551724137931034591e+02 3.848976083527834928e-39
1.399384139508035302e-05 1.551724137931034591e+02 4.815867520103323088e-39
2.192916646853889756e-05 1.551724137931034591e+02 6.020659428822563543e-39
3.436428414673535470e-05 1.551724137931034591e+02 7.511974796091953860e-39
5.385083954794991939e-05 1.551724137931034591e+02 9.373908050758566945e-39
8.438740954522506142e-05 1.551724137931034591e+02 1.170521802507700749e-38
1.322399975475340838e-04 1.551724137931034591e+02 1.454708418117728805e-38
2.072277967248174811e-04 1.551724137931034591e+02 1.809993171203729754e-38
3.247380560483306157e-04 1.551724137931034591e+02 2.246182710759355174e-38
5.088834930097947858e-04 1.551724137931034591e+02 2.793824127743370278e-38
7.974501436915305743e-04 1.551724137931034591e+02 3.456960318562028948e-38
1.249650932696697806e-03 1.551724137931034591e+02 4.267159088459139586e-38
1.958275969906644355e-03 1.551724137931034591e+02 5.267858105304028982e-38
3.068732774870470102e-03 1.551724137931034591e+02 6.463638208186349757e-38
4.808883420048897482e-03 1.551724137931034591e+02 7.930538836637327102e-38
7.535801076259317395e-03 1.551724137931034591e+02 9.701039652524275438e-38
1.180904024917569378e-02 1.551724137931034591e+02 1.189021796796310046e-37
1.850545551766008545e-02 1.551724137931034591e+02 1.457139156105012716e-37
2.899912920019047380e-02 1.551724137931034591e+02 1.812443291012540622e-37
4.544332851287052888e-02 1.551724137931034591e+02 2.339229325530363338e-37
7.121234889753541575e-02 1.551724137931034591e+02 3.615222484035722029e-37
1.115939083130332854e-01 1.551724137931034591e+02 1.365735551380221384e-36
1.748741695137182028e-01 1.551724137931034591e+02 2.795321746438661758e-36
2.740380333067072849e-01 1.551724137931034591e+02 4.179781486384083428e-38
4.294335973542230955e-01 1.551724137931034591e+02 0.000000000000000000e+00
9.999999999999999547e-08 1.613793103448276156e+02 3.112917620275791270e-40
1.567058383000412467e-07 1.613793103448276156e+02 3.917125067968946616e-40
2.455671975731871866e-07 1.613793103448276156e+02 4.892544785794731403e-40
3.848181355469815166e-07 1.613793103448276156e+02 6.109121351251384319e-40
6.030324852394863719e-07 1.613793103448276156e+02 7.655662925468601540e-40
9.449871112161095467e-07 1.613793103448276156e+02 9.576351522703598806e-40
1.480849974458550485e-06 1.613793103448276156e+02 1.199051062313075342e-39
2.320578366441218132e-06 1.613793103448276156e+02 1.498682228090576535e-39
3.636481782541113467e-06 1.613793103448276156e+02 1.872641204253897108e-39
5.698579261959346132e-06 1.613793103448276156e+02 2.341293703913184875e-39
8.930006403645696271e-06 1.613793103448276156e+02 2.928847218712839664e-39
1.399384139508035302e-05 1.613793103448276156e+02 3.656663052394109548e-39
2.192916646853889756e-05 1.613793103448276156e+02 4.578428147425231057e-39
3.436428414673535470e-05 1.613793103448276156e+02 5.713090676700297240e-39
5.385083954794991939e-05 1.613793103448276156e+02 7.129496437791979785e-39
8.438740954522506142e-05 1.613793103448276156e+02 8.883669827718057356e-39
1.322399975475340838e-04 1.613793103448276156e+02 1.105163528466035741e-38
2.072277967248174811e-04 1.613793103448276156e+02 1.374918653681713199e-38
3.247380560483306157e-04 1.613793103448276156e+02 1.706199817925003937e-38
5.088834930097947858e-04 1.613793103448276156e+02 2.120738813686831800e-38
7.974501436915305743e-04 1.613793103448276156e+02 2.621065904911333991e-38
1.249650932696697806e-03 1.613793103448276156e+02 3.241830716877886967e-38
1.958275969906644355e-03 1.613793103448276156e+02 3.987115079180841907e-38
3.068732774870470102e-03 1.613793103448276156e+02 4.896181894290282273e-38
4.808883420048897482e-03 1.613793103448276156e+02 5.985113484272119525e-38
7.535801076259317395e-03 1.613793103448276156e+02 7.325363951813850088e-38
1.180904024917569378e-02 1.613793103448276156e+02 8.949017424430656887e-38
1.850545551766008545e-02 1.613793103448276156e+02 1.098300136730672736e-37
2.899912920019047380e-02 1.613793103448276156e+02 1.364714976594470707e-37
4.544332851287052888e-02 1.613793103448276156e+02 1.757275307292185979e-37
7.121234889753541575e-02 1.613793103448276156e+02 2.775783850210815028e-37
1.115939083130332854e-01 1.613793103448276156e+02 1.084066346232420934e-36
1.748741695137182028e-01 1.613793103448276156e+02 2.014208158238321214e-36
2.740380333067072849e-01 1.613793103448276156e+02 2.226360150836969320e-38
4.294335973542230955e-01 1.613793103448276156e+02 0.000000000000000000e+00
9.999999999999999547e-08 1.675862068965517437e+02 2.097404647021925059e-40
1.567058383000412467e-07 1.675862068965517437e+02 2.625686232616638265e-40
2.455671975731871866e-07 1.675862068965517437e+02 3.297289942543152280e-40
3.848181355469815166e-07 1.675862068965517437e+02 4.110922932232829784e-40
6.030324852394863719e-07 1.675862068965517437e+02 5.139005151575785464e-40
9.449871112161095467e-07 1.675862068965517437e+02 6.439581866259408696e-40
1.480849974458550485e-06 1.675862068965517437e+02 8.058223882598011490e-40
2.320578366441218132e-06 1.675862068965517437e+02 1.011072930767098163e-39
3.636481782541113467e-06 1.675862068965517437e+02 1.259873927501530414e-39
5.698579261959346132e-06 1.675862068965517437e+02 1.576364681432728271e-39
8.930006403645696271e-06 1.675862068965517437e+02 1.972375754028523509e-39
1.399384139508035302e-05 1.675862068965517437e+02 2.458263930244029716e-39
2.192916646853889756e-05 1.675862068965517437e+02 3.075030528299417646e-39
3.436428414673535470e-05 1.675862068965517437e+02 3.833229493844058619e-39
5.385083954794991939e-05 1.675862068965517437e+02 4.793914371295849878e-39
8.438740954522506142e-05 1.675862068965517437e+02 5.975638008793911157e-39
1.322399975475340838e-04 1.675862068965517437e+02 7.437369872237332770e-39
2.072277967248174811e-04 1.675862068965517437e+02 9.243629212299600203e-39
3.247380560483306157e-04 1.675862068965517437e+02 1.149060027252014531e-38
5.088834930097947858e-04 1.675862068965517437e+02 1.422010525770686242e-38
7.974501436915305743e-04 1.675862068965517437e+02 1.761908323063908436e-38
1.249650932696697806e-03 1.675862068965517437e+02 2.181071209648850228e-38
1.958275969906644355e-03 1.675862068965517437e+02 2.675086403957977514e-38
3.068732774870470102e-03 1.675862068965517437e+02 3.287422709789616812e-38
4.808883420048897482e-03 1.675862068965517437e+02 4.020280369114186147e-38
7.535801076259317395e-03 1.675862068965517437e+02 4.898475282832764675e-38
1.180904024917569378e-02 1.675862068965517437e+02 5.995473846759998529e-38
1.850545551766008545e-02 1.675862068965517437e+02 7.346973496922019301e-38
2.899912920019047380e-02 1.675862068965517437e+02 9.097039393866111313e-38
4.544332851287052888e-02 1.675862068965517437e+02 1.180024055306104185e-37
7.121234889753541575e-02 1.675862068965517437e+02 1.892145119391983498e-37
1.115939083130332854e-01 1.675862068965517437e+02 7.470147050238431793e-37
1.748741695137182028e-01 1.675862068965517437e+02 1.295311231939970762e-36
2.740380333067072849e-01 1.675862068965517437e+02 1.196380877684367504e-38
4.294335973542230955e-01 1.675862068965517437e+02 0.000000000000000000e+00
9.999999999999999547e-08 1.737931034482758719e+02 1.058509095234542260e-40
1.567058383000412467e-07 1.737931034482758719e+02 1.319315960631674544e-40
2.455671975731871866e-07 1.737931034482758719e+02 1.655332670258242201e-40
3.848181355469815166e-07 1.737931034482758719e+02 2.073794681270525046e-40
6.030324852394863719e-07 1.737931034482758719e+02 2.592892888885587596e-40
9.449871112161095467e-07 1.737931034482758719e+02 3.239125009154397519e-40
1.480849974458550485e-06 1.737931034482758719e+02 4.059467925602535165e-40
2.320578366441218132e-06 1.737931034482758719e+02 5.070885938211987465e-40
3.636481782541113467e-06 1.737931034482758719e+02 6.347604438982889333e-40
5.698579261959346132e-06 1.737931034482758719e+02 7.905419739882835239e-40
8.930006403645696271e-06 1.737931034482758719e+02 9.915774443750199356e-40
1.399384139508035302e-05 1.737931034482758719e+02 1.238141923840579956e-39
2.192916646853889756e-05 1.737931034482758719e+02 1.545488640307785891e-39
3.436428414673535470e-05 1.737931034482758719e+02 1.931381677380546324e-39
5.385083954794991939e-05 1.737931034482758719e+02 2.408591166552207874e-39
8.438740954522506142e-05 1.737931034482758719e+02 3.011164612937130056e-39
1.322399975475340838e-04 1.737931034482758719e+02 3.736812072876033989e-39
2.072277967248174811e-04 1.737931034482758719e+02 4.654921650664173030e-39
3.247380560483306157e-04 1.737931034482758719e+02 5.769571047269350430e-39
5.088834930097947858e-04 1.737931034482758719e+02 7.161644478698913433e-39
7.974501436915305743e-04 1.737931034482758719e+02 8.831934293004667732e-39
1.249650932696697806e-03 1.737931034482758719e+02 1.091433087595579201e-38
1.958275969906644355e-03 1.737931034482758719e+02 1.344452438164280474e-38
3.068732774870470102e-03 1.737931034482758719e+02 1.648797464874106352e-38
4.808883420048897482e-03 1.737931034482758719e+02 2.013477118951304091e-38
7.535801076259317395e-03 1.737931034482758719e+02 2.461233988882091305e-38
1.180904024917569378e-02 1.737931034482758719e+02 2.995166971441122687e-38
1.850545551766008545e-02 1.737931034482758719e+02 3.680832357852521432e-38
2.899912920019047380e-02 1.737931034482758719e+02 4.561399469987793518e-38
4.544332851287052888e-02 1.737931034482758719e+02 5.904453875986917896e-38
7.121234889753541575e-02 1.737931034482758719e+02 9.520374364908965875e-38
1.115939083130332854e-01 1.737931034482758719e+02 3.829281831544982171e-37
1.748741695137182028e-01 1.737931034482758719e+02 6.337095976230227045e-37
2.740380333067072849e-01 1.737931034482758719e+02 5.186166934343543887e-39
4.294335973542230955e-01 1.737931034482758719e+02 0.000000000000000000e+00
9.999999999999999547e-08 1.800000000000000000e+02 1.197814658532816443e-55
1.567058383000412467e-07 1.800000000000000000e+02 1.497870880179013286e-55
2.455671975731871866e-07 1.800000000000000000e+02 1.872127118366484530e-55
3.848181355469815166e-07 1.800000000000000000e+02 2.344157026174270002e-55
6.030324852394863719e-07 1.800000000000000000e+02 2.934707979388741671e-55
9.449871112161095467e-07 1.800000000000000000e+02 3.675611434832587761e-55
1.480849974458550485e-06 1.800000000000000000e+02 4.592774368966558207e-55
2.320578366441218132e-06 1.800000000000000000e+02 5.753857479167745502e-55
3.636481782541113467e-06 1.800000000000000000e+02 7.187546461710564297e-55
5.698579261959346132e-06 1.800000000000000000e+02 8.993899454645283596e-55
8.930006403645696271e-06 1.800000000000000000e+02 1.121871976797869651e-54
1.399384139508035302e-05 1.800000000000000000e+02 1.402693971966840368e-54
2.192916646853889756e-05 1.800000000000000000e+02 1.753685144778865223e-54
3.436428414673535470e-05 1.800000000000000000e+02 2.192622015842360318e-54
5.385083954794991939e-05 1.800000000000000000e+02 2.729526086931639246e-54
8.438740954522506142e-05 1.800000000000000000e+02 3.402169904096039011e-54
1.322399975475340838e-04 1.800000000000000000e+02 4.244185106482415045e-54
2.072277967248174811e-04 1.800000000000000000e+02 5.277137116200847190e-54
3.247380560483306157e-04 1.800000000000000000e+02 6.530716861914650803e-54
5.088834930097947858e-04 1.800000000000000000e+02 8.102208376678554836e-54
7.974501436915305743e-04 1.800000000000000000e+02 1.002222209045404436e-53
1.249650932696697806e-03 1.800000000000000000e+02 1.235856385174845702e-53
1.958275969906644355e-03 1.800000000000000000e+02 1.519319294169672747e-53
3.068732774870470102e-03 1.800000000000000000e+02 1.860435205338158410e-53
4.808883420048897482e-03 1.800000000000000000e+02 2.283549534029296827e-53
7.535801076259317395e-03 1.800000000000000000e+02 2.780237501697254771e-53
1.180904024917569378e-02 1.800000000000000000e+02 3.392432453296141833e-53
1.850545551766008545e-02 1.800000000000000000e+02 4.158284542020599553e-53
2.899912920019047380e-02 1.800000000000000000e+02 5.154077366437779120e-53
4.544332851287052888e-02 1.800000000000000000e+02 6.667517416542364911e-53
7.121234889753541575e-02 1.800000000000000000e+02 1.082600189547318860e-52
1.115939083130332854e-01 1.800000000000000000e+02 4.372164004093687999e-52
1.748741695137182028e-01 1.800000000000000000e+02 7.117308960661624963e-52
2.740380333067072849e-01 1.800000000000000000e+02 5.732561282017924314e-54
4.294335973542230955e-01 1.800000000000000000e+02 0.000000000000000000e+00
