# atom 16: Tchi 0.6210169418915616 [GeV]; m_chi = 0.03333333333333333 [GeV]; mS = 0.1 [GeV]; gchi =0.01; gN = 0.01
# Tchi^prime [GeV], theta [degree] ,dsigma/dTchip dtheta [cm^2/GeV]
9.999999999999999547e-08 0.000000000000000000e+00 0.000000000000000000e+00
1.581765038478375206e-07 0.000000000000000000e+00 0.000000000000000000e+00
2.501980636952495318e-07 0.000000000000000000e+00 0.000000000000000000e+00
3.957545498481313547e-07 0.000000000000000000e+00 0.000000000000000000e+00
6.259907107685227244e-07 0.000000000000000000e+00 0.000000000000000000e+00
9.901702207058776949e-07 0.000000000000000000e+00 0.000000000000000000e+00
1.566216637254973893e-06 0.000000000000000000e+00 0.000000000000000000e+00
2.477386719493084971e-06 0.000000000000000000e+00 0.000000000000000000e+00
3.918643699684795082e-06 0.000000000000000000e+00 0.000000000000000000e+00
6.198373602414974549e-06 0.000000000000000000e+00 0.000000000000000000e+00
9.804370659727267644e-06 0.000000000000000000e+00 0.000000000000000000e+00
1.550821073383975258e-05 0.000000000000000000e+00 0.000000000000000000e+00
2.453034554814278694e-05 0.000000000000000000e+00 0.000000000000000000e+00
3.880124296984591311e-05 0.000000000000000000e+00 0.000000000000000000e+00
6.137444957920709968e-05 0.000000000000000000e+00 0.000000000000000000e+00
9.707995860024360021e-05 0.000000000000000000e+00 0.000000000000000000e+00
1.535576844507935347e-04 0.000000000000000000e+00 0.000000000000000000e+00
2.428921766539596401e-04 0.000000000000000000e+00 0.000000000000000000e+00
3.841983531511471432e-04 0.000000000000000000e+00 0.000000000000000000e+00
6.077115228554525470e-04 0.000000000000000000e+00 0.000000000000000000e+00
9.612568403332068419e-04 0.000000000000000000e+00 0.000000000000000000e+00
1.520482463037256191e-03 0.000000000000000000e+00 0.000000000000000000e+00
2.405046001651820267e-03 0.000000000000000000e+00 0.000000000000000000e+00
3.804217681345061462e-03 0.000000000000000000e+00 0.000000000000000000e+00
6.017378527112885768e-03 0.000000000000000000e+00 0.000000000000000000e+00
9.518078977477662309e-03 0.000000000000000000e+00 0.000000000000000000e+00
1.505536456005016586e-02 0.000000000000000000e+00 0.000000000000000000e+00
2.381404930263371703e-02 0.000000000000000000e+00 0.000000000000000000e+00
3.766823061150634255e-02 0.000000000000000000e+00 0.000000000000000000e+00
5.958229024262175905e-02 0.000000000000000000e+00 0.000000000000000000e+00
9.424518361825032220e-02 0.000000000000000000e+00 0.000000000000000000e+00
1.490737364923232500e-01 0.000000000000000000e+00 0.000000000000000000e+00
2.357996245388948031e-01 0.000000000000000000e+00 0.000000000000000000e+00
3.729796021819513641e-01 0.000000000000000000e+00 0.000000000000000000e+00
5.899660947969835867e-01 0.000000000000000000e+00 0.000000000000000000e+00
9.999999999999999547e-08 6.206896551724137900e+00 4.793315808199328632e-41
1.581765038478375206e-07 6.206896551724137900e+00 6.023364732353631532e-41
2.501980636952495318e-07 6.206896551724137900e+00 7.589260024402543850e-41
3.957545498481313547e-07 6.206896551724137900e+00 9.552370996571549734e-41
6.259907107685227244e-07 6.206896551724137900e+00 1.206238508165062272e-40
9.901702207058776949e-07 6.206896551724137900e+00 1.514739458467494899e-40
1.566216637254973893e-06 6.206896551724137900e+00 1.909508202651876068e-40
2.477386719493084971e-06 6.206896551724137900e+00 2.405242059666005340e-40
3.918643699684795082e-06 6.206896551724137900e+00 3.030942556315848632e-40
6.198373602414974549e-06 6.206896551724137900e+00 3.810490656199477322e-40
9.804370659727267644e-06 6.206896551724137900e+00 4.828737745839485305e-40
1.550821073383975258e-05 6.206896551724137900e+00 6.082739584797535408e-40
2.453034554814278694e-05 6.206896551724137900e+00 7.712222781953319564e-40
3.880124296984591311e-05 6.206896551724137900e+00 9.749464955777681689e-40
6.137444957920709968e-05 6.206896551724137900e+00 1.236143974190786849e-39
9.707995860024360021e-05 6.206896551724137900e+00 1.573390711695385106e-39
1.535576844507935347e-04 6.206896551724137900e+00 2.011940093376101107e-39
2.428921766539596401e-04 6.206896551724137900e+00 2.567334639998904688e-39
3.841983531511471432e-04 6.206896551724137900e+00 3.309474856074352161e-39
6.077115228554525470e-04 6.206896551724137900e+00 4.282932076202694093e-39
9.612568403332068419e-04 6.206896551724137900e+00 5.592152225143878522e-39
1.520482463037256191e-03 6.206896551724137900e+00 7.360014499397988100e-39
2.405046001651820267e-03 6.206896551724137900e+00 9.863549927245527915e-39
3.804217681345061462e-03 6.206896551724137900e+00 1.333229795005469298e-38
6.017378527112885768e-03 6.206896551724137900e+00 1.851180862290440282e-38
9.518078977477662309e-03 6.206896551724137900e+00 2.633093393126528360e-38
1.505536456005016586e-02 6.206896551724137900e+00 3.863827379648407278e-38
2.381404930263371703e-02 6.206896551724137900e+00 5.892500469353236418e-38
3.766823061150634255e-02 6.206896551724137900e+00 9.409702978824564690e-38
5.958229024262175905e-02 6.206896551724137900e+00 1.601121458742125284e-37
9.424518361825032220e-02 6.206896551724137900e+00 2.946979306215134416e-37
1.490737364923232500e-01 6.206896551724137900e+00 6.175114269741806932e-37
2.357996245388948031e-01 6.206896551724137900e+00 1.581112779595574437e-36
3.729796021819513641e-01 6.206896551724137900e+00 0.000000000000000000e+00
5.899660947969835867e-01 6.206896551724137900e+00 0.000000000000000000e+00
9.999999999999999547e-08 1.241379310344827580e+01 9.539088183757801799e-41
1.581765038478375206e-07 1.241379310344827580e+01 1.201982062509880697e-40
2.501980636952495318e-07 1.241379310344827580e+01 1.505204770326735721e-40
3.957545498481313547e-07 1.241379310344827580e+01 1.897949888468548227e-40
6.259907107685227244e-07 1.241379310344827580e+01 2.396825885514159992e-40
9.901702207058776949e-07 1.241379310344827580e+01 3.008254925870514655e-40
1.566216637254973893e-06 1.241379310344827580e+01 3.787740917229609746e-40
2.477386719493084971e-06 1.241379310344827580e+01 4.767928095861011729e-40
3.918643699684795082e-06 1.241379310344827580e+01 6.002962830660626339e-40
6.198373602414974549e-06 1.241379310344827580e+01 7.589698710075924233e-40
9.804370659727267644e-06 1.241379310344827580e+01 9.571045963208801859e-40
1.550821073383975258e-05 1.241379310344827580e+01 1.210660307828213959e-39
2.453034554814278694e-05 1.241379310344827580e+01 1.527516699973159340e-39
3.880124296984591311e-05 1.241379310344827580e+01 1.937333176863938402e-39
6.137444957920709968e-05 1.241379310344827580e+01 2.458371911352292518e-39
9.707995860024360021e-05 1.241379310344827580e+01 3.131302267298740233e-39
1.535576844507935347e-04 1.241379310344827580e+01 3.984857906725748080e-39
2.428921766539596401e-04 1.241379310344827580e+01 5.107193053854051958e-39
3.841983531511471432e-04 1.241379310344827580e+01 6.567842550112963012e-39
6.077115228554525470e-04 1.241379310344827580e+01 8.502117734386618170e-39
9.612568403332068419e-04 1.241379310344827580e+01 1.107400782657986855e-38
1.520482463037256191e-03 1.241379310344827580e+01 1.453991014001992450e-38
2.405046001651820267e-03 1.241379310344827580e+01 1.938942518589606386e-38
3.804217681345061462e-03 1.241379310344827580e+01 2.628971122159592841e-38
6.017378527112885768e-03 1.241379310344827580e+01 3.626952676046176870e-38
9.518078977477662309e-03 1.241379310344827580e+01 5.140955675131067174e-38
1.505536456005016586e-02 1.241379310344827580e+01 7.514473827077622188e-38
2.381404930263371703e-02 1.241379310344827580e+01 1.133212200519516253e-37
3.766823061150634255e-02 1.241379310344827580e+01 1.795796072190898480e-37
5.958229024262175905e-02 1.241379310344827580e+01 2.998628429329193149e-37
9.424518361825032220e-02 1.241379310344827580e+01 5.421213826781642072e-37
1.490737364923232500e-01 1.241379310344827580e+01 1.098691900313230837e-36
2.357996245388948031e-01 1.241379310344827580e+01 2.666792289070379455e-36
3.729796021819513641e-01 1.241379310344827580e+01 0.000000000000000000e+00
5.899660947969835867e-01 1.241379310344827580e+01 0.000000000000000000e+00
9.999999999999999547e-08 1.862068965517241281e+01 1.415478945328422694e-40
1.581765038478375206e-07 1.862068965517241281e+01 1.781253548098808757e-40
2.501980636952495318e-07 1.862068965517241281e+01 2.240961734300795226e-40
3.957545498481313547e-07 1.862068965517241281e+01 2.820241105511765241e-40
6.259907107685227244e-07 1.862068965517241281e+01 3.547379294623177610e-40
9.901702207058776949e-07 1.862068965517241281e+01 4.471134118812401916e-40
1.566216637254973893e-06 1.862068965517241281e+01 5.624991084097372245e-40
2.477386719493084971e-06 1.862068965517241281e+01 7.085999747577437823e-40
3.918643699684795082e-06 1.862068965517241281e+01 8.929353166795547464e-40
6.198373602414974549e-06 1.862068965517241281e+01 1.127174627644598756e-39
9.804370659727267644e-06 1.862068965517241281e+01 1.420849893686275692e-39
1.550821073383975258e-05 1.862068965517241281e+01 1.797861493012276737e-39
2.453034554814278694e-05 1.862068965517241281e+01 2.272515172955684707e-39
3.880124296984591311e-05 1.862068965517241281e+01 2.875383649978523157e-39
6.137444957920709968e-05 1.862068965517241281e+01 3.656502403124787762e-39
9.707995860024360021e-05 1.862068965517241281e+01 4.640889386711829900e-39
1.535576844507935347e-04 1.862068965517241281e+01 5.910170598748764468e-39
2.428921766539596401e-04 1.862068965517241281e+01 7.576497651687942334e-39
3.841983531511471432e-04 1.862068965517241281e+01 9.723815658645944484e-39
6.077115228554525470e-04 1.862068965517241281e+01 1.256663002253507053e-38
9.612568403332068419e-04 1.862068965517241281e+01 1.633724021103607370e-38
1.520482463037256191e-03 1.862068965517241281e+01 2.149299467270399193e-38
2.405046001651820267e-03 1.862068965517241281e+01 2.855854886211154306e-38
3.804217681345061462e-03 1.862068965517241281e+01 3.861662388798869041e-38
6.017378527112885768e-03 1.862068965517241281e+01 5.305494617748338584e-38
9.518078977477662309e-03 1.862068965517241281e+01 7.470953854014958306e-38
1.505536456005016586e-02 1.862068965517241281e+01 1.078779105120096123e-37
2.381404930263371703e-02 1.862068965517241281e+01 1.605585787945574024e-37
3.766823061150634255e-02 1.862068965517241281e+01 2.484890027652225840e-37
5.958229024262175905e-02 1.862068965517241281e+01 4.024530147275581543e-37
9.424518361825032220e-02 1.862068965517241281e+01 7.009611185893814851e-37
1.490737364923232500e-01 1.862068965517241281e+01 1.337542601432477808e-36
2.357996245388948031e-01 1.862068965517241281e+01 2.976561441427019568e-36
3.729796021819513641e-01 1.862068965517241281e+01 0.000000000000000000e+00
5.899660947969835867e-01 1.862068965517241281e+01 0.000000000000000000e+00
9.999999999999999547e-08 2.482758620689655160e+01 1.859715628636377929e-40
1.581765038478375206e-07 2.482758620689655160e+01 2.343648900249494709e-40
2.501980636952495318e-07 2.482758620689655160e+01 2.945118568588746281e-40
3.957545498481313547e-07 2.482758620689655160e+01 3.710774222794325845e-40
6.259907107685227244e-07 2.482758620689655160e+01 4.667980937089990530e-40
9.901702207058776949e-07 2.482758620689655160e+01 5.872153886131817797e-40
1.566216637254973893e-06 2.482758620689655160e+01 7.401426244143542486e-40
2.477386719493084971e-06 2.482758620689655160e+01 9.337575802908951466e-40
3.918643699684795082e-06 2.482758620689655160e+01 1.173661328870697224e-39
6.198373602414974549e-06 2.482758620689655160e+01 1.479604050254600962e-39
9.804370659727267644e-06 2.482758620689655160e+01 1.869582658687238467e-39
1.550821073383975258e-05 2.482758620689655160e+01 2.355020364569277053e-39
2.453034554814278694e-05 2.482758620689655160e+01 2.985386444854959343e-39
3.880124296984591311e-05 2.482758620689655160e+01 3.774696249178574819e-39
6.137444957920709968e-05 2.482758620689655160e+01 4.793242518921078692e-39
9.707995860024360021e-05 2.482758620689655160e+01 6.079693716176886850e-39
1.535576844507935347e-04 2.482758620689655160e+01 7.751376229592144644e-39
2.428921766539596401e-04 2.482758620689655160e+01 9.924288878988266963e-39
3.841983531511471432e-04 2.482758620689655160e+01 1.271233493657560583e-38
6.077115228554525470e-04 2.482758620689655160e+01 1.644386600105090788e-38
9.612568403332068419e-04 2.482758620689655160e+01 2.133517409077000411e-38
1.520482463037256191e-03 2.482758620689655160e+01 2.800505240767303841e-38
2.405046001651820267e-03 2.482758620689655160e+01 3.712333656366248510e-38
3.804217681345061462e-03 2.482758620689655160e+01 4.985736295387943831e-38
6.017378527112885768e-03 2.482758620689655160e+01 6.802420912098018845e-38
9.518078977477662309e-03 2.482758620689655160e+01 9.446037988797558882e-38
1.505536456005016586e-02 2.482758620689655160e+01 1.349392288071247928e-37
2.381404930263371703e-02 2.482758620689655160e+01 1.976923333060740465e-37
3.766823061150634255e-02 2.482758620689655160e+01 2.990389318923613133e-37
5.958229024262175905e-02 2.482758620689655160e+01 4.666250136615464157e-37
9.424518361825032220e-02 2.482758620689655160e+01 7.714443597018365039e-37
1.490737364923232500e-01 2.482758620689655160e+01 1.380721194989501762e-36
2.357996245388948031e-01 2.482758620689655160e+01 2.881083073895916958e-36
3.729796021819513641e-01 2.482758620689655160e+01 0.000000000000000000e+00
5.899660947969835867e-01 2.482758620689655160e+01 0.000000000000000000e+00
9.999999999999999547e-08 3.103448275862069039e+01 2.285608344404575119e-40
1.581765038478375206e-07 3.103448275862069039e+01 2.877105880187420365e-40
2.501980636952495318e-07 3.103448275862069039e+01 3.616704883311237834e-40
3.957545498481313547e-07 3.103448275862069039e+01 4.548069861325579766e-40
6.259907107685227244e-07 3.103448275862069039e+01 5.747020765692283842e-40
9.901702207058776949e-07 3.103448275862069039e+01 7.221543386811756099e-40
1.566216637254973893e-06 3.103448275862069039e+01 9.071520577516500572e-40
2.477386719493084971e-06 3.103448275862069039e+01 1.145445253149102455e-39
3.918643699684795082e-06 3.103448275862069039e+01 1.439756675395943394e-39
6.198373602414974549e-06 3.103448275862069039e+01 1.816858906794378087e-39
9.804370659727267644e-06 3.103448275862069039e+01 2.290058629097956949e-39
1.550821073383975258e-05 3.103448275862069039e+01 2.888681841004082190e-39
2.453034554814278694e-05 3.103448275862069039e+01 3.656612336583765926e-39
3.880124296984591311e-05 3.103448275862069039e+01 4.627769758405044838e-39
6.137444957920709968e-05 3.103448275862069039e+01 5.871744152563456178e-39
9.707995860024360021e-05 3.103448275862069039e+01 7.425871607113635392e-39
1.535576844507935347e-04 3.103448275862069039e+01 9.468908362837516478e-39
2.428921766539596401e-04 3.103448275862069039e+01 1.213745902985897202e-38
3.841983531511471432e-04 3.103448275862069039e+01 1.556034978844391709e-38
6.077115228554525470e-04 3.103448275862069039e+01 1.998100076494201742e-38
9.612568403332068419e-04 3.103448275862069039e+01 2.593335923567877345e-38
1.520482463037256191e-03 3.103448275862069039e+01 3.386446900858324559e-38
2.405046001651820267e-03 3.103448275862069039e+01 4.485031265201128741e-38
3.804217681345061462e-03 3.103448275862069039e+01 5.978284829358417692e-38
6.017378527112885768e-03 3.103448275862069039e+01 8.104286692122990745e-38
9.518078977477662309e-03 3.103448275862069039e+01 1.116342238014952588e-37
1.505536456005016586e-02 3.103448275862069039e+01 1.570040595348969160e-37
2.381404930263371703e-02 3.103448275862069039e+01 2.242640973803837007e-37
3.766823061150634255e-02 3.103448275862069039e+01 3.293838344002968333e-37
5.958229024262175905e-02 3.103448275862069039e+01 4.964694256871065189e-37
9.424518361825032220e-02 3.103448275862069039e+01 7.809567865089833565e-37
1.490737364923232500e-01 3.103448275862069039e+01 1.328399863514614850e-36
2.357996245388948031e-01 3.103448275862069039e+01 2.656247359247281875e-36
3.729796021819513641e-01 3.103448275862069039e+01 7.719812763258157238e-36
5.899660947969835867e-01 3.103448275862069039e+01 0.000000000000000000e+00
9.999999999999999547e-08 3.724137931034482563e+01 2.681198135604350459e-40
1.581765038478375206e-07 3.724137931034482563e+01 3.370068558223448114e-40
2.501980636952495318e-07 3.724137931034482563e+01 4.246063358812265970e-40
3.957545498481313547e-07 3.724137931034482563e+01 5.341936504123465801e-40
6.259907107685227244e-07 3.724137931034482563e+01 6.727124289052652335e-40
9.901702207058776949e-07 3.724137931034482563e+01 8.457949907143229213e-40
1.566216637254973893e-06 3.724137931034482563e+01 1.063421047772894375e-39
2.477386719493084971e-06 3.724137931034482563e+01 1.341336038153216302e-39
3.918643699684795082e-06 3.724137931034482563e+01 1.692024031956457924e-39
6.198373602414974549e-06 3.724137931034482563e+01 2.135350588098848377e-39
9.804370659727267644e-06 3.724137931034482563e+01 2.680866839391993776e-39
1.550821073383975258e-05 3.724137931034482563e+01 3.405989296238030041e-39
2.453034554814278694e-05 3.724137931034482563e+01 4.283058285124218078e-39
3.880124296984591311e-05 3.724137931034482563e+01 5.423540993627960758e-39
6.137444957920709968e-05 3.724137931034482563e+01 6.865646336341705329e-39
9.707995860024360021e-05 3.724137931034482563e+01 8.708390616171351201e-39
1.535576844507935347e-04 3.724137931034482563e+01 1.108712837740851439e-38
2.428921766539596401e-04 3.724137931034482563e+01 1.414945384252730260e-38
3.841983531511471432e-04 3.724137931034482563e+01 1.808463278060934909e-38
6.077115228554525470e-04 3.724137931034482563e+01 2.327489682148801175e-38
9.612568403332068419e-04 3.724137931034482563e+01 3.006588689490482923e-38
1.520482463037256191e-03 3.724137931034482563e+01 3.911121328302927667e-38
2.405046001651820267e-03 3.724137931034482563e+01 5.137316589608621506e-38
3.804217681345061462e-03 3.724137931034482563e+01 6.821866711188183439e-38
6.017378527112885768e-03 3.724137931034482563e+01 9.189825892651688989e-38
9.518078977477662309e-03 3.724137931034482563e+01 1.245574195862805566e-37
1.505536456005016586e-02 3.724137931034482563e+01 1.719653089566009614e-37
2.381404930263371703e-02 3.724137931034482563e+01 2.426832622492853474e-37
3.766823061150634255e-02 3.724137931034482563e+01 3.446777706519041998e-37
5.958229024262175905e-02 3.724137931034482563e+01 5.000417805804958372e-37
9.424518361825032220e-02 3.724137931034482563e+01 7.566223842065888554e-37
1.490737364923232500e-01 3.724137931034482563e+01 1.240768929915419546e-36
2.357996245388948031e-01 3.724137931034482563e+01 2.411592597200794562e-36
3.729796021819513641e-01 3.724137931034482563e+01 7.627265643980490464e-36
5.899660947969835867e-01 3.724137931034482563e+01 0.000000000000000000e+00
9.999999999999999547e-08 4.344827586206896797e+01 3.039222357794757006e-40
1.581765038478375206e-07 4.344827586206896797e+01 3.840092104532914844e-40
2.501980636952495318e-07 4.344827586206896797e+01 4.827305834294201869e-40
3.957545498481313547e-07 4.344827586206896797e+01 6.079157845019008149e-40
6.259907107685227244e-07 4.344827586206896797e+01 7.627165054122769427e-40
9.901702207058776949e-07 4.344827586206896797e+01 9.621460103835799675e-40
1.566216637254973893e-06 4.344827586206896797e+01 1.209322573541131681e-39
2.477386719493084971e-06 4.344827586206896797e+01 1.521318127435116766e-39
3.918643699684795082e-06 4.344827586206896797e+01 1.919072182153223284e-39
6.198373602414974549e-06 4.344827586206896797e+01 2.419618261617034139e-39
9.804370659727267644e-06 4.344827586206896797e+01 3.051148948657113952e-39
1.550821073383975258e-05 4.344827586206896797e+01 3.849390096001927682e-39
2.453034554814278694e-05 4.344827586206896797e+01 4.865797796047814861e-39
3.880124296984591311e-05 4.344827586206896797e+01 6.150299176453959838e-39
6.137444957920709968e-05 4.344827586206896797e+01 7.778894221459646247e-39
9.707995860024360021e-05 4.344827586206896797e+01 9.863731422804082588e-39
1.535576844507935347e-04 4.344827586206896797e+01 1.253840633406584247e-38
2.428921766539596401e-04 4.344827586206896797e+01 1.596454823588880106e-38
3.841983531511471432e-04 4.344827586206896797e+01 2.035527351850261140e-38
6.077115228554525470e-04 4.344827586206896797e+01 2.617020735252410394e-38
9.612568403332068419e-04 4.344827586206896797e+01 3.369466924990930369e-38
1.520482463037256191e-03 4.344827586206896797e+01 4.372844671713720563e-38
2.405046001651820267e-03 4.344827586206896797e+01 5.712418581479097548e-38
3.804217681345061462e-03 4.344827586206896797e+01 7.547382062068971478e-38
6.017378527112885768e-03 4.344827586206896797e+01 1.002017730861752884e-37
9.518078977477662309e-03 4.344827586206896797e+01 1.347957104282716126e-37
1.505536456005016586e-02 4.344827586206896797e+01 1.825213084026776147e-37
2.381404930263371703e-02 4.344827586206896797e+01 2.500561107443914543e-37
3.766823061150634255e-02 4.344827586206896797e+01 3.467253507736421796e-37
5.958229024262175905e-02 4.344827586206896797e+01 4.904502697225626013e-37
9.424518361825032220e-02 4.344827586206896797e+01 7.159536714324045320e-37
1.490737364923232500e-01 4.344827586206896797e+01 1.143455878604019996e-36
2.357996245388948031e-01 4.344827586206896797e+01 2.179355731601159240e-36
3.729796021819513641e-01 4.344827586206896797e+01 9.171838120123608546e-36
5.899660947969835867e-01 4.344827586206896797e+01 0.000000000000000000e+00
9.999999999999999547e-08 4.965517241379310320e+01 3.374805485332041998e-40
1.581765038478375206e-07 4.965517241379310320e+01 4.250553913421598098e-40
2.501980636952495318e-07 4.965517241379310320e+01 5.355803350363645790e-40
3.957545498481313547e-07 4.965517241379310320e+01 6.729243907820350932e-40
6.259907107685227244e-07 4.965517241379310320e+01 8.464529724940832794e-40
9.901702207058776949e-07 4.965517241379310320e+01 1.064452117525030136e-39
1.566216637254973893e-06 4.965517241379310320e+01 1.339725719765097604e-39
2.477386719493084971e-06 4.965517241379310320e+01 1.686906251462019701e-39
3.918643699684795082e-06 4.965517241379310320e+01 2.126461618766768206e-39
6.198373602414974549e-06 4.965517241379310320e+01 2.682550607012439865e-39
9.804370659727267644e-06 4.965517241379310320e+01 3.371480502665802601e-39
1.550821073383975258e-05 4.965517241379310320e+01 4.250187925897564850e-39
2.453034554814278694e-05 4.965517241379310320e+01 5.372711677854958598e-39
3.880124296984591311e-05 4.965517241379310320e+01 6.777102865871902072e-39
6.137444957920709968e-05 4.965517241379310320e+01 8.577309872773954661e-39
9.707995860024360021e-05 4.965517241379310320e+01 1.089818455888376903e-38
1.535576844507935347e-04 4.965517241379310320e+01 1.381017279486600610e-38
2.428921766539596401e-04 4.965517241379310320e+01 1.757509056540786076e-38
3.841983531511471432e-04 4.965517241379310320e+01 2.241297189178430454e-38
6.077115228554525470e-04 4.965517241379310320e+01 2.866328660632389148e-38
9.612568403332068419e-04 4.965517241379310320e+01 3.676788175154031760e-38
1.520482463037256191e-03 4.965517241379310320e+01 4.757906520623785799e-38
2.405046001651820267e-03 4.965517241379310320e+01 6.176139567543075499e-38
3.804217681345061462e-03 4.965517241379310320e+01 8.059034473177581607e-38
6.017378527112885768e-03 4.965517241379310320e+01 1.063358817708155266e-37
9.518078977477662309e-03 4.965517241379310320e+01 1.410399217801781055e-37
1.505536456005016586e-02 4.965517241379310320e+01 1.882875078957960196e-37
2.381404930263371703e-02 4.965517241379310320e+01 2.531447337570433304e-37
3.766823061150634255e-02 4.965517241379310320e+01 3.416556697048241734e-37
5.958229024262175905e-02 4.965517241379310320e+01 4.677807900073796559e-37
9.424518361825032220e-02 4.965517241379310320e+01 6.679998077782686774e-37
1.490737364923232500e-01 4.965517241379310320e+01 1.048544995328405857e-36
2.357996245388948031e-01 4.965517241379310320e+01 1.977146342161320610e-36
3.729796021819513641e-01 4.965517241379310320e+01 1.329855705580329629e-35
5.899660947969835867e-01 4.965517241379310320e+01 0.000000000000000000e+00
9.999999999999999547e-08 5.586206896551724554e+01 3.674795512689499742e-40
1.581765038478375206e-07 5.586206896551724554e+01 4.610357645742073534e-40
2.501980636952495318e-07 5.586206896551724554e+01 5.806553012552685270e-40
3.957545498481313547e-07 5.586206896551724554e+01 7.294907918695112000e-40
6.259907107685227244e-07 5.586206896551724554e+01 9.167447114915515306e-40
9.901702207058776949e-07 5.586206896551724554e+01 1.154490423324581979e-39
1.566216637254973893e-06 5.586206896551724554e+01 1.454541492856624547e-39
2.477386719493084971e-06 5.586206896551724554e+01 1.829011227048647108e-39
3.918643699684795082e-06 5.586206896551724554e+01 2.308294587947022302e-39
6.198373602414974549e-06 5.586206896551724554e+01 2.905362798174910984e-39
9.804370659727267644e-06 5.586206896551724554e+01 3.660768610585512860e-39
1.550821073383975258e-05 5.586206896551724554e+01 4.627216457334494314e-39
2.453034554814278694e-05 5.586206896551724554e+01 5.831582043531977967e-39
3.880124296984591311e-05 5.586206896551724554e+01 7.345908256806875853e-39
6.137444957920709968e-05 5.586206896551724554e+01 9.304062442309412524e-39
9.707995860024360021e-05 5.586206896551724554e+01 1.175199726672181930e-38
1.535576844507935347e-04 5.586206896551724554e+01 1.489257712477865965e-38
2.428921766539596401e-04 5.586206896551724554e+01 1.890489383851631115e-38
3.841983531511471432e-04 5.586206896551724554e+01 2.410208989958912957e-38
6.077115228554525470e-04 5.586206896551724554e+01 3.071410844391525975e-38
9.612568403332068419e-04 5.586206896551724554e+01 3.940368273975338691e-38
1.520482463037256191e-03 5.586206896551724554e+01 5.056503012788574105e-38
2.405046001651820267e-03 5.586206896551724554e+01 6.538919099023709528e-38
3.804217681345061462e-03 5.586206896551724554e+01 8.473449110241818794e-38
6.017378527112885768e-03 5.586206896551724554e+01 1.107396838119388547e-37
9.518078977477662309e-03 5.586206896551724554e+01 1.445397256204352529e-37
1.505536456005016586e-02 5.586206896551724554e+01 1.896323984960077306e-37
2.381404930263371703e-02 5.586206896551724554e+01 2.502098906112809304e-37
3.766823061150634255e-02 5.586206896551724554e+01 3.302336200373841086e-37
5.958229024262175905e-02 5.586206896551724554e+01 4.430981416090671246e-37
9.424518361825032220e-02 5.586206896551724554e+01 6.210036529165659196e-37
1.490737364923232500e-01 5.586206896551724554e+01 9.576048736248958436e-37
2.357996245388948031e-01 5.586206896551724554e+01 1.809468456862647329e-36
3.729796021819513641e-01 5.586206896551724554e+01 1.905528510603307546e-35
5.899660947969835867e-01 5.586206896551724554e+01 0.000000000000000000e+00
9.999999999999999547e-08 6.206896551724138078e+01 3.914985152037211134e-40
1.581765038478375206e-07 6.206896551724138078e+01 4.927003121584850023e-40
2.501980636952495318e-07 6.206896551724138078e+01 6.181295637266106646e-40
3.957545498481313547e-07 6.206896551724138078e+01 7.781996320035498172e-40
6.259907107685227244e-07 6.206896551724138078e+01 9.797436688118726095e-40
9.901702207058776949e-07 6.206896551724138078e+01 1.231717342045271418e-39
1.566216637254973893e-06 6.206896551724138078e+01 1.551194911351185798e-39
2.477386719493084971e-06 6.206896551724138078e+01 1.954643409039643633e-39
3.918643699684795082e-06 6.206896551724138078e+01 2.460763153929343965e-39
6.198373602414974549e-06 6.206896551724138078e+01 3.095082776519289125e-39
9.804370659727267644e-06 6.206896551724138078e+01 3.902370053562742668e-39
1.550821073383975258e-05 6.206896551724138078e+01 4.914527189268507537e-39
2.453034554814278694e-05 6.206896551724138078e+01 6.199426545186751817e-39
3.880124296984591311e-05 6.206896551724138078e+01 7.827674038172642423e-39
6.137444957920709968e-05 6.206896551724138078e+01 9.857607794925296318e-39
9.707995860024360021e-05 6.206896551724138078e+01 1.249645100531060750e-38
1.535576844507935347e-04 6.206896551724138078e+01 1.579540493190922491e-38
2.428921766539596401e-04 6.206896551724138078e+01 2.004595084557511633e-38
3.841983531511471432e-04 6.206896551724138078e+01 2.543073728293198943e-38
6.077115228554525470e-04 6.206896551724138078e+01 3.239852224825094405e-38
9.612568403332068419e-04 6.206896551724138078e+01 4.127421628241993578e-38
1.520482463037256191e-03 6.206896551724138078e+01 5.283956959713656420e-38
2.405046001651820267e-03 6.206896551724138078e+01 6.782149802927582582e-38
3.804217681345061462e-03 6.206896551724138078e+01 8.734505839587618970e-38
6.017378527112885768e-03 6.206896551724138078e+01 1.125503493521110244e-37
9.518078977477662309e-03 6.206896551724138078e+01 1.457509980040443333e-37
1.505536456005016586e-02 6.206896551724138078e+01 1.882654348408651066e-37
2.381404930263371703e-02 6.206896551724138078e+01 2.432031225354526812e-37
3.766823061150634255e-02 6.206896551724138078e+01 3.159145702678944419e-37
5.958229024262175905e-02 6.206896551724138078e+01 4.169317661683364096e-37
9.424518361825032220e-02 6.206896551724138078e+01 5.745683876382955886e-37
1.490737364923232500e-01 6.206896551724138078e+01 8.780181786006497309e-37
2.357996245388948031e-01 6.206896551724138078e+01 1.676901785096518900e-36
3.729796021819513641e-01 6.206896551724138078e+01 2.215742204957369142e-35
5.899660947969835867e-01 6.206896551724138078e+01 0.000000000000000000e+00
9.999999999999999547e-08 6.827586206896552312e+01 4.118016170682617895e-40
1.581765038478375206e-07 6.827586206896552312e+01 5.166303806506337431e-40
2.501980636952495318e-07 6.827586206896552312e+01 6.500969591301549799e-40
3.957545498481313547e-07 6.827586206896552312e+01 8.194744387755475711e-40
6.259907107685227244e-07 6.827586206896552312e+01 1.031304539010869904e-39
9.901702207058776949e-07 6.827586206896552312e+01 1.299805233988967028e-39
1.566216637254973893e-06 6.827586206896552312e+01 1.625943072576325416e-39
2.477386719493084971e-06 6.827586206896552312e+01 2.053809781344485344e-39
3.918643699684795082e-06 6.827586206896552312e+01 2.584349083653763470e-39
6.198373602414974549e-06 6.827586206896552312e+01 3.249779010726314781e-39
9.804370659727267644e-06 6.827586206896552312e+01 4.092882689698942602e-39
1.550821073383975258e-05 6.827586206896552312e+01 5.148305149324255085e-39
2.453034554814278694e-05 6.827586206896552312e+01 6.513844787150679978e-39
3.880124296984591311e-05 6.827586206896552312e+01 8.211453929165902520e-39
6.137444957920709968e-05 6.827586206896552312e+01 1.035914227310004708e-38
9.707995860024360021e-05 6.827586206896552312e+01 1.307990316766264362e-38
1.535576844507935347e-04 6.827586206896552312e+01 1.650759136467708125e-38
2.428921766539596401e-04 6.827586206896552312e+01 2.084128672168060080e-38
3.841983531511471432e-04 6.827586206896552312e+01 2.644319754582745074e-38
6.077115228554525470e-04 6.827586206896552312e+01 3.355380229424909937e-38
9.612568403332068419e-04 6.827586206896552312e+01 4.270173174524746627e-38
1.520482463037256191e-03 6.827586206896552312e+01 5.431020217681359715e-38
2.405046001651820267e-03 6.827586206896552312e+01 6.926474893930739506e-38
3.804217681345061462e-03 6.827586206896552312e+01 8.839039549987678617e-38
6.017378527112885768e-03 6.827586206896552312e+01 1.131805865908814006e-37
9.518078977477662309e-03 6.827586206896552312e+01 1.441270367482169512e-37
1.505536456005016586e-02 6.827586206896552312e+01 1.839789479535819953e-37
2.381404930263371703e-02 6.827586206896552312e+01 2.342889315028004692e-37
3.766823061150634255e-02 6.827586206896552312e+01 2.996130661467637186e-37
5.958229024262175905e-02 6.827586206896552312e+01 3.872103199709365980e-37
9.424518361825032220e-02 6.827586206896552312e+01 5.308321752928878539e-37
1.490737364923232500e-01 6.827586206896552312e+01 8.067471075222770071e-37
2.357996245388948031e-01 6.827586206896552312e+01 1.614372663441748902e-36
3.729796021819513641e-01 6.827586206896552312e+01 2.006265056502057302e-35
5.899660947969835867e-01 6.827586206896552312e+01 0.000000000000000000e+00
9.999999999999999547e-08 7.448275862068965125e+01 4.266954509032710876e-40
1.581765038478375206e-07 7.448275862068965125e+01 5.365219197007832874e-40
2.501980636952495318e-07 7.448275862068965125e+01 6.765902490991819080e-40
3.957545498481313547e-07 7.448275862068965125e+01 8.475429818142785427e-40
6.259907107685227244e-07 7.448275862068965125e+01 1.070405463853179524e-39
9.901702207058776949e-07 7.448275862068965125e+01 1.344574697469483990e-39
1.566216637254973893e-06 7.448275862068965125e+01 1.691004979367342974e-39
2.477386719493084971e-06 7.448275862068965125e+01 2.128194708748241716e-39
3.918643699684795082e-06 7.448275862068965125e+01 2.673886995644840860e-39
6.198373602414974549e-06 7.448275862068965125e+01 3.368895637504839853e-39
9.804370659727267644e-06 7.448275862068965125e+01 4.260605685990273751e-39
1.550821073383975258e-05 7.448275862068965125e+01 5.338997891051162349e-39
2.453034554814278694e-05 7.448275862068965125e+01 6.723358568667126251e-39
3.880124296984591311e-05 7.448275862068965125e+01 8.485162973633442300e-39
6.137444957920709968e-05 7.448275862068965125e+01 1.066755173676465891e-38
9.707995860024360021e-05 7.448275862068965125e+01 1.349353151993597932e-38
1.535576844507935347e-04 7.448275862068965125e+01 1.700348221688892758e-38
2.428921766539596401e-04 7.448275862068965125e+01 2.142828762314115217e-38
3.841983531511471432e-04 7.448275862068965125e+01 2.714422957052719517e-38
6.077115228554525470e-04 7.448275862068965125e+01 3.430290737513611211e-38
9.612568403332068419e-04 7.448275862068965125e+01 4.344957943144979676e-38
1.520482463037256191e-03 7.448275862068965125e+01 5.501707433322716510e-38
2.405046001651820267e-03 7.448275862068965125e+01 6.977413452461972862e-38
3.804217681345061462e-03 7.448275862068965125e+01 8.842480908703664287e-38
6.017378527112885768e-03 7.448275862068965125e+01 1.118630944206021826e-37
9.518078977477662309e-03 7.448275862068965125e+01 1.411785489913125277e-37
1.505536456005016586e-02 7.448275862068965125e+01 1.777070520780638693e-37
2.381404930263371703e-02 7.448275862068965125e+01 2.235243297836950503e-37
3.766823061150634255e-02 7.448275862068965125e+01 2.809036972340380882e-37
5.958229024262175905e-02 7.448275862068965125e+01 3.611282846838079867e-37
9.424518361825032220e-02 7.448275862068965125e+01 4.893386297745914513e-37
1.490737364923232500e-01 7.448275862068965125e+01 7.417597964107386471e-37
2.357996245388948031e-01 7.448275862068965125e+01 1.662369033498289311e-36
3.729796021819513641e-01 7.448275862068965125e+01 1.502905213105101803e-35
5.899660947969835867e-01 7.448275862068965125e+01 0.000000000000000000e+00
9.999999999999999547e-08 8.068965517241380780e+01 4.366307312529685663e-40
1.581765038478375206e-07 8.068965517241380780e+01 5.494365586072771739e-40
2.501980636952495318e-07 8.068965517241380780e+01 6.917049940843388865e-40
3.957545498481313547e-07 8.068965517241380780e+01 8.693126082350669667e-40
6.259907107685227244e-07 8.068965517241380780e+01 1.091925952207677703e-39
9.901702207058776949e-07 8.068965517241380780e+01 1.375605160822726321e-39
1.566216637254973893e-06 8.068965517241380780e+01 1.729527562758392989e-39
2.477386719493084971e-06 8.068965517241380780e+01 2.172701260251279221e-39
3.918643699684795082e-06 8.068965517241380780e+01 2.742601408329577258e-39
6.198373602414974549e-06 8.068965517241380780e+01 3.449186756562140871e-39
9.804370659727267644e-06 8.068965517241380780e+01 4.338290736366214408e-39
1.550821073383975258e-05 8.068965517241380780e+01 5.444246063242498567e-39
2.453034554814278694e-05 8.068965517241380780e+01 6.879073662905976718e-39
3.880124296984591311e-05 8.068965517241380780e+01 8.640356908346995399e-39
6.137444957920709968e-05 8.068965517241380780e+01 1.089311349950331496e-38
9.707995860024360021e-05 8.068965517241380780e+01 1.371339808797679984e-38
1.535576844507935347e-04 8.068965517241380780e+01 1.729734158190857289e-38
2.428921766539596401e-04 8.068965517241380780e+01 2.178972364410092643e-38
3.841983531511471432e-04 8.068965517241380780e+01 2.751222361974300304e-38
6.077115228554525470e-04 8.068965517241380780e+01 3.457394992605673356e-38
9.612568403332068419e-04 8.068965517241380780e+01 4.361705621563140405e-38
1.520482463037256191e-03 8.068965517241380780e+01 5.513936764854326682e-38
2.405046001651820267e-03 8.068965517241380780e+01 6.942570181627485997e-38
3.804217681345061462e-03 8.068965517241380780e+01 8.726587714854677441e-38
6.017378527112885768e-03 8.068965517241380780e+01 1.096981976882123029e-37
9.518078977477662309e-03 8.068965517241380780e+01 1.368974509350392540e-37
1.505536456005016586e-02 8.068965517241380780e+01 1.703231579170477476e-37
2.381404930263371703e-02 8.068965517241380780e+01 2.111354508037482481e-37
3.766823061150634255e-02 8.068965517241380780e+01 2.631985916887173818e-37
5.958229024262175905e-02 8.068965517241380780e+01 3.344412011313264808e-37
9.424518361825032220e-02 8.068965517241380780e+01 4.509791701267582738e-37
1.490737364923232500e-01 8.068965517241380780e+01 6.817611161935239964e-37
2.357996245388948031e-01 8.068965517241380780e+01 1.853789817824626488e-36
3.729796021819513641e-01 8.068965517241380780e+01 1.040674870636497981e-35
5.899660947969835867e-01 8.068965517241380780e+01 0.000000000000000000e+00
9.999999999999999547e-08 8.689655172413793593e+01 4.418642706555046654e-40
1.581765038478375206e-07 8.689655172413793593e+01 5.560070426006900135e-40
2.501980636952495318e-07 8.689655172413793593e+01 6.990747435169229552e-40
3.957545498481313547e-07 8.689655172413793593e+01 8.799197566015838366e-40
6.259907107685227244e-07 8.689655172413793593e+01 1.108426517563577267e-39
9.901702207058776949e-07 8.689655172413793593e+01 1.393767632385389935e-39
1.566216637254973893e-06 8.689655172413793593e+01 1.749609967923607610e-39
2.477386719493084971e-06 8.689655172413793593e+01 2.202989907030924922e-39
3.918643699684795082e-06 8.689655172413793593e+01 2.773243093594533204e-39
6.198373602414974549e-06 8.689655172413793593e+01 3.486880311393973250e-39
9.804370659727267644e-06 8.689655172413793593e+01 4.378168299276549836e-39
1.550821073383975258e-05 8.689655172413793593e+01 5.505584916542857516e-39
2.453034554814278694e-05 8.689655172413793593e+01 6.921585246729090287e-39
3.880124296984591311e-05 8.689655172413793593e+01 8.685852565202634807e-39
6.137444957920709968e-05 8.689655172413793593e+01 1.098432186859512692e-38
9.707995860024360021e-05 8.689655172413793593e+01 1.378668408586500673e-38
1.535576844507935347e-04 8.689655172413793593e+01 1.735069737307818883e-38
2.428921766539596401e-04 8.689655172413793593e+01 2.180238455680038725e-38
3.841983531511471432e-04 8.689655172413793593e+01 2.746337411037688915e-38
6.077115228554525470e-04 8.689655172413793593e+01 3.449457303178443543e-38
9.612568403332068419e-04 8.689655172413793593e+01 4.337092638825195019e-38
1.520482463037256191e-03 8.689655172413793593e+01 5.451094734761710434e-38
2.405046001651820267e-03 8.689655172413793593e+01 6.823922394780387046e-38
3.804217681345061462e-03 8.689655172413793593e+01 8.503922064577634876e-38
6.017378527112885768e-03 8.689655172413793593e+01 1.060363244635335070e-37
9.518078977477662309e-03 8.689655172413793593e+01 1.314044528842576418e-37
1.505536456005016586e-02 8.689655172413793593e+01 1.611783452376955059e-37
2.381404930263371703e-02 8.689655172413793593e+01 1.980667018002899987e-37
3.766823061150634255e-02 8.689655172413793593e+01 2.445945348120055511e-37
5.958229024262175905e-02 8.689655172413793593e+01 3.094468547854863240e-37
9.424518361825032220e-02 8.689655172413793593e+01 4.149377358529967647e-37
1.490737364923232500e-01 8.689655172413793593e+01 6.252701128033967237e-37
2.357996245388948031e-01 8.689655172413793593e+01 2.193597758425717434e-36
3.729796021819513641e-01 8.689655172413793593e+01 6.821209630369605792e-36
5.899660947969835867e-01 8.689655172413793593e+01 0.000000000000000000e+00
9.999999999999999547e-08 9.310344827586206407e+01 4.419786000711179261e-40
1.581765038478375206e-07 9.310344827586206407e+01 5.550806856356991870e-40
2.501980636952495318e-07 9.310344827586206407e+01 6.989520171076932536e-40
3.957545498481313547e-07 9.310344827586206407e+01 8.784797709915093156e-40
6.259907107685227244e-07 9.310344827586206407e+01 1.106878890017765501e-39
9.901702207058776949e-07 9.310344827586206407e+01 1.392032443027749443e-39
1.566216637254973893e-06 9.310344827586206407e+01 1.748087183359256487e-39
2.477386719493084971e-06 9.310344827586206407e+01 2.197467359735700436e-39
3.918643699684795082e-06 9.310344827586206407e+01 2.763289464776859605e-39
6.198373602414974549e-06 9.310344827586206407e+01 3.472714635863656796e-39
9.804370659727267644e-06 9.310344827586206407e+01 4.377654692788748068e-39
1.550821073383975258e-05 9.310344827586206407e+01 5.500027427195002819e-39
2.453034554814278694e-05 9.310344827586206407e+01 6.916293496759070842e-39
3.880124296984591311e-05 9.310344827586206407e+01 8.686061874525902894e-39
6.137444957920709968e-05 9.310344827586206407e+01 1.089814431658997341e-38
9.707995860024360021e-05 9.310344827586206407e+01 1.369618715761072697e-38
1.535576844507935347e-04 9.310344827586206407e+01 1.722646446424029420e-38
2.428921766539596401e-04 9.310344827586206407e+01 2.162630999793127954e-38
3.841983531511471432e-04 9.310344827586206407e+01 2.710196652265071202e-38
6.077115228554525470e-04 9.310344827586206407e+01 3.396329035426398258e-38
9.612568403332068419e-04 9.310344827586206407e+01 4.261406227970858973e-38
1.520482463037256191e-03 9.310344827586206407e+01 5.320916191499670892e-38
2.405046001651820267e-03 9.310344827586206407e+01 6.642937975178387286e-38
3.804217681345061462e-03 9.310344827586206407e+01 8.228624492726625574e-38
6.017378527112885768e-03 9.310344827586206407e+01 1.017812725822721873e-37
9.518078977477662309e-03 9.310344827586206407e+01 1.248868950197468405e-37
1.505536456005016586e-02 9.310344827586206407e+01 1.522447982569798366e-37
2.381404930263371703e-02 9.310344827586206407e+01 1.850115527502577592e-37
3.766823061150634255e-02 9.310344827586206407e+01 2.268474481200853518e-37
5.958229024262175905e-02 9.310344827586206407e+01 2.842009001520789281e-37
9.424518361825032220e-02 9.310344827586206407e+01 3.790021589511266188e-37
1.490737364923232500e-01 9.310344827586206407e+01 5.801186439650859576e-37
2.357996245388948031e-01 9.310344827586206407e+01 2.733074942663225830e-36
3.729796021819513641e-01 9.310344827586206407e+01 4.109651218452211079e-36
5.899660947969835867e-01 9.310344827586206407e+01 0.000000000000000000e+00
9.999999999999999547e-08 9.931034482758620641e+01 4.362080567371420727e-40
1.581765038478375206e-07 9.931034482758620641e+01 5.494034588059675797e-40
2.501980636952495318e-07 9.931034482758620641e+01 6.891329488978587550e-40
3.957545498481313547e-07 9.931034482758620641e+01 8.680427125497339044e-40
6.259907107685227244e-07 9.931034482758620641e+01 1.091675126356852348e-39
9.901702207058776949e-07 9.931034482758620641e+01 1.374422099106536694e-39
1.566216637254973893e-06 9.931034482758620641e+01 1.727071041281523682e-39
2.477386719493084971e-06 9.931034482758620641e+01 2.166793789061100563e-39
3.918643699684795082e-06 9.931034482758620641e+01 2.727488044000896075e-39
6.198373602414974549e-06 9.931034482758620641e+01 3.434953934291403327e-39
9.804370659727267644e-06 9.931034482758620641e+01 4.316679932174813991e-39
1.550821073383975258e-05 9.931034482758620641e+01 5.431082755649177258e-39
2.453034554814278694e-05 9.931034482758620641e+01 6.814528796761547143e-39
3.880124296984591311e-05 9.931034482758620641e+01 8.544978841320125490e-39
6.137444957920709968e-05 9.931034482758620641e+01 1.072926109826512536e-38
9.707995860024360021e-05 9.931034482758620641e+01 1.344034267840482787e-38
1.535576844507935347e-04 9.931034482758620641e+01 1.690930769611428094e-38
2.428921766539596401e-04 9.931034482758620641e+01 2.119725963553979221e-38
3.841983531511471432e-04 9.931034482758620641e+01 2.651690450909641135e-38
6.077115228554525470e-04 9.931034482758620641e+01 3.313372772335928516e-38
9.612568403332068419e-04 9.931034482758620641e+01 4.124538701499208730e-38
1.520482463037256191e-03 9.931034482758620641e+01 5.157509830244370239e-38
2.405046001651820267e-03 9.931034482758620641e+01 6.394917029144185434e-38
3.804217681345061462e-03 9.931034482758620641e+01 7.870304782366415224e-38
6.017378527112885768e-03 9.931034482758620641e+01 9.661954582619735374e-38
9.518078977477662309e-03 9.931034482758620641e+01 1.175304000912478688e-37
1.505536456005016586e-02 9.931034482758620641e+01 1.421762743935351225e-37
2.381404930263371703e-02 9.931034482758620641e+01 1.717893698155957848e-37
3.766823061150634255e-02 9.931034482758620641e+01 2.088806404155830723e-37
5.958229024262175905e-02 9.931034482758620641e+01 2.608509725690557671e-37
9.424518361825032220e-02 9.931034482758620641e+01 3.471001406657692455e-37
1.490737364923232500e-01 9.931034482758620641e+01 5.378518216027570535e-37
2.357996245388948031e-01 9.931034482758620641e+01 3.297176121470543699e-36
3.729796021819513641e-01 9.931034482758620641e+01 2.218377583813019216e-36
5.899660947969835867e-01 9.931034482758620641e+01 0.000000000000000000e+00
9.999999999999999547e-08 1.055172413793103630e+02 4.266906935268473326e-40
1.581765038478375206e-07 1.055172413793103630e+02 5.346538507430983698e-40
2.501980636952495318e-07 1.055172413793103630e+02 6.714986327849742489e-40
3.957545498481313547e-07 1.055172413793103630e+02 8.477957211830571663e-40
6.259907107685227244e-07 1.055172413793103630e+02 1.065476047636340209e-39
9.901702207058776949e-07 1.055172413793103630e+02 1.343415642643196608e-39
1.566216637254973893e-06 1.055172413793103630e+02 1.683910239907882463e-39
2.477386719493084971e-06 1.055172413793103630e+02 2.116740523343263671e-39
3.918643699684795082e-06 1.055172413793103630e+02 2.660021630226785787e-39
6.198373602414974549e-06 1.055172413793103630e+02 3.347940545566767903e-39
9.804370659727267644e-06 1.055172413793103630e+02 4.201121591673773237e-39
1.550821073383975258e-05 1.055172413793103630e+02 5.275049858037246947e-39
2.453034554814278694e-05 1.055172413793103630e+02 6.617574556062696223e-39
3.880124296984591311e-05 1.055172413793103630e+02 8.310452676045492191e-39
6.137444957920709968e-05 1.055172413793103630e+02 1.043067474924456155e-38
9.707995860024360021e-05 1.055172413793103630e+02 1.306971230056630751e-38
1.535576844507935347e-04 1.055172413793103630e+02 1.640816760790630587e-38
2.428921766539596401e-04 1.055172413793103630e+02 2.054195625891059294e-38
3.841983531511471432e-04 1.055172413793103630e+02 2.564485431689149736e-38
6.077115228554525470e-04 1.055172413793103630e+02 3.195447140604931172e-38
9.612568403332068419e-04 1.055172413793103630e+02 3.978397008167274116e-38
1.520482463037256191e-03 1.055172413793103630e+02 4.917099655843286691e-38
2.405046001651820267e-03 1.055172413793103630e+02 6.077934009115240009e-38
3.804217681345061462e-03 1.055172413793103630e+02 7.448599466036772878e-38
6.017378527112885768e-03 1.055172413793103630e+02 9.082785823249389002e-38
9.518078977477662309e-03 1.055172413793103630e+02 1.096685404055660800e-37
1.505536456005016586e-02 1.055172413793103630e+02 1.318588877378221579e-37
2.381404930263371703e-02 1.055172413793103630e+02 1.581723264631255611e-37
3.766823061150634255e-02 1.055172413793103630e+02 1.911326526282572109e-37
5.958229024262175905e-02 1.055172413793103630e+02 2.377052454318709654e-37
9.424518361825032220e-02 1.055172413793103630e+02 3.158478439070016158e-37
1.490737364923232500e-01 1.055172413793103630e+02 5.061628738420683998e-37
2.357996245388948031e-01 1.055172413793103630e+02 3.680172388998840615e-36
3.729796021819513641e-01 1.055172413793103630e+02 1.060471399782509680e-36
5.899660947969835867e-01 1.055172413793103630e+02 0.000000000000000000e+00
9.999999999999999547e-08 1.117241379310344911e+02 4.103618605144449472e-40
1.581765038478375206e-07 1.117241379310344911e+02 5.167795791371185297e-40
2.501980636952495318e-07 1.117241379310344911e+02 6.485409796256421513e-40
3.957545498481313547e-07 1.117241379310344911e+02 8.179562427187372453e-40
6.259907107685227244e-07 1.117241379310344911e+02 1.025012922365762468e-39
9.901702207058776949e-07 1.117241379310344911e+02 1.286906944206639985e-39
1.566216637254973893e-06 1.117241379310344911e+02 1.622931549538290763e-39
2.477386719493084971e-06 1.117241379310344911e+02 2.035836274830854680e-39
3.918643699684795082e-06 1.117241379310344911e+02 2.566779300820963173e-39
6.198373602414974549e-06 1.117241379310344911e+02 3.218808627260587311e-39
9.804370659727267644e-06 1.117241379310344911e+02 4.045414781538846379e-39
1.550821073383975258e-05 1.117241379310344911e+02 5.080358365912136550e-39
2.453034554814278694e-05 1.117241379310344911e+02 6.372820283144992331e-39
3.880124296984591311e-05 1.117241379310344911e+02 7.977894646923667988e-39
6.137444957920709968e-05 1.117241379310344911e+02 1.000033139020430067e-38
9.707995860024360021e-05 1.117241379310344911e+02 1.256227306411800175e-38
1.535576844507935347e-04 1.117241379310344911e+02 1.567404896162081858e-38
2.428921766539596401e-04 1.117241379310344911e+02 1.958838278710975537e-38
3.841983531511471432e-04 1.117241379310344911e+02 2.445154883123012567e-38
6.077115228554525470e-04 1.117241379310344911e+02 3.036490546021537046e-38
9.612568403332068419e-04 1.117241379310344911e+02 3.763287700515032565e-38
1.520482463037256191e-03 1.117241379310344911e+02 4.653864264210647416e-38
2.405046001651820267e-03 1.117241379310344911e+02 5.716804087508405692e-38
3.804217681345061462e-03 1.117241379310344911e+02 6.972827921031731284e-38
6.017378527112885768e-03 1.117241379310344911e+02 8.451148438566362892e-38
9.518078977477662309e-03 1.117241379310344911e+02 1.014525061503115613e-37
1.505536456005016586e-02 1.117241379310344911e+02 1.209931002810097826e-37
2.381404930263371703e-02 1.117241379310344911e+02 1.444286477189571482e-37
3.766823061150634255e-02 1.117241379310344911e+02 1.738390290640270585e-37
5.958229024262175905e-02 1.117241379310344911e+02 2.158681600674155967e-37
9.424518361825032220e-02 1.117241379310344911e+02 2.866886481121008716e-37
1.490737364923232500e-01 1.117241379310344911e+02 4.809110781137794369e-37
2.357996245388948031e-01 1.117241379310344911e+02 3.753225601822871132e-36
3.729796021819513641e-01 1.117241379310344911e+02 4.519858324791203500e-37
5.899660947969835867e-01 1.117241379310344911e+02 0.000000000000000000e+00
9.999999999999999547e-08 1.179310344827586192e+02 3.904501978576201265e-40
1.581765038478375206e-07 1.179310344827586192e+02 4.904747025018600020e-40
2.501980636952495318e-07 1.179310344827586192e+02 6.174227199929471220e-40
3.957545498481313547e-07 1.179310344827586192e+02 7.767336698162875041e-40
6.259907107685227244e-07 1.179310344827586192e+02 9.766730587377638829e-40
9.901702207058776949e-07 1.179310344827586192e+02 1.226439173291195017e-39
1.566216637254973893e-06 1.179310344827586192e+02 1.539785477101252387e-39
2.477386719493084971e-06 1.179310344827586192e+02 1.935739610781021026e-39
3.918643699684795082e-06 1.179310344827586192e+02 2.439563284022033326e-39
6.198373602414974549e-06 1.179310344827586192e+02 3.061632110840509113e-39
9.804370659727267644e-06 1.179310344827586192e+02 3.839250716727437641e-39
1.550821073383975258e-05 1.179310344827586192e+02 4.814263132756031507e-39
2.453034554814278694e-05 1.179310344827586192e+02 6.035011365350174460e-39
3.880124296984591311e-05 1.179310344827586192e+02 7.589778377157907726e-39
6.137444957920709968e-05 1.179310344827586192e+02 9.505739966709835692e-39
9.707995860024360021e-05 1.179310344827586192e+02 1.189692563862916602e-38
1.535576844507935347e-04 1.179310344827586192e+02 1.482847714151712236e-38
2.428921766539596401e-04 1.179310344827586192e+02 1.849678276616265643e-38
3.841983531511471432e-04 1.179310344827586192e+02 2.296985156421647103e-38
6.077115228554525470e-04 1.179310344827586192e+02 2.853318498291689190e-38
9.612568403332068419e-04 1.179310344827586192e+02 3.527688931668859446e-38
1.520482463037256191e-03 1.179310344827586192e+02 4.339493388949875719e-38
2.405046001651820267e-03 1.179310344827586192e+02 5.296376035146355207e-38
3.804217681345061462e-03 1.179310344827586192e+02 6.429547629052621415e-38
6.017378527112885768e-03 1.179310344827586192e+02 7.759276010219183120e-38
9.518078977477662309e-03 1.179310344827586192e+02 9.295180449518652441e-38
1.505536456005016586e-02 1.179310344827586192e+02 1.104920111335292960e-37
2.381404930263371703e-02 1.179310344827586192e+02 1.309551992363048574e-37
3.766823061150634255e-02 1.179310344827586192e+02 1.570871955938783480e-37
5.958229024262175905e-02 1.179310344827586192e+02 1.944228959353213417e-37
9.424518361825032220e-02 1.179310344827586192e+02 2.578753697155331666e-37
1.490737364923232500e-01 1.179310344827586192e+02 4.623952005584964845e-37
2.357996245388948031e-01 1.179310344827586192e+02 3.555416849571177346e-36
3.729796021819513641e-01 1.179310344827586192e+02 1.773944797691137218e-37
5.899660947969835867e-01 1.179310344827586192e+02 0.000000000000000000e+00
9.999999999999999547e-08 1.241379310344827616e+02 3.661052969109195596e-40
1.581765038478375206e-07 1.241379310344827616e+02 4.602145816777540646e-40
2.501980636952495318e-07 1.241379310344827616e+02 5.780042645274444304e-40
3.957545498481313547e-07 1.241379310344827616e+02 7.270265039652975763e-40
6.259907107685227244e-07 1.241379310344827616e+02 9.163347334647068296e-40
9.901702207058776949e-07 1.241379310344827616e+02 1.147119327935692658e-39
1.566216637254973893e-06 1.241379310344827616e+02 1.444829268245142452e-39
2.477386719493084971e-06 1.241379310344827616e+02 1.813255484742449090e-39
3.918643699684795082e-06 1.241379310344827616e+02 2.282150759402907355e-39
6.198373602414974549e-06 1.241379310344827616e+02 2.857066914093497519e-39
9.804370659727267644e-06 1.241379310344827616e+02 3.580887993587070396e-39
1.550821073383975258e-05 1.241379310344827616e+02 4.501746366085396880e-39
2.453034554814278694e-05 1.241379310344827616e+02 5.651682896289970768e-39
3.880124296984591311e-05 1.241379310344827616e+02 7.070605357092828864e-39
6.137444957920709968e-05 1.241379310344827616e+02 8.853432825602429589e-39
9.707995860024360021e-05 1.241379310344827616e+02 1.106224123801530709e-38
1.535576844507935347e-04 1.241379310344827616e+02 1.382475751902784428e-38
2.428921766539596401e-04 1.241379310344827616e+02 1.719568726251890951e-38
3.841983531511471432e-04 1.241379310344827616e+02 2.138940419061081589e-38
6.077115228554525470e-04 1.241379310344827616e+02 2.646201694225156072e-38
9.612568403332068419e-04 1.241379310344827616e+02 3.261629662476409175e-38
1.520482463037256191e-03 1.241379310344827616e+02 3.993677368470228411e-38
2.405046001651820267e-03 1.241379310344827616e+02 4.879873635391929029e-38
3.804217681345061462e-03 1.241379310344827616e+02 5.888051480806086669e-38
6.017378527112885768e-03 1.241379310344827616e+02 7.059268626612044527e-38
9.518078977477662309e-03 1.241379310344827616e+02 8.415107971256394368e-38
1.505536456005016586e-02 1.241379310344827616e+02 9.959348017113539864e-38
2.381404930263371703e-02 1.241379310344827616e+02 1.174268676832696294e-37
3.766823061150634255e-02 1.241379310344827616e+02 1.401748438266462900e-37
5.958229024262175905e-02 1.241379310344827616e+02 1.732007465467451783e-37
9.424518361825032220e-02 1.241379310344827616e+02 2.305986012640707747e-37
1.490737364923232500e-01 1.241379310344827616e+02 4.505000552039874397e-37
2.357996245388948031e-01 1.241379310344827616e+02 3.116521679701907601e-36
3.729796021819513641e-01 1.241379310344827616e+02 6.615113752952783083e-38
5.899660947969835867e-01 1.241379310344827616e+02 0.000000000000000000e+00
9.999999999999999547e-08 1.303448275862068897e+02 3.370227933806726809e-40
1.581765038478375206e-07 1.303448275862068897e+02 4.243585808625354191e-40
2.501980636952495318e-07 1.303448275862068897e+02 5.325829564310986359e-40
3.957545498481313547e-07 1.303448275862068897e+02 6.697419493209877682e-40
6.259907107685227244e-07 1.303448275862068897e+02 8.423907572201519940e-40
9.901702207058776949e-07 1.303448275862068897e+02 1.056965471112852717e-39
1.566216637254973893e-06 1.303448275862068897e+02 1.328928714485385343e-39
2.477386719493084971e-06 1.303448275862068897e+02 1.671098581420018917e-39
3.918643699684795082e-06 1.303448275862068897e+02 2.095604656321707322e-39
6.198373602414974549e-06 1.303448275862068897e+02 2.627240181266380716e-39
9.804370659727267644e-06 1.303448275862068897e+02 3.297163106566609128e-39
1.550821073383975258e-05 1.303448275862068897e+02 4.145397558378984542e-39
2.453034554814278694e-05 1.303448275862068897e+02 5.177900115305209293e-39
3.880124296984591311e-05 1.303448275862068897e+02 6.498873125495938584e-39
6.137444957920709968e-05 1.303448275862068897e+02 8.136247968741451303e-39
9.707995860024360021e-05 1.303448275862068897e+02 1.013817694186709055e-38
1.535576844507935347e-04 1.303448275862068897e+02 1.265425273436599988e-38
2.428921766539596401e-04 1.303448275862068897e+02 1.576366104256154738e-38
3.841983531511471432e-04 1.303448275862068897e+02 1.947838762061324706e-38
6.077115228554525470e-04 1.303448275862068897e+02 2.409933254144568438e-38
9.612568403332068419e-04 1.303448275862068897e+02 2.959848699742082113e-38
1.520482463037256191e-03 1.303448275862068897e+02 3.617022004077490592e-38
2.405046001651820267e-03 1.303448275862068897e+02 4.396112888785905132e-38
3.804217681345061462e-03 1.303448275862068897e+02 5.305993263171942119e-38
6.017378527112885768e-03 1.303448275862068897e+02 6.338311001844884144e-38
9.518078977477662309e-03 1.303448275862068897e+02 7.509117406208783682e-38
1.505536456005016586e-02 1.303448275862068897e+02 8.841977188659588834e-38
2.381404930263371703e-02 1.303448275862068897e+02 1.041410956605254992e-37
3.766823061150634255e-02 1.303448275862068897e+02 1.239866049257044913e-37
5.958229024262175905e-02 1.303448275862068897e+02 1.530141056557492198e-37
9.424518361825032220e-02 1.303448275862068897e+02 2.042157311768858692e-37
1.490737364923232500e-01 1.303448275862068897e+02 4.370382636626195603e-37
2.357996245388948031e-01 1.303448275862068897e+02 2.619511422277674307e-36
3.729796021819513641e-01 1.303448275862068897e+02 2.587327378469358319e-38
5.899660947969835867e-01 1.303448275862068897e+02 0.000000000000000000e+00
9.999999999999999547e-08 1.365517241379310462e+02 3.036358630318285636e-40
1.581765038478375206e-07 1.365517241379310462e+02 3.818947969952562147e-40
2.501980636952495318e-07 1.365517241379310462e+02 4.793353460486335180e-40
3.957545498481313547e-07 1.365517241379310462e+02 6.040692459181795043e-40
6.259907107685227244e-07 1.365517241379310462e+02 7.607170727066992393e-40
9.901702207058776949e-07 1.365517241379310462e+02 9.530901791933396640e-40
1.566216637254973893e-06 1.365517241379310462e+02 1.198608583402782322e-39
2.477386719493084971e-06 1.365517241379310462e+02 1.505302647399298277e-39
3.918643699684795082e-06 1.365517241379310462e+02 1.888003410508081076e-39
6.198373602414974549e-06 1.365517241379310462e+02 2.373668008838311410e-39
9.804370659727267644e-06 1.365517241379310462e+02 2.971516987668538042e-39
1.550821073383975258e-05 1.365517241379310462e+02 3.724414719406230566e-39
2.453034554814278694e-05 1.365517241379310462e+02 4.684587011840152762e-39
3.880124296984591311e-05 1.365517241379310462e+02 5.847815967320881278e-39
6.137444957920709968e-05 1.365517241379310462e+02 7.305548883102708813e-39
9.707995860024360021e-05 1.365517241379310462e+02 9.126764164295357491e-39
1.535576844507935347e-04 1.365517241379310462e+02 1.135195279922835309e-38
2.428921766539596401e-04 1.365517241379310462e+02 1.409437518062560989e-38
3.841983531511471432e-04 1.365517241379310462e+02 1.745755476002912076e-38
6.077115228554525470e-04 1.365517241379310462e+02 2.153891284990480778e-38
9.612568403332068419e-04 1.365517241379310462e+02 2.638244543050717815e-38
1.520482463037256191e-03 1.365517241379310462e+02 3.217392375168236633e-38
2.405046001651820267e-03 1.365517241379310462e+02 3.889465149350531527e-38
3.804217681345061462e-03 1.365517241379310462e+02 4.683630037149535152e-38
6.017378527112885768e-03 1.365517241379310462e+02 5.574928316560312916e-38
9.518078977477662309e-03 1.365517241379310462e+02 6.589515365217173593e-38
1.505536456005016586e-02 1.365517241379310462e+02 7.729759337170294872e-38
2.381404930263371703e-02 1.365517241379310462e+02 9.088708198167496680e-38
3.766823061150634255e-02 1.365517241379310462e+02 1.080477627989631122e-37
5.958229024262175905e-02 1.365517241379310462e+02 1.331525033113465707e-37
9.424518361825032220e-02 1.365517241379310462e+02 1.779867514762733985e-37
1.490737364923232500e-01 1.365517241379310462e+02 4.185047156913156834e-37
2.357996245388948031e-01 1.365517241379310462e+02 2.119291954476641082e-36
3.729796021819513641e-01 1.365517241379310462e+02 1.084272018947932820e-38
5.899660947969835867e-01 1.365517241379310462e+02 0.000000000000000000e+00
9.999999999999999547e-08 1.427586206896551744e+02 2.677284110760189076e-40
1.581765038478375206e-07 1.427586206896551744e+02 3.365991975913697064e-40
2.501980636952495318e-07 1.427586206896551744e+02 4.224422138869115363e-40
3.957545498481313547e-07 1.427586206896551744e+02 5.300767582087431008e-40
6.259907107685227244e-07 1.427586206896551744e+02 6.665906835424815847e-40
9.901702207058776949e-07 1.427586206896551744e+02 8.389048333852657748e-40
1.566216637254973893e-06 1.427586206896551744e+02 1.054521633885714256e-39
2.477386719493084971e-06 1.427586206896551744e+02 1.325760397534579835e-39
3.918643699684795082e-06 1.427586206896551744e+02 1.659267750349093702e-39
6.198373602414974549e-06 1.427586206896551744e+02 2.086269605796378300e-39
9.804370659727267644e-06 1.427586206896551744e+02 2.617366472812645532e-39
1.550821073383975258e-05 1.427586206896551744e+02 3.273098238520135401e-39
2.453034554814278694e-05 1.427586206896551744e+02 4.110488838518019121e-39
3.880124296984591311e-05 1.427586206896551744e+02 5.142606452331361676e-39
6.137444957920709968e-05 1.427586206896551744e+02 6.417082157936750704e-39
9.707995860024360021e-05 1.427586206896551744e+02 7.988425478352034475e-39
1.535576844507935347e-04 1.427586206896551744e+02 9.952260709398255303e-39
2.428921766539596401e-04 1.427586206896551744e+02 1.233805029985735274e-38
3.841983531511471432e-04 1.427586206896551744e+02 1.525674241928216295e-38
6.077115228554525470e-04 1.427586206896551744e+02 1.875945821900491935e-38
9.612568403332068419e-04 1.427586206896551744e+02 2.303008466241197562e-38
1.520482463037256191e-03 1.427586206896551744e+02 2.797906504218956703e-38
2.405046001651820267e-03 1.427586206896551744e+02 3.381610345020130290e-38
3.804217681345061462e-03 1.427586206896551744e+02 4.057324884197928555e-38
6.017378527112885768e-03 1.427586206896551744e+02 4.799651747417209337e-38
9.518078977477662309e-03 1.427586206896551744e+02 5.662342072518598186e-38
1.505536456005016586e-02 1.427586206896551744e+02 6.649425825641612675e-38
2.381404930263371703e-02 1.427586206896551744e+02 7.767181658829881058e-38
3.766823061150634255e-02 1.427586206896551744e+02 9.232160017160898950e-38
5.958229024262175905e-02 1.427586206896551744e+02 1.135503449193858153e-37
9.424518361825032220e-02 1.427586206896551744e+02 1.524328935022465069e-37
1.490737364923232500e-01 1.427586206896551744e+02 3.954975788731258330e-37
2.357996245388948031e-01 1.427586206896551744e+02 1.686182936003735934e-36
3.729796021819513641e-01 1.427586206896551744e+02 5.026570623640510237e-39
5.899660947969835867e-01 1.427586206896551744e+02 0.000000000000000000e+00
9.999999999999999547e-08 1.489655172413793025e+02 2.283187667362775889e-40
1.581765038478375206e-07 1.489655172413793025e+02 2.873377776697536798e-40
2.501980636952495318e-07 1.489655172413793025e+02 3.606193665348169763e-40
3.957545498481313547e-07 1.489655172413793025e+02 4.526180332179750343e-40
6.259907107685227244e-07 1.489655172413793025e+02 5.691273837904456083e-40
9.901702207058776949e-07 1.489655172413793025e+02 7.148246828360022643e-40
1.566216637254973893e-06 1.489655172413793025e+02 8.979848116317087009e-40
2.477386719493084971e-06 1.489655172413793025e+02 1.125020596297569617e-39
3.918643699684795082e-06 1.489655172413793025e+02 1.418943027921148822e-39
6.198373602414974549e-06 1.489655172413793025e+02 1.774245248875857288e-39
9.804370659727267644e-06 1.489655172413793025e+02 2.226288823654457952e-39
1.550821073383975258e-05 1.489655172413793025e+02 2.781301335624924339e-39
2.453034554814278694e-05 1.489655172413793025e+02 3.491368321570385823e-39
3.880124296984591311e-05 1.489655172413793025e+02 4.370489406132537859e-39
6.137444957920709968e-05 1.489655172413793025e+02 5.440420017665364900e-39
9.707995860024360021e-05 1.489655172413793025e+02 6.791804256635352013e-39
1.535576844507935347e-04 1.489655172413793025e+02 8.456279451325935891e-39
2.428921766539596401e-04 1.489655172413793025e+02 1.048482356038445378e-38
3.841983531511471432e-04 1.489655172413793025e+02 1.294475195799571430e-38
6.077115228554525470e-04 1.489655172413793025e+02 1.591379617001706981e-38
9.612568403332068419e-04 1.489655172413793025e+02 1.939229102569439599e-38
1.520482463037256191e-03 1.489655172413793025e+02 2.360516209784105286e-38
2.405046001651820267e-03 1.489655172413793025e+02 2.847778441197178020e-38
3.804217681345061462e-03 1.489655172413793025e+02 3.398203776698699698e-38
6.017378527112885768e-03 1.489655172413793025e+02 4.025125867733807015e-38
9.518078977477662309e-03 1.489655172413793025e+02 4.729078071717011318e-38
1.505536456005016586e-02 1.489655172413793025e+02 5.527651796901193393e-38
2.381404930263371703e-02 1.489655172413793025e+02 6.465265581705865302e-38
3.766823061150634255e-02 1.489655172413793025e+02 7.659792696744108532e-38
5.958229024262175905e-02 1.489655172413793025e+02 9.411781730327535089e-38
9.424518361825032220e-02 1.489655172413793025e+02 1.273317255559966651e-37
1.490737364923232500e-01 1.489655172413793025e+02 3.571961501084603753e-37
2.357996245388948031e-01 1.489655172413793025e+02 1.301713998983654073e-36
3.729796021819513641e-01 1.489655172413793025e+02 2.620199885586628273e-39
5.899660947969835867e-01 1.489655172413793025e+02 0.000000000000000000e+00
9.999999999999999547e-08 1.551724137931034591e+02 1.856810110579897308e-40
1.581765038478375206e-07 1.551724137931034591e+02 2.334330776031020857e-40
2.501980636952495318e-07 1.551724137931034591e+02 2.921574968538430158e-40
3.957545498481313547e-07 1.551724137931034591e+02 3.678833462032537363e-40
6.259907107685227244e-07 1.551724137931034591e+02 4.624515964894396626e-40
9.901702207058776949e-07 1.551724137931034591e+02 5.818568287365390341e-40
1.566216637254973893e-06 1.551724137931034591e+02 7.298571452778921006e-40
2.477386719493084971e-06 1.551724137931034591e+02 9.173452277940187271e-40
3.918643699684795082e-06 1.551724137931034591e+02 1.150917676680706005e-39
6.198373602414974549e-06 1.551724137931034591e+02 1.442211218032241957e-39
9.804370659727267644e-06 1.551724137931034591e+02 1.810979983867785422e-39
1.550821073383975258e-05 1.551724137931034591e+02 2.270697389632408281e-39
2.453034554814278694e-05 1.551724137931034591e+02 2.839689755133395546e-39
3.880124296984591311e-05 1.551724137931034591e+02 3.545764758364312630e-39
6.137444957920709968e-05 1.551724137931034591e+02 4.425089392269547093e-39
9.707995860024360021e-05 1.551724137931034591e+02 5.511586584426712645e-39
1.535576844507935347e-04 1.551724137931034591e+02 6.848606054035973457e-39
2.428921766539596401e-04 1.551724137931034591e+02 8.488180193135567196e-39
3.841983531511471432e-04 1.551724137931034591e+02 1.048249473183074752e-38
6.077115228554525470e-04 1.551724137931034591e+02 1.287723453373704571e-38
9.612568403332068419e-04 1.551724137931034591e+02 1.571334983104954515e-38
1.520482463037256191e-03 1.551724137931034591e+02 1.904401658110002867e-38
2.405046001651820267e-03 1.551724137931034591e+02 2.295767402849066291e-38
3.804217681345061462e-03 1.551724137931034591e+02 2.736009595085028812e-38
6.017378527112885768e-03 1.551724137931034591e+02 3.228893042861983330e-38
9.518078977477662309e-03 1.551724137931034591e+02 3.787282453096102270e-38
1.505536456005016586e-02 1.551724137931034591e+02 4.411835166329301738e-38
2.381404930263371703e-02 1.551724137931034591e+02 5.158774349954714757e-38
3.766823061150634255e-02 1.551724137931034591e+02 6.111664961063270569e-38
5.958229024262175905e-02 1.551724137931034591e+02 7.516406005250701992e-38
9.424518361825032220e-02 1.551724137931034591e+02 1.019288146540540007e-37
1.490737364923232500e-01 1.551724137931034591e+02 3.080605327531589795e-37
2.357996245388948031e-01 1.551724137931034591e+02 9.680429494946156513e-37
3.729796021819513641e-01 1.551724137931034591e+02 1.416621124204554163e-39
5.899660947969835867e-01 1.551724137931034591e+02 0.000000000000000000e+00
9.999999999999999547e-08 1.613793103448276156e+02 1.408550596093162110e-40
1.581765038478375206e-07 1.613793103448276156e+02 1.774144865212219421e-40
2.501980636952495318e-07 1.613793103448276156e+02 2.220994374064459409e-40
3.957545498481313547e-07 1.613793103448276156e+02 2.805486203565985258e-40
6.259907107685227244e-07 1.613793103448276156e+02 3.522245729686909752e-40
9.901702207058776949e-07 1.613793103448276156e+02 4.428573076586970305e-40
1.566216637254973893e-06 1.613793103448276156e+02 5.564495209105368324e-40
2.477386719493084971e-06 1.613793103448276156e+02 6.974972206445135416e-40
3.918643699684795082e-06 1.613793103448276156e+02 8.740921536593731901e-40
6.198373602414974549e-06 1.613793103448276156e+02 1.098837679908626648e-39
9.804370659727267644e-06 1.613793103448276156e+02 1.375600421395158789e-39
1.550821073383975258e-05 1.613793103448276156e+02 1.723591539952919399e-39
2.453034554814278694e-05 1.613793103448276156e+02 2.156910985137599689e-39
3.880124296984591311e-05 1.613793103448276156e+02 2.692081891106027483e-39
6.137444957920709968e-05 1.613793103448276156e+02 3.359785218565100955e-39
9.707995860024360021e-05 1.613793103448276156e+02 4.180520346770669238e-39
1.535576844507935347e-04 1.613793103448276156e+02 5.197614451323495895e-39
2.428921766539596401e-04 1.613793103448276156e+02 6.437998366840346527e-39
3.841983531511471432e-04 1.613793103448276156e+02 7.922491470665931534e-39
6.077115228554525470e-04 1.613793103448276156e+02 9.727156310027422153e-39
9.612568403332068419e-04 1.613793103448276156e+02 1.186511883153989329e-38
1.520482463037256191e-03 1.613793103448276156e+02 1.433843667570628195e-38
2.405046001651820267e-03 1.613793103448276156e+02 1.727069878426013974e-38
3.804217681345061462e-03 1.613793103448276156e+02 2.061542929274039745e-38
6.017378527112885768e-03 1.613793103448276156e+02 2.428700826502205556e-38
9.518078977477662309e-03 1.613793103448276156e+02 2.845477870317032058e-38
1.505536456005016586e-02 1.613793103448276156e+02 3.311264103939399984e-38
2.381404930263371703e-02 1.613793103448276156e+02 3.871694801492316910e-38
3.766823061150634255e-02 1.613793103448276156e+02 4.566515982069925952e-38
5.958229024262175905e-02 1.613793103448276156e+02 5.606120624911905592e-38
9.424518361825032220e-02 1.613793103448276156e+02 7.658884816053380338e-38
1.490737364923232500e-01 1.613793103448276156e+02 2.463797383092279314e-37
2.357996245388948031e-01 1.613793103448276156e+02 6.827155465048893355e-37
3.729796021819513641e-01 1.613793103448276156e+02 8.051626289102746103e-40
5.899660947969835867e-01 1.613793103448276156e+02 0.000000000000000000e+00
9.999999999999999547e-08 1.675862068965517437e+02 9.502360813614981479e-41
1.581765038478375206e-07 1.675862068965517437e+02 1.193991968273520046e-40
2.501980636952495318e-07 1.675862068965517437e+02 1.499884268238270484e-40
3.957545498481313547e-07 1.675862068965517437e+02 1.889220363351133806e-40
6.259907107685227244e-07 1.675862068965517437e+02 2.369346313842685017e-40
9.901702207058776949e-07 1.675862068965517437e+02 2.973913825036303958e-40
1.566216637254973893e-06 1.675862068965517437e+02 3.739261716481390178e-40
2.477386719493084971e-06 1.675862068965517437e+02 4.691131474051685673e-40
3.918643699684795082e-06 1.675862068965517437e+02 5.889863488693362088e-40
6.198373602414974549e-06 1.675862068965517437e+02 7.391771652382714133e-40
9.804370659727267644e-06 1.675862068965517437e+02 9.260269857158790169e-40
1.550821073383975258e-05 1.675862068965517437e+02 1.160136945360643819e-39
2.453034554814278694e-05 1.675862068965517437e+02 1.451111644448029255e-39
3.880124296984591311e-05 1.675862068965517437e+02 1.806814883602547139e-39
6.137444957920709968e-05 1.675862068965517437e+02 2.263297547797847666e-39
9.707995860024360021e-05 1.675862068965517437e+02 2.811711862070245911e-39
1.535576844507935347e-04 1.675862068965517437e+02 3.495864498801750431e-39
2.428921766539596401e-04 1.675862068965517437e+02 4.319970482098142805e-39
3.841983531511471432e-04 1.675862068965517437e+02 5.316731204137036958e-39
6.077115228554525470e-04 1.675862068965517437e+02 6.538586506505137884e-39
9.612568403332068419e-04 1.675862068965517437e+02 7.934551231618224802e-39
1.520482463037256191e-03 1.675862068965517437e+02 9.645343257058297696e-39
2.405046001651820267e-03 1.675862068965517437e+02 1.156128754738817832e-38
3.804217681345061462e-03 1.675862068965517437e+02 1.375784528078048896e-38
6.017378527112885768e-03 1.675862068965517437e+02 1.622712302838496415e-38
9.518078977477662309e-03 1.675862068965517437e+02 1.897518724666028116e-38
1.505536456005016586e-02 1.675862068965517437e+02 2.207083893665714842e-38
2.381404930263371703e-02 1.675862068965517437e+02 2.570137279274529938e-38
3.766823061150634255e-02 1.675862068965517437e+02 3.035748396627603684e-38
5.958229024262175905e-02 1.675862068965517437e+02 3.740352406925611623e-38
9.424518361825032220e-02 1.675862068965517437e+02 5.101164103334334558e-38
1.490737364923232500e-01 1.675862068965517437e+02 1.723528330513199524e-37
2.357996245388948031e-01 1.675862068965517437e+02 4.376366373332208299e-37
3.729796021819513641e-01 1.675862068965517437e+02 4.358844925851622539e-40
5.899660947969835867e-01 1.675862068965517437e+02 0.000000000000000000e+00
9.999999999999999547e-08 1.737931034482758719e+02 4.767297041834094209e-41
1.581765038478375206e-07 1.737931034482758719e+02 5.989931414962523806e-41
2.501980636952495318e-07 1.737931034482758719e+02 7.538972267213364393e-41
3.957545498481313547e-07 1.737931034482758719e+02 9.475369624066794520e-41
6.259907107685227244e-07 1.737931034482758719e+02 1.192412574774170990e-40
9.901702207058776949e-07 1.737931034482758719e+02 1.497544341479270865e-40
1.566216637254973893e-06 1.737931034482758719e+02 1.881373667315651374e-40
2.477386719493084971e-06 1.737931034482758719e+02 2.358328319431436018e-40
3.918643699684795082e-06 1.737931034482758719e+02 2.962158246263008816e-40
6.198373602414974549e-06 1.737931034482758719e+02 3.722550552041042124e-40
9.804370659727267644e-06 1.737931034482758719e+02 4.658228752383331813e-40
1.550821073383975258e-05 1.737931034482758719e+02 5.846247197419660803e-40
2.453034554814278694e-05 1.737931034482758719e+02 7.303028149717349613e-40
3.880124296984591311e-05 1.737931034482758719e+02 9.112790748289219179e-40
6.137444957920709968e-05 1.737931034482758719e+02 1.136128444919874147e-39
9.707995860024360021e-05 1.737931034482758719e+02 1.411285009160792752e-39
1.535576844507935347e-04 1.737931034482758719e+02 1.752623690201171922e-39
2.428921766539596401e-04 1.737931034482758719e+02 2.167463568964167064e-39
3.841983531511471432e-04 1.737931034482758719e+02 2.673491801793308799e-39
6.077115228554525470e-04 1.737931034482758719e+02 3.275089956796297167e-39
9.612568403332068419e-04 1.737931034482758719e+02 3.988274216868101810e-39
1.520482463037256191e-03 1.737931034482758719e+02 4.829445556593147997e-39
2.405046001651820267e-03 1.737931034482758719e+02 5.793963723741647148e-39
3.804217681345061462e-03 1.737931034482758719e+02 6.892146407737466704e-39
6.017378527112885768e-03 1.737931034482758719e+02 8.121503827041681520e-39
9.518078977477662309e-03 1.737931034482758719e+02 9.506624614734802860e-39
1.505536456005016586e-02 1.737931034482758719e+02 1.103243230636218738e-38
2.381404930263371703e-02 1.737931034482758719e+02 1.283012559234375403e-38
3.766823061150634255e-02 1.737931034482758719e+02 1.522778939595646381e-38
5.958229024262175905e-02 1.737931034482758719e+02 1.864994159569463763e-38
9.424518361825032220e-02 1.737931034482758719e+02 2.560857315162982192e-38
1.490737364923232500e-01 1.737931034482758719e+02 8.791828952220336032e-38
2.357996245388948031e-01 1.737931034482758719e+02 2.122600675706896455e-37
3.729796021819513641e-01 1.737931034482758719e+02 1.955666180659672470e-40
5.899660947969835867e-01 1.737931034482758719e+02 0.000000000000000000e+00
9.999999999999999547e-08 1.800000000000000000e+02 5.422883428128930868e-56
1.581765038478375206e-07 1.800000000000000000e+02 6.814309010669645061e-56
2.501980636952495318e-07 1.800000000000000000e+02 8.570285171469018284e-56
3.957545498481313547e-07 1.800000000000000000e+02 1.074258561165584646e-55
6.259907107685227244e-07 1.800000000000000000e+02 1.351716907605823082e-55
9.901702207058776949e-07 1.800000000000000000e+02 1.697149722978120064e-55
1.566216637254973893e-06 1.800000000000000000e+02 2.132583228410877464e-55
2.477386719493084971e-06 1.800000000000000000e+02 2.671201091041298846e-55
3.918643699684795082e-06 1.800000000000000000e+02 3.353040298428036109e-55
6.198373602414974549e-06 1.800000000000000000e+02 4.199243746484431429e-55
9.804370659727267644e-06 1.800000000000000000e+02 5.280060273307102433e-55
1.550821073383975258e-05 1.800000000000000000e+02 6.601245266973779123e-55
2.453034554814278694e-05 1.800000000000000000e+02 0.000000000000000000e+00
3.880124296984591311e-05 1.800000000000000000e+02 1.033180576142745257e-54
6.137444957920709968e-05 1.800000000000000000e+02 1.288252115953657438e-54
9.707995860024360021e-05 1.800000000000000000e+02 0.000000000000000000e+00
1.535576844507935347e-04 1.800000000000000000e+02 1.985319732001023921e-54
2.428921766539596401e-04 1.800000000000000000e+02 2.464477503339744055e-54
3.841983531511471432e-04 1.800000000000000000e+02 3.026083586807429144e-54
6.077115228554525470e-04 1.800000000000000000e+02 3.709819325818355594e-54
9.612568403332068419e-04 1.800000000000000000e+02 0.000000000000000000e+00
1.520482463037256191e-03 1.800000000000000000e+02 5.473799997826179737e-54
2.405046001651820267e-03 1.800000000000000000e+02 6.559837756703034565e-54
3.804217681345061462e-03 1.800000000000000000e+02 7.796950727450097034e-54
6.017378527112885768e-03 1.800000000000000000e+02 9.177598841082163801e-54
9.518078977477662309e-03 1.800000000000000000e+02 1.073140359537105436e-53
1.505536456005016586e-02 1.800000000000000000e+02 1.247843959949814440e-53
2.381404930263371703e-02 1.800000000000000000e+02 1.451616816952736082e-53
3.766823061150634255e-02 1.800000000000000000e+02 1.716820319784419505e-53
5.958229024262175905e-02 1.800000000000000000e+02 0.000000000000000000e+00
9.424518361825032220e-02 1.800000000000000000e+02 2.893387629025470957e-53
1.490737364923232500e-01 1.800000000000000000e+02 1.012825796815308408e-52
2.357996245388948031e-01 1.800000000000000000e+02 0.000000000000000000e+00
3.729796021819513641e-01 1.800000000000000000e+02 2.136952082244811329e-55
5.899660947969835867e-01 1.800000000000000000e+02 0.000000000000000000e+00
