# atom 16: Tchi 0.6210169418915616 [GeV]; m_chi = 0.02 [GeV]; mS = 0.06 [GeV]; gchi =0.01; gN = 0.01
# Tchi^prime [GeV], theta [degree] ,dsigma/dTchip dtheta [cm^2/GeV]
9.999999999999999547e-08 0.000000000000000000e+00 0.000000000000000000e+00
1.581765038478375206e-07 0.000000000000000000e+00 0.000000000000000000e+00
2.501980636952495318e-07 0.000000000000000000e+00 0.000000000000000000e+00
3.957545498481313547e-07 0.000000000000000000e+00 0.000000000000000000e+00
6.259907107685227244e-07 0.000000000000000000e+00 0.000000000000000000e+00
9.901702207058776949e-07 0.000000000000000000e+00 0.000000000000000000e+00
1.566216637254973893e-06 0.000000000000000000e+00 0.000000000000000000e+00
2.477386719493084971e-06 0.000000000000000000e+00 0.000000000000000000e+00
3.918643699684795082e-06 0.000000000000000000e+00 0.000000000000000000e+00
6.198373602414974549e-06 0.000000000000000000e+00 0.000000000000000000e+00
9.804370659727267644e-06 0.000000000000000000e+00 0.000000000000000000e+00
1.550821073383975258e-05 0.000000000000000000e+00 0.000000000000000000e+00
2.453034554814278694e-05 0.000000000000000000e+00 0.000000000000000000e+00
3.880124296984591311e-05 0.000000000000000000e+00 0.000000000000000000e+00
6.137444957920709968e-05 0.000000000000000000e+00 0.000000000000000000e+00
9.707995860024360021e-05 0.000000000000000000e+00 0.000000000000000000e+00
1.535576844507935347e-04 0.000000000000000000e+00 0.000000000000000000e+00
2.428921766539596401e-04 0.000000000000000000e+00 0.000000000000000000e+00
3.841983531511471432e-04 0.000000000000000000e+00 0.000000000000000000e+00
6.077115228554525470e-04 0.000000000000000000e+00 0.000000000000000000e+00
9.612568403332068419e-04 0.000000000000000000e+00 0.000000000000000000e+00
1.520482463037256191e-03 0.000000000000000000e+00 0.000000000000000000e+00
2.405046001651820267e-03 0.000000000000000000e+00 0.000000000000000000e+00
3.804217681345061462e-03 0.000000000000000000e+00 0.000000000000000000e+00
6.017378527112885768e-03 0.000000000000000000e+00 0.000000000000000000e+00
9.518078977477662309e-03 0.000000000000000000e+00 0.000000000000000000e+00
1.505536456005016586e-02 0.000000000000000000e+00 0.000000000000000000e+00
2.381404930263371703e-02 0.000000000000000000e+00 0.000000000000000000e+00
3.766823061150634255e-02 0.000000000000000000e+00 0.000000000000000000e+00
5.958229024262175905e-02 0.000000000000000000e+00 0.000000000000000000e+00
9.424518361825032220e-02 0.000000000000000000e+00 0.000000000000000000e+00
1.490737364923232500e-01 0.000000000000000000e+00 0.000000000000000000e+00
2.357996245388948031e-01 0.000000000000000000e+00 0.000000000000000000e+00
3.729796021819513641e-01 0.000000000000000000e+00 0.000000000000000000e+00
5.899660947969835867e-01 0.000000000000000000e+00 0.000000000000000000e+00
9.999999999999999547e-08 6.206896551724137900e+00 7.030868068514454078e-41
1.581765038478375206e-07 6.206896551724137900e+00 8.854149323632975590e-41
2.501980636952495318e-07 6.206896551724137900e+00 1.112963282168212293e-40
3.957545498481313547e-07 6.206896551724137900e+00 1.405580491150239588e-40
6.259907107685227244e-07 6.206896551724137900e+00 1.767915322996767666e-40
9.901702207058776949e-07 6.206896551724137900e+00 2.226780589244204177e-40
1.566216637254973893e-06 6.206896551724137900e+00 2.800574823878826974e-40
2.477386719493084971e-06 6.206896551724137900e+00 3.527389843508026986e-40
3.918643699684795082e-06 6.206896551724137900e+00 4.469592679296451328e-40
6.198373602414974549e-06 6.206896551724137900e+00 5.636810505662747205e-40
9.804370659727267644e-06 6.206896551724137900e+00 7.119563635395651247e-40
1.550821073383975258e-05 6.206896551724137900e+00 9.023274460870264378e-40
2.453034554814278694e-05 6.206896551724137900e+00 1.144633371305016468e-39
3.880124296984591311e-05 6.206896551724137900e+00 1.456393517517864084e-39
6.137444957920709968e-05 6.206896551724137900e+00 1.852289686957629904e-39
9.707995860024360021e-05 6.206896551724137900e+00 2.369104034919623134e-39
1.535576844507935347e-04 6.206896551724137900e+00 3.041509443694251704e-39
2.428921766539596401e-04 6.206896551724137900e+00 3.935723507800460460e-39
3.841983531511471432e-04 6.206896551724137900e+00 5.108117318493415731e-39
6.077115228554525470e-04 6.206896551724137900e+00 6.707268108942433382e-39
9.612568403332068419e-04 6.206896551724137900e+00 8.914681324177365479e-39
1.520482463037256191e-03 6.206896551724137900e+00 1.198755568132409775e-38
2.405046001651820267e-03 6.206896551724137900e+00 1.648515708497977759e-38
3.804217681345061462e-03 6.206896551724137900e+00 2.315428615297459045e-38
6.017378527112885768e-03 6.206896551724137900e+00 3.335275594528792445e-38
9.518078977477662309e-03 6.206896551724137900e+00 4.982184680263331138e-38
1.505536456005016586e-02 6.206896551724137900e+00 7.770932651847275456e-38
2.381404930263371703e-02 6.206896551724137900e+00 1.257577157746872941e-37
3.766823061150634255e-02 6.206896551724137900e+00 2.122197831828911047e-37
5.958229024262175905e-02 6.206896551724137900e+00 3.783105130830539512e-37
9.424518361825032220e-02 6.206896551724137900e+00 7.221613063136830081e-37
1.490737364923232500e-01 6.206896551724137900e+00 1.538819715257075096e-36
2.357996245388948031e-01 6.206896551724137900e+00 3.919231290987845842e-36
3.729796021819513641e-01 6.206896551724137900e+00 0.000000000000000000e+00
5.899660947969835867e-01 6.206896551724137900e+00 0.000000000000000000e+00
9.999999999999999547e-08 1.241379310344827580e+01 1.397457288625153881e-40
1.581765038478375206e-07 1.241379310344827580e+01 1.759064173312602875e-40
2.501980636952495318e-07 1.241379310344827580e+01 2.215217258462165692e-40
3.957545498481313547e-07 1.241379310344827580e+01 2.795622510536837184e-40
6.259907107685227244e-07 1.241379310344827580e+01 3.516281778102043961e-40
9.901702207058776949e-07 1.241379310344827580e+01 4.436499514446405502e-40
1.566216637254973893e-06 1.241379310344827580e+01 5.568915817321813603e-40
2.477386719493084971e-06 1.241379310344827580e+01 7.042609523400795920e-40
3.918643699684795082e-06 1.241379310344827580e+01 8.875664973869082574e-40
6.198373602414974549e-06 1.241379310344827580e+01 1.120357202602712423e-39
9.804370659727267644e-06 1.241379310344827580e+01 1.418004707238668879e-39
1.550821073383975258e-05 1.241379310344827580e+01 1.795324223948993847e-39
2.453034554814278694e-05 1.241379310344827580e+01 2.269323976429925631e-39
3.880124296984591311e-05 1.241379310344827580e+01 2.893411720087104155e-39
6.137444957920709968e-05 1.241379310344827580e+01 3.686708287328791423e-39
9.707995860024360021e-05 1.241379310344827580e+01 4.707236284234368831e-39
1.535576844507935347e-04 1.241379310344827580e+01 6.046263945094262013e-39
2.428921766539596401e-04 1.241379310344827580e+01 7.777491987792243977e-39
3.841983531511471432e-04 1.241379310344827580e+01 1.012361324850853796e-38
6.077115228554525470e-04 1.241379310344827580e+01 1.328430098267637359e-38
9.612568403332068419e-04 1.241379310344827580e+01 1.762145905083734400e-38
1.520482463037256191e-03 1.241379310344827580e+01 2.372600345420467191e-38
2.405046001651820267e-03 1.241379310344827580e+01 3.241600927227573056e-38
3.804217681345061462e-03 1.241379310344827580e+01 4.537940431207098417e-38
6.017378527112885768e-03 1.241379310344827580e+01 6.521699546903854497e-38
9.518078977477662309e-03 1.241379310344827580e+01 9.613410925850131341e-38
1.505536456005016586e-02 1.241379310344827580e+01 1.476428425771527006e-37
2.381404930263371703e-02 1.241379310344827580e+01 2.338203774550240664e-37
3.766823061150634255e-02 1.241379310344827580e+01 3.833491254338955710e-37
5.958229024262175905e-02 1.241379310344827580e+01 6.499244687557010833e-37
9.424518361825032220e-02 1.241379310344827580e+01 1.161032393932679093e-36
1.490737364923232500e-01 1.241379310344827580e+01 2.247879058224342495e-36
2.357996245388948031e-01 1.241379310344827580e+01 4.974869903904030120e-36
3.729796021819513641e-01 1.241379310344827580e+01 0.000000000000000000e+00
5.899660947969835867e-01 1.241379310344827580e+01 0.000000000000000000e+00
9.999999999999999547e-08 1.862068965517241281e+01 2.079465012535478595e-40
1.581765038478375206e-07 1.862068965517241281e+01 2.611005260582099890e-40
2.501980636952495318e-07 1.862068965517241281e+01 3.297892552068875651e-40
3.957545498481313547e-07 1.862068965517241281e+01 4.147786793264297284e-40
6.259907107685227244e-07 1.862068965517241281e+01 5.217501104376910732e-40
9.901702207058776949e-07 1.862068965517241281e+01 6.572517717518971629e-40
1.566216637254973893e-06 1.862068965517241281e+01 8.273485694075196733e-40
2.477386719493084971e-06 1.862068965517241281e+01 1.042734701865729664e-39
3.918643699684795082e-06 1.862068965517241281e+01 1.318369491661552598e-39
6.198373602414974549e-06 1.862068965517241281e+01 1.663653969757490820e-39
9.804370659727267644e-06 1.862068965517241281e+01 2.104570144733207941e-39
1.550821073383975258e-05 1.862068965517241281e+01 2.655564205283989630e-39
2.453034554814278694e-05 1.862068965517241281e+01 3.377053314593089231e-39
3.880124296984591311e-05 1.862068965517241281e+01 4.281674889675142166e-39
6.137444957920709968e-05 1.862068965517241281e+01 5.453849439916951102e-39
9.707995860024360021e-05 1.862068965517241281e+01 6.976157311078464287e-39
1.535576844507935347e-04 1.862068965517241281e+01 8.951722223637441361e-39
2.428921766539596401e-04 1.862068965517241281e+01 1.152697403757152964e-38
3.841983531511471432e-04 1.862068965517241281e+01 1.497005240926438873e-38
6.077115228554525470e-04 1.862068965517241281e+01 1.961465257457277747e-38
9.612568403332068419e-04 1.862068965517241281e+01 2.592015388078590007e-38
1.520482463037256191e-03 1.862068965517241281e+01 3.474099511525958203e-38
2.405046001651820267e-03 1.862068965517241281e+01 4.734713669677876769e-38
3.804217681345061462e-03 1.862068965517241281e+01 6.579580578434997915e-38
6.017378527112885768e-03 1.862068965517241281e+01 9.379463814831261424e-38
9.518078977477662309e-03 1.862068965517241281e+01 1.364098216826185499e-37
1.505536456005016586e-02 1.862068965517241281e+01 2.041018337170223883e-37
2.381404930263371703e-02 1.862068965517241281e+01 3.133086365475178077e-37
3.766823061150634255e-02 1.862068965517241281e+01 4.906165477789320219e-37
5.958229024262175905e-02 1.862068965517241281e+01 7.809735989769290304e-37
9.424518361825032220e-02 1.862068965517241281e+01 1.279861645706524059e-36
1.490737364923232500e-01 1.862068965517241281e+01 2.235659691443259455e-36
2.357996245388948031e-01 1.862068965517241281e+01 4.495757267709054005e-36
3.729796021819513641e-01 1.862068965517241281e+01 0.000000000000000000e+00
5.899660947969835867e-01 1.862068965517241281e+01 0.000000000000000000e+00
9.999999999999999547e-08 2.482758620689655160e+01 2.732765016490372931e-40
1.581765038478375206e-07 2.482758620689655160e+01 3.444687588984632312e-40
2.501980636952495318e-07 2.482758620689655160e+01 4.327864216111599969e-40
3.957545498481313547e-07 2.482758620689655160e+01 5.437398580610647911e-40
6.259907107685227244e-07 2.482758620689655160e+01 6.848930607008947508e-40
9.901702207058776949e-07 2.482758620689655160e+01 8.637659616592087619e-40
1.566216637254973893e-06 2.482758620689655160e+01 1.089372449778566588e-39
2.477386719493084971e-06 2.482758620689655160e+01 1.374029120641826627e-39
3.918643699684795082e-06 2.482758620689655160e+01 1.732086716051253833e-39
6.198373602414974549e-06 2.482758620689655160e+01 2.184756011362923844e-39
9.804370659727267644e-06 2.482758620689655160e+01 2.760712386339972907e-39
1.550821073383975258e-05 2.482758620689655160e+01 3.498803671408106599e-39
2.453034554814278694e-05 2.482758620689655160e+01 4.425061880561953361e-39
3.880124296984591311e-05 2.482758620689655160e+01 5.630861620870455949e-39
6.137444957920709968e-05 2.482758620689655160e+01 7.148831659591132197e-39
9.707995860024360021e-05 2.482758620689655160e+01 9.141009828465127824e-39
1.535576844507935347e-04 2.482758620689655160e+01 1.170534383659180319e-38
2.428921766539596401e-04 2.482758620689655160e+01 1.504230564726698202e-38
3.841983531511471432e-04 2.482758620689655160e+01 1.952664676939697594e-38
6.077115228554525470e-04 2.482758620689655160e+01 2.551780089872307786e-38
9.612568403332068419e-04 2.482758620689655160e+01 3.362728970534876500e-38
1.520482463037256191e-03 2.482758620689655160e+01 4.495424600697718131e-38
2.405046001651820267e-03 2.482758620689655160e+01 6.081203765203274532e-38
3.804217681345061462e-03 2.482758620689655160e+01 8.355468910563466282e-38
6.017378527112885768e-03 2.482758620689655160e+01 1.177945399130558803e-37
9.518078977477662309e-03 2.482758620689655160e+01 1.689043049258777877e-37
1.505536456005016586e-02 2.482758620689655160e+01 2.459997230747742474e-37
2.381404930263371703e-02 2.482758620689655160e+01 3.634797682056836984e-37
3.766823061150634255e-02 2.482758620689655160e+01 5.385202097688640258e-37
5.958229024262175905e-02 2.482758620689655160e+01 8.063472259111137544e-37
9.424518361825032220e-02 2.482758620689655160e+01 1.226114790339800464e-36
1.490737364923232500e-01 2.482758620689655160e+01 2.003990775193515066e-36
2.357996245388948031e-01 2.482758620689655160e+01 3.839177600910963540e-36
3.729796021819513641e-01 2.482758620689655160e+01 0.000000000000000000e+00
5.899660947969835867e-01 2.482758620689655160e+01 0.000000000000000000e+00
9.999999999999999547e-08 3.103448275862069039e+01 3.356571192210528735e-40
1.581765038478375206e-07 3.103448275862069039e+01 4.221645022431189823e-40
2.501980636952495318e-07 3.103448275862069039e+01 5.315862574438668562e-40
3.957545498481313547e-07 3.103448275862069039e+01 6.708135348272287038e-40
6.259907107685227244e-07 3.103448275862069039e+01 8.419430217927532553e-40
9.901702207058776949e-07 3.103448275862069039e+01 1.060900936537684605e-39
1.566216637254973893e-06 3.103448275862069039e+01 1.335934432467515703e-39
2.477386719493084971e-06 3.103448275862069039e+01 1.686810628920482516e-39
3.918643699684795082e-06 3.103448275862069039e+01 2.120398212734077068e-39
6.198373602414974549e-06 3.103448275862069039e+01 2.678603800374256759e-39
9.804370659727267644e-06 3.103448275862069039e+01 3.391283408320413436e-39
1.550821073383975258e-05 3.103448275862069039e+01 4.275386736641623283e-39
2.453034554814278694e-05 3.103448275862069039e+01 5.440077883108754869e-39
3.880124296984591311e-05 3.103448275862069039e+01 6.882625879183048673e-39
6.137444957920709968e-05 3.103448275862069039e+01 8.752525743233974747e-39
9.707995860024360021e-05 3.103448275862069039e+01 1.117034103839414120e-38
1.535576844507935347e-04 3.103448275862069039e+01 1.431676984848111238e-38
2.428921766539596401e-04 3.103448275862069039e+01 1.841457718959008441e-38
3.841983531511471432e-04 3.103448275862069039e+01 2.378058504287007867e-38
6.077115228554525470e-04 3.103448275862069039e+01 3.103315396291487918e-38
9.612568403332068419e-04 3.103448275862069039e+01 4.064626037258588042e-38
1.520482463037256191e-03 3.103448275862069039e+01 5.396977389719669272e-38
2.405046001651820267e-03 3.103448275862069039e+01 7.250301987651368362e-38
3.804217681345061462e-03 3.103448275862069039e+01 9.905044982775797904e-38
6.017378527112885768e-03 3.103448275862069039e+01 1.368815468206086614e-37
9.518078977477662309e-03 3.103448275862069039e+01 1.920856694472495594e-37
1.505536456005016586e-02 3.103448275862069039e+01 2.725078912382631673e-37
2.381404930263371703e-02 3.103448275862069039e+01 3.872704546186256465e-37
3.766823061150634255e-02 3.103448275862069039e+01 5.484397388938474435e-37
5.958229024262175905e-02 3.103448275862069039e+01 7.762233016150916273e-37
9.424518361825032220e-02 3.103448275862069039e+01 1.123314209467066658e-36
1.490737364923232500e-01 3.103448275862069039e+01 1.763041590753026120e-36
2.357996245388948031e-01 3.103448275862069039e+01 3.267202725421847501e-36
3.729796021819513641e-01 3.103448275862069039e+01 8.979249166165858439e-36
5.899660947969835867e-01 3.103448275862069039e+01 0.000000000000000000e+00
9.999999999999999547e-08 3.724137931034482563e+01 3.944963861582788682e-40
1.581765038478375206e-07 3.724137931034482563e+01 4.966697922469166113e-40
2.501980636952495318e-07 3.724137931034482563e+01 6.236979957378559350e-40
3.957545498481313547e-07 3.724137931034482563e+01 7.851866418909957383e-40
6.259907107685227244e-07 3.724137931034482563e+01 9.875072295146328729e-40
9.901702207058776949e-07 3.724137931034482563e+01 1.245184439428948300e-39
1.566216637254973893e-06 3.724137931034482563e+01 1.566627639781479939e-39
2.477386719493084971e-06 3.724137931034482563e+01 1.975681935158405763e-39
3.918643699684795082e-06 3.724137931034482563e+01 2.490169153231465375e-39
6.198373602414974549e-06 3.724137931034482563e+01 3.139000820148658419e-39
9.804370659727267644e-06 3.724137931034482563e+01 3.964163790921345024e-39
1.550821073383975258e-05 3.724137931034482563e+01 5.008866586620870838e-39
2.453034554814278694e-05 3.724137931034482563e+01 6.353131351629197137e-39
3.880124296984591311e-05 3.724137931034482563e+01 8.047925662672322580e-39
6.137444957920709968e-05 3.724137931034482563e+01 1.021788598206063449e-38
9.707995860024360021e-05 3.724137931034482563e+01 1.304762683721245759e-38
1.535576844507935347e-04 3.724137931034482563e+01 1.665282251398270727e-38
2.428921766539596401e-04 3.724137931034482563e+01 2.142533919282869137e-38
3.841983531511471432e-04 3.724137931034482563e+01 2.765432955849778992e-38
6.077115228554525470e-04 3.724137931034482563e+01 3.588220785275356299e-38
9.612568403332068419e-04 3.724137931034482563e+01 4.686231900717070674e-38
1.520482463037256191e-03 3.724137931034482563e+01 6.158356980289942576e-38
2.405046001651820267e-03 3.724137931034482563e+01 8.250492241253741915e-38
3.804217681345061462e-03 3.724137931034482563e+01 1.112137746924655974e-37
6.017378527112885768e-03 3.724137931034482563e+01 1.511785290012719751e-37
9.518078977477662309e-03 3.724137931034482563e+01 2.080803076489667435e-37
1.505536456005016586e-02 3.724137931034482563e+01 2.860774767100208098e-37
2.381404930263371703e-02 3.724137931034482563e+01 3.918887702519330478e-37
3.766823061150634255e-02 3.724137931034482563e+01 5.340781400957460281e-37
5.958229024262175905e-02 3.724137931034482563e+01 7.229269910104517375e-37
9.424518361825032220e-02 3.724137931034482563e+01 1.015693703312573766e-36
1.490737364923232500e-01 3.724137931034482563e+01 1.543776652997345966e-36
2.357996245388948031e-01 3.724137931034482563e+01 2.830862317217645225e-36
3.729796021819513641e-01 3.724137931034482563e+01 8.417352816853589055e-36
5.899660947969835867e-01 3.724137931034482563e+01 0.000000000000000000e+00
9.999999999999999547e-08 4.344827586206896797e+01 4.472696458668121618e-40
1.581765038478375206e-07 4.344827586206896797e+01 5.627076319893048308e-40
2.501980636952495318e-07 4.344827586206896797e+01 7.080249481704639812e-40
3.957545498481313547e-07 4.344827586206896797e+01 8.908242541879655020e-40
6.259907107685227244e-07 4.344827586206896797e+01 1.121647310613167814e-39
9.901702207058776949e-07 4.344827586206896797e+01 1.411812025610977763e-39
1.566216637254973893e-06 4.344827586206896797e+01 1.780778527088372612e-39
2.477386719493084971e-06 4.344827586206896797e+01 2.240300284003099249e-39
3.918643699684795082e-06 4.344827586206896797e+01 2.825168587518933006e-39
6.198373602414974549e-06 4.344827586206896797e+01 3.561625090780722609e-39
9.804370659727267644e-06 4.344827586206896797e+01 4.500964544683865735e-39
1.550821073383975258e-05 4.344827586206896797e+01 5.696276795484361011e-39
2.453034554814278694e-05 4.344827586206896797e+01 7.197254958727975887e-39
3.880124296984591311e-05 4.344827586206896797e+01 9.116577911211190057e-39
6.137444957920709968e-05 4.344827586206896797e+01 1.157812958930821201e-38
9.707995860024360021e-05 4.344827586206896797e+01 1.473661572186914204e-38
1.535576844507935347e-04 4.344827586206896797e+01 1.880015712588345765e-38
2.428921766539596401e-04 4.344827586206896797e+01 2.408436653044802425e-38
3.841983531511471432e-04 4.344827586206896797e+01 3.099950192720706298e-38
6.077115228554525470e-04 4.344827586206896797e+01 4.008081484286801709e-38
9.612568403332068419e-04 4.344827586206896797e+01 5.211515682396462593e-38
1.520482463037256191e-03 4.344827586206896797e+01 6.832864084444701169e-38
2.405046001651820267e-03 4.344827586206896797e+01 9.034766317583241585e-38
3.804217681345061462e-03 4.344827586206896797e+01 1.201676245963719442e-37
6.017378527112885768e-03 4.344827586206896797e+01 1.614812376642369422e-37
9.518078977477662309e-03 4.344827586206896797e+01 2.166125989590061058e-37
1.505536456005016586e-02 4.344827586206896797e+01 2.903583194037215288e-37
2.381404930263371703e-02 4.344827586206896797e+01 3.837651508212508858e-37
3.766823061150634255e-02 4.344827586206896797e+01 5.046404644082279368e-37
5.958229024262175905e-02 4.344827586206896797e+01 6.646087217960451152e-37
9.424518361825032220e-02 4.344827586206896797e+01 9.094602621928572763e-37
1.490737364923232500e-01 4.344827586206896797e+01 1.366320850837366372e-36
2.357996245388948031e-01 4.344827586206896797e+01 2.488656608052936487e-36
3.729796021819513641e-01 4.344827586206896797e+01 9.401837761208266800e-36
5.899660947969835867e-01 4.344827586206896797e+01 0.000000000000000000e+00
9.999999999999999547e-08 4.965517241379310320e+01 4.956975370448777297e-40
1.581765038478375206e-07 4.965517241379310320e+01 6.246139649725553863e-40
2.501980636952495318e-07 4.965517241379310320e+01 7.844644725115356313e-40
3.957545498481313547e-07 4.965517241379310320e+01 9.875531384631778376e-40
6.259907107685227244e-07 4.965517241379310320e+01 1.241831965264569408e-39
9.901702207058776949e-07 4.965517241379310320e+01 1.567020396508997995e-39
1.566216637254973893e-06 4.965517241379310320e+01 1.968390481687469781e-39
2.477386719493084971e-06 4.965517241379310320e+01 2.481659395853640317e-39
3.918643699684795082e-06 4.965517241379310320e+01 3.127455231713305580e-39
6.198373602414974549e-06 4.965517241379310320e+01 3.941935611398443531e-39
9.804370659727267644e-06 4.965517241379310320e+01 4.972115357501339749e-39
1.550821073383975258e-05 4.965517241379310320e+01 6.300202082177368824e-39
2.453034554814278694e-05 4.965517241379310320e+01 7.941763054214198793e-39
3.880124296984591311e-05 4.965517241379310320e+01 1.004957877986379504e-38
6.137444957920709968e-05 4.965517241379310320e+01 1.279380585789663965e-38
9.707995860024360021e-05 4.965517241379310320e+01 1.625721076987775529e-38
1.535576844507935347e-04 4.965517241379310320e+01 2.066924764964294301e-38
2.428921766539596401e-04 4.965517241379310320e+01 2.638923934077540198e-38
3.841983531511471432e-04 4.965517241379310320e+01 3.380301962953736356e-38
6.077115228554525470e-04 4.965517241379310320e+01 4.358547941959188670e-38
9.612568403332068419e-04 4.965517241379310320e+01 5.659784393687787798e-38
1.520482463037256191e-03 4.965517241379310320e+01 7.339400264308388319e-38
2.405046001651820267e-03 4.965517241379310320e+01 9.628008617009726900e-38
3.804217681345061462e-03 4.965517241379310320e+01 1.265011703588914784e-37
6.017378527112885768e-03 4.965517241379310320e+01 1.666162805791327908e-37
9.518078977477662309e-03 4.965517241379310320e+01 2.191644882672887332e-37
1.505536456005016586e-02 4.965517241379310320e+01 2.866737091614124223e-37
2.381404930263371703e-02 4.965517241379310320e+01 3.700771839982036004e-37
3.766823061150634255e-02 4.965517241379310320e+01 4.723878026280597729e-37
5.958229024262175905e-02 4.965517241379310320e+01 6.086778063178832698e-37
9.424518361825032220e-02 4.965517241379310320e+01 8.173124418624839683e-37
1.490737364923232500e-01 4.965517241379310320e+01 1.213321763731498303e-36
2.357996245388948031e-01 4.965517241379310320e+01 2.207902735151611415e-36
3.729796021819513641e-01 4.965517241379310320e+01 1.291691948654289757e-35
5.899660947969835867e-01 4.965517241379310320e+01 0.000000000000000000e+00
9.999999999999999547e-08 5.586206896551724554e+01 5.371751777856520702e-40
1.581765038478375206e-07 5.586206896551724554e+01 6.779983716925780671e-40
2.501980636952495318e-07 5.586206896551724554e+01 8.528175904190794580e-40
3.957545498481313547e-07 5.586206896551724554e+01 1.070796712765035719e-39
6.259907107685227244e-07 5.586206896551724554e+01 1.348606917718660895e-39
9.901702207058776949e-07 5.586206896551724554e+01 1.700743121903430127e-39
1.566216637254973893e-06 5.586206896551724554e+01 2.140070688428688109e-39
2.477386719493084971e-06 5.586206896551724554e+01 2.694097920551551900e-39
3.918643699684795082e-06 5.586206896551724554e+01 3.398112433082874946e-39
6.198373602414974549e-06 5.586206896551724554e+01 4.285209115147933919e-39
9.804370659727267644e-06 5.586206896551724554e+01 5.404039670241715196e-39
1.550821073383975258e-05 5.586206896551724554e+01 6.807303072164328853e-39
2.453034554814278694e-05 5.586206896551724554e+01 8.601724051468326610e-39
3.880124296984591311e-05 5.586206896551724554e+01 1.089793514137882279e-38
6.137444957920709968e-05 5.586206896551724554e+01 1.377110305505441621e-38
9.707995860024360021e-05 5.586206896551724554e+01 1.748610807670852852e-38
1.535576844507935347e-04 5.586206896551724554e+01 2.223465421646738407e-38
2.428921766539596401e-04 5.586206896551724554e+01 2.833674385643499179e-38
3.841983531511471432e-04 5.586206896551724554e+01 3.619078047909568364e-38
6.077115228554525470e-04 5.586206896551724554e+01 4.642734028360295739e-38
9.612568403332068419e-04 5.586206896551724554e+01 5.980369393682335919e-38
1.520482463037256191e-03 5.586206896551724554e+01 7.746393313851453256e-38
2.405046001651820267e-03 5.586206896551724554e+01 1.004517048187085203e-37
3.804217681345061462e-03 5.586206896551724554e+01 1.303360687840744947e-37
6.017378527112885768e-03 5.586206896551724554e+01 1.684938034367105387e-37
9.518078977477662309e-03 5.586206896551724554e+01 2.184932996547717915e-37
1.505536456005016586e-02 5.586206896551724554e+01 2.784584553530459880e-37
2.381404930263371703e-02 5.586206896551724554e+01 3.514856173243901043e-37
3.766823061150634255e-02 5.586206896551724554e+01 4.390969707911503620e-37
5.958229024262175905e-02 5.586206896551724554e+01 5.550109645649442592e-37
9.424518361825032220e-02 5.586206896551724554e+01 7.381993100200299977e-37
1.490737364923232500e-01 5.586206896551724554e+01 1.088885381720750284e-36
2.357996245388948031e-01 5.586206896551724554e+01 1.992301511821770672e-36
3.729796021819513641e-01 5.586206896551724554e+01 1.854590723816837851e-35
5.899660947969835867e-01 5.586206896551724554e+01 0.000000000000000000e+00
9.999999999999999547e-08 6.206896551724138078e+01 5.751275193637375864e-40
1.581765038478375206e-07 6.206896551724138078e+01 7.227272328720628227e-40
2.501980636952495318e-07 6.206896551724138078e+01 9.086192738022552055e-40
3.957545498481313547e-07 6.206896551724138078e+01 1.147742853695835879e-39
6.259907107685227244e-07 6.206896551724138078e+01 1.441081652419044856e-39
9.901702207058776949e-07 6.206896551724138078e+01 1.814080269972864069e-39
1.566216637254973893e-06 6.206896551724138078e+01 2.280249653830749635e-39
2.477386719493084971e-06 6.206896551724138078e+01 2.870460015017324393e-39
3.918643699684795082e-06 6.206896551724138078e+01 3.625104246249019833e-39
6.198373602414974549e-06 6.206896551724138078e+01 4.549378843669374429e-39
9.804370659727267644e-06 6.206896551724138078e+01 5.758387512289818090e-39
1.550821073383975258e-05 6.206896551724138078e+01 7.250999580805673504e-39
2.453034554814278694e-05 6.206896551724138078e+01 9.160637983825616637e-39
3.880124296984591311e-05 6.206896551724138078e+01 1.155678643643514642e-38
6.137444957920709968e-05 6.206896551724138078e+01 1.462644146032666647e-38
9.707995860024360021e-05 6.206896551724138078e+01 1.851406008780670882e-38
1.535576844507935347e-04 6.206896551724138078e+01 2.344143622814953024e-38
2.428921766539596401e-04 6.206896551724138078e+01 2.982468232728923953e-38
3.841983531511471432e-04 6.206896551724138078e+01 3.813030063707263612e-38
6.077115228554525470e-04 6.206896551724138078e+01 4.858484212536977075e-38
9.612568403332068419e-04 6.206896551724138078e+01 6.239800542806107111e-38
1.520482463037256191e-03 6.206896551724138078e+01 7.981787219385253530e-38
2.405046001651820267e-03 6.206896551724138078e+01 1.023858519134436839e-37
3.804217681345061462e-03 6.206896551724138078e+01 1.315357387386188134e-37
6.017378527112885768e-03 6.206896551724138078e+01 1.681518669366233457e-37
9.518078977477662309e-03 6.206896551724138078e+01 2.130634026123051592e-37
1.505536456005016586e-02 6.206896551724138078e+01 2.666095906858358974e-37
2.381404930263371703e-02 6.206896551724138078e+01 3.302209634686020391e-37
3.766823061150634255e-02 6.206896551724138078e+01 4.060660177822939070e-37
5.958229024262175905e-02 6.206896551724138078e+01 5.067469392742897453e-37
9.424518361825032220e-02 6.206896551724138078e+01 6.686233673882459480e-37
1.490737364923232500e-01 6.206896551724138078e+01 9.816689535666071762e-37
2.357996245388948031e-01 6.206896551724138078e+01 1.815717343584304480e-36
3.729796021819513641e-01 6.206896551724138078e+01 2.269919924027892943e-35
5.899660947969835867e-01 6.206896551724138078e+01 0.000000000000000000e+00
9.999999999999999547e-08 6.827586206896552312e+01 6.027886781123280624e-40
1.581765038478375206e-07 6.827586206896552312e+01 7.601788998645732178e-40
2.501980636952495318e-07 6.827586206896552312e+01 9.554390767217855646e-40
3.957545498481313547e-07 6.827586206896552312e+01 1.202719284574953165e-39
6.259907107685227244e-07 6.827586206896552312e+01 1.510708611077908093e-39
9.901702207058776949e-07 6.827586206896552312e+01 1.901006098952689937e-39
1.566216637254973893e-06 6.827586206896552312e+01 2.396029945614564637e-39
2.477386719493084971e-06 6.827586206896552312e+01 3.012970562380268565e-39
3.918643699684795082e-06 6.827586206896552312e+01 3.801287156504042944e-39
6.198373602414974549e-06 6.827586206896552312e+01 4.785568721606160344e-39
9.804370659727267644e-06 6.827586206896552312e+01 6.028787276261635494e-39
1.550821073383975258e-05 6.827586206896552312e+01 7.609014431493200418e-39
2.453034554814278694e-05 6.827586206896552312e+01 9.581447397389025649e-39
3.880124296984591311e-05 6.827586206896552312e+01 1.209210652928715452e-38
6.137444957920709968e-05 6.827586206896552312e+01 1.528876160048806124e-38
9.707995860024360021e-05 6.827586206896552312e+01 1.928616793211816986e-38
1.535576844507935347e-04 6.827586206896552312e+01 2.443217853874068489e-38
2.428921766539596401e-04 6.827586206896552312e+01 3.102405764158669861e-38
3.841983531511471432e-04 6.827586206896552312e+01 3.928205997567411774e-38
6.077115228554525470e-04 6.827586206896552312e+01 5.013982284710682945e-38
9.612568403332068419e-04 6.827586206896552312e+01 6.363922914953968775e-38
1.520482463037256191e-03 6.827586206896552312e+01 8.106528776345661047e-38
2.405046001651820267e-03 6.827586206896552312e+01 1.032463265802504562e-37
3.804217681345061462e-03 6.827586206896552312e+01 1.311380726085529724e-37
6.017378527112885768e-03 6.827586206896552312e+01 1.647245766090485591e-37
9.518078977477662309e-03 6.827586206896552312e+01 2.059130662198970929e-37
1.505536456005016586e-02 6.827586206896552312e+01 2.535067323996153469e-37
2.381404930263371703e-02 6.827586206896552312e+01 3.083527636387099655e-37
3.766823061150634255e-02 6.827586206896552312e+01 3.737559209431337336e-37
5.958229024262175905e-02 6.827586206896552312e+01 4.627341749054545644e-37
9.424518361825032220e-02 6.827586206896552312e+01 6.060402314164353208e-37
1.490737364923232500e-01 6.827586206896552312e+01 8.896388198538665228e-37
2.357996245388948031e-01 6.827586206896552312e+01 1.692170691155220038e-36
3.729796021819513641e-01 6.827586206896552312e+01 2.184030530328857506e-35
5.899660947969835867e-01 6.827586206896552312e+01 0.000000000000000000e+00
9.999999999999999547e-08 7.448275862068965125e+01 6.267523978253097929e-40
1.581765038478375206e-07 7.448275862068965125e+01 7.852493281544320878e-40
2.501980636952495318e-07 7.448275862068965125e+01 9.889853588054444496e-40
3.957545498481313547e-07 7.448275862068965125e+01 1.247096954583623873e-39
6.259907107685227244e-07 7.448275862068965125e+01 1.571220917351799153e-39
9.901702207058776949e-07 7.448275862068965125e+01 1.974372983573890813e-39
1.566216637254973893e-06 7.448275862068965125e+01 2.479027599612501399e-39
2.477386719493084971e-06 7.448275862068965125e+01 3.124370329442368584e-39
3.918643699684795082e-06 7.448275862068965125e+01 3.932119934269120391e-39
6.198373602414974549e-06 7.448275862068965125e+01 4.968469845786577178e-39
9.804370659727267644e-06 7.448275862068965125e+01 6.228822070703558699e-39
1.550821073383975258e-05 7.448275862068965125e+01 7.863598973160982421e-39
2.453034554814278694e-05 7.448275862068965125e+01 9.928995164311842443e-39
3.880124296984591311e-05 7.448275862068965125e+01 1.248908403125938839e-38
6.137444957920709968e-05 7.448275862068965125e+01 1.572168199088909500e-38
9.707995860024360021e-05 7.448275862068965125e+01 1.993433213273436339e-38
1.535576844507935347e-04 7.448275862068965125e+01 2.509921749132211584e-38
2.428921766539596401e-04 7.448275862068965125e+01 3.163917196651974955e-38
3.841983531511471432e-04 7.448275862068965125e+01 4.011259081248919950e-38
6.077115228554525470e-04 7.448275862068965125e+01 5.077673540891141161e-38
9.612568403332068419e-04 7.448275862068965125e+01 6.434523573896685747e-38
1.520482463037256191e-03 7.448275862068965125e+01 8.123725840939290633e-38
2.405046001651820267e-03 7.448275862068965125e+01 1.025386343743262541e-37
3.804217681345061462e-03 7.448275862068965125e+01 1.285311358661912618e-37
6.017378527112885768e-03 7.448275862068965125e+01 1.599929794762598145e-37
9.518078977477662309e-03 7.448275862068965125e+01 1.970155008846068739e-37
1.505536456005016586e-02 7.448275862068965125e+01 2.387829783696692882e-37
2.381404930263371703e-02 7.448275862068965125e+01 2.863171271404896132e-37
3.766823061150634255e-02 7.448275862068965125e+01 3.450136853522658643e-37
5.958229024262175905e-02 7.448275862068965125e+01 4.222099928179600388e-37
9.424518361825032220e-02 7.448275862068965125e+01 5.504756135249600240e-37
1.490737364923232500e-01 7.448275862068965125e+01 8.076681746758958909e-37
2.357996245388948031e-01 7.448275862068965125e+01 1.665924218647391757e-36
3.729796021819513641e-01 7.448275862068965125e+01 1.744917093594539067e-35
5.899660947969835867e-01 7.448275862068965125e+01 0.000000000000000000e+00
9.999999999999999547e-08 8.068965517241380780e+01 6.391589244362974026e-40
1.581765038478375206e-07 8.068965517241380780e+01 8.055838795209285857e-40
2.501980636952495318e-07 8.068965517241380780e+01 1.014320316551820170e-39
3.957545498481313547e-07 8.068965517241380780e+01 1.277666041363442702e-39
6.259907107685227244e-07 8.068965517241380780e+01 1.605927103903453848e-39
9.901702207058776949e-07 8.068965517241380780e+01 2.016246501529519374e-39
1.566216637254973893e-06 8.068965517241380780e+01 2.542363604337597081e-39
2.477386719493084971e-06 8.068965517241380780e+01 3.195529437767429107e-39
3.918643699684795082e-06 8.068965517241380780e+01 4.020612066277759482e-39
6.198373602414974549e-06 8.068965517241380780e+01 5.057887918843822021e-39
9.804370659727267644e-06 8.068965517241380780e+01 6.374267332408490361e-39
1.550821073383975258e-05 8.068965517241380780e+01 8.024422457730612383e-39
2.453034554814278694e-05 8.068965517241380780e+01 1.009515549958444468e-38
3.880124296984591311e-05 8.068965517241380780e+01 1.270745509552904292e-38
6.137444957920709968e-05 8.068965517241380780e+01 1.601598412821393124e-38
9.707995860024360021e-05 8.068965517241380780e+01 2.016538997611568220e-38
1.535576844507935347e-04 8.068965517241380780e+01 2.539039704149539652e-38
2.428921766539596401e-04 8.068965517241380780e+01 3.206046116811221772e-38
3.841983531511471432e-04 8.068965517241380780e+01 4.037636274712440165e-38
6.077115228554525470e-04 8.068965517241380780e+01 5.087010326921572141e-38
9.612568403332068419e-04 8.068965517241380780e+01 6.416251664228444000e-38
1.520482463037256191e-03 8.068965517241380780e+01 8.053327891852029733e-38
2.405046001651820267e-03 8.068965517241380780e+01 1.003658251613774577e-37
3.804217681345061462e-03 8.068965517241380780e+01 1.249019634016152748e-37
6.017378527112885768e-03 8.068965517241380780e+01 1.537394054861189415e-37
9.518078977477662309e-03 8.068965517241380780e+01 1.871275054094586624e-37
1.505536456005016586e-02 8.068965517241380780e+01 2.236366396046279009e-37
2.381404930263371703e-02 8.068965517241380780e+01 2.656826275269073690e-37
3.766823061150634255e-02 8.068965517241380780e+01 3.164004136517414720e-37
5.958229024262175905e-02 8.068965517241380780e+01 3.856341914811498859e-37
9.424518361825032220e-02 8.068965517241380780e+01 5.020211847942597950e-37
1.490737364923232500e-01 8.068965517241380780e+01 7.381512330625147213e-37
2.357996245388948031e-01 8.068965517241380780e+01 1.747847915581232747e-36
3.729796021819513641e-01 8.068965517241380780e+01 1.230508919799234626e-35
5.899660947969835867e-01 8.068965517241380780e+01 0.000000000000000000e+00
9.999999999999999547e-08 8.689655172413793593e+01 6.483219134112852971e-40
1.581765038478375206e-07 8.689655172413793593e+01 8.158349867295457674e-40
2.501980636952495318e-07 8.689655172413793593e+01 1.024853844228228537e-39
3.957545498481313547e-07 8.689655172413793593e+01 1.289138845072135438e-39
6.259907107685227244e-07 8.689655172413793593e+01 1.618976493913992266e-39
9.901702207058776949e-07 8.689655172413793593e+01 2.039478381612129777e-39
1.566216637254973893e-06 8.689655172413793593e+01 2.568552010917407911e-39
2.477386719493084971e-06 8.689655172413793593e+01 3.234409667468634007e-39
3.918643699684795082e-06 8.689655172413793593e+01 4.060486521557930904e-39
6.198373602414974549e-06 8.689655172413793593e+01 5.116340232851306697e-39
9.804370659727267644e-06 8.689655172413793593e+01 6.428116514797031990e-39
1.550821073383975258e-05 8.689655172413793593e+01 8.089751746372366014e-39
2.453034554814278694e-05 8.689655172413793593e+01 1.016805082210363371e-38
3.880124296984591311e-05 8.689655172413793593e+01 1.276708686506373893e-38
6.137444957920709968e-05 8.689655172413793593e+01 1.611092581043987955e-38
9.707995860024360021e-05 8.689655172413793593e+01 2.022521413568963497e-38
1.535576844507935347e-04 8.689655172413793593e+01 2.547415378182876151e-38
2.428921766539596401e-04 8.689655172413793593e+01 3.204373494517869522e-38
3.841983531511471432e-04 8.689655172413793593e+01 4.017899635462363219e-38
6.077115228554525470e-04 8.689655172413793593e+01 5.050290551612656621e-38
9.612568403332068419e-04 8.689655172413793593e+01 6.300795744776719393e-38
1.520482463037256191e-03 8.689655172413793593e+01 7.867906599173436640e-38
2.405046001651820267e-03 8.689655172413793593e+01 9.743684532859797637e-38
3.804217681345061462e-03 8.689655172413793593e+01 1.200615088767590757e-37
6.017378527112885768e-03 8.689655172413793593e+01 1.461475744549711457e-37
9.518078977477662309e-03 8.689655172413793593e+01 1.756878162142584803e-37
1.505536456005016586e-02 8.689655172413793593e+01 2.086418033249835906e-37
2.381404930263371703e-02 8.689655172413793593e+01 2.453477443889224459e-37
3.766823061150634255e-02 8.689655172413793593e+01 2.899469421779689860e-37
5.958229024262175905e-02 8.689655172413793593e+01 3.517900119240025065e-37
9.424518361825032220e-02 8.689655172413793593e+01 4.571561621381826851e-37
1.490737364923232500e-01 8.689655172413793593e+01 6.745357674817400554e-37
2.357996245388948031e-01 8.689655172413793593e+01 1.983150992543457886e-36
3.729796021819513641e-01 8.689655172413793593e+01 8.366467253540869521e-36
5.899660947969835867e-01 8.689655172413793593e+01 0.000000000000000000e+00
9.999999999999999547e-08 9.310344827586206407e+01 6.490071357774578431e-40
1.581765038478375206e-07 9.310344827586206407e+01 8.144362325407253651e-40
2.501980636952495318e-07 9.310344827586206407e+01 1.024067430754361883e-39
3.957545498481313547e-07 9.310344827586206407e+01 1.289475515211925849e-39
6.259907107685227244e-07 9.310344827586206407e+01 1.623235939363434027e-39
9.901702207058776949e-07 9.310344827586206407e+01 2.042151564893349192e-39
1.566216637254973893e-06 9.310344827586206407e+01 2.565863119230469808e-39
2.477386719493084971e-06 9.310344827586206407e+01 3.224536102181306261e-39
3.918643699684795082e-06 9.310344827586206407e+01 4.053460544606608563e-39
6.198373602414974549e-06 9.310344827586206407e+01 5.089460912264387733e-39
9.804370659727267644e-06 9.310344827586206407e+01 6.397155376944573968e-39
1.550821073383975258e-05 9.310344827586206407e+01 8.059645233820283085e-39
2.453034554814278694e-05 9.310344827586206407e+01 1.012026549252441078e-38
3.880124296984591311e-05 9.310344827586206407e+01 1.272155617470374775e-38
6.137444957920709968e-05 9.310344827586206407e+01 1.596254319965347481e-38
9.707995860024360021e-05 9.310344827586206407e+01 2.007153978193609969e-38
1.535576844507935347e-04 9.310344827586206407e+01 2.525421770523650220e-38
2.428921766539596401e-04 9.310344827586206407e+01 3.158006033656193584e-38
3.841983531511471432e-04 9.310344827586206407e+01 3.946647392690144857e-38
6.077115228554525470e-04 9.310344827586206407e+01 4.927543165315030720e-38
9.612568403332068419e-04 9.310344827586206407e+01 6.144251220160748608e-38
1.520482463037256191e-03 9.310344827586206407e+01 7.607999477395748126e-38
2.405046001651820267e-03 9.310344827586206407e+01 9.373968014440222082e-38
3.804217681345061462e-03 9.310344827586206407e+01 1.145071276800154929e-37
6.017378527112885768e-03 9.310344827586206407e+01 1.379530215009810624e-37
9.518078977477662309e-03 9.310344827586206407e+01 1.642804171127897137e-37
1.505536456005016586e-02 9.310344827586206407e+01 1.929613640208738492e-37
2.381404930263371703e-02 9.310344827586206407e+01 2.252954899339805827e-37
3.766823061150634255e-02 9.310344827586206407e+01 2.649602265161448365e-37
5.958229024262175905e-02 9.310344827586206407e+01 3.217491752916794198e-37
9.424518361825032220e-02 9.310344827586206407e+01 4.161980740820825859e-37
1.490737364923232500e-01 9.310344827586206407e+01 6.172397680610844831e-37
2.357996245388948031e-01 9.310344827586206407e+01 2.381875141089314203e-36
3.729796021819513641e-01 9.310344827586206407e+01 5.382428499276311418e-36
5.899660947969835867e-01 9.310344827586206407e+01 0.000000000000000000e+00
9.999999999999999547e-08 9.931034482758620641e+01 6.400762639921260192e-40
1.581765038478375206e-07 9.931034482758620641e+01 8.064743865154820054e-40
2.501980636952495318e-07 9.931034482758620641e+01 1.012065626575864717e-39
3.957545498481313547e-07 9.931034482758620641e+01 1.273209649352173776e-39
6.259907107685227244e-07 9.931034482758620641e+01 1.601560012688553422e-39
9.901702207058776949e-07 9.931034482758620641e+01 2.015305197630228459e-39
1.566216637254973893e-06 9.931034482758620641e+01 2.531341979413033191e-39
2.477386719493084971e-06 9.931034482758620641e+01 3.184056279946956415e-39
3.918643699684795082e-06 9.931034482758620641e+01 3.994296716965547564e-39
6.198373602414974549e-06 9.931034482758620641e+01 5.025990755224845615e-39
9.804370659727267644e-06 9.931034482758620641e+01 6.313559934101676274e-39
1.550821073383975258e-05 9.931034482758620641e+01 7.935231110932402317e-39
2.453034554814278694e-05 9.931034482758620641e+01 9.971912245292052393e-39
3.880124296984591311e-05 9.931034482758620641e+01 1.249390519190593318e-38
6.137444957920709968e-05 9.931034482758620641e+01 1.571095647243033010e-38
9.707995860024360021e-05 9.931034482758620641e+01 1.968488916434939171e-38
1.535576844507935347e-04 9.931034482758620641e+01 2.465346318544102837e-38
2.428921766539596401e-04 9.931034482758620641e+01 3.074233691594674199e-38
3.841983531511471432e-04 9.931034482758620641e+01 3.841527503521042114e-38
6.077115228554525470e-04 9.931034482758620641e+01 4.776448194363815457e-38
9.612568403332068419e-04 9.931034482758620641e+01 5.916671326830691996e-38
1.520482463037256191e-03 9.931034482758620641e+01 7.285897086616383947e-38
2.405046001651820267e-03 9.931034482758620641e+01 8.919108881520991959e-38
3.804217681345061462e-03 9.931034482758620641e+01 1.077584300910079516e-37
6.017378527112885768e-03 9.931034482758620641e+01 1.292265674930890794e-37
9.518078977477662309e-03 9.931034482758620641e+01 1.522068693837364327e-37
1.505536456005016586e-02 9.931034482758620641e+01 1.776863612455686804e-37
2.381404930263371703e-02 9.931034482758620641e+01 2.063848088390265498e-37
3.766823061150634255e-02 9.931034482758620641e+01 2.415227255203291143e-37
5.958229024262175905e-02 9.931034482758620641e+01 2.912071229666896628e-37
9.424518361825032220e-02 9.931034482758620641e+01 3.780118778488553374e-37
1.490737364923232500e-01 9.931034482758620641e+01 5.649424859180593477e-37
2.357996245388948031e-01 9.931034482758620641e+01 2.879677316173371050e-36
3.729796021819513641e-01 9.931034482758620641e+01 3.133741210257502385e-36
5.899660947969835867e-01 9.931034482758620641e+01 0.000000000000000000e+00
9.999999999999999547e-08 1.055172413793103630e+02 6.271570239896413307e-40
1.581765038478375206e-07 1.055172413793103630e+02 7.865473706670639937e-40
2.501980636952495318e-07 1.055172413793103630e+02 9.888610271704120288e-40
3.957545498481313547e-07 1.055172413793103630e+02 1.243525642418612358e-39
6.259907107685227244e-07 1.055172413793103630e+02 1.560090545300012409e-39
9.901702207058776949e-07 1.055172413793103630e+02 1.966297138903017437e-39
1.566216637254973893e-06 1.055172413793103630e+02 2.466228992482472930e-39
2.477386719493084971e-06 1.055172413793103630e+02 3.107212111344335561e-39
3.918643699684795082e-06 1.055172413793103630e+02 3.892699654000854541e-39
6.198373602414974549e-06 1.055172413793103630e+02 4.889600003248242951e-39
9.804370659727267644e-06 1.055172413793103630e+02 6.156987511810452063e-39
1.550821073383975258e-05 1.055172413793103630e+02 7.722492968756720414e-39
2.453034554814278694e-05 1.055172413793103630e+02 9.676414634922107753e-39
3.880124296984591311e-05 1.055172413793103630e+02 1.216256502986151754e-38
6.137444957920709968e-05 1.055172413793103630e+02 1.524249576484468512e-38
9.707995860024360021e-05 1.055172413793103630e+02 1.899144505712246531e-38
1.535576844507935347e-04 1.055172413793103630e+02 2.378959613229959662e-38
2.428921766539596401e-04 1.055172413793103630e+02 2.963852036471244767e-38
3.841983531511471432e-04 1.055172413793103630e+02 3.692468076966525483e-38
6.077115228554525470e-04 1.055172413793103630e+02 4.574657173937129580e-38
9.612568403332068419e-04 1.055172413793103630e+02 5.627489275925932245e-38
1.520482463037256191e-03 1.055172413793103630e+02 6.913130290039686188e-38
2.405046001651820267e-03 1.055172413793103630e+02 8.393179682752473150e-38
3.804217681345061462e-03 1.055172413793103630e+02 1.010593186266215522e-37
6.017378527112885768e-03 1.055172413793103630e+02 1.197746695396463941e-37
9.518078977477662309e-03 1.055172413793103630e+02 1.400716009143433027e-37
1.505536456005016586e-02 1.055172413793103630e+02 1.630540085724596410e-37
2.381404930263371703e-02 1.055172413793103630e+02 1.877807949218659742e-37
3.766823061150634255e-02 1.055172413793103630e+02 2.187738494269024974e-37
5.958229024262175905e-02 1.055172413793103630e+02 2.642111153286947765e-37
9.424518361825032220e-02 1.055172413793103630e+02 3.418053370004360280e-37
1.490737364923232500e-01 1.055172413793103630e+02 5.208885149784798763e-37
2.357996245388948031e-01 1.055172413793103630e+02 3.328039584700678374e-36
3.729796021819513641e-01 1.055172413793103630e+02 1.652222500554640952e-36
5.899660947969835867e-01 1.055172413793103630e+02 0.000000000000000000e+00
9.999999999999999547e-08 1.117241379310344911e+02 6.031315027962682695e-40
1.581765038478375206e-07 1.117241379310344911e+02 7.565043887052126615e-40
2.501980636952495318e-07 1.117241379310344911e+02 9.534154680247400060e-40
3.957545498481313547e-07 1.117241379310344911e+02 1.199861986992636614e-39
6.259907107685227244e-07 1.117241379310344911e+02 1.504554854442567392e-39
9.901702207058776949e-07 1.117241379310344911e+02 1.891406329563218717e-39
1.566216637254973893e-06 1.117241379310344911e+02 2.374622170513026824e-39
2.477386719493084971e-06 1.117241379310344911e+02 2.988033716143330438e-39
3.918643699684795082e-06 1.117241379310344911e+02 3.758248100064727003e-39
6.198373602414974549e-06 1.117241379310344911e+02 4.716881848189862635e-39
9.804370659727267644e-06 1.117241379310344911e+02 5.897690550359792540e-39
1.550821073383975258e-05 1.117241379310344911e+02 7.435642355684806841e-39
2.453034554814278694e-05 1.117241379310344911e+02 9.285066226360351173e-39
3.880124296984591311e-05 1.117241379310344911e+02 1.163897811326785625e-38
6.137444957920709968e-05 1.117241379310344911e+02 1.460013457086791531e-38
9.707995860024360021e-05 1.117241379310344911e+02 1.819627701728049301e-38
1.535576844507935347e-04 1.117241379310344911e+02 2.266953644932705838e-38
2.428921766539596401e-04 1.117241379310344911e+02 2.822519579406927699e-38
3.841983531511471432e-04 1.117241379310344911e+02 3.500959294644662492e-38
6.077115228554525470e-04 1.117241379310344911e+02 4.317790059026429594e-38
9.612568403332068419e-04 1.117241379310344911e+02 5.300829983570668778e-38
1.520482463037256191e-03 1.117241379310344911e+02 6.489325174317500482e-38
2.405046001651820267e-03 1.117241379310344911e+02 7.813127933890913884e-38
3.804217681345061462e-03 1.117241379310344911e+02 9.347173499435183093e-38
6.017378527112885768e-03 1.117241379310344911e+02 1.100822258215170709e-37
9.518078977477662309e-03 1.117241379310344911e+02 1.283042408629479231e-37
1.505536456005016586e-02 1.117241379310344911e+02 1.480767704401818894e-37
2.381404930263371703e-02 1.117241379310344911e+02 1.702551597581644082e-37
3.766823061150634255e-02 1.117241379310344911e+02 1.977071044625999897e-37
5.958229024262175905e-02 1.117241379310344911e+02 2.375563922149778203e-37
9.424518361825032220e-02 1.117241379310344911e+02 3.076130226643617788e-37
1.490737364923232500e-01 1.117241379310344911e+02 4.822858902271780244e-37
2.357996245388948031e-01 1.117241379310344911e+02 3.563399713008125329e-36
3.729796021819513641e-01 1.117241379310344911e+02 7.937286726326288439e-37
5.899660947969835867e-01 1.117241379310344911e+02 0.000000000000000000e+00
9.999999999999999547e-08 1.179310344827586192e+02 5.722988015038678965e-40
1.581765038478375206e-07 1.179310344827586192e+02 7.215334250578877680e-40
2.501980636952495318e-07 1.179310344827586192e+02 9.054735896029712147e-40
3.957545498481313547e-07 1.179310344827586192e+02 1.139031806308667658e-39
6.259907107685227244e-07 1.179310344827586192e+02 1.433888294409621643e-39
9.901702207058776949e-07 1.179310344827586192e+02 1.799910954064382242e-39
1.566216637254973893e-06 1.179310344827586192e+02 2.256608516667577596e-39
2.477386719493084971e-06 1.179310344827586192e+02 2.837010137970385565e-39
3.918643699684795082e-06 1.179310344827586192e+02 3.559188583700070840e-39
6.198373602414974549e-06 1.179310344827586192e+02 4.474514911726545313e-39
9.804370659727267644e-06 1.179310344827586192e+02 5.618064903461105143e-39
1.550821073383975258e-05 1.179310344827586192e+02 7.050532947921739514e-39
2.453034554814278694e-05 1.179310344827586192e+02 8.819898356100275686e-39
3.880124296984591311e-05 1.179310344827586192e+02 1.105074752201149561e-38
6.137444957920709968e-05 1.179310344827586192e+02 1.380963762294109166e-38
9.707995860024360021e-05 1.179310344827586192e+02 1.715322277981096083e-38
1.535576844507935347e-04 1.179310344827586192e+02 2.139114976027123822e-38
2.428921766539596401e-04 1.179310344827586192e+02 2.655800343770040905e-38
3.841983531511471432e-04 1.179310344827586192e+02 3.283647445461322166e-38
6.077115228554525470e-04 1.179310344827586192e+02 4.050627341644217585e-38
9.612568403332068419e-04 1.179310344827586192e+02 4.944465014692066793e-38
1.520482463037256191e-03 1.179310344827586192e+02 6.010625099513029509e-38
2.405046001651820267e-03 1.179310344827586192e+02 7.201134583891735304e-38
3.804217681345061462e-03 1.179310344827586192e+02 8.579889923570848702e-38
6.017378527112885768e-03 1.179310344827586192e+02 1.007080152433930579e-37
9.518078977477662309e-03 1.179310344827586192e+02 1.167157776636542228e-37
1.505536456005016586e-02 1.179310344827586192e+02 1.333949538447218944e-37
2.381404930263371703e-02 1.179310344827586192e+02 1.527381702991921739e-37
3.766823061150634255e-02 1.179310344827586192e+02 1.769335314687326649e-37
5.958229024262175905e-02 1.179310344827586192e+02 2.128385813429835546e-37
9.424518361825032220e-02 1.179310344827586192e+02 2.766430893880839243e-37
1.490737364923232500e-01 1.179310344827586192e+02 4.495893150118425567e-37
2.357996245388948031e-01 1.179310344827586192e+02 3.584371576190034706e-36
3.729796021819513641e-01 1.179310344827586192e+02 3.511024405990894072e-37
5.899660947969835867e-01 1.179310344827586192e+02 0.000000000000000000e+00
9.999999999999999547e-08 1.241379310344827616e+02 5.356840066251161403e-40
1.581765038478375206e-07 1.241379310344827616e+02 6.734578653287532327e-40
2.501980636952495318e-07 1.241379310344827616e+02 8.451552867143854485e-40
3.957545498481313547e-07 1.241379310344827616e+02 1.064310179370202718e-39
6.259907107685227244e-07 1.241379310344827616e+02 1.340011892780824753e-39
9.901702207058776949e-07 1.241379310344827616e+02 1.683066173745594556e-39
1.566216637254973893e-06 1.241379310344827616e+02 2.114312355015132696e-39
2.477386719493084971e-06 1.241379310344827616e+02 2.654313304456741964e-39
3.918643699684795082e-06 1.241379310344827616e+02 3.332897594420450390e-39
6.198373602414974549e-06 1.241379310344827616e+02 4.184348494059877172e-39
9.804370659727267644e-06 1.241379310344827616e+02 5.232578710685908681e-39
1.550821073383975258e-05 1.241379310344827616e+02 6.560074649077274608e-39
2.453034554814278694e-05 1.241379310344827616e+02 8.217888818119817584e-39
3.880124296984591311e-05 1.241379310344827616e+02 1.027694065476729387e-38
6.137444957920709968e-05 1.241379310344827616e+02 1.284372087436777349e-38
9.707995860024360021e-05 1.241379310344827616e+02 1.600430191609110803e-38
1.535576844507935347e-04 1.241379310344827616e+02 1.986506979081718006e-38
2.428921766539596401e-04 1.241379310344827616e+02 2.459755301454727947e-38
3.841983531511471432e-04 1.241379310344827616e+02 3.030592612538027238e-38
6.077115228554525470e-04 1.241379310344827616e+02 3.722441496979747022e-38
9.612568403332068419e-04 1.241379310344827616e+02 4.540655368890106334e-38
1.520482463037256191e-03 1.241379310344827616e+02 5.480186820421604940e-38
2.405046001651820267e-03 1.241379310344827616e+02 6.564010543689512078e-38
3.804217681345061462e-03 1.241379310344827616e+02 7.769793857524879496e-38
6.017378527112885768e-03 1.241379310344827616e+02 9.060781057840919155e-38
9.518078977477662309e-03 1.241379310344827616e+02 1.043394188381299353e-37
1.505536456005016586e-02 1.241379310344827616e+02 1.195996746796980553e-37
2.381404930263371703e-02 1.241379310344827616e+02 1.361705807730862533e-37
3.766823061150634255e-02 1.241379310344827616e+02 1.572654404437317966e-37
5.958229024262175905e-02 1.241379310344827616e+02 1.896785890548327045e-37
9.424518361825032220e-02 1.241379310344827616e+02 2.460903449541059181e-37
1.490737364923232500e-01 1.241379310344827616e+02 4.224438129537257858e-37
2.357996245388948031e-01 1.241379310344827616e+02 3.307341316923229980e-36
3.729796021819513641e-01 1.241379310344827616e+02 1.468176996687846163e-37
5.899660947969835867e-01 1.241379310344827616e+02 0.000000000000000000e+00
9.999999999999999547e-08 1.303448275862068897e+02 4.926849975647157837e-40
1.581765038478375206e-07 1.303448275862068897e+02 6.210005565174030863e-40
2.501980636952495318e-07 1.303448275862068897e+02 7.813173484832918425e-40
3.957545498481313547e-07 1.303448275862068897e+02 9.791276310974402857e-40
6.259907107685227244e-07 1.303448275862068897e+02 1.233787143866488648e-39
9.901702207058776949e-07 1.303448275862068897e+02 1.546298930128397949e-39
1.566216637254973893e-06 1.303448275862068897e+02 1.947756205690883187e-39
2.477386719493084971e-06 1.303448275862068897e+02 2.440881398737510840e-39
3.918643699684795082e-06 1.303448275862068897e+02 3.061308407346339264e-39
6.198373602414974549e-06 1.303448275862068897e+02 3.851271284396893647e-39
9.804370659727267644e-06 1.303448275862068897e+02 4.816667944085720401e-39
1.550821073383975258e-05 1.303448275862068897e+02 6.048684482122617792e-39
2.453034554814278694e-05 1.303448275862068897e+02 7.552491279634541676e-39
3.880124296984591311e-05 1.303448275862068897e+02 9.451148889040722088e-39
6.137444957920709968e-05 1.303448275862068897e+02 1.174135171491252260e-38
9.707995860024360021e-05 1.303448275862068897e+02 1.461044527666598378e-38
1.535576844507935347e-04 1.303448275862068897e+02 1.814087681540403366e-38
2.428921766539596401e-04 1.303448275862068897e+02 2.243179157176098640e-38
3.841983531511471432e-04 1.303448275862068897e+02 2.763342600087784419e-38
6.077115228554525470e-04 1.303448275862068897e+02 3.370512131694413609e-38
9.612568403332068419e-04 1.303448275862068897e+02 4.100787995622768706e-38
1.520482463037256191e-03 1.303448275862068897e+02 4.940258779054111026e-38
2.405046001651820267e-03 1.303448275862068897e+02 5.896907352715594347e-38
3.804217681345061462e-03 1.303448275862068897e+02 6.934752782071106602e-38
6.017378527112885768e-03 1.303448275862068897e+02 8.059481700563952435e-38
9.518078977477662309e-03 1.303448275862068897e+02 9.257045968170858256e-38
1.505536456005016586e-02 1.303448275862068897e+02 1.053234541011974303e-37
2.381404930263371703e-02 1.303448275862068897e+02 1.197484102325142491e-37
3.766823061150634255e-02 1.303448275862068897e+02 1.386190160933533930e-37
5.958229024262175905e-02 1.303448275862068897e+02 1.664165605024308380e-37
9.424518361825032220e-02 1.303448275862068897e+02 2.167526351916734532e-37
1.490737364923232500e-01 1.303448275862068897e+02 4.006660860943161845e-37
2.357996245388948031e-01 1.303448275862068897e+02 2.896645254043512205e-36
3.729796021819513641e-01 1.303448275862068897e+02 5.932505874265674967e-38
5.899660947969835867e-01 1.303448275862068897e+02 0.000000000000000000e+00
9.999999999999999547e-08 1.365517241379310462e+02 4.452794230799703559e-40
1.581765038478375206e-07 1.365517241379310462e+02 5.612796429790062134e-40
2.501980636952495318e-07 1.365517241379310462e+02 7.040264595149351676e-40
3.957545498481313547e-07 1.365517241379310462e+02 8.835693224487333047e-40
6.259907107685227244e-07 1.365517241379310462e+02 1.109448361530881698e-39
9.901702207058776949e-07 1.365517241379310462e+02 1.397204961994587463e-39
1.566216637254973893e-06 1.365517241379310462e+02 1.754160600042680634e-39
2.477386719493084971e-06 1.365517241379310462e+02 2.198736274712140929e-39
3.918643699684795082e-06 1.365517241379310462e+02 2.761344819679173935e-39
6.198373602414974549e-06 1.365517241379310462e+02 3.472308555479382151e-39
9.804370659727267644e-06 1.365517241379310462e+02 4.342887863503812080e-39
1.550821073383975258e-05 1.365517241379310462e+02 5.431631068186590726e-39
2.453034554814278694e-05 1.365517241379310462e+02 6.786052057331521586e-39
3.880124296984591311e-05 1.365517241379310462e+02 8.489769855638946181e-39
6.137444957920709968e-05 1.365517241379310462e+02 1.055400995835949145e-38
9.707995860024360021e-05 1.365517241379310462e+02 1.315103623969176200e-38
1.535576844507935347e-04 1.365517241379310462e+02 1.625126423861738571e-38
2.428921766539596401e-04 1.365517241379310462e+02 2.004734308963146019e-38
3.841983531511471432e-04 1.365517241379310462e+02 2.468998432999179995e-38
6.077115228554525470e-04 1.365517241379310462e+02 3.003919708771534952e-38
9.612568403332068419e-04 1.365517241379310462e+02 3.644853015005721181e-38
1.520482463037256191e-03 1.365517241379310462e+02 4.373763102985017014e-38
2.405046001651820267e-03 1.365517241379310462e+02 5.195812637086528113e-38
3.804217681345061462e-03 1.365517241379310462e+02 6.086305236398432394e-38
6.017378527112885768e-03 1.365517241379310462e+02 7.047042179421882750e-38
9.518078977477662309e-03 1.365517241379310462e+02 8.080169202261376835e-38
1.505536456005016586e-02 1.365517241379310462e+02 9.163524051805704714e-38
2.381404930263371703e-02 1.365517241379310462e+02 1.040573286186282007e-37
3.766823061150634255e-02 1.365517241379310462e+02 1.200508451511108468e-37
5.958229024262175905e-02 1.365517241379310462e+02 1.445289336423678562e-37
9.424518361825032220e-02 1.365517241379310462e+02 1.883576405476026858e-37
1.490737364923232500e-01 1.365517241379310462e+02 3.718078035578892852e-37
2.357996245388948031e-01 1.365517241379310462e+02 2.438165133025208162e-36
3.729796021819513641e-01 1.365517241379310462e+02 2.481090321444851405e-38
5.899660947969835867e-01 1.365517241379310462e+02 0.000000000000000000e+00
9.999999999999999547e-08 1.427586206896551744e+02 3.912421133195861132e-40
1.581765038478375206e-07 1.427586206896551744e+02 4.927165704118278128e-40
2.501980636952495318e-07 1.427586206896551744e+02 6.201475031941710000e-40
3.957545498481313547e-07 1.427586206896551744e+02 7.770520677492125179e-40
6.259907107685227244e-07 1.427586206896551744e+02 9.787077428422505359e-40
9.901702207058776949e-07 1.427586206896551744e+02 1.227034134016798551e-39
1.566216637254973893e-06 1.427586206896551744e+02 1.543622695711913006e-39
2.477386719493084971e-06 1.427586206896551744e+02 1.931670401391687653e-39
3.918643699684795082e-06 1.427586206896551744e+02 2.428395673162236898e-39
6.198373602414974549e-06 1.427586206896551744e+02 3.043487660870473361e-39
9.804370659727267644e-06 1.427586206896551744e+02 3.804792790090956685e-39
1.550821073383975258e-05 1.427586206896551744e+02 4.758767062667106112e-39
2.453034554814278694e-05 1.427586206896551744e+02 5.952376984686785508e-39
3.880124296984591311e-05 1.427586206896551744e+02 7.452823052993067474e-39
6.137444957920709968e-05 1.427586206896551744e+02 9.250307190438582332e-39
9.707995860024360021e-05 1.427586206896551744e+02 1.149256017017093974e-38
1.535576844507935347e-04 1.427586206896551744e+02 1.423033174192662922e-38
2.428921766539596401e-04 1.427586206896551744e+02 1.750752696057105880e-38
3.841983531511471432e-04 1.427586206896551744e+02 2.144338097013503826e-38
6.077115228554525470e-04 1.427586206896551744e+02 2.613279241222540994e-38
9.612568403332068419e-04 1.427586206896551744e+02 3.160100792177287989e-38
1.520482463037256191e-03 1.427586206896551744e+02 3.787587986708217997e-38
2.405046001651820267e-03 1.427586206896551744e+02 4.472978901882589104e-38
3.804217681345061462e-03 1.427586206896551744e+02 5.244583619239496304e-38
6.017378527112885768e-03 1.427586206896551744e+02 6.048290492805140464e-38
9.518078977477662309e-03 1.427586206896551744e+02 6.904055967610733836e-38
1.505536456005016586e-02 1.427586206896551744e+02 7.820578984196225584e-38
2.381404930263371703e-02 1.427586206896551744e+02 8.857455973063873295e-38
3.766823061150634255e-02 1.427586206896551744e+02 1.023239184792747932e-37
5.958229024262175905e-02 1.427586206896551744e+02 1.227778577887314888e-37
9.424518361825032220e-02 1.427586206896551744e+02 1.608928429217501017e-37
1.490737364923232500e-01 1.427586206896551744e+02 3.369547095808756580e-37
2.357996245388948031e-01 1.427586206896551744e+02 1.973914338220614337e-36
3.729796021819513641e-01 1.427586206896551744e+02 1.150605549867640120e-38
5.899660947969835867e-01 1.427586206896551744e+02 0.000000000000000000e+00
9.999999999999999547e-08 1.489655172413793025e+02 3.339807186599245775e-40
1.581765038478375206e-07 1.489655172413793025e+02 4.199311613534080243e-40
2.501980636952495318e-07 1.489655172413793025e+02 5.278852434955977419e-40
3.957545498481313547e-07 1.489655172413793025e+02 6.630727397530119092e-40
6.259907107685227244e-07 1.489655172413793025e+02 8.327703034226933037e-40
9.901702207058776949e-07 1.489655172413793025e+02 1.046069539300384385e-39
1.566216637254973893e-06 1.489655172413793025e+02 1.314558490405396514e-39
2.477386719493084971e-06 1.489655172413793025e+02 1.647324303139743389e-39
3.918643699684795082e-06 1.489655172413793025e+02 2.067170474503893902e-39
6.198373602414974549e-06 1.489655172413793025e+02 2.593630492100190878e-39
9.804370659727267644e-06 1.489655172413793025e+02 3.245141221369984785e-39
1.550821073383975258e-05 1.489655172413793025e+02 4.056823623242609649e-39
2.453034554814278694e-05 1.489655172413793025e+02 5.061251942892466319e-39
3.880124296984591311e-05 1.489655172413793025e+02 6.309465004847715609e-39
6.137444957920709968e-05 1.489655172413793025e+02 7.859475768512535769e-39
9.707995860024360021e-05 1.489655172413793025e+02 9.751402898684266890e-39
1.535576844507935347e-04 1.489655172413793025e+02 1.205008941366576886e-38
2.428921766539596401e-04 1.489655172413793025e+02 1.486440528702130192e-38
3.841983531511471432e-04 1.489655172413793025e+02 1.811903604089341008e-38
6.077115228554525470e-04 1.489655172413793025e+02 2.206801651720446402e-38
9.612568403332068419e-04 1.489655172413793025e+02 2.658127073427548757e-38
1.520482463037256191e-03 1.489655172413793025e+02 3.172888088660113396e-38
2.405046001651820267e-03 1.489655172413793025e+02 3.751609349520963998e-38
3.804217681345061462e-03 1.489655172413793025e+02 4.365913862037612084e-38
6.017378527112885768e-03 1.489655172413793025e+02 5.034683071880367380e-38
9.518078977477662309e-03 1.489655172413793025e+02 5.738515281545238268e-38
1.505536456005016586e-02 1.489655172413793025e+02 6.495249070658794999e-38
2.381404930263371703e-02 1.489655172413793025e+02 7.342357281991881187e-38
3.766823061150634255e-02 1.489655172413793025e+02 8.477417887117435594e-38
5.958229024262175905e-02 1.489655172413793025e+02 1.018207837196468747e-37
9.424518361825032220e-02 1.489655172413793025e+02 1.328225666978398406e-37
1.490737364923232500e-01 1.489655172413793025e+02 2.992671781768256270e-37
2.357996245388948031e-01 1.489655172413793025e+02 1.554923393093263130e-36
3.729796021819513641e-01 1.489655172413793025e+02 5.699013702967933291e-39
5.899660947969835867e-01 1.489655172413793025e+02 0.000000000000000000e+00
9.999999999999999547e-08 1.551724137931034591e+02 2.718869155335720580e-40
1.581765038478375206e-07 1.551724137931034591e+02 3.412685440477610183e-40
2.501980636952495318e-07 1.551724137931034591e+02 4.298456035243401792e-40
3.957545498481313547e-07 1.551724137931034591e+02 5.401730259559845572e-40
6.259907107685227244e-07 1.551724137931034591e+02 6.762474405212043885e-40
9.901702207058776949e-07 1.551724137931034591e+02 8.518188122914808490e-40
1.566216637254973893e-06 1.551724137931034591e+02 1.070843003838107890e-39
2.477386719493084971e-06 1.551724137931034591e+02 1.337250732051633730e-39
3.918643699684795082e-06 1.551724137931034591e+02 1.681013134468058521e-39
6.198373602414974549e-06 1.551724137931034591e+02 2.108766480714285537e-39
9.804370659727267644e-06 1.551724137931034591e+02 2.642664931712462523e-39
1.550821073383975258e-05 1.551724137931034591e+02 3.298783187624000780e-39
2.453034554814278694e-05 1.551724137931034591e+02 4.112369250919176759e-39
3.880124296984591311e-05 1.551724137931034591e+02 5.130152210364004295e-39
6.137444957920709968e-05 1.551724137931034591e+02 6.378786928352320992e-39
9.707995860024360021e-05 1.551724137931034591e+02 7.914252949453881314e-39
1.535576844507935347e-04 1.551724137931034591e+02 9.758599204788004587e-39
2.428921766539596401e-04 1.551724137931034591e+02 1.197712993977787670e-38
3.841983531511471432e-04 1.551724137931034591e+02 1.469554687570266057e-38
6.077115228554525470e-04 1.551724137931034591e+02 1.781248757122341868e-38
9.612568403332068419e-04 1.551724137931034591e+02 2.143070809304662422e-38
1.520482463037256191e-03 1.551724137931034591e+02 2.568736443077672731e-38
2.405046001651820267e-03 1.551724137931034591e+02 3.016568323762354765e-38
3.804217681345061462e-03 1.551724137931034591e+02 3.503807022116375580e-38
6.017378527112885768e-03 1.551724137931034591e+02 4.042460276918325443e-38
9.518078977477662309e-03 1.551724137931034591e+02 4.584239306188881346e-38
1.505536456005016586e-02 1.551724137931034591e+02 5.174919026268822206e-38
2.381404930263371703e-02 1.551724137931034591e+02 5.842819199167394088e-38
3.766823061150634255e-02 1.551724137931034591e+02 6.748156191877018800e-38
5.958229024262175905e-02 1.551724137931034591e+02 8.093858536517276437e-38
9.424518361825032220e-02 1.551724137931034591e+02 1.061510674164312448e-37
1.490737364923232500e-01 1.551724137931034591e+02 2.520362205457539072e-37
2.357996245388948031e-01 1.551724137931034591e+02 1.171955062704014343e-36
3.729796021819513641e-01 1.551724137931034591e+02 3.036070235173380413e-39
5.899660947969835867e-01 1.551724137931034591e+02 0.000000000000000000e+00
9.999999999999999547e-08 1.613793103448276156e+02 2.070749205202336647e-40
1.581765038478375206e-07 1.613793103448276156e+02 2.600572348609809170e-40
2.501980636952495318e-07 1.613793103448276156e+02 3.268796702975231647e-40
3.957545498481313547e-07 1.613793103448276156e+02 4.098987584524242609e-40
6.259907107685227244e-07 1.613793103448276156e+02 5.155257799884826066e-40
9.901702207058776949e-07 1.613793103448276156e+02 6.471448927408557565e-40
1.566216637254973893e-06 1.613793103448276156e+02 8.111488272104211266e-40
2.477386719493084971e-06 1.613793103448276156e+02 1.018113480800986462e-39
3.918643699684795082e-06 1.613793103448276156e+02 1.278300742073138353e-39
6.198373602414974549e-06 1.613793103448276156e+02 1.606212012419900037e-39
9.804370659727267644e-06 1.613793103448276156e+02 2.001844905692454609e-39
1.550821073383975258e-05 1.613793103448276156e+02 2.501469018004415104e-39
2.453034554814278694e-05 1.613793103448276156e+02 3.133773697143911604e-39
3.880124296984591311e-05 1.613793103448276156e+02 3.883133420654253281e-39
6.137444957920709968e-05 1.613793103448276156e+02 4.834618714953478769e-39
9.707995860024360021e-05 1.613793103448276156e+02 6.006612078225304019e-39
1.535576844507935347e-04 1.613793103448276156e+02 7.395063148257596373e-39
2.428921766539596401e-04 1.613793103448276156e+02 9.084388711052764976e-39
3.841983531511471432e-04 1.613793103448276156e+02 1.109671872882196505e-38
6.077115228554525470e-04 1.613793103448276156e+02 1.345363719666084343e-38
9.612568403332068419e-04 1.613793103448276156e+02 1.613803424337937320e-38
1.520482463037256191e-03 1.613793103448276156e+02 1.923172730902655260e-38
2.405046001651820267e-03 1.613793103448276156e+02 2.265970765010716025e-38
3.804217681345061462e-03 1.613793103448276156e+02 2.624520416173149459e-38
6.017378527112885768e-03 1.613793103448276156e+02 3.023588084327309406e-38
9.518078977477662309e-03 1.613793103448276156e+02 3.431706318026190232e-38
1.505536456005016586e-02 1.613793103448276156e+02 3.875143979629536803e-38
2.381404930263371703e-02 1.613793103448276156e+02 4.384614577833583443e-38
3.766823061150634255e-02 1.613793103448276156e+02 5.038790173026028728e-38
5.958229024262175905e-02 1.613793103448276156e+02 6.057493280955511856e-38
9.424518361825032220e-02 1.613793103448276156e+02 7.950228831365994209e-38
1.490737364923232500e-01 1.613793103448276156e+02 2.005807958860283297e-37
2.357996245388948031e-01 1.613793103448276156e+02 8.430895093629636659e-37
3.729796021819513641e-01 1.613793103448276156e+02 1.644631429331713076e-39
5.899660947969835867e-01 1.613793103448276156e+02 0.000000000000000000e+00
9.999999999999999547e-08 1.675862068965517437e+02 1.394103710234552627e-40
1.581765038478375206e-07 1.675862068965517437e+02 1.747167662508554992e-40
2.501980636952495318e-07 1.675862068965517437e+02 2.197677504990220418e-40
3.957545498481313547e-07 1.675862068965517437e+02 2.767004943126158706e-40
6.259907107685227244e-07 1.675862068965517437e+02 3.470855617703868516e-40
9.901702207058776949e-07 1.675862068965517437e+02 4.359914090947687336e-40
1.566216637254973893e-06 1.675862068965517437e+02 5.464355737959638041e-40
2.477386719493084971e-06 1.675862068965517437e+02 6.851620563882598211e-40
3.918643699684795082e-06 1.675862068965517437e+02 8.597447344271434966e-40
6.198373602414974549e-06 1.675862068965517437e+02 1.078722276859242376e-39
9.804370659727267644e-06 1.675862068965517437e+02 1.344881802184602985e-39
1.550821073383975258e-05 1.675862068965517437e+02 1.683870299712456565e-39
2.453034554814278694e-05 1.675862068965517437e+02 2.102595127771986080e-39
3.880124296984591311e-05 1.675862068965517437e+02 2.617996750592999626e-39
6.137444957920709968e-05 1.675862068965517437e+02 3.249194257812944039e-39
9.707995860024360021e-05 1.675862068965517437e+02 4.026782470482141125e-39
1.535576844507935347e-04 1.675862068965517437e+02 4.969276607457108000e-39
2.428921766539596401e-04 1.675862068965517437e+02 6.103245380991624827e-39
3.841983531511471432e-04 1.675862068965517437e+02 7.430032177057555365e-39
6.077115228554525470e-04 1.675862068965517437e+02 9.013643693445557664e-39
9.612568403332068419e-04 1.675862068965517437e+02 1.082203078591081845e-38
1.520482463037256191e-03 1.675862068965517437e+02 1.287631490694823320e-38
2.405046001651820267e-03 1.675862068965517437e+02 1.513438647231366910e-38
3.804217681345061462e-03 1.675862068965517437e+02 1.756548783316645985e-38
6.017378527112885768e-03 1.675862068965517437e+02 2.011781650560802208e-38
9.518078977477662309e-03 1.675862068965517437e+02 2.287587354229312535e-38
1.505536456005016586e-02 1.675862068965517437e+02 2.581467961577777677e-38
2.381404930263371703e-02 1.675862068965517437e+02 2.909624206317332589e-38
3.766823061150634255e-02 1.675862068965517437e+02 3.357425212925786469e-38
5.958229024262175905e-02 1.675862068965517437e+02 4.021730268181165845e-38
9.424518361825032220e-02 1.675862068965517437e+02 5.296090882902272402e-38
1.490737364923232500e-01 1.675862068965517437e+02 1.379569207833912413e-37
2.357996245388948031e-01 1.675862068965517437e+02 5.409897016026693747e-37
3.729796021819513641e-01 1.675862068965517437e+02 9.234603058375654457e-40
5.899660947969835867e-01 1.675862068965517437e+02 0.000000000000000000e+00
9.999999999999999547e-08 1.737931034482758719e+02 7.000944470417107338e-41
1.581765038478375206e-07 1.737931034482758719e+02 8.813916641316795223e-41
2.501980636952495318e-07 1.737931034482758719e+02 1.107355145966406502e-40
3.957545498481313547e-07 1.737931034482758719e+02 1.387629929124390481e-40
6.259907107685227244e-07 1.737931034482758719e+02 1.745199407074117221e-40
9.901702207058776949e-07 1.737931034482758719e+02 2.189048989423688221e-40
1.566216637254973893e-06 1.737931034482758719e+02 2.750318543938234196e-40
2.477386719493084971e-06 1.737931034482758719e+02 3.453622445297485126e-40
3.918643699684795082e-06 1.737931034482758719e+02 4.319129427445627477e-40
6.198373602414974549e-06 1.737931034482758719e+02 5.423804666648525267e-40
9.804370659727267644e-06 1.737931034482758719e+02 6.779127822557472989e-40
1.550821073383975258e-05 1.737931034482758719e+02 8.472135737866285769e-40
2.453034554814278694e-05 1.737931034482758719e+02 1.056972571784042501e-39
3.880124296984591311e-05 1.737931034482758719e+02 1.316906842980052677e-39
6.137444957920709968e-05 1.737931034482758719e+02 1.638569798462907545e-39
9.707995860024360021e-05 1.737931034482758719e+02 2.022325117565066266e-39
1.535576844507935347e-04 1.737931034482758719e+02 2.499079722368787913e-39
2.428921766539596401e-04 1.737931034482758719e+02 3.056929993735634218e-39
3.841983531511471432e-04 1.737931034482758719e+02 3.737384071111496203e-39
6.077115228554525470e-04 1.737931034482758719e+02 4.521933466611946024e-39
9.612568403332068419e-04 1.737931034482758719e+02 5.420874571110060853e-39
1.520482463037256191e-03 1.737931034482758719e+02 6.440551405790745920e-39
2.405046001651820267e-03 1.737931034482758719e+02 7.577219749920103416e-39
3.804217681345061462e-03 1.737931034482758719e+02 8.808796551182074703e-39
6.017378527112885768e-03 1.737931034482758719e+02 1.009869180967457907e-38
9.518078977477662309e-03 1.737931034482758719e+02 1.140813598797009103e-38
1.505536456005016586e-02 1.737931034482758719e+02 1.283050995792734795e-38
2.381404930263371703e-02 1.737931034482758719e+02 1.451872097377631603e-38
3.766823061150634255e-02 1.737931034482758719e+02 1.671907684182737761e-38
5.958229024262175905e-02 1.737931034482758719e+02 2.003747538435929759e-38
9.424518361825032220e-02 1.737931034482758719e+02 2.650243736639895654e-38
1.490737364923232500e-01 1.737931034482758719e+02 7.040854357075068459e-38
2.357996245388948031e-01 1.737931034482758719e+02 2.653344727949762440e-37
3.729796021819513641e-01 1.737931034482758719e+02 4.025677664663336027e-40
5.899660947969835867e-01 1.737931034482758719e+02 0.000000000000000000e+00
9.999999999999999547e-08 1.800000000000000000e+02 7.919078505406475287e-56
1.581765038478375206e-07 1.800000000000000000e+02 9.986164375925242467e-56
2.501980636952495318e-07 1.800000000000000000e+02 1.251231780767670828e-55
3.957545498481313547e-07 1.800000000000000000e+02 1.572644935162577346e-55
6.259907107685227244e-07 1.800000000000000000e+02 1.978844860771613456e-55
9.901702207058776949e-07 1.800000000000000000e+02 2.482110964155116598e-55
1.566216637254973893e-06 1.800000000000000000e+02 3.110190400780261970e-55
2.477386719493084971e-06 1.800000000000000000e+02 3.907687551190183762e-55
3.918643699684795082e-06 1.800000000000000000e+02 4.896267196105219405e-55
6.198373602414974549e-06 1.800000000000000000e+02 6.112988567972852534e-55
9.804370659727267644e-06 1.800000000000000000e+02 7.693244583938769028e-55
1.550821073383975258e-05 1.800000000000000000e+02 9.604093468664990183e-55
2.453034554814278694e-05 1.800000000000000000e+02 1.197118392665004578e-54
3.880124296984591311e-05 1.800000000000000000e+02 1.487897038393005364e-54
6.137444957920709968e-05 1.800000000000000000e+02 1.852491292790349886e-54
9.707995860024360021e-05 1.800000000000000000e+02 2.291635662754128088e-54
1.535576844507935347e-04 1.800000000000000000e+02 2.823367643385456835e-54
2.428921766539596401e-04 1.800000000000000000e+02 3.469067946652547770e-54
3.841983531511471432e-04 1.800000000000000000e+02 4.223369233927022276e-54
6.077115228554525470e-04 1.800000000000000000e+02 5.110330038085812627e-54
9.612568403332068419e-04 1.800000000000000000e+02 6.146191456181152967e-54
1.520482463037256191e-03 1.800000000000000000e+02 7.296121681246489323e-54
2.405046001651820267e-03 1.800000000000000000e+02 8.566009048164436764e-54
3.804217681345061462e-03 1.800000000000000000e+02 9.944009330775434198e-54
6.017378527112885768e-03 1.800000000000000000e+02 1.137453585806529666e-53
9.518078977477662309e-03 1.800000000000000000e+02 1.287095996982739492e-53
1.505536456005016586e-02 1.800000000000000000e+02 1.454221267354168007e-53
2.381404930263371703e-02 1.800000000000000000e+02 1.644009314583470519e-53
3.766823061150634255e-02 1.800000000000000000e+02 1.889008852642735649e-53
5.958229024262175905e-02 1.800000000000000000e+02 2.268076288597790235e-53
9.424518361825032220e-02 1.800000000000000000e+02 2.997015876427420443e-53
1.490737364923232500e-01 1.800000000000000000e+02 8.076436278715820477e-53
2.357996245388948031e-01 1.800000000000000000e+02 2.969136476183206386e-52
3.729796021819513641e-01 1.800000000000000000e+02 4.309265006803198608e-55
5.899660947969835867e-01 1.800000000000000000e+02 0.000000000000000000e+00
