# atom 16: Tchi 0.5736152510448679 [GeV]; m_chi = 0.08 [GeV]; mS = 0.2 [GeV]; gchi =0.01; gN = 0.01
# Tchi^prime [GeV], theta [degree] ,dsigma/dTchip dtheta [cm^2/GeV]
9.999999999999999547e-08 0.000000000000000000e+00 0.000000000000000000e+00
1.578075485547191318e-07 0.000000000000000000e+00 0.000000000000000000e+00
2.490322238085003244e-07 0.000000000000000000e+00 0.000000000000000000e+00
3.929916475034959908e-07 0.000000000000000000e+00 0.000000000000000000e+00
6.201704849500700412e-07 0.000000000000000000e+00 0.000000000000000000e+00
9.786758391596188787e-07 0.000000000000000000e+00 0.000000000000000000e+00
1.544424350075120399e-06 0.000000000000000000e+00 0.000000000000000000e+00
2.437218206135700938e-06 0.000000000000000000e+00 0.000000000000000000e+00
3.846114304032050578e-06 0.000000000000000000e+00 0.000000000000000000e+00
6.069458697805375515e-06 0.000000000000000000e+00 0.000000000000000000e+00
9.578063981547841780e-06 0.000000000000000000e+00 0.000000000000000000e+00
1.511490796828317329e-05 0.000000000000000000e+00 0.000000000000000000e+00
2.385246573104953216e-05 0.000000000000000000e+00 0.000000000000000000e+00
3.764099144002372579e-05 0.000000000000000000e+00 0.000000000000000000e+00
5.940032584319311263e-05 0.000000000000000000e+00 0.000000000000000000e+00
9.373819804665835351e-05 0.000000000000000000e+00 0.000000000000000000e+00
1.479259523967991520e-04 0.000000000000000000e+00 0.000000000000000000e+00
2.334383191536095023e-04 0.000000000000000000e+00 0.000000000000000000e+00
3.683832888436525143e-04 0.000000000000000000e+00 0.000000000000000000e+00
5.813366374094181130e-04 0.000000000000000000e+00 0.000000000000000000e+00
9.173930963462390009e-04 0.000000000000000000e+00 0.000000000000000000e+00
1.447715555954232330e-03 0.000000000000000000e+00 0.000000000000000000e+00
2.284604428896697213e-03 0.000000000000000000e+00 0.000000000000000000e+00
3.605278243414418785e-03 0.000000000000000000e+00 0.000000000000000000e+00
5.689401214508922090e-03 0.000000000000000000e+00 0.000000000000000000e+00
8.978304584058946491e-03 0.000000000000000000e+00 0.000000000000000000e+00
1.416844236587939607e-02 0.000000000000000000e+00 0.000000000000000000e+00
2.235887156598252365e-02 0.000000000000000000e+00 0.000000000000000000e+00
3.528398710277515921e-02 0.000000000000000000e+00 0.000000000000000000e+00
5.568079507925274146e-02 0.000000000000000000e+00 0.000000000000000000e+00
8.786849773034542677e-02 0.000000000000000000e+00 0.000000000000000000e+00
1.386631222201171465e-01 0.000000000000000000e+00 0.000000000000000000e+00
2.188208739250008805e-01 0.000000000000000000e+00 0.000000000000000000e+00
3.453158568670564588e-01 0.000000000000000000e+00 0.000000000000000000e+00
5.449344884926244914e-01 0.000000000000000000e+00 0.000000000000000000e+00
9.999999999999999547e-08 6.206896551724137900e+00 3.939715277260376582e-41
1.578075485547191318e-07 6.206896551724137900e+00 4.964349264129496036e-41
2.490322238085003244e-07 6.206896551724137900e+00 6.250671559488736556e-41
3.929916475034959908e-07 6.206896551724137900e+00 7.849683291946308541e-41
6.201704849500700412e-07 6.206896551724137900e+00 9.843842425108445354e-41
9.786758391596188787e-07 6.206896551724137900e+00 1.236348217127043917e-40
1.544424350075120399e-06 6.206896551724137900e+00 1.555027919496187547e-40
2.437218206135700938e-06 6.206896551724137900e+00 1.955829522062948554e-40
3.846114304032050578e-06 6.206896551724137900e+00 2.461965807764625689e-40
6.069458697805375515e-06 6.206896551724137900e+00 3.102498860661822581e-40
9.578063981547841780e-06 6.206896551724137900e+00 3.894450055932961532e-40
1.511490796828317329e-05 6.206896551724137900e+00 4.908108022889941949e-40
2.385246573104953216e-05 6.206896551724137900e+00 6.191570382581120393e-40
3.764099144002372579e-05 6.206896551724137900e+00 7.803601184410896347e-40
5.940032584319311263e-05 6.206896551724137900e+00 9.844801336574856335e-40
9.373819804665835351e-05 6.206896551724137900e+00 1.248843271923519937e-39
1.479259523967991520e-04 6.206896551724137900e+00 1.578506834324483919e-39
2.334383191536095023e-04 6.206896551724137900e+00 2.000044422654267117e-39
3.683832888436525143e-04 6.206896551724137900e+00 2.545536362399965239e-39
5.813366374094181130e-04 6.206896551724137900e+00 3.251900611326950088e-39
9.173930963462390009e-04 6.206896551724137900e+00 4.175008694319923103e-39
1.447715555954232330e-03 6.206896551724137900e+00 5.384370807634617526e-39
2.284604428896697213e-03 6.206896551724137900e+00 7.009649203583952260e-39
3.605278243414418785e-03 6.206896551724137900e+00 9.224563334775777152e-39
5.689401214508922090e-03 6.206896551724137900e+00 1.229387725425174461e-38
8.978304584058946491e-03 6.206896551724137900e+00 1.668800115163742254e-38
1.416844236587939607e-02 6.206896551724137900e+00 2.328770254028799969e-38
2.235887156598252365e-02 6.206896551724137900e+00 3.362317089854196831e-38
3.528398710277515921e-02 6.206896551724137900e+00 5.071246397391286794e-38
5.568079507925274146e-02 6.206896551724137900e+00 8.162960498929757572e-38
8.786849773034542677e-02 6.206896551724137900e+00 1.442838315754871807e-37
1.386631222201171465e-01 6.206896551724137900e+00 2.895194329116608932e-37
2.188208739250008805e-01 6.206896551724137900e+00 6.994517621425653273e-37
3.453158568670564588e-01 6.206896551724137900e+00 0.000000000000000000e+00
5.449344884926244914e-01 6.206896551724137900e+00 0.000000000000000000e+00
9.999999999999999547e-08 1.241379310344827580e+01 7.865280682757475693e-41
1.578075485547191318e-07 1.241379310344827580e+01 9.878774820777254235e-41
2.490322238085003244e-07 1.241379310344827580e+01 1.242005452093118370e-40
3.929916475034959908e-07 1.241379310344827580e+01 1.558835686291134726e-40
6.201704849500700412e-07 1.241379310344827580e+01 1.959817611649425349e-40
9.786758391596188787e-07 1.241379310344827580e+01 2.462636984894379822e-40
1.544424350075120399e-06 1.241379310344827580e+01 3.096789444238049070e-40
2.437218206135700938e-06 1.241379310344827580e+01 3.891325305883115179e-40
3.846114304032050578e-06 1.241379310344827580e+01 4.892803243682574558e-40
6.069458697805375515e-06 1.241379310344827580e+01 6.158341225532184712e-40
9.578063981547841780e-06 1.241379310344827580e+01 7.757469562642230291e-40
1.511490796828317329e-05 1.241379310344827580e+01 9.761603280998428863e-40
2.385246573104953216e-05 1.241379310344827580e+01 1.230122547850869498e-39
3.764099144002372579e-05 1.241379310344827580e+01 1.550626649076639832e-39
5.940032584319311263e-05 1.241379310344827580e+01 1.958600907831486606e-39
9.373819804665835351e-05 1.241379310344827580e+01 2.476611316078585361e-39
1.479259523967991520e-04 1.241379310344827580e+01 3.133003659874358289e-39
2.334383191536095023e-04 1.241379310344827580e+01 3.980489150269454483e-39
3.683832888436525143e-04 1.241379310344827580e+01 5.067502170798788968e-39
5.813366374094181130e-04 1.241379310344827580e+01 6.461593225312635115e-39
9.173930963462390009e-04 1.241379310344827580e+01 8.288539417686379737e-39
1.447715555954232330e-03 1.241379310344827580e+01 1.070378201197945047e-38
2.284604428896697213e-03 1.241379310344827580e+01 1.388862640848219965e-38
3.605278243414418785e-03 1.241379310344827580e+01 1.828667980129422609e-38
5.689401214508922090e-03 1.241379310344827580e+01 2.429056438341265968e-38
8.978304584058946491e-03 1.241379310344827580e+01 3.298534187377152953e-38
1.416844236587939607e-02 1.241379310344827580e+01 4.593499585310064842e-38
2.235887156598252365e-02 1.241379310344827580e+01 6.584201894570185919e-38
3.528398710277515921e-02 1.241379310344827580e+01 9.901657929029523649e-38
5.568079507925274146e-02 1.241379310344827580e+01 1.585619445097040419e-37
8.786849773034542677e-02 1.241379310344827580e+01 2.762500194331131783e-37
1.386631222201171465e-01 1.241379310344827580e+01 5.453256573720330991e-37
2.188208739250008805e-01 1.241379310344827580e+01 1.299196226786988119e-36
3.453158568670564588e-01 1.241379310344827580e+01 0.000000000000000000e+00
5.449344884926244914e-01 1.241379310344827580e+01 0.000000000000000000e+00
9.999999999999999547e-08 1.862068965517241281e+01 1.166216514503661411e-40
1.578075485547191318e-07 1.862068965517241281e+01 1.464562121386005454e-40
2.490322238085003244e-07 1.862068965517241281e+01 1.843345192363310115e-40
3.929916475034959908e-07 1.862068965517241281e+01 2.317175638634746243e-40
6.201704849500700412e-07 1.862068965517241281e+01 2.906777612238071278e-40
9.786758391596188787e-07 1.862068965517241281e+01 3.661411911419602627e-40
1.544424350075120399e-06 1.862068965517241281e+01 4.607349981384319059e-40
2.437218206135700938e-06 1.862068965517241281e+01 5.784258943268233510e-40
3.846114304032050578e-06 1.862068965517241281e+01 7.262145928950896002e-40
6.069458697805375515e-06 1.862068965517241281e+01 9.154107091784543243e-40
9.578063981547841780e-06 1.862068965517241281e+01 1.152602293967352111e-39
1.511490796828317329e-05 1.862068965517241281e+01 1.446880453428262399e-39
2.385246573104953216e-05 1.862068965517241281e+01 1.828860428881209423e-39
3.764099144002372579e-05 1.862068965517241281e+01 2.306235097233067461e-39
5.940032584319311263e-05 1.862068965517241281e+01 2.908095200220826266e-39
9.373819804665835351e-05 1.862068965517241281e+01 3.666946151003974983e-39
1.479259523967991520e-04 1.862068965517241281e+01 4.652806249817140680e-39
2.334383191536095023e-04 1.862068965517241281e+01 5.890313978775621594e-39
3.683832888436525143e-04 1.862068965517241281e+01 7.501319033274311145e-39
5.813366374094181130e-04 1.862068965517241281e+01 9.569300253503500264e-39
9.173930963462390009e-04 1.862068965517241281e+01 1.229015090071302085e-38
1.447715555954232330e-03 1.862068965517241281e+01 1.581265467215127458e-38
2.284604428896697213e-03 1.862068965517241281e+01 2.049230643834421350e-38
3.605278243414418785e-03 1.862068965517241281e+01 2.693070631644748634e-38
5.689401214508922090e-03 1.862068965517241281e+01 3.584638572420282149e-38
8.978304584058946491e-03 1.862068965517241281e+01 4.855070122072653911e-38
1.416844236587939607e-02 1.862068965517241281e+01 6.700153307017057878e-38
2.235887156598252365e-02 1.862068965517241281e+01 9.600174878291832115e-38
3.528398710277515921e-02 1.862068965517241281e+01 1.427898381368071780e-37
5.568079507925274146e-02 1.862068965517241281e+01 2.254993903556897153e-37
8.786849773034542677e-02 1.862068965517241281e+01 3.878752715254964722e-37
1.386631222201171465e-01 1.862068965517241281e+01 7.474271853199089740e-37
2.188208739250008805e-01 1.862068965517241281e+01 1.722648010340399744e-36
3.453158568670564588e-01 1.862068965517241281e+01 0.000000000000000000e+00
5.449344884926244914e-01 1.862068965517241281e+01 0.000000000000000000e+00
9.999999999999999547e-08 2.482758620689655160e+01 1.533316839412569698e-40
1.578075485547191318e-07 2.482758620689655160e+01 1.929639041757005001e-40
2.490322238085003244e-07 2.482758620689655160e+01 2.422800957812324543e-40
3.929916475034959908e-07 2.482758620689655160e+01 3.053687059346824933e-40
6.201704849500700412e-07 2.482758620689655160e+01 3.824407795383868067e-40
9.786758391596188787e-07 2.482758620689655160e+01 4.819623499866666307e-40
1.544424350075120399e-06 2.482758620689655160e+01 6.046793658906073385e-40
2.437218206135700938e-06 2.482758620689655160e+01 7.597475803720406162e-40
3.846114304032050578e-06 2.482758620689655160e+01 9.561538712861833294e-40
6.069458697805375515e-06 2.482758620689655160e+01 1.201882847342326056e-39
9.578063981547841780e-06 2.482758620689655160e+01 1.512269916128662162e-39
1.511490796828317329e-05 2.482758620689655160e+01 1.906986125136167418e-39
2.385246573104953216e-05 2.482758620689655160e+01 2.397343894453601563e-39
3.764099144002372579e-05 2.482758620689655160e+01 3.030408493389007872e-39
5.940032584319311263e-05 2.482758620689655160e+01 3.817280473126111264e-39
9.373819804665835351e-05 2.482758620689655160e+01 4.812398231080183104e-39
1.479259523967991520e-04 2.482758620689655160e+01 6.094622074144697772e-39
2.334383191536095023e-04 2.482758620689655160e+01 7.742366082696160716e-39
3.683832888436525143e-04 2.482758620689655160e+01 9.840406011879820592e-39
5.813366374094181130e-04 2.482758620689655160e+01 1.255443247368119375e-38
9.173930963462390009e-04 2.482758620689655160e+01 1.606615640924736536e-38
1.447715555954232330e-03 2.482758620689655160e+01 2.064648551477828786e-38
2.284604428896697213e-03 2.482758620689655160e+01 2.684969412481995282e-38
3.605278243414418785e-03 2.482758620689655160e+01 3.511381561702987683e-38
5.689401214508922090e-03 2.482758620689655160e+01 4.663063763018360655e-38
8.978304584058946491e-03 2.482758620689655160e+01 6.276744535102832365e-38
1.416844236587939607e-02 2.482758620689655160e+01 8.646639037300664507e-38
2.235887156598252365e-02 2.482758620689655160e+01 1.224734176014250745e-37
3.528398710277515921e-02 2.482758620689655160e+01 1.806367028583518903e-37
5.568079507925274146e-02 2.482758620689655160e+01 2.808810271513559903e-37
8.786849773034542677e-02 2.482758620689655160e+01 4.715268244992488528e-37
1.386631222201171465e-01 2.482758620689655160e+01 8.810481705801717253e-37
2.188208739250008805e-01 2.482758620689655160e+01 1.960682082357280898e-36
3.453158568670564588e-01 2.482758620689655160e+01 0.000000000000000000e+00
5.449344884926244914e-01 2.482758620689655160e+01 0.000000000000000000e+00
9.999999999999999547e-08 3.103448275862069039e+01 1.881914733243848706e-40
1.578075485547191318e-07 3.103448275862069039e+01 2.368116988752499573e-40
2.490322238085003244e-07 3.103448275862069039e+01 2.971006743112971956e-40
3.929916475034959908e-07 3.103448275862069039e+01 3.736621804073711733e-40
6.201704849500700412e-07 3.103448275862069039e+01 4.699182935395288232e-40
9.786758391596188787e-07 3.103448275862069039e+01 5.905650551521270160e-40
1.544424350075120399e-06 3.103448275862069039e+01 7.401650129703709362e-40
2.437218206135700938e-06 3.103448275862069039e+01 9.342855065179474123e-40
3.846114304032050578e-06 3.103448275862069039e+01 1.173561115280281015e-39
6.069458697805375515e-06 3.103448275862069039e+01 1.477547446648325729e-39
9.578063981547841780e-06 3.103448275862069039e+01 1.854661083914945443e-39
1.511490796828317329e-05 3.103448275862069039e+01 2.339482541833270283e-39
2.385246573104953216e-05 3.103448275862069039e+01 2.945767527768038867e-39
3.764099144002372579e-05 3.103448275862069039e+01 3.713728802052705881e-39
5.940032584319311263e-05 3.103448275862069039e+01 4.677600925249933501e-39
9.373819804665835351e-05 3.103448275862069039e+01 5.916873008868572358e-39
1.479259523967991520e-04 3.103448275862069039e+01 7.477559146217149087e-39
2.334383191536095023e-04 3.103448275862069039e+01 9.477126066228569990e-39
3.683832888436525143e-04 3.103448275862069039e+01 1.202720373319879697e-38
5.813366374094181130e-04 3.103448275862069039e+01 1.535716069460772307e-38
9.173930963462390009e-04 3.103448275862069039e+01 1.966065645994888091e-38
1.447715555954232330e-03 3.103448275862069039e+01 2.522735115102962434e-38
2.284604428896697213e-03 3.103448275862069039e+01 3.268212387547328788e-38
3.605278243414418785e-03 3.103448275862069039e+01 4.259937960100391537e-38
5.689401214508922090e-03 3.103448275862069039e+01 5.635582568826502062e-38
8.978304584058946491e-03 3.103448275862069039e+01 7.539742231666931707e-38
1.416844236587939607e-02 3.103448275862069039e+01 1.030973640225097354e-37
2.235887156598252365e-02 3.103448275862069039e+01 1.452208465344230933e-37
3.528398710277515921e-02 3.103448275862069039e+01 2.112463401167024523e-37
5.568079507925274146e-02 3.103448275862069039e+01 3.230201605152614865e-37
8.786849773034542677e-02 3.103448275862069039e+01 5.290055188742463598e-37
1.386631222201171465e-01 3.103448275862069039e+01 9.599712916145965490e-37
2.188208739250008805e-01 3.103448275862069039e+01 2.052495705698528457e-36
3.453158568670564588e-01 3.103448275862069039e+01 6.612809534694431811e-36
5.449344884926244914e-01 3.103448275862069039e+01 0.000000000000000000e+00
9.999999999999999547e-08 3.724137931034482563e+01 2.212058244174576219e-40
1.578075485547191318e-07 3.724137931034482563e+01 2.771343278376995543e-40
2.490322238085003244e-07 3.724137931034482563e+01 3.491606980794177494e-40
3.929916475034959908e-07 3.724137931034482563e+01 4.392052655203394941e-40
6.201704849500700412e-07 3.724137931034482563e+01 5.506308098244226647e-40
9.786758391596188787e-07 3.724137931034482563e+01 6.918592138354178768e-40
1.544424350075120399e-06 3.724137931034482563e+01 8.716874204263004411e-40
2.437218206135700938e-06 3.724137931034482563e+01 1.096719165470374122e-39
3.846114304032050578e-06 3.724137931034482563e+01 1.379258411932310751e-39
6.069458697805375515e-06 3.724137931034482563e+01 1.734747687189596523e-39
9.578063981547841780e-06 3.724137931034482563e+01 2.174677826874296939e-39
1.511490796828317329e-05 3.724137931034482563e+01 2.745021439637687311e-39
2.385246573104953216e-05 3.724137931034482563e+01 3.457183778197993376e-39
3.764099144002372579e-05 3.724137931034482563e+01 4.352550684748889942e-39
5.940032584319311263e-05 3.724137931034482563e+01 5.490223273809146510e-39
9.373819804665835351e-05 3.724137931034482563e+01 6.943055339855531154e-39
1.479259523967991520e-04 3.724137931034482563e+01 8.771810389119431380e-39
2.334383191536095023e-04 3.724137931034482563e+01 1.110827488678627054e-38
3.683832888436525143e-04 3.724137931034482563e+01 1.407517383442655096e-38
5.813366374094181130e-04 3.724137931034482563e+01 1.788910502805707041e-38
9.173930963462390009e-04 3.724137931034482563e+01 2.287334237505344758e-38
1.447715555954232330e-03 3.724137931034482563e+01 2.943551506338917728e-38
2.284604428896697213e-03 3.724137931034482563e+01 3.792002035672319207e-38
3.605278243414418785e-03 3.724137931034482563e+01 4.943038776259629569e-38
5.689401214508922090e-03 3.724137931034482563e+01 6.505672566344731684e-38
8.978304584058946491e-03 3.724137931034482563e+01 8.641391773732870728e-38
1.416844236587939607e-02 3.724137931034482563e+01 1.174250998403315747e-37
2.235887156598252365e-02 3.724137931034482563e+01 1.634239336357983402e-37
3.528398710277515921e-02 3.724137931034482563e+01 2.345080515922201685e-37
5.568079507925274146e-02 3.724137931034482563e+01 3.520945070221642233e-37
8.786849773034542677e-02 3.724137931034482563e+01 5.636335547726864071e-37
1.386631222201171465e-01 3.724137931034482563e+01 9.906465100506162076e-37
2.188208739250008805e-01 3.724137931034482563e+01 2.058676203802283940e-36
3.453158568670564588e-01 3.724137931034482563e+01 8.060333771542465128e-36
5.449344884926244914e-01 3.724137931034482563e+01 0.000000000000000000e+00
9.999999999999999547e-08 4.344827586206896797e+01 2.513083063090964200e-40
1.578075485547191318e-07 4.344827586206896797e+01 3.162433734711200686e-40
2.490322238085003244e-07 4.344827586206896797e+01 3.967524027176531065e-40
3.929916475034959908e-07 4.344827586206896797e+01 4.984697006028317805e-40
6.201704849500700412e-07 4.344827586206896797e+01 6.269076670879791832e-40
9.786758391596188787e-07 4.344827586206896797e+01 7.873069669703808203e-40
1.544424350075120399e-06 4.344827586206896797e+01 9.890093206976514910e-40
2.437218206135700938e-06 4.344827586206896797e+01 1.243050750132632820e-39
3.846114304032050578e-06 4.344827586206896797e+01 1.564220417921169264e-39
6.069458697805375515e-06 4.344827586206896797e+01 1.963087689787619050e-39
9.578063981547841780e-06 4.344827586206896797e+01 2.473054778501370661e-39
1.511490796828317329e-05 4.344827586206896797e+01 3.115268118851444778e-39
2.385246573104953216e-05 4.344827586206896797e+01 3.921305375297714319e-39
3.764099144002372579e-05 4.344827586206896797e+01 4.938502129772831201e-39
5.940032584319311263e-05 4.344827586206896797e+01 6.238989913303156593e-39
9.373819804665835351e-05 4.344827586206896797e+01 7.862471938731004169e-39
1.479259523967991520e-04 4.344827586206896797e+01 9.950505108909908143e-39
2.334383191536095023e-04 4.344827586206896797e+01 1.255877386840762332e-38
3.683832888436525143e-04 4.344827586206896797e+01 1.594579745340124882e-38
5.813366374094181130e-04 4.344827586206896797e+01 2.027060230037720000e-38
9.173930963462390009e-04 4.344827586206896797e+01 2.581463794405482226e-38
1.447715555954232330e-03 4.344827586206896797e+01 3.304073229116207023e-38
2.284604428896697213e-03 4.344827586206896797e+01 4.267015362088601014e-38
3.605278243414418785e-03 4.344827586206896797e+01 5.525514679015753875e-38
5.689401214508922090e-03 4.344827586206896797e+01 7.234498680087184983e-38
8.978304584058946491e-03 4.344827586206896797e+01 9.591094552646128345e-38
1.416844236587939607e-02 4.344827586206896797e+01 1.291766152199026590e-37
2.235887156598252365e-02 4.344827586206896797e+01 1.776491303082695440e-37
3.528398710277515921e-02 4.344827586206896797e+01 2.508654377173175594e-37
5.568079507925274146e-02 4.344827586206896797e+01 3.700169842231948864e-37
8.786849773034542677e-02 4.344827586206896797e+01 5.783306532001343710e-37
1.386631222201171465e-01 4.344827586206896797e+01 9.898524852189894462e-37
2.188208739250008805e-01 4.344827586206896797e+01 2.013062618776299047e-36
3.453158568670564588e-01 4.344827586206896797e+01 1.182131032259669066e-35
5.449344884926244914e-01 4.344827586206896797e+01 0.000000000000000000e+00
9.999999999999999547e-08 4.965517241379310320e+01 2.786154461955361478e-40
1.578075485547191318e-07 4.965517241379310320e+01 3.497044664503659331e-40
2.490322238085003244e-07 4.965517241379310320e+01 4.392341687902455671e-40
3.929916475034959908e-07 4.965517241379310320e+01 5.524675771875914271e-40
6.201704849500700412e-07 4.965517241379310320e+01 6.936986527969744143e-40
9.786758391596188787e-07 4.965517241379310320e+01 8.710872913644122056e-40
1.544424350075120399e-06 4.965517241379310320e+01 1.095935854095822265e-39
2.437218206135700938e-06 4.965517241379310320e+01 1.377598134104316463e-39
3.846114304032050578e-06 4.965517241379310320e+01 1.735103758080766413e-39
6.069458697805375515e-06 4.965517241379310320e+01 2.174777439687334063e-39
9.578063981547841780e-06 4.965517241379310320e+01 2.739596181427016545e-39
1.511490796828317329e-05 4.965517241379310320e+01 3.443286000448312571e-39
2.385246573104953216e-05 4.965517241379310320e+01 4.327045176162298516e-39
3.764099144002372579e-05 4.965517241379310320e+01 5.470894505147559126e-39
5.940032584319311263e-05 4.965517241379310320e+01 6.879243334143273163e-39
9.373819804665835351e-05 4.965517241379310320e+01 8.675618241041438088e-39
1.479259523967991520e-04 4.965517241379310320e+01 1.098798262465190226e-38
2.334383191536095023e-04 4.965517241379310320e+01 1.388978224968893306e-38
3.683832888436525143e-04 4.965517241379310320e+01 1.752294043092781406e-38
5.813366374094181130e-04 4.965517241379310320e+01 2.231648862896117867e-38
9.173930963462390009e-04 4.965517241379310320e+01 2.842645918712363085e-38
1.447715555954232330e-03 4.965517241379310320e+01 3.623840784610181534e-38
2.284604428896697213e-03 4.965517241379310320e+01 4.659261777458701863e-38
3.605278243414418785e-03 4.965517241379310320e+01 6.028540046737993862e-38
5.689401214508922090e-03 4.965517241379310320e+01 7.856782027196749153e-38
8.978304584058946491e-03 4.965517241379310320e+01 1.034775099955138173e-37
1.416844236587939607e-02 4.965517241379310320e+01 1.383248192878193643e-37
2.235887156598252365e-02 4.965517241379310320e+01 1.875539476581361499e-37
3.528398710277515921e-02 4.965517241379310320e+01 2.618941905198775706e-37
5.568079507925274146e-02 4.965517241379310320e+01 3.778961300108550837e-37
8.786849773034542677e-02 4.965517241379310320e+01 5.784222815192367757e-37
1.386631222201171465e-01 4.965517241379310320e+01 9.676214539322858897e-37
2.188208739250008805e-01 4.965517241379310320e+01 1.939413878363329874e-36
3.453158568670564588e-01 4.965517241379310320e+01 1.845570265652414467e-35
5.449344884926244914e-01 4.965517241379310320e+01 0.000000000000000000e+00
9.999999999999999547e-08 5.586206896551724554e+01 3.026305493152977327e-40
1.578075485547191318e-07 5.586206896551724554e+01 3.803495039990411504e-40
2.490322238085003244e-07 5.586206896551724554e+01 4.765715285384736899e-40
3.929916475034959908e-07 5.586206896551724554e+01 5.983078057774601661e-40
6.201704849500700412e-07 5.586206896551724554e+01 7.543615893098461837e-40
9.786758391596188787e-07 5.586206896551724554e+01 9.478617118222113093e-40
1.544424350075120399e-06 5.586206896551724554e+01 1.187647018757318980e-39
2.437218206135700938e-06 5.586206896551724554e+01 1.492957927263406173e-39
3.846114304032050578e-06 5.586206896551724554e+01 1.880029607039080068e-39
6.069458697805375515e-06 5.586206896551724554e+01 2.363121772670892527e-39
9.578063981547841780e-06 5.586206896551724554e+01 2.973680749776127225e-39
1.511490796828317329e-05 5.586206896551724554e+01 3.737574253203544786e-39
2.385246573104953216e-05 5.586206896551724554e+01 4.716274707157326068e-39
3.764099144002372579e-05 5.586206896551724554e+01 5.927812692469270765e-39
5.940032584319311263e-05 5.586206896551724554e+01 7.470568843769998621e-39
9.373819804665835351e-05 5.586206896551724554e+01 9.409709647557730090e-39
1.479259523967991520e-04 5.586206896551724554e+01 1.184958057938258809e-38
2.334383191536095023e-04 5.586206896551724554e+01 1.500757462747730564e-38
3.683832888436525143e-04 5.586206896551724554e+01 1.897768641502806643e-38
5.813366374094181130e-04 5.586206896551724554e+01 2.407768939005844873e-38
9.173930963462390009e-04 5.586206896551724554e+01 3.058192967050142530e-38
1.447715555954232330e-03 5.586206896551724554e+01 3.890120945800566059e-38
2.284604428896697213e-03 5.586206896551724554e+01 4.996175346403731676e-38
3.605278243414418785e-03 5.586206896551724554e+01 6.428791474931104523e-38
5.689401214508922090e-03 5.586206896551724554e+01 8.315898607315667130e-38
8.978304584058946491e-03 5.586206896551724554e+01 1.090694571765337916e-37
1.416844236587939607e-02 5.586206896551724554e+01 1.441577443662039443e-37
2.235887156598252365e-02 5.586206896551724554e+01 1.934191549686211790e-37
3.528398710277515921e-02 5.586206896551724554e+01 2.666803322097156065e-37
5.568079507925274146e-02 5.586206896551724554e+01 3.776136626710983320e-37
8.786849773034542677e-02 5.586206896551724554e+01 5.675893737689799822e-37
1.386631222201171465e-01 5.586206896551724554e+01 9.320427853001346814e-37
2.188208739250008805e-01 5.586206896551724554e+01 1.871728395476179537e-36
3.453158568670564588e-01 5.586206896551724554e+01 2.400968532124990664e-35
5.449344884926244914e-01 5.586206896551724554e+01 0.000000000000000000e+00
9.999999999999999547e-08 6.206896551724138078e+01 3.222294722868362492e-40
1.578075485547191318e-07 6.206896551724138078e+01 4.054869239000814746e-40
2.490322238085003244e-07 6.206896551724138078e+01 5.100911349030320144e-40
3.929916475034959908e-07 6.206896551724138078e+01 6.408894234771726408e-40
6.201704849500700412e-07 6.206896551724138078e+01 8.043298027586392097e-40
9.786758391596188787e-07 6.206896551724138078e+01 1.009618024532613812e-39
1.544424350075120399e-06 6.206896551724138078e+01 1.266270656631519852e-39
2.437218206135700938e-06 6.206896551724138078e+01 1.596128037695744299e-39
3.846114304032050578e-06 6.206896551724138078e+01 2.008376783918944012e-39
6.069458697805375515e-06 6.206896551724138078e+01 2.522474337080269138e-39
9.578063981547841780e-06 6.206896551724138078e+01 3.175974652134219545e-39
1.511490796828317329e-05 6.206896551724138078e+01 3.980660183323203471e-39
2.385246573104953216e-05 6.206896551724138078e+01 5.019237528597012522e-39
3.764099144002372579e-05 6.206896551724138078e+01 6.310395061801426988e-39
5.940032584319311263e-05 6.206896551724138078e+01 7.943022288653453111e-39
9.373819804665835351e-05 6.206896551724138078e+01 1.004070738970733275e-38
1.479259523967991520e-04 6.206896551724138078e+01 1.261857961453997087e-38
2.334383191536095023e-04 6.206896551724138078e+01 1.589134111490459071e-38
3.683832888436525143e-04 6.206896551724138078e+01 2.010700265663801046e-38
5.813366374094181130e-04 6.206896551724138078e+01 2.545614760952451542e-38
9.173930963462390009e-04 6.206896551724138078e+01 3.229842815182655535e-38
1.447715555954232330e-03 6.206896551724138078e+01 4.117753231464749421e-38
2.284604428896697213e-03 6.206896551724138078e+01 5.258300758186543211e-38
3.605278243414418785e-03 6.206896551724138078e+01 6.716160559802271399e-38
5.689401214508922090e-03 6.206896551724138078e+01 8.668854854257233771e-38
8.978304584058946491e-03 6.206896551724138078e+01 1.125356314854943660e-37
1.416844236587939607e-02 6.206896551724138078e+01 1.479241605292055163e-37
2.235887156598252365e-02 6.206896551724138078e+01 1.967912886487661972e-37
3.528398710277515921e-02 6.206896551724138078e+01 2.662805161061489314e-37
5.568079507925274146e-02 6.206896551724138078e+01 3.719751940159996080e-37
8.786849773034542677e-02 6.206896551724138078e+01 5.482372093337053240e-37
1.386631222201171465e-01 6.206896551724138078e+01 8.880519560739384818e-37
2.188208739250008805e-01 6.206896551724138078e+01 1.893230569470738025e-36
3.453158568670564588e-01 6.206896551724138078e+01 2.363076202346248061e-35
5.449344884926244914e-01 6.206896551724138078e+01 0.000000000000000000e+00
9.999999999999999547e-08 6.827586206896552312e+01 3.391425997671100165e-40
1.578075485547191318e-07 6.827586206896552312e+01 4.260591067372121301e-40
2.490322238085003244e-07 6.827586206896552312e+01 5.356628651656363014e-40
3.929916475034959908e-07 6.827586206896552312e+01 6.733986800615366461e-40
6.201704849500700412e-07 6.827586206896552312e+01 8.434544282994653661e-40
9.786758391596188787e-07 6.827586206896552312e+01 1.061210839173618481e-39
1.544424350075120399e-06 6.827586206896552312e+01 1.333711834960508291e-39
2.437218206135700938e-06 6.827586206896552312e+01 1.676866449593141409e-39
3.846114304032050578e-06 6.827586206896552312e+01 2.104589271499883842e-39
6.069458697805375515e-06 6.827586206896552312e+01 2.649951795812011802e-39
9.578063981547841780e-06 6.827586206896552312e+01 3.334022684661377157e-39
1.511490796828317329e-05 6.827586206896552312e+01 4.186621067187016064e-39
2.385246573104953216e-05 6.827586206896552312e+01 5.266651279450153791e-39
3.764099144002372579e-05 6.827586206896552312e+01 6.623514676846422952e-39
5.940032584319311263e-05 6.827586206896552312e+01 8.339613684816162941e-39
9.373819804665835351e-05 6.827586206896552312e+01 1.050120452847804177e-38
1.479259523967991520e-04 6.827586206896552312e+01 1.322220976285664093e-38
2.334383191536095023e-04 6.827586206896552312e+01 1.669182773157192506e-38
3.683832888436525143e-04 6.827586206896552312e+01 2.107006297546954768e-38
5.813366374094181130e-04 6.827586206896552312e+01 2.660515691353496993e-38
9.173930963462390009e-04 6.827586206896552312e+01 3.366574393678850342e-38
1.447715555954232330e-03 6.827586206896552312e+01 4.277000810633611535e-38
2.284604428896697213e-03 6.827586206896552312e+01 5.446091823359677098e-38
3.605278243414418785e-03 6.827586206896552312e+01 6.946064252863736983e-38
5.689401214508922090e-03 6.827586206896552312e+01 8.902932168640479716e-38
8.978304584058946491e-03 6.827586206896552312e+01 1.147119192071631055e-37
1.416844236587939607e-02 6.827586206896552312e+01 1.494910985036173217e-37
2.235887156598252365e-02 6.827586206896552312e+01 1.960977555651286126e-37
3.528398710277515921e-02 6.827586206896552312e+01 2.629220662174610546e-37
5.568079507925274146e-02 6.827586206896552312e+01 3.623181532691530182e-37
8.786849773034542677e-02 6.827586206896552312e+01 5.252979475549670362e-37
1.386631222201171465e-01 6.827586206896552312e+01 8.454565781642658750e-37
2.188208739250008805e-01 6.827586206896552312e+01 2.085385854790382202e-36
3.453158568670564588e-01 6.827586206896552312e+01 1.854289223099072898e-35
5.449344884926244914e-01 6.827586206896552312e+01 0.000000000000000000e+00
9.999999999999999547e-08 7.448275862068965125e+01 3.520867828264328766e-40
1.578075485547191318e-07 7.448275862068965125e+01 4.425119482112910158e-40
2.490322238085003244e-07 7.448275862068965125e+01 5.558062254193887129e-40
3.929916475034959908e-07 7.448275862068965125e+01 6.970879539691593049e-40
6.201704849500700412e-07 7.448275862068965125e+01 8.792755075635855583e-40
9.786758391596188787e-07 7.448275862068965125e+01 1.099717345011490215e-39
1.544424350075120399e-06 7.448275862068965125e+01 1.383478378721715553e-39
2.437218206135700938e-06 7.448275862068965125e+01 1.741120076748806084e-39
3.846114304032050578e-06 7.448275862068965125e+01 2.183192605869193816e-39
6.069458697805375515e-06 7.448275862068965125e+01 2.746494522452160607e-39
9.578063981547841780e-06 7.448275862068965125e+01 3.450956186674700200e-39
1.511490796828317329e-05 7.448275862068965125e+01 4.337510546540119748e-39
2.385246573104953216e-05 7.448275862068965125e+01 5.451703938619868545e-39
3.764099144002372579e-05 7.448275862068965125e+01 6.849676281755040947e-39
5.940032584319311263e-05 7.448275862068965125e+01 8.633354934730208841e-39
9.373819804665835351e-05 7.448275862068965125e+01 1.086737449899777294e-38
1.479259523967991520e-04 7.448275862068965125e+01 1.366789367685114382e-38
2.334383191536095023e-04 7.448275862068965125e+01 1.720352488516873562e-38
3.683832888436525143e-04 7.448275862068965125e+01 2.171508898772329111e-38
5.813366374094181130e-04 7.448275862068965125e+01 2.736082247292574872e-38
9.173930963462390009e-04 7.448275862068965125e+01 3.461478386603745438e-38
1.447715555954232330e-03 7.448275862068965125e+01 4.373192651705022520e-38
2.284604428896697213e-03 7.448275862068965125e+01 5.552453803196701320e-38
3.605278243414418785e-03 7.448275862068965125e+01 7.038887205971144551e-38
5.689401214508922090e-03 7.448275862068965125e+01 8.984835907414116646e-38
8.978304584058946491e-03 7.448275862068965125e+01 1.154192002163116667e-37
1.416844236587939607e-02 7.448275862068965125e+01 1.484768328252801341e-37
2.235887156598252365e-02 7.448275862068965125e+01 1.935329463478428616e-37
3.528398710277515921e-02 7.448275862068965125e+01 2.556851117125964142e-37
5.568079507925274146e-02 7.448275862068965125e+01 3.488598453226440025e-37
8.786849773034542677e-02 7.448275862068965125e+01 5.014024347098593881e-37
1.386631222201171465e-01 7.448275862068965125e+01 8.018252795158123906e-37
2.188208739250008805e-01 7.448275862068965125e+01 2.489863800391433776e-36
3.453158568670564588e-01 7.448275862068965125e+01 1.286181590937947433e-35
5.449344884926244914e-01 7.448275862068965125e+01 0.000000000000000000e+00
9.999999999999999547e-08 8.068965517241380780e+01 3.599878760079493912e-40
1.578075485547191318e-07 8.068965517241380780e+01 4.523671934466665967e-40
2.490322238085003244e-07 8.068965517241380780e+01 5.684334038262329781e-40
3.929916475034959908e-07 8.068965517241380780e+01 7.145076610554325999e-40
6.201704849500700412e-07 8.068965517241380780e+01 8.959279115562016601e-40
9.786758391596188787e-07 8.068965517241380780e+01 1.127651497401697419e-39
1.544424350075120399e-06 8.068965517241380780e+01 1.419075261084614342e-39
2.437218206135700938e-06 8.068965517241380780e+01 1.777988642281856458e-39
3.846114304032050578e-06 8.068965517241380780e+01 2.236588843065831461e-39
6.069458697805375515e-06 8.068965517241380780e+01 2.807693032955509538e-39
9.578063981547841780e-06 8.068965517241380780e+01 3.531990306848607171e-39
1.511490796828317329e-05 8.068965517241380780e+01 4.434838132873965866e-39
2.385246573104953216e-05 8.068965517241380780e+01 5.566459173710663472e-39
3.764099144002372579e-05 8.068965517241380780e+01 7.011470133487107004e-39
5.940032584319311263e-05 8.068965517241380780e+01 8.819290987335114982e-39
9.373819804665835351e-05 8.068965517241380780e+01 1.109673851885974282e-38
1.479259523967991520e-04 8.068965517241380780e+01 1.396750560703061395e-38
2.334383191536095023e-04 8.068965517241380780e+01 1.756999676180942071e-38
3.683832888436525143e-04 8.068965517241380780e+01 2.210730092059269709e-38
5.813366374094181130e-04 8.068965517241380780e+01 2.776710072173161486e-38
9.173930963462390009e-04 8.068965517241380780e+01 3.511834251789377377e-38
1.447715555954232330e-03 8.068965517241380780e+01 4.432810959196810177e-38
2.284604428896697213e-03 8.068965517241380780e+01 5.586973908203941358e-38
3.605278243414418785e-03 8.068965517241380780e+01 7.076645451220639213e-38
5.689401214508922090e-03 8.068965517241380780e+01 8.978039542864055833e-38
8.978304584058946491e-03 8.068965517241380780e+01 1.143437141305602781e-37
1.416844236587939607e-02 8.068965517241380780e+01 1.462055437251802825e-37
2.235887156598252365e-02 8.068965517241380780e+01 1.887658036691801255e-37
3.528398710277515921e-02 8.068965517241380780e+01 2.473829434012830455e-37
5.568079507925274146e-02 8.068965517241380780e+01 3.330634409050896614e-37
8.786849773034542677e-02 8.068965517241380780e+01 4.732681796564904980e-37
1.386631222201171465e-01 8.068965517241380780e+01 7.596473082068865137e-37
2.188208739250008805e-01 8.068965517241380780e+01 3.255990753457236400e-36
3.453158568670564588e-01 8.068965517241380780e+01 8.419140475313401211e-36
5.449344884926244914e-01 8.068965517241380780e+01 0.000000000000000000e+00
9.999999999999999547e-08 8.689655172413793593e+01 3.643720564199741381e-40
1.578075485547191318e-07 8.689655172413793593e+01 4.576840023406299908e-40
2.490322238085003244e-07 8.689655172413793593e+01 5.750338764604838251e-40
3.929916475034959908e-07 8.689655172413793593e+01 7.226641325499985986e-40
6.201704849500700412e-07 8.689655172413793593e+01 9.071857150892829005e-40
9.786758391596188787e-07 8.689655172413793593e+01 1.139037181451022784e-39
1.544424350075120399e-06 8.689655172413793593e+01 1.433468516617120519e-39
2.437218206135700938e-06 8.689655172413793593e+01 1.802089633541399517e-39
3.846114304032050578e-06 8.689655172413793593e+01 2.262515143230400426e-39
6.069458697805375515e-06 8.689655172413793593e+01 2.845905099161643878e-39
9.578063981547841780e-06 8.689655172413793593e+01 3.565945930975848157e-39
1.511490796828317329e-05 8.689655172413793593e+01 4.488246300088627687e-39
2.385246573104953216e-05 8.689655172413793593e+01 5.629974117900741257e-39
3.764099144002372579e-05 8.689655172413793593e+01 7.084704178763380667e-39
5.940032584319311263e-05 8.689655172413793593e+01 8.888967769607979313e-39
9.373819804665835351e-05 8.689655172413793593e+01 1.118070736466181433e-38
1.479259523967991520e-04 8.689655172413793593e+01 1.407737907153654379e-38
2.334383191536095023e-04 8.689655172413793593e+01 1.763304810421143027e-38
3.683832888436525143e-04 8.689655172413793593e+01 2.219617449052322058e-38
5.813366374094181130e-04 8.689655172413793593e+01 2.794923516295428349e-38
9.173930963462390009e-04 8.689655172413793593e+01 3.511372899178674627e-38
1.447715555954232330e-03 8.689655172413793593e+01 4.427099315683651013e-38
2.284604428896697213e-03 8.689655172413793593e+01 5.576482747352853843e-38
3.605278243414418785e-03 8.689655172413793593e+01 7.025069530255993414e-38
5.689401214508922090e-03 8.689655172413793593e+01 8.841728277452126742e-38
8.978304584058946491e-03 8.689655172413793593e+01 1.122418852176739817e-37
1.416844236587939607e-02 8.689655172413793593e+01 1.423062383308174207e-37
2.235887156598252365e-02 8.689655172413793593e+01 1.824871178559219963e-37
3.528398710277515921e-02 8.689655172413793593e+01 2.366200003057909494e-37
5.568079507925274146e-02 8.689655172413793593e+01 3.154526973373470568e-37
8.786849773034542677e-02 8.689655172413793593e+01 4.453123452347121883e-37
1.386631222201171465e-01 8.689655172413793593e+01 7.325615476840061680e-37
2.188208739250008805e-01 8.689655172413793593e+01 4.216482996716413971e-36
3.453158568670564588e-01 8.689655172413793593e+01 5.072325966065358387e-36
5.449344884926244914e-01 8.689655172413793593e+01 0.000000000000000000e+00
9.999999999999999547e-08 9.310344827586206407e+01 3.640421145714110375e-40
1.578075485547191318e-07 9.310344827586206407e+01 4.583505185238648510e-40
2.490322238085003244e-07 9.310344827586206407e+01 5.756511605842339507e-40
3.929916475034959908e-07 9.310344827586206407e+01 7.218622599469112562e-40
6.201704849500700412e-07 9.310344827586206407e+01 9.077722063187967977e-40
9.786758391596188787e-07 9.310344827586206407e+01 1.140501169553929008e-39
1.544424350075120399e-06 9.310344827586206407e+01 1.431177854721960099e-39
2.437218206135700938e-06 9.310344827586206407e+01 1.798633095185774663e-39
3.846114304032050578e-06 9.310344827586206407e+01 2.253029803540011670e-39
6.069458697805375515e-06 9.310344827586206407e+01 2.835714797264881209e-39
9.578063981547841780e-06 9.310344827586206407e+01 3.563146841001193289e-39
1.511490796828317329e-05 9.310344827586206407e+01 4.475061964990455179e-39
2.385246573104953216e-05 9.310344827586206407e+01 5.621832515042033898e-39
3.764099144002372579e-05 9.310344827586206407e+01 7.071982321183566578e-39
5.940032584319311263e-05 9.310344827586206407e+01 8.877710997875631638e-39
9.373819804665835351e-05 9.310344827586206407e+01 1.115633067153859095e-38
1.479259523967991520e-04 9.310344827586206407e+01 1.402213139927224888e-38
2.334383191536095023e-04 9.310344827586206407e+01 1.756249345034086076e-38
3.683832888436525143e-04 9.310344827586206407e+01 2.206672898157314392e-38
5.813366374094181130e-04 9.310344827586206407e+01 2.764725194463912931e-38
9.173930963462390009e-04 9.310344827586206407e+01 3.473200096869562918e-38
1.447715555954232330e-03 9.310344827586206407e+01 4.370390298013845661e-38
2.284604428896697213e-03 9.310344827586206407e+01 5.462522795370003082e-38
3.605278243414418785e-03 9.310344827586206407e+01 6.890641933122297193e-38
5.689401214508922090e-03 9.310344827586206407e+01 8.657657361740278181e-38
8.978304584058946491e-03 9.310344827586206407e+01 1.085654947165755195e-37
1.416844236587939607e-02 9.310344827586206407e+01 1.372625369361985318e-37
2.235887156598252365e-02 9.310344827586206407e+01 1.746501491794348020e-37
3.528398710277515921e-02 9.310344827586206407e+01 2.241658748578975927e-37
5.568079507925274146e-02 9.310344827586206407e+01 2.974133375668919315e-37
8.786849773034542677e-02 9.310344827586206407e+01 4.173772829720407101e-37
1.386631222201171465e-01 9.310344827586206407e+01 7.265062436719656894e-37
2.188208739250008805e-01 9.310344827586206407e+01 4.989014277460286932e-36
3.453158568670564588e-01 9.310344827586206407e+01 2.629763579367760415e-36
5.449344884926244914e-01 9.310344827586206407e+01 0.000000000000000000e+00
9.999999999999999547e-08 9.931034482758620641e+01 3.590170184996120617e-40
1.578075485547191318e-07 9.931034482758620641e+01 4.526615437646325304e-40
2.490322238085003244e-07 9.931034482758620641e+01 5.684703166338658718e-40
3.929916475034959908e-07 9.931034482758620641e+01 7.128877009134646372e-40
6.201704849500700412e-07 9.931034482758620641e+01 8.972877604772257774e-40
9.786758391596188787e-07 9.931034482758620641e+01 1.125264748530063612e-39
1.544424350075120399e-06 9.931034482758620641e+01 1.415880297227007444e-39
2.437218206135700938e-06 9.931034482758620641e+01 1.779696580016155258e-39
3.846114304032050578e-06 9.931034482758620641e+01 2.232349487636257624e-39
6.069458697805375515e-06 9.931034482758620641e+01 2.800957582374528174e-39
9.578063981547841780e-06 9.931034482758620641e+01 3.519373188459387600e-39
1.511490796828317329e-05 9.931034482758620641e+01 4.416510192138249898e-39
2.385246573104953216e-05 9.931034482758620641e+01 5.553297776024481826e-39
3.764099144002372579e-05 9.931034482758620641e+01 6.948590575966207927e-39
5.940032584319311263e-05 9.931034482758620641e+01 8.735799135633742112e-39
9.373819804665835351e-05 9.931034482758620641e+01 1.098594425994261182e-38
1.479259523967991520e-04 9.931034482758620641e+01 1.378037101315969264e-38
2.334383191536095023e-04 9.931034482758620641e+01 1.723464953688189982e-38
3.683832888436525143e-04 9.931034482758620641e+01 2.170066142998758420e-38
5.813366374094181130e-04 9.931034482758620641e+01 2.718658712169201165e-38
9.173930963462390009e-04 9.931034482758620641e+01 3.404126931539646254e-38
1.447715555954232330e-03 9.931034482758620641e+01 4.257164018669316524e-38
2.284604428896697213e-03 9.931034482758620641e+01 5.325281935579445343e-38
3.605278243414418785e-03 9.931034482758620641e+01 6.665548818668887443e-38
5.689401214508922090e-03 9.931034482758620641e+01 8.342164620720750809e-38
8.978304584058946491e-03 9.931034482758620641e+01 1.044427189410368746e-37
1.416844236587939607e-02 9.931034482758620641e+01 1.309613572516791350e-37
2.235887156598252365e-02 9.931034482758620641e+01 1.655529004067043980e-37
3.528398710277515921e-02 9.931034482758620641e+01 2.115211052944592215e-37
5.568079507925274146e-02 9.931034482758620641e+01 2.776301956520777521e-37
8.786849773034542677e-02 9.931034482758620641e+01 3.901476397691483328e-37
1.386631222201171465e-01 9.931034482758620641e+01 7.390486422477283653e-37
2.188208739250008805e-01 9.931034482758620641e+01 5.286818582657359766e-36
3.453158568670564588e-01 9.931034482758620641e+01 1.186626849341274773e-36
5.449344884926244914e-01 9.931034482758620641e+01 0.000000000000000000e+00
9.999999999999999547e-08 1.055172413793103630e+02 3.519694514345142554e-40
1.578075485547191318e-07 1.055172413793103630e+02 4.411790352969929288e-40
2.490322238085003244e-07 1.055172413793103630e+02 5.541503066889451917e-40
3.929916475034959908e-07 1.055172413793103630e+02 6.966754858303157502e-40
6.201704849500700412e-07 1.055172413793103630e+02 8.761261353890313057e-40
9.786758391596188787e-07 1.055172413793103630e+02 1.101228176309489646e-39
1.544424350075120399e-06 1.055172413793103630e+02 1.381521747521799288e-39
2.437218206135700938e-06 1.055172413793103630e+02 1.734336763037739490e-39
3.846114304032050578e-06 1.055172413793103630e+02 2.183172557909890365e-39
6.069458697805375515e-06 1.055172413793103630e+02 2.735070377071371466e-39
9.578063981547841780e-06 1.055172413793103630e+02 3.427389122526950353e-39
1.511490796828317329e-05 1.055172413793103630e+02 4.309267716411687630e-39
2.385246573104953216e-05 1.055172413793103630e+02 5.398493467776726224e-39
3.764099144002372579e-05 1.055172413793103630e+02 6.796151969071830206e-39
5.940032584319311263e-05 1.055172413793103630e+02 8.529154242500232249e-39
9.373819804665835351e-05 1.055172413793103630e+02 1.066672180772261982e-38
1.479259523967991520e-04 1.055172413793103630e+02 1.341048352274836880e-38
2.334383191536095023e-04 1.055172413793103630e+02 1.674887729792944765e-38
3.683832888436525143e-04 1.055172413793103630e+02 2.101706082507970313e-38
5.813366374094181130e-04 1.055172413793103630e+02 2.627075154309388524e-38
9.173930963462390009e-04 1.055172413793103630e+02 3.296362850346374081e-38
1.447715555954232330e-03 1.055172413793103630e+02 4.103256225334296863e-38
2.284604428896697213e-03 1.055172413793103630e+02 5.128217931664690933e-38
3.605278243414418785e-03 1.055172413793103630e+02 6.401850726438499118e-38
5.689401214508922090e-03 1.055172413793103630e+02 7.953255346931544093e-38
8.978304584058946491e-03 1.055172413793103630e+02 9.904761045369762946e-38
1.416844236587939607e-02 1.055172413793103630e+02 1.234349417548758381e-37
2.235887156598252365e-02 1.055172413793103630e+02 1.552025016834102597e-37
3.528398710277515921e-02 1.055172413793103630e+02 1.969251971949747337e-37
5.568079507925274146e-02 1.055172413793103630e+02 2.574408313797703244e-37
8.786849773034542677e-02 1.055172413793103630e+02 3.630957580840908865e-37
1.386631222201171465e-01 1.055172413793103630e+02 7.765861968581186061e-37
2.188208739250008805e-01 1.055172413793103630e+02 5.020325759428492883e-36
3.453158568670564588e-01 1.055172413793103630e+02 4.603314494347550472e-37
5.449344884926244914e-01 1.055172413793103630e+02 0.000000000000000000e+00
9.999999999999999547e-08 1.117241379310344911e+02 3.390559674595877391e-40
1.578075485547191318e-07 1.117241379310344911e+02 4.249492078431253317e-40
2.490322238085003244e-07 1.117241379310344911e+02 5.346960041789102449e-40
3.929916475034959908e-07 1.117241379310344911e+02 6.734426812472106676e-40
6.201704849500700412e-07 1.117241379310344911e+02 8.434540545510261528e-40
9.786758391596188787e-07 1.117241379310344911e+02 1.060974265703100972e-39
1.544424350075120399e-06 1.117241379310344911e+02 1.330274141430768661e-39
2.437218206135700938e-06 1.117241379310344911e+02 1.671891904709536660e-39
3.846114304032050578e-06 1.117241379310344911e+02 2.102191739639552944e-39
6.069458697805375515e-06 1.117241379310344911e+02 2.638176473082771507e-39
9.578063981547841780e-06 1.117241379310344911e+02 3.308657740335361842e-39
1.511490796828317329e-05 1.117241379310344911e+02 4.150003470701112926e-39
2.385246573104953216e-05 1.117241379310344911e+02 5.211039029781492456e-39
3.764099144002372579e-05 1.117241379310344911e+02 6.528095955284728885e-39
5.940032584319311263e-05 1.117241379310344911e+02 8.200691834125937039e-39
9.373819804665835351e-05 1.117241379310344911e+02 1.025912510546753035e-38
1.479259523967991520e-04 1.117241379310344911e+02 1.287832400480527515e-38
2.334383191536095023e-04 1.117241379310344911e+02 1.610158796842119774e-38
3.683832888436525143e-04 1.117241379310344911e+02 2.015824747172421664e-38
5.813366374094181130e-04 1.117241379310344911e+02 2.516999400837081629e-38
9.173930963462390009e-04 1.117241379310344911e+02 3.143941280196324143e-38
1.447715555954232330e-03 1.117241379310344911e+02 3.922991833209576245e-38
2.284604428896697213e-03 1.117241379310344911e+02 4.870148158433824200e-38
3.605278243414418785e-03 1.117241379310344911e+02 6.064993896416310718e-38
5.689401214508922090e-03 1.117241379310344911e+02 7.517514485150266711e-38
8.978304584058946491e-03 1.117241379310344911e+02 9.294626805817894521e-38
1.416844236587939607e-02 1.117241379310344911e+02 1.154876317857809794e-37
2.235887156598252365e-02 1.117241379310344911e+02 1.441882574193397538e-37
3.528398710277515921e-02 1.117241379310344911e+02 1.821663302606906773e-37
5.568079507925274146e-02 1.117241379310344911e+02 2.366898483447829737e-37
8.786849773034542677e-02 1.117241379310344911e+02 3.354959609942488611e-37
1.386631222201171465e-01 1.117241379310344911e+02 8.221558471910153005e-37
2.188208739250008805e-01 1.117241379310344911e+02 4.359859432092691265e-36
3.453158568670564588e-01 1.117241379310344911e+02 1.579585536629147360e-37
5.449344884926244914e-01 1.117241379310344911e+02 0.000000000000000000e+00
9.999999999999999547e-08 1.179310344827586192e+02 3.216362180385762133e-40
1.578075485547191318e-07 1.179310344827586192e+02 4.039947366566118742e-40
2.490322238085003244e-07 1.179310344827586192e+02 5.083636987883406253e-40
3.929916475034959908e-07 1.179310344827586192e+02 6.402251125241198635e-40
6.201704849500700412e-07 1.179310344827586192e+02 8.026247448645876163e-40
9.786758391596188787e-07 1.179310344827586192e+02 1.008289586113202510e-39
1.544424350075120399e-06 1.179310344827586192e+02 1.265640621061823539e-39
2.437218206135700938e-06 1.179310344827586192e+02 1.589538717244342933e-39
3.846114304032050578e-06 1.179310344827586192e+02 1.991606948722714216e-39
6.069458697805375515e-06 1.179310344827586192e+02 2.503217376563560807e-39
9.578063981547841780e-06 1.179310344827586192e+02 3.139836960751843466e-39
1.511490796828317329e-05 1.179310344827586192e+02 3.939824251560485505e-39
2.385246573104953216e-05 1.179310344827586192e+02 4.939061775186532313e-39
3.764099144002372579e-05 1.179310344827586192e+02 6.198560044833229283e-39
5.940032584319311263e-05 1.179310344827586192e+02 7.775697232152206068e-39
9.373819804665835351e-05 1.179310344827586192e+02 9.761230381372117643e-39
1.479259523967991520e-04 1.179310344827586192e+02 1.218563126424079359e-38
2.334383191536095023e-04 1.179310344827586192e+02 1.525101455934792242e-38
3.683832888436525143e-04 1.179310344827586192e+02 1.905415384005165619e-38
5.813366374094181130e-04 1.179310344827586192e+02 2.377305111527496903e-38
9.173930963462390009e-04 1.179310344827586192e+02 2.957056780170190564e-38
1.447715555954232330e-03 1.179310344827586192e+02 3.685724207737711572e-38
2.284604428896697213e-03 1.179310344827586192e+02 4.576546938036658166e-38
3.605278243414418785e-03 1.179310344827586192e+02 5.666740579868419629e-38
5.689401214508922090e-03 1.179310344827586192e+02 7.009052245864267476e-38
8.978304584058946491e-03 1.179310344827586192e+02 8.645142385680144380e-38
1.416844236587939607e-02 1.179310344827586192e+02 1.068937061382153052e-37
2.235887156598252365e-02 1.179310344827586192e+02 1.323315033699333948e-37
3.528398710277515921e-02 1.179310344827586192e+02 1.668155073185272323e-37
5.568079507925274146e-02 1.179310344827586192e+02 2.160978090876781245e-37
8.786849773034542677e-02 1.179310344827586192e+02 3.096745391627750974e-37
1.386631222201171465e-01 1.179310344827586192e+02 8.898311285223092708e-37
2.188208739250008805e-01 1.179310344827586192e+02 3.580586325580774492e-36
3.453158568670564588e-01 1.179310344827586192e+02 5.440922457240694002e-38
5.449344884926244914e-01 1.179310344827586192e+02 0.000000000000000000e+00
9.999999999999999547e-08 1.241379310344827616e+02 3.015674929286102150e-40
1.578075485547191318e-07 1.241379310344827616e+02 3.801655957318667605e-40
2.490322238085003244e-07 1.241379310344827616e+02 4.767276750441857356e-40
3.929916475034959908e-07 1.241379310344827616e+02 5.998708456382743491e-40
6.201704849500700412e-07 1.241379310344827616e+02 7.529449023838701665e-40
9.786758391596188787e-07 1.241379310344827616e+02 9.425207954434167518e-40
1.544424350075120399e-06 1.241379310344827616e+02 1.186318797916191828e-39
2.437218206135700938e-06 1.241379310344827616e+02 1.485483720851168478e-39
3.846114304032050578e-06 1.241379310344827616e+02 1.861768963813137425e-39
6.069458697805375515e-06 1.241379310344827616e+02 2.343928084988230887e-39
9.578063981547841780e-06 1.241379310344827616e+02 2.944602257520540460e-39
1.511490796828317329e-05 1.241379310344827616e+02 3.690098836742630606e-39
2.385246573104953216e-05 1.241379310344827616e+02 4.621474394580506781e-39
3.764099144002372579e-05 1.241379310344827616e+02 5.802918169352081645e-39
5.940032584319311263e-05 1.241379310344827616e+02 7.269251598474361650e-39
9.373819804665835351e-05 1.241379310344827616e+02 9.099616878315072375e-39
1.479259523967991520e-04 1.241379310344827616e+02 1.137461320964280989e-38
2.334383191536095023e-04 1.241379310344827616e+02 1.420567827589225183e-38
3.683832888436525143e-04 1.241379310344827616e+02 1.775563512777292479e-38
5.813366374094181130e-04 1.241379310344827616e+02 2.215210222555589917e-38
9.173930963462390009e-04 1.241379310344827616e+02 2.753837401827467162e-38
1.447715555954232330e-03 1.241379310344827616e+02 3.416099075303982856e-38
2.284604428896697213e-03 1.241379310344827616e+02 4.236054389365567029e-38
3.605278243414418785e-03 1.241379310344827616e+02 5.216855631688561803e-38
5.689401214508922090e-03 1.241379310344827616e+02 6.425427139482228725e-38
8.978304584058946491e-03 1.241379310344827616e+02 7.934482791532188964e-38
1.416844236587939607e-02 1.241379310344827616e+02 9.738877640420217574e-38
2.235887156598252365e-02 1.241379310344827616e+02 1.206496303708733673e-37
3.528398710277515921e-02 1.241379310344827616e+02 1.511903831139161761e-37
5.568079507925274146e-02 1.241379310344827616e+02 1.956837016584821793e-37
8.786849773034542677e-02 1.241379310344827616e+02 2.848895932894675643e-37
1.386631222201171465e-01 1.241379310344827616e+02 9.602023125475221754e-37
2.188208739250008805e-01 1.241379310344827616e+02 2.846692398167138821e-36
3.453158568670564588e-01 1.241379310344827616e+02 1.820542971114541009e-38
5.449344884926244914e-01 1.241379310344827616e+02 0.000000000000000000e+00
9.999999999999999547e-08 1.303448275862068897e+02 2.782861841376076492e-40
1.578075485547191318e-07 1.303448275862068897e+02 3.491858671372478990e-40
2.490322238085003244e-07 1.303448275862068897e+02 4.379349815401004226e-40
3.929916475034959908e-07 1.303448275862068897e+02 5.511137944965551617e-40
6.201704849500700412e-07 1.303448275862068897e+02 6.926218881188044430e-40
9.786758391596188787e-07 1.303448275862068897e+02 8.672525010331486655e-40
1.544424350075120399e-06 1.303448275862068897e+02 1.093858501791994194e-39
2.437218206135700938e-06 1.303448275862068897e+02 1.367799533726966751e-39
3.846114304032050578e-06 1.303448275862068897e+02 1.717390987573769564e-39
6.069458697805375515e-06 1.303448275862068897e+02 2.155219506598986214e-39
9.578063981547841780e-06 1.303448275862068897e+02 2.709647067758701793e-39
1.511490796828317329e-05 1.303448275862068897e+02 3.395755107954613353e-39
2.385246573104953216e-05 1.303448275862068897e+02 4.260832668897132624e-39
3.764099144002372579e-05 1.303448275862068897e+02 5.336702139580965487e-39
5.940032584319311263e-05 1.303448275862068897e+02 6.666677101624875577e-39
9.373819804665835351e-05 1.303448275862068897e+02 8.355996934336253503e-39
1.479259523967991520e-04 1.303448275862068897e+02 1.043680539145779993e-38
2.334383191536095023e-04 1.303448275862068897e+02 1.305765201813839184e-38
3.683832888436525143e-04 1.303448275862068897e+02 1.622501348844405615e-38
5.813366374094181130e-04 1.303448275862068897e+02 2.022472828188169286e-38
9.173930963462390009e-04 1.303448275862068897e+02 2.511474941592978098e-38
1.447715555954232330e-03 1.303448275862068897e+02 3.121344665957386624e-38
2.284604428896697213e-03 1.303448275862068897e+02 3.845765149389582175e-38
3.605278243414418785e-03 1.303448275862068897e+02 4.744057026842045803e-38
5.689401214508922090e-03 1.303448275862068897e+02 5.838483566108289314e-38
8.978304584058946491e-03 1.303448275862068897e+02 7.144417666135546955e-38
1.416844236587939607e-02 1.303448275862068897e+02 8.762120123230695608e-38
2.235887156598252365e-02 1.303448275862068897e+02 1.078309835248955157e-37
3.528398710277515921e-02 1.303448275862068897e+02 1.343436259983410895e-37
5.568079507925274146e-02 1.303448275862068897e+02 1.744665883185934368e-37
8.786849773034542677e-02 1.303448275862068897e+02 2.619063748825215296e-37
1.386631222201171465e-01 1.303448275862068897e+02 1.006716013383001488e-36
2.188208739250008805e-01 1.303448275862068897e+02 2.218264495144202529e-36
3.453158568670564588e-01 1.303448275862068897e+02 7.040979815693231985e-39
5.449344884926244914e-01 1.303448275862068897e+02 0.000000000000000000e+00
9.999999999999999547e-08 1.365517241379310462e+02 2.513465898495448318e-40
1.578075485547191318e-07 1.365517241379310462e+02 3.158261854032153904e-40
2.490322238085003244e-07 1.365517241379310462e+02 3.959198628662483102e-40
3.929916475034959908e-07 1.365517241379310462e+02 4.964581161611071139e-40
6.201704849500700412e-07 1.365517241379310462e+02 6.232031339360259899e-40
9.786758391596188787e-07 1.365517241379310462e+02 7.817781901292487451e-40
1.544424350075120399e-06 1.365517241379310462e+02 9.846024602842188041e-40
2.437218206135700938e-06 1.365517241379310462e+02 1.233758948017010459e-39
3.846114304032050578e-06 1.365517241379310462e+02 1.549039434551361574e-39
6.069458697805375515e-06 1.365517241379310462e+02 1.947625050021600499e-39
9.578063981547841780e-06 1.365517241379310462e+02 2.440940022503523064e-39
1.511490796828317329e-05 1.365517241379310462e+02 3.058471686843334919e-39
2.385246573104953216e-05 1.365517241379310462e+02 3.827088837091667762e-39
3.764099144002372579e-05 1.365517241379310462e+02 4.803604698270279607e-39
5.940032584319311263e-05 1.365517241379310462e+02 6.017810856423059233e-39
9.373819804665835351e-05 1.365517241379310462e+02 7.526357521568474436e-39
1.479259523967991520e-04 1.365517241379310462e+02 9.396369075577979632e-39
2.334383191536095023e-04 1.365517241379310462e+02 1.171733857742916829e-38
3.683832888436525143e-04 1.365517241379310462e+02 1.461272279957699984e-38
5.813366374094181130e-04 1.365517241379310462e+02 1.818943878077467790e-38
9.173930963462390009e-04 1.365517241379310462e+02 2.249530647836770915e-38
1.447715555954232330e-03 1.365517241379310462e+02 2.793978525702431424e-38
2.284604428896697213e-03 1.365517241379310462e+02 3.446104754939227744e-38
3.605278243414418785e-03 1.365517241379310462e+02 4.223442287751331126e-38
5.689401214508922090e-03 1.365517241379310462e+02 5.190953380798392212e-38
8.978304584058946491e-03 1.365517241379310462e+02 6.329577306772980711e-38
1.416844236587939607e-02 1.365517241379310462e+02 7.732504965737902574e-38
2.235887156598252365e-02 1.365517241379310462e+02 9.516739450522702690e-38
3.528398710277515921e-02 1.365517241379310462e+02 1.183673987481052899e-37
5.568079507925274146e-02 1.365517241379310462e+02 1.532706909652295108e-37
8.786849773034542677e-02 1.365517241379310462e+02 2.368625543416765006e-37
1.386631222201171465e-01 1.365517241379310462e+02 1.012728342517661923e-36
2.188208739250008805e-01 1.365517241379310462e+02 1.705718489678350378e-36
3.453158568670564588e-01 1.365517241379310462e+02 3.114595776718653432e-39
5.449344884926244914e-01 1.365517241379310462e+02 0.000000000000000000e+00
9.999999999999999547e-08 1.427586206896551744e+02 2.209156992820704195e-40
1.578075485547191318e-07 1.427586206896551744e+02 2.772667764679482607e-40
2.490322238085003244e-07 1.427586206896551744e+02 3.483363355443912160e-40
3.929916475034959908e-07 1.427586206896551744e+02 4.365262582516080449e-40
6.201704849500700412e-07 1.427586206896551744e+02 5.488520487100068501e-40
9.786758391596188787e-07 1.427586206896551744e+02 6.892317424625395082e-40
1.544424350075120399e-06 1.427586206896551744e+02 8.669545913682694493e-40
2.437218206135700938e-06 1.427586206896551744e+02 1.084997007812897896e-39
3.846114304032050578e-06 1.427586206896551744e+02 1.363941598497786112e-39
6.069458697805375515e-06 1.427586206896551744e+02 1.710144736903592702e-39
9.578063981547841780e-06 1.427586206896551744e+02 2.143199902099421173e-39
1.511490796828317329e-05 1.427586206896551744e+02 2.689554438601835199e-39
2.385246573104953216e-05 1.427586206896551744e+02 3.370496128661367559e-39
3.764099144002372579e-05 1.427586206896551744e+02 4.220816693395741205e-39
5.940032584319311263e-05 1.427586206896551744e+02 5.281012195803484935e-39
9.373819804665835351e-05 1.427586206896551744e+02 6.594543838347641759e-39
1.479259523967991520e-04 1.427586206896551744e+02 8.255217754504088751e-39
2.334383191536095023e-04 1.427586206896551744e+02 1.029359652193606479e-38
3.683832888436525143e-04 1.427586206896551744e+02 1.279369358823984784e-38
5.813366374094181130e-04 1.427586206896551744e+02 1.587548608148897156e-38
9.173930963462390009e-04 1.427586206896551744e+02 1.969037894216049742e-38
1.447715555954232330e-03 1.427586206896551744e+02 2.434349602712078759e-38
2.284604428896697213e-03 1.427586206896551744e+02 3.005109722570173988e-38
3.605278243414418785e-03 1.427586206896551744e+02 3.679014076044055764e-38
5.689401214508922090e-03 1.427586206896551744e+02 4.491399415748526412e-38
8.978304584058946491e-03 1.427586206896551744e+02 5.489047944974980705e-38
1.416844236587939607e-02 1.427586206896551744e+02 6.686565865527532639e-38
2.235887156598252365e-02 1.427586206896551744e+02 8.198852085616911960e-38
3.528398710277515921e-02 1.427586206896551744e+02 1.020069756946805132e-37
5.568079507925274146e-02 1.427586206896551744e+02 1.319458217520603075e-37
8.786849773034542677e-02 1.427586206896551744e+02 2.115813593710500680e-37
1.386631222201171465e-01 1.427586206896551744e+02 9.568977186944975140e-37
2.188208739250008805e-01 1.427586206896551744e+02 1.286941401185414647e-36
3.453158568670564588e-01 1.427586206896551744e+02 1.486986615441606999e-39
5.449344884926244914e-01 1.427586206896551744e+02 0.000000000000000000e+00
9.999999999999999547e-08 1.489655172413793025e+02 1.882478046753873087e-40
1.578075485547191318e-07 1.489655172413793025e+02 2.366193944987620258e-40
2.490322238085003244e-07 1.489655172413793025e+02 2.964632070129411679e-40
3.929916475034959908e-07 1.489655172413793025e+02 3.723112568509654233e-40
6.201704849500700412e-07 1.489655172413793025e+02 4.675798912035823327e-40
9.786758391596188787e-07 1.489655172413793025e+02 5.851885229098909991e-40
1.544424350075120399e-06 1.489655172413793025e+02 7.362985771388665938e-40
2.437218206135700938e-06 1.489655172413793025e+02 9.254757594377694575e-40
3.846114304032050578e-06 1.489655172413793025e+02 1.162587469765254888e-39
6.069458697805375515e-06 1.489655172413793025e+02 1.456846065383534802e-39
9.578063981547841780e-06 1.489655172413793025e+02 1.827464715669081597e-39
1.511490796828317329e-05 1.489655172413793025e+02 2.292698515395377855e-39
2.385246573104953216e-05 1.489655172413793025e+02 2.873456617982019008e-39
3.764099144002372579e-05 1.489655172413793025e+02 3.595378236863818894e-39
5.940032584319311263e-05 1.489655172413793025e+02 4.484372075771086540e-39
9.373819804665835351e-05 1.489655172413793025e+02 5.618801971714438383e-39
1.479259523967991520e-04 1.489655172413793025e+02 7.004021939541148315e-39
2.334383191536095023e-04 1.489655172413793025e+02 8.734822288229846790e-39
3.683832888436525143e-04 1.489655172413793025e+02 1.087022455132839843e-38
5.813366374094181130e-04 1.489655172413793025e+02 1.348652214216947003e-38
9.173930963462390009e-04 1.489655172413793025e+02 1.671996967248132843e-38
1.447715555954232330e-03 1.489655172413793025e+02 2.059432984814948515e-38
2.284604428896697213e-03 1.489655172413793025e+02 2.537801935586592297e-38
3.605278243414418785e-03 1.489655172413793025e+02 3.100525242994679996e-38
5.689401214508922090e-03 1.489655172413793025e+02 3.791283061664736354e-38
8.978304584058946491e-03 1.489655172413793025e+02 4.620707030450317438e-38
1.416844236587939607e-02 1.489655172413793025e+02 5.614988800627877689e-38
2.235887156598252365e-02 1.489655172413793025e+02 6.855602001084896736e-38
3.528398710277515921e-02 1.489655172413793025e+02 8.501338291189953018e-38
5.568079507925274146e-02 1.489655172413793025e+02 1.105897564436909970e-37
8.786849773034542677e-02 1.489655172413793025e+02 1.834013847263358381e-37
1.386631222201171465e-01 1.489655172413793025e+02 8.739758827125623900e-37
2.188208739250008805e-01 1.489655172413793025e+02 9.638516582826328382e-37
3.453158568670564588e-01 1.489655172413793025e+02 8.086901880661570645e-40
5.449344884926244914e-01 1.489655172413793025e+02 0.000000000000000000e+00
9.999999999999999547e-08 1.551724137931034591e+02 1.529294435386904772e-40
1.578075485547191318e-07 1.551724137931034591e+02 1.922210026551316508e-40
2.490322238085003244e-07 1.551724137931034591e+02 2.413752307933526283e-40
3.929916475034959908e-07 1.551724137931034591e+02 3.030578059247264987e-40
6.201704849500700412e-07 1.551724137931034591e+02 3.807548552346355364e-40
9.786758391596188787e-07 1.551724137931034591e+02 4.780643251870450319e-40
1.544424350075120399e-06 1.551724137931034591e+02 6.000862072445563457e-40
2.437218206135700938e-06 1.551724137931034591e+02 7.528575764068559786e-40
3.846114304032050578e-06 1.551724137931034591e+02 9.448665532012018638e-40
6.069458697805375515e-06 1.551724137931034591e+02 1.183205397401790076e-39
9.578063981547841780e-06 1.551724137931034591e+02 1.488809518115796230e-39
1.511490796828317329e-05 1.551724137931034591e+02 1.864770937157850471e-39
2.385246573104953216e-05 1.551724137931034591e+02 2.338232165012624976e-39
3.764099144002372579e-05 1.551724137931034591e+02 2.927297043201837054e-39
5.940032584319311263e-05 1.551724137931034591e+02 3.654413732092652528e-39
9.373819804665835351e-05 1.551724137931034591e+02 4.564483024966355859e-39
1.479259523967991520e-04 1.551724137931034591e+02 5.701262227532214912e-39
2.334383191536095023e-04 1.551724137931034591e+02 7.091956804229583350e-39
3.683832888436525143e-04 1.551724137931034591e+02 8.836082468442411675e-39
5.813366374094181130e-04 1.551724137931034591e+02 1.096026382727256594e-38
9.173930963462390009e-04 1.551724137931034591e+02 1.354717862414741707e-38
1.447715555954232330e-03 1.551724137931034591e+02 1.668270422694792070e-38
2.284604428896697213e-03 1.551724137931034591e+02 2.051989165065005960e-38
3.605278243414418785e-03 1.551724137931034591e+02 2.505980879818045720e-38
5.689401214508922090e-03 1.551724137931034591e+02 3.061367456187409999e-38
8.978304584058946491e-03 1.551724137931034591e+02 3.714921334843876809e-38
1.416844236587939607e-02 1.551724137931034591e+02 4.520283739856145926e-38
2.235887156598252365e-02 1.551724137931034591e+02 5.502268811163750037e-38
3.528398710277515921e-02 1.551724137931034591e+02 6.828621112347532353e-38
5.568079507925274146e-02 1.551724137931034591e+02 8.879679402569508124e-38
8.786849773034542677e-02 1.551724137931034591e+02 1.532655968941866854e-37
1.386631222201171465e-01 1.551724137931034591e+02 7.446683244024920834e-37
2.188208739250008805e-01 1.551724137931034591e+02 7.006989141967563685e-37
3.453158568670564588e-01 1.551724137931034591e+02 4.438340663372436484e-40
5.449344884926244914e-01 1.551724137931034591e+02 0.000000000000000000e+00
9.999999999999999547e-08 1.613793103448276156e+02 1.167152051899253067e-40
1.578075485547191318e-07 1.613793103448276156e+02 1.462532999989261736e-40
2.490322238085003244e-07 1.613793103448276156e+02 1.838088318674258869e-40
3.929916475034959908e-07 1.613793103448276156e+02 2.307499850889533234e-40
6.201704849500700412e-07 1.613793103448276156e+02 2.895506360510179399e-40
9.786758391596188787e-07 1.613793103448276156e+02 3.624476397290853630e-40
1.544424350075120399e-06 1.613793103448276156e+02 4.562967769633005455e-40
2.437218206135700938e-06 1.613793103448276156e+02 5.725071787258947178e-40
3.846114304032050578e-06 1.613793103448276156e+02 7.193064245031353118e-40
6.069458697805375515e-06 1.613793103448276156e+02 9.017693185628740846e-40
9.578063981547841780e-06 1.613793103448276156e+02 1.130976925971248785e-39
1.511490796828317329e-05 1.613793103448276156e+02 1.416419125731163929e-39
2.385246573104953216e-05 1.613793103448276156e+02 1.771854652200800074e-39
3.764099144002372579e-05 1.613793103448276156e+02 2.225026928059726995e-39
5.940032584319311263e-05 1.613793103448276156e+02 2.776374640029392276e-39
9.373819804665835351e-05 1.613793103448276156e+02 3.470677101498567733e-39
1.479259523967991520e-04 1.613793103448276156e+02 4.330768870823176743e-39
2.334383191536095023e-04 1.613793103448276156e+02 5.388208696712521671e-39
3.683832888436525143e-04 1.613793103448276156e+02 6.691653062746623177e-39
5.813366374094181130e-04 1.613793103448276156e+02 8.307964495228600866e-39
9.173930963462390009e-04 1.613793103448276156e+02 1.026331377504097725e-38
1.447715555954232330e-03 1.613793103448276156e+02 1.263909053730974011e-38
2.284604428896697213e-03 1.613793103448276156e+02 1.554949146789382799e-38
3.605278243414418785e-03 1.613793103448276156e+02 1.897643925814402349e-38
5.689401214508922090e-03 1.613793103448276156e+02 2.309164067324739987e-38
8.978304584058946491e-03 1.613793103448276156e+02 2.795358943866485533e-38
1.416844236587939607e-02 1.613793103448276156e+02 3.393971723981826465e-38
2.235887156598252365e-02 1.613793103448276156e+02 4.146955464863190053e-38
3.528398710277515921e-02 1.613793103448276156e+02 5.121920165269914714e-38
5.568079507925274146e-02 1.613793103448276156e+02 6.677184217773259282e-38
8.786849773034542677e-02 1.613793103448276156e+02 1.177815597673802794e-37
1.386631222201171465e-01 1.613793103448276156e+02 5.821821761728939845e-37
2.188208739250008805e-01 1.613793103448276156e+02 4.862800764149761818e-37
3.453158568670564588e-01 1.613793103448276156e+02 2.515575009139264609e-40
5.449344884926244914e-01 1.613793103448276156e+02 0.000000000000000000e+00
9.999999999999999547e-08 1.675862068965517437e+02 7.851244689932189590e-41
1.578075485547191318e-07 1.675862068965517437e+02 9.844705214403455175e-41
2.490322238085003244e-07 1.675862068965517437e+02 1.236499419355208118e-40
3.929916475034959908e-07 1.675862068965517437e+02 1.553333375760412490e-40
6.201704849500700412e-07 1.675862068965517437e+02 1.946712544795350300e-40
9.786758391596188787e-07 1.675862068965517437e+02 2.445640890875099171e-40
1.544424350075120399e-06 1.675862068965517437e+02 3.066152030543895576e-40
2.437218206135700938e-06 1.675862068965517437e+02 3.860481042393747343e-40
3.846114304032050578e-06 1.675862068965517437e+02 4.839873252385104935e-40
6.069458697805375515e-06 1.675862068965517437e+02 6.080476616668259957e-40
9.578063981547841780e-06 1.675862068965517437e+02 7.598952395430824083e-40
1.511490796828317329e-05 1.675862068965517437e+02 9.542327634199000552e-40
2.385246573104953216e-05 1.675862068965517437e+02 1.196929063257048833e-39
3.764099144002372579e-05 1.675862068965517437e+02 1.495677680612010043e-39
5.940032584319311263e-05 1.675862068965517437e+02 1.865841516105099803e-39
9.373819804665835351e-05 1.675862068965517437e+02 2.333454614802260467e-39
1.479259523967991520e-04 1.675862068965517437e+02 2.904650752606915434e-39
2.334383191536095023e-04 1.675862068965517437e+02 3.619794258365980943e-39
3.683832888436525143e-04 1.675862068965517437e+02 4.504055179806491836e-39
5.813366374094181130e-04 1.675862068965517437e+02 5.580451524401675062e-39
9.173930963462390009e-04 1.675862068965517437e+02 6.888972153885854550e-39
1.447715555954232330e-03 1.675862068965517437e+02 8.481101409778562085e-39
2.284604428896697213e-03 1.675862068965517437e+02 1.039693937074619221e-38
3.605278243414418785e-03 1.675862068965517437e+02 1.272602426939869161e-38
5.689401214508922090e-03 1.675862068965517437e+02 1.544748178628600096e-38
8.978304584058946491e-03 1.675862068965517437e+02 1.874136694437101929e-38
1.416844236587939607e-02 1.675862068965517437e+02 2.270172139714304185e-38
2.235887156598252365e-02 1.675862068965517437e+02 2.765559165861172771e-38
3.528398710277515921e-02 1.675862068965517437e+02 3.421635539568131017e-38
5.568079507925274146e-02 1.675862068965517437e+02 4.469742119599732146e-38
8.786849773034542677e-02 1.675862068965517437e+02 8.087952259316221600e-38
1.386631222201171465e-01 1.675862068965517437e+02 3.997811041867284130e-37
2.188208739250008805e-01 1.675862068965517437e+02 3.039016706005442713e-37
3.453158568670564588e-01 1.675862068965517437e+02 1.405226521068889016e-40
5.449344884926244914e-01 1.675862068965517437e+02 0.000000000000000000e+00
9.999999999999999547e-08 1.737931034482758719e+02 3.943488195973150684e-41
1.578075485547191318e-07 1.737931034482758719e+02 4.952174791781956115e-41
2.490322238085003244e-07 1.737931034482758719e+02 6.208098457838931640e-41
3.929916475034959908e-07 1.737931034482758719e+02 7.799513014663148191e-41
6.201704849500700412e-07 1.737931034482758719e+02 9.777095404545418871e-41
9.786758391596188787e-07 1.737931034482758719e+02 1.230501144237926269e-40
1.544424350075120399e-06 1.737931034482758719e+02 1.543248068987847554e-40
2.437218206135700938e-06 1.737931034482758719e+02 1.938927000428825694e-40
3.846114304032050578e-06 1.737931034482758719e+02 2.435852203526042295e-40
6.069458697805375515e-06 1.737931034482758719e+02 3.054639658913144164e-40
9.578063981547841780e-06 1.737931034482758719e+02 3.826540651591244490e-40
1.511490796828317329e-05 1.737931034482758719e+02 4.792697541739797068e-40
2.385246573104953216e-05 1.737931034482758719e+02 6.005987078637628665e-40
3.764099144002372579e-05 1.737931034482758719e+02 7.504325223794045038e-40
5.940032584319311263e-05 1.737931034482758719e+02 9.420548904151328991e-40
9.373819804665835351e-05 1.737931034482758719e+02 1.170653560420595335e-39
1.479259523967991520e-04 1.737931034482758719e+02 1.462110147126578009e-39
2.334383191536095023e-04 1.737931034482758719e+02 1.822210932874385302e-39
3.683832888436525143e-04 1.737931034482758719e+02 2.261771567232164800e-39
5.813366374094181130e-04 1.737931034482758719e+02 2.791700991635842683e-39
9.173930963462390009e-04 1.737931034482758719e+02 3.460686107408207829e-39
1.447715555954232330e-03 1.737931034482758719e+02 4.259030331076446127e-39
2.284604428896697213e-03 1.737931034482758719e+02 5.220538354891985528e-39
3.605278243414418785e-03 1.737931034482758719e+02 6.367244015873822607e-39
5.689401214508922090e-03 1.737931034482758719e+02 7.750080780000131942e-39
8.978304584058946491e-03 1.737931034482758719e+02 9.374417901462499516e-39
1.416844236587939607e-02 1.737931034482758719e+02 1.138395172046349775e-38
2.235887156598252365e-02 1.737931034482758719e+02 1.383673390156719300e-38
3.528398710277515921e-02 1.737931034482758719e+02 1.716104944952900971e-38
5.568079507925274146e-02 1.737931034482758719e+02 2.237658751603938383e-38
8.786849773034542677e-02 1.737931034482758719e+02 4.116585253141490444e-38
1.386631222201171465e-01 1.737931034482758719e+02 2.029948224846165496e-37
2.188208739250008805e-01 1.737931034482758719e+02 1.471025264721124613e-37
3.453158568670564588e-01 1.737931034482758719e+02 6.246529605925153858e-41
5.449344884926244914e-01 1.737931034482758719e+02 0.000000000000000000e+00
9.999999999999999547e-08 1.800000000000000000e+02 0.000000000000000000e+00
1.578075485547191318e-07 1.800000000000000000e+02 0.000000000000000000e+00
2.490322238085003244e-07 1.800000000000000000e+02 0.000000000000000000e+00
3.929916475034959908e-07 1.800000000000000000e+02 8.841350085553788735e-56
6.201704849500700412e-07 1.800000000000000000e+02 1.106852943435095803e-55
9.786758391596188787e-07 1.800000000000000000e+02 0.000000000000000000e+00
1.544424350075120399e-06 1.800000000000000000e+02 0.000000000000000000e+00
2.437218206135700938e-06 1.800000000000000000e+02 2.196952327027763539e-55
3.846114304032050578e-06 1.800000000000000000e+02 2.752007986201533122e-55
6.069458697805375515e-06 1.800000000000000000e+02 3.461483562497467137e-55
9.578063981547841780e-06 1.800000000000000000e+02 4.324229053091063295e-55
1.511490796828317329e-05 1.800000000000000000e+02 5.422633874521129355e-55
2.385246573104953216e-05 1.800000000000000000e+02 0.000000000000000000e+00
3.764099144002372579e-05 1.800000000000000000e+02 0.000000000000000000e+00
5.940032584319311263e-05 1.800000000000000000e+02 0.000000000000000000e+00
9.373819804665835351e-05 1.800000000000000000e+02 0.000000000000000000e+00
1.479259523967991520e-04 1.800000000000000000e+02 1.658502293120530475e-54
2.334383191536095023e-04 1.800000000000000000e+02 0.000000000000000000e+00
3.683832888436525143e-04 1.800000000000000000e+02 2.560791712327589619e-54
5.813366374094181130e-04 1.800000000000000000e+02 0.000000000000000000e+00
9.173930963462390009e-04 1.800000000000000000e+02 0.000000000000000000e+00
1.447715555954232330e-03 1.800000000000000000e+02 0.000000000000000000e+00
2.284604428896697213e-03 1.800000000000000000e+02 5.934524264001903385e-54
3.605278243414418785e-03 1.800000000000000000e+02 7.218073711747138194e-54
5.689401214508922090e-03 1.800000000000000000e+02 0.000000000000000000e+00
8.978304584058946491e-03 1.800000000000000000e+02 1.061782760749947184e-53
1.416844236587939607e-02 1.800000000000000000e+02 1.288136138433790626e-53
2.235887156598252365e-02 1.800000000000000000e+02 0.000000000000000000e+00
3.528398710277515921e-02 1.800000000000000000e+02 1.937525253146374310e-53
5.568079507925274146e-02 1.800000000000000000e+02 0.000000000000000000e+00
8.786849773034542677e-02 1.800000000000000000e+02 4.681425743172145830e-53
1.386631222201171465e-01 1.800000000000000000e+02 2.290660610986153230e-52
2.188208739250008805e-01 1.800000000000000000e+02 1.619700420416294908e-52
3.453158568670564588e-01 1.800000000000000000e+02 6.753150813324413251e-56
5.449344884926244914e-01 1.800000000000000000e+02 0.000000000000000000e+00
