# atom 16: Tchi 0.8531678524172808 [GeV]; m_chi = 0.001 [GeV]; mS = 0.3 [GeV]; gchi =0.01; gN = 0.01
# Tchi^prime [GeV], theta [degree] ,dsigma/dTchip dtheta [cm^2/GeV]
9.999999999999999547e-08 0.000000000000000000e+00 0.000000000000000000e+00
1.596609714158835588e-07 0.000000000000000000e+00 0.000000000000000000e+00
2.549162579346358842e-07 0.000000000000000000e+00 0.000000000000000000e+00
4.070017737154589828e-07 0.000000000000000000e+00 0.000000000000000000e+00
6.498229855939779963e-07 0.000000000000000000e+00 0.000000000000000000e+00
1.037513691283042438e-06 0.000000000000000000e+00 0.000000000000000000e+00
1.656504438075296513e-06 0.000000000000000000e+00 0.000000000000000000e+00
2.644791077378241924e-06 0.000000000000000000e+00 0.000000000000000000e+00
4.222699126062713300e-06 0.000000000000000000e+00 0.000000000000000000e+00
6.742002444641753631e-06 0.000000000000000000e+00 0.000000000000000000e+00
1.076434659599764064e-05 0.000000000000000000e+00 0.000000000000000000e+00
1.718646034174242833e-05 0.000000000000000000e+00 0.000000000000000000e+00
2.744006953363154310e-05 0.000000000000000000e+00 0.000000000000000000e+00
4.381108157459003043e-05 0.000000000000000000e+00 0.000000000000000000e+00
6.994919842979561585e-05 0.000000000000000000e+00 0.000000000000000000e+00
1.116815697106356451e-04 0.000000000000000000e+00 0.000000000000000000e+00
1.783118790925080515e-04 0.000000000000000000e+00 0.000000000000000000e+00
2.846944783090141358e-04 0.000000000000000000e+00 0.000000000000000000e+00
4.545459696355538077e-04 0.000000000000000000e+00 0.000000000000000000e+00
7.257325106518723330e-04 0.000000000000000000e+00 0.000000000000000000e+00
1.158711576387660026e-03 0.000000000000000000e+00 0.000000000000000000e+00
1.850010158768835558e-03 0.000000000000000000e+00 0.000000000000000000e+00
2.953744190782852524e-03 0.000000000000000000e+00 0.000000000000000000e+00
4.715976668144131363e-03 0.000000000000000000e+00 0.000000000000000000e+00
7.529574160105339392e-03 0.000000000000000000e+00 0.000000000000000000e+00
1.202179124750354065e-02 0.000000000000000000e+00 0.000000000000000000e+00
1.919410868735381762e-02 0.000000000000000000e+00 0.000000000000000000e+00
3.064550038484960270e-02 0.000000000000000000e+00 0.000000000000000000e+00
4.892890360970920949e-02 0.000000000000000000e+00 0.000000000000000000e+00
7.812036280640304031e-02 0.000000000000000000e+00 0.000000000000000000e+00
1.247277301303156838e-01 0.000000000000000000e+00 0.000000000000000000e+00
1.991415055510437071e-01 0.000000000000000000e+00 0.000000000000000000e+00
3.179512622550120793e-01 0.000000000000000000e+00 0.000000000000000000e+00
5.076440739454157747e-01 0.000000000000000000e+00 0.000000000000000000e+00
8.105094597964166425e-01 0.000000000000000000e+00 0.000000000000000000e+00
9.999999999999999547e-08 6.206896551724137900e+00 2.190637507293641614e-44
1.596609714158835588e-07 6.206896551724137900e+00 2.757705393206123833e-44
2.549162579346358842e-07 6.206896551724137900e+00 3.469937457134660222e-44
4.070017737154589828e-07 6.206896551724137900e+00 4.352668861175406643e-44
6.498229855939779963e-07 6.206896551724137900e+00 5.472495446775827591e-44
1.037513691283042438e-06 6.206896551724137900e+00 6.850074420361878083e-44
1.656504438075296513e-06 6.206896551724137900e+00 8.570381192891857512e-44
2.644791077378241924e-06 6.206896551724137900e+00 1.067323970433429673e-43
4.222699126062713300e-06 6.206896551724137900e+00 1.324261867855753681e-43
6.742002444641753631e-06 6.206896551724137900e+00 1.638990117691903682e-43
1.076434659599764064e-05 6.206896551724137900e+00 2.006720708794033861e-43
1.718646034174242833e-05 6.206896551724137900e+00 2.439583877757883725e-43
2.744006953363154310e-05 6.206896551724137900e+00 2.964283409480393522e-43
4.381108157459003043e-05 6.206896551724137900e+00 3.550821791574668180e-43
6.994919842979561585e-05 6.206896551724137900e+00 4.189771060073168645e-43
1.116815697106356451e-04 6.206896551724137900e+00 4.865235349023167788e-43
1.783118790925080515e-04 6.206896551724137900e+00 5.568365707771454511e-43
2.846944783090141358e-04 6.206896551724137900e+00 6.243225831847760337e-43
4.545459696355538077e-04 6.206896551724137900e+00 6.887793036136477869e-43
7.257325106518723330e-04 6.206896551724137900e+00 7.456285172348746066e-43
1.158711576387660026e-03 6.206896551724137900e+00 8.007008645882672440e-43
1.850010158768835558e-03 6.206896551724137900e+00 8.597885014013541913e-43
2.953744190782852524e-03 6.206896551724137900e+00 9.538298808483379365e-43
4.715976668144131363e-03 6.206896551724137900e+00 1.139372503896748229e-42
7.529574160105339392e-03 6.206896551724137900e+00 1.556434024001900123e-42
1.202179124750354065e-02 6.206896551724137900e+00 2.571594063721097878e-42
1.919410868735381762e-02 6.206896551724137900e+00 5.145204899995516839e-42
3.064550038484960270e-02 6.206896551724137900e+00 1.190115153793028872e-41
4.892890360970920949e-02 6.206896551724137900e+00 3.068819263404625674e-41
7.812036280640304031e-02 6.206896551724137900e+00 8.617802842970624916e-41
1.247277301303156838e-01 6.206896551724137900e+00 2.689673403403980636e-40
1.991415055510437071e-01 6.206896551724137900e+00 9.876354639561332463e-40
3.179512622550120793e-01 6.206896551724137900e+00 4.833497955980142019e-39
5.076440739454157747e-01 6.206896551724137900e+00 3.782068956338911518e-38
8.105094597964166425e-01 6.206896551724137900e+00 0.000000000000000000e+00
9.999999999999999547e-08 1.241379310344827580e+01 4.356818282478657175e-44
1.596609714158835588e-07 1.241379310344827580e+01 5.499218587444280000e-44
2.549162579346358842e-07 1.241379310344827580e+01 6.914041759197025035e-44
4.070017737154589828e-07 1.241379310344827580e+01 8.669388940631858592e-44
6.498229855939779963e-07 1.241379310344827580e+01 1.090623795247605304e-43
1.037513691283042438e-06 1.241379310344827580e+01 1.363870617678123384e-43
1.656504438075296513e-06 1.241379310344827580e+01 1.704869781937421021e-43
2.644791077378241924e-06 1.241379310344827580e+01 2.124583664556194558e-43
4.222699126062713300e-06 1.241379310344827580e+01 2.632612426407981727e-43
6.742002444641753631e-06 1.241379310344827580e+01 3.259157045858377611e-43
1.076434659599764064e-05 1.241379310344827580e+01 4.007718747760534305e-43
1.718646034174242833e-05 1.241379310344827580e+01 4.897013205842153551e-43
2.744006953363154310e-05 1.241379310344827580e+01 5.915932348369848870e-43
4.381108157459003043e-05 1.241379310344827580e+01 7.090385185352986706e-43
6.994919842979561585e-05 1.241379310344827580e+01 8.390333871205260829e-43
1.116815697106356451e-04 1.241379310344827580e+01 9.806520448000006357e-43
1.783118790925080515e-04 1.241379310344827580e+01 1.127012263292179227e-42
2.846944783090141358e-04 1.241379310344827580e+01 1.279811797776049331e-42
4.545459696355538077e-04 1.241379310344827580e+01 1.431163797405087698e-42
7.257325106518723330e-04 1.241379310344827580e+01 1.589742079188232771e-42
1.158711576387660026e-03 1.241379310344827580e+01 1.796769323781359084e-42
1.850010158768835558e-03 1.241379310344827580e+01 2.109076741943768193e-42
2.953744190782852524e-03 1.241379310344827580e+01 2.721627576646366234e-42
4.715976668144131363e-03 1.241379310344827580e+01 4.072717351838533256e-42
7.529574160105339392e-03 1.241379310344827580e+01 7.253550185600107638e-42
1.202179124750354065e-02 1.241379310344827580e+01 1.508554573740421393e-41
1.919410868735381762e-02 1.241379310344827580e+01 3.486892370331452561e-41
3.064550038484960270e-02 1.241379310344827580e+01 8.670780663601018012e-41
4.892890360970920949e-02 1.241379310344827580e+01 2.290314369162570568e-40
7.812036280640304031e-02 1.241379310344827580e+01 6.423454166634980944e-40
1.247277301303156838e-01 1.241379310344827580e+01 1.967305470941263628e-39
1.991415055510437071e-01 1.241379310344827580e+01 6.937576590653448640e-39
3.179512622550120793e-01 1.241379310344827580e+01 3.171819351743119437e-38
5.076440739454157747e-01 1.241379310344827580e+01 2.261543203995934459e-37
8.105094597964166425e-01 1.241379310344827580e+01 0.000000000000000000e+00
9.999999999999999547e-08 1.862068965517241281e+01 6.484187797274194857e-44
1.596609714158835588e-07 1.862068965517241281e+01 8.155471653889280718e-44
2.549162579346358842e-07 1.862068965517241281e+01 1.025113074806474320e-43
4.070017737154589828e-07 1.862068965517241281e+01 1.290207894072913879e-43
6.498229855939779963e-07 1.862068965517241281e+01 1.619606511943428270e-43
1.037513691283042438e-06 1.862068965517241281e+01 2.028334964824129441e-43
1.656504438075296513e-06 1.862068965517241281e+01 2.533261781246222927e-43
2.644791077378241924e-06 1.862068965517241281e+01 3.162793422660123753e-43
4.222699126062713300e-06 1.862068965517241281e+01 3.916732645157239088e-43
6.742002444641753631e-06 1.862068965517241281e+01 4.845902825728448640e-43
1.076434659599764064e-05 1.862068965517241281e+01 5.971664361575143766e-43
1.718646034174242833e-05 1.862068965517241281e+01 7.306048052723753052e-43
2.744006953363154310e-05 1.862068965517241281e+01 8.855910541244923721e-43
4.381108157459003043e-05 1.862068965517241281e+01 1.065372899488193781e-42
6.994919842979561585e-05 1.862068965517241281e+01 1.262790329293339113e-42
1.116815697106356451e-04 1.862068965517241281e+01 1.488883964106706837e-42
1.783118790925080515e-04 1.862068965517241281e+01 1.727680416967592643e-42
2.846944783090141358e-04 1.862068965517241281e+01 1.986025241198068338e-42
4.545459696355538077e-04 1.862068965517241281e+01 2.270933292810533009e-42
7.257325106518723330e-04 1.862068965517241281e+01 2.628633074305371945e-42
1.158711576387660026e-03 1.862068965517241281e+01 3.163085532414296559e-42
1.850010158768835558e-03 1.862068965517241281e+01 4.120888225832575548e-42
2.953744190782852524e-03 1.862068965517241281e+01 6.070457881573990247e-42
4.715976668144131363e-03 1.862068965517241281e+01 1.047776151591123498e-41
7.529574160105339392e-03 1.862068965517241281e+01 2.082161458190868372e-41
1.202179124750354065e-02 1.862068965517241281e+01 4.621602977212310011e-41
1.919410868735381762e-02 1.862068965517241281e+01 1.101707833873139093e-40
3.064550038484960270e-02 1.862068965517241281e+01 2.763218746468429559e-40
4.892890360970920949e-02 1.862068965517241281e+01 7.207903926366024725e-40
7.812036280640304031e-02 1.862068965517241281e+01 1.970220536510245889e-39
1.247277301303156838e-01 1.862068965517241281e+01 5.793624691124861564e-39
1.991415055510437071e-01 1.862068965517241281e+01 1.924259039230339253e-38
3.179512622550120793e-01 1.862068965517241281e+01 8.041048155204758634e-38
5.076440739454157747e-01 1.862068965517241281e+01 5.116048705645344369e-37
8.105094597964166425e-01 1.862068965517241281e+01 0.000000000000000000e+00
9.999999999999999547e-08 2.482758620689655160e+01 8.521795957734894300e-44
1.596609714158835588e-07 2.482758620689655160e+01 1.077794808532678654e-43
2.549162579346358842e-07 2.482758620689655160e+01 1.352111049597375757e-43
4.070017737154589828e-07 2.482758620689655160e+01 1.700042872251987624e-43
6.498229855939779963e-07 2.482758620689655160e+01 2.133613865144245995e-43
1.037513691283042438e-06 2.482758620689655160e+01 2.675755885186931206e-43
1.656504438075296513e-06 2.482758620689655160e+01 3.342362682225553438e-43
2.644791077378241924e-06 2.482758620689655160e+01 4.170024545962507285e-43
4.222699126062713300e-06 2.482758620689655160e+01 5.173089998659588494e-43
6.742002444641753631e-06 2.482758620689655160e+01 6.428926087923693330e-43
1.076434659599764064e-05 2.482758620689655160e+01 7.919368255600283438e-43
1.718646034174242833e-05 2.482758620689655160e+01 9.713620797508202197e-43
2.744006953363154310e-05 2.482758620689655160e+01 1.180535342577528687e-42
4.381108157459003043e-05 2.482758620689655160e+01 1.424973558615818282e-42
6.994919842979561585e-05 2.482758620689655160e+01 1.698413632941168209e-42
1.116815697106356451e-04 2.482758620689655160e+01 2.016756152427014502e-42
1.783118790925080515e-04 2.482758620689655160e+01 2.363878972497898741e-42
2.846944783090141358e-04 2.482758620689655160e+01 2.770327404520132042e-42
4.545459696355538077e-04 2.482758620689655160e+01 3.266103973833176120e-42
7.257325106518723330e-04 2.482758620689655160e+01 3.959124787514524902e-42
1.158711576387660026e-03 2.482758620689655160e+01 5.065483342469189251e-42
1.850010158768835558e-03 2.482758620689655160e+01 7.182312996118356798e-42
2.953744190782852524e-03 2.482758620689655160e+01 1.165906412473312322e-41
4.715976668144131363e-03 2.482758620689655160e+01 2.164683048320316495e-41
7.529574160105339392e-03 2.482758620689655160e+01 4.526381167225492144e-41
1.202179124750354065e-02 2.482758620689655160e+01 1.026338677070579207e-40
1.919410868735381762e-02 2.482758620689655160e+01 2.461831109441959042e-40
3.064550038484960270e-02 2.482758620689655160e+01 6.112260961434211635e-40
4.892890360970920949e-02 2.482758620689655160e+01 1.561543605138725748e-39
7.812036280640304031e-02 2.482758620689655160e+01 4.129164741525691002e-39
1.247277301303156838e-01 2.482758620689655160e+01 1.152140739208996831e-38
1.991415055510437071e-01 2.482758620689655160e+01 3.554417891352874247e-38
3.179512622550120793e-01 2.482758620689655160e+01 1.350066157107194998e-37
5.076440739454157747e-01 2.482758620689655160e+01 7.731525349862478622e-37
8.105094597964166425e-01 2.482758620689655160e+01 5.491919640499505149e-36
9.999999999999999547e-08 3.103448275862069039e+01 1.049623162081946034e-43
1.596609714158835588e-07 3.103448275862069039e+01 1.320713022987716787e-43
2.549162579346358842e-07 3.103448275862069039e+01 1.661804443658770561e-43
4.070017737154589828e-07 3.103448275862069039e+01 2.084575350599135193e-43
6.498229855939779963e-07 3.103448275862069039e+01 2.620795681083654402e-43
1.037513691283042438e-06 3.103448275862069039e+01 3.291996842270871391e-43
1.656504438075296513e-06 3.103448275862069039e+01 4.123959760096985921e-43
2.644791077378241924e-06 3.103448275862069039e+01 5.137061243819138489e-43
4.222699126062713300e-06 3.103448275862069039e+01 6.401878493426972748e-43
6.742002444641753631e-06 3.103448275862069039e+01 7.923499744230055094e-43
1.076434659599764064e-05 3.103448275862069039e+01 9.790818109448734142e-43
1.718646034174242833e-05 3.103448275862069039e+01 1.207287664819007284e-42
2.744006953363154310e-05 3.103448275862069039e+01 1.467948833234961489e-42
4.381108157459003043e-05 3.103448275862069039e+01 1.778508419931673292e-42
6.994919842979561585e-05 3.103448275862069039e+01 2.143568713158745899e-42
1.116815697106356451e-04 3.103448275862069039e+01 2.563314900176474746e-42
1.783118790925080515e-04 3.103448275862069039e+01 3.050270104252994591e-42
2.846944783090141358e-04 3.103448275862069039e+01 3.649643923441899241e-42
4.545459696355538077e-04 3.103448275862069039e+01 4.431929225116439223e-42
7.257325106518723330e-04 3.103448275862069039e+01 5.623494026427808890e-42
1.158711576387660026e-03 3.103448275862069039e+01 7.627210508467099811e-42
1.850010158768835558e-03 3.103448275862069039e+01 1.155651655545954240e-41
2.953744190782852524e-03 3.103448275862069039e+01 1.987689934563832163e-41
4.715976668144131363e-03 3.103448275862069039e+01 3.859646268867307857e-41
7.529574160105339392e-03 3.103448275862069039e+01 8.271498176818127159e-41
1.202179124750354065e-02 3.103448275862069039e+01 1.892733268320195797e-40
1.919410868735381762e-02 3.103448275862069039e+01 4.498285085746002440e-40
3.064550038484960270e-02 3.103448275862069039e+01 1.100573371149327312e-39
4.892890360970920949e-02 3.103448275862069039e+01 2.736079368761080609e-39
7.812036280640304031e-02 3.103448275862069039e+01 6.949775718656421432e-39
1.247277301303156838e-01 3.103448275862069039e+01 1.833109035177208614e-38
1.991415055510437071e-01 3.103448275862069039e+01 5.258749320008623552e-38
3.179512622550120793e-01 3.103448275862069039e+01 1.830896941677075143e-37
5.076440739454157747e-01 3.103448275862069039e+01 9.625170489800214331e-37
8.105094597964166425e-01 3.103448275862069039e+01 4.913460199484234164e-37
9.999999999999999547e-08 3.724137931034482563e+01 1.230163485303994869e-43
1.596609714158835588e-07 3.724137931034482563e+01 1.548724248661507376e-43
2.549162579346358842e-07 3.724137931034482563e+01 1.950836829345532572e-43
4.070017737154589828e-07 3.724137931034482563e+01 2.455844711242185179e-43
6.498229855939779963e-07 3.724137931034482563e+01 3.088351819040948881e-43
1.037513691283042438e-06 3.724137931034482563e+01 3.870231712167738324e-43
1.656504438075296513e-06 3.724137931034482563e+01 4.853871882460475386e-43
2.644791077378241924e-06 3.724137931034482563e+01 6.053496284412892255e-43
4.222699126062713300e-06 3.724137931034482563e+01 7.544326964403159205e-43
6.742002444641753631e-06 3.724137931034482563e+01 9.361842915142195864e-43
1.076434659599764064e-05 3.724137931034482563e+01 1.161063894328852219e-42
1.718646034174242833e-05 3.724137931034482563e+01 1.427866729388545015e-42
2.744006953363154310e-05 3.724137931034482563e+01 1.750563000585901921e-42
4.381108157459003043e-05 3.724137931034482563e+01 2.139331827934547812e-42
6.994919842979561585e-05 3.724137931034482563e+01 2.584653712106328659e-42
1.116815697106356451e-04 3.724137931034482563e+01 3.130286779314041868e-42
1.783118790925080515e-04 3.724137931034482563e+01 3.790226533453413960e-42
2.846944783090141358e-04 3.724137931034482563e+01 4.621290814318762628e-42
4.545459696355538077e-04 3.724137931034482563e+01 5.785533128490560880e-42
7.257325106518723330e-04 3.724137931034482563e+01 7.634769554607878835e-42
1.158711576387660026e-03 3.724137931034482563e+01 1.089405913979040980e-41
1.850010158768835558e-03 3.724137931034482563e+01 1.734912748923665009e-41
2.953744190782852524e-03 3.724137931034482563e+01 3.107293132401424862e-41
4.715976668144131363e-03 3.724137931034482563e+01 6.196607882479695724e-41
7.529574160105339392e-03 3.724137931034482563e+01 1.340939612491462181e-40
1.202179124750354065e-02 3.724137931034482563e+01 3.052194931346275918e-40
1.919410868735381762e-02 3.724137931034482563e+01 7.193720318633903806e-40
3.064550038484960270e-02 3.724137931034482563e+01 1.724828663615731030e-39
4.892890360970920949e-02 3.724137931034482563e+01 4.166565012616962512e-39
7.812036280640304031e-02 3.724137931034482563e+01 1.012689456807636179e-38
1.247277301303156838e-01 3.724137931034482563e+01 2.530286656336296663e-38
1.991415055510437071e-01 3.724137931034482563e+01 6.761434684758226598e-38
3.179512622550120793e-01 3.724137931034482563e+01 2.171814569892239035e-37
5.076440739454157747e-01 3.724137931034482563e+01 1.122412915764362095e-36
8.105094597964166425e-01 3.724137931034482563e+01 0.000000000000000000e+00
9.999999999999999547e-08 4.344827586206896797e+01 1.399111081376024473e-43
1.596609714158835588e-07 4.344827586206896797e+01 1.760626617127960975e-43
2.549162579346358842e-07 4.344827586206896797e+01 2.222621185453198672e-43
4.070017737154589828e-07 4.344827586206896797e+01 2.793322665234491911e-43
6.498229855939779963e-07 4.344827586206896797e+01 3.508235427313101027e-43
1.037513691283042438e-06 4.344827586206896797e+01 4.418566094151683442e-43
1.656504438075296513e-06 4.344827586206896797e+01 5.524150298284777177e-43
2.644791077378241924e-06 4.344827586206896797e+01 6.912369899129421156e-43
4.222699126062713300e-06 4.344827586206896797e+01 8.632585460672356820e-43
6.742002444641753631e-06 4.344827586206896797e+01 1.075529833183782914e-42
1.076434659599764064e-05 4.344827586206896797e+01 1.335404091261224226e-42
1.718646034174242833e-05 4.344827586206896797e+01 1.645503658360213177e-42
2.744006953363154310e-05 4.344827586206896797e+01 2.025744896237348209e-42
4.381108157459003043e-05 4.344827586206896797e+01 2.484979855308569424e-42
6.994919842979561585e-05 4.344827586206896797e+01 3.039543956096770641e-42
1.116815697106356451e-04 4.344827586206896797e+01 3.714399269209341444e-42
1.783118790925080515e-04 4.344827586206896797e+01 4.577541516612076505e-42
2.846944783090141358e-04 4.344827586206896797e+01 5.703826808857321777e-42
4.545459696355538077e-04 4.344827586206896797e+01 7.358617255440005428e-42
7.257325106518723330e-04 4.344827586206896797e+01 1.005232103268458127e-41
1.158711576387660026e-03 4.344827586206896797e+01 1.489254412101879812e-41
1.850010158768835558e-03 4.344827586206896797e+01 2.456609983340647605e-41
2.953744190782852524e-03 4.344827586206896797e+01 4.527335068816639248e-41
4.715976668144131363e-03 4.344827586206896797e+01 9.162860348097583249e-41
7.529574160105339392e-03 4.344827586206896797e+01 1.988720155358289004e-40
1.202179124750354065e-02 4.344827586206896797e+01 4.505523641812991689e-40
1.919410868735381762e-02 4.344827586206896797e+01 1.047665115431808173e-39
3.064550038484960270e-02 4.344827586206896797e+01 2.454438405253552080e-39
4.892890360970920949e-02 4.344827586206896797e+01 5.743915581548312692e-39
7.812036280640304031e-02 4.344827586206896797e+01 1.339313965773209467e-38
1.247277301303156838e-01 4.344827586206896797e+01 3.164520673845130803e-38
1.991415055510437071e-01 4.344827586206896797e+01 7.949088305056136217e-38
3.179512622550120793e-01 4.344827586206896797e+01 2.397917937212954587e-37
5.076440739454157747e-01 4.344827586206896797e+01 1.508279096403450502e-36
8.105094597964166425e-01 4.344827586206896797e+01 0.000000000000000000e+00
9.999999999999999547e-08 4.965517241379310320e+01 1.553332267123122793e-43
1.596609714158835588e-07 4.965517241379310320e+01 1.958388024834653094e-43
2.549162579346358842e-07 4.965517241379310320e+01 2.464959171037546551e-43
4.070017737154589828e-07 4.965517241379310320e+01 3.099445086706349870e-43
6.498229855939779963e-07 4.965517241379310320e+01 3.893641703713162561e-43
1.037513691283042438e-06 4.965517241379310320e+01 4.916740990945871748e-43
1.656504438075296513e-06 4.965517241379310320e+01 6.161916238534974218e-43
2.644791077378241924e-06 4.965517241379310320e+01 7.729510820370690846e-43
4.222699126062713300e-06 4.965517241379310320e+01 9.647597946463156926e-43
6.742002444641753631e-06 4.965517241379310320e+01 1.200579705535734148e-42
1.076434659599764064e-05 4.965517241379310320e+01 1.494258972561680936e-42
1.718646034174242833e-05 4.965517241379310320e+01 1.854529686737916961e-42
2.744006953363154310e-05 4.965517241379310320e+01 2.291471262283368766e-42
4.381108157459003043e-05 4.965517241379310320e+01 2.830929407396988772e-42
6.994919842979561585e-05 4.965517241379310320e+01 3.493573454714174765e-42
1.116815697106356451e-04 4.965517241379310320e+01 4.321448783142013371e-42
1.783118790925080515e-04 4.965517241379310320e+01 5.396889224264398951e-42
2.846944783090141358e-04 4.965517241379310320e+01 6.880430156228330432e-42
4.545459696355538077e-04 4.965517241379310320e+01 9.105599529090093331e-42
7.257325106518723330e-04 4.965517241379310320e+01 1.280514698252835502e-41
1.158711576387660026e-03 4.965517241379310320e+01 1.968052033140278319e-41
1.850010158768835558e-03 4.965517241379310320e+01 3.321521572054847491e-41
2.953744190782852524e-03 4.965517241379310320e+01 6.231202195129290887e-41
4.715976668144131363e-03 4.965517241379310320e+01 1.269585313702536883e-40
7.529574160105339392e-03 4.965517241379310320e+01 2.756865258442622752e-40
1.202179124750354065e-02 4.965517241379310320e+01 6.198906150216208773e-40
1.919410868735381762e-02 4.965517241379310320e+01 1.418355123291394767e-39
3.064550038484960270e-02 4.965517241379310320e+01 3.247337338173024490e-39
4.892890360970920949e-02 4.965517241379310320e+01 7.362218168559025832e-39
7.812036280640304031e-02 4.965517241379310320e+01 1.644794656937187192e-38
1.247277301303156838e-01 4.965517241379310320e+01 3.691056532254060898e-38
1.991415055510437071e-01 4.965517241379310320e+01 8.819018407194418471e-38
3.179512622550120793e-01 4.965517241379310320e+01 2.526756148032952790e-37
5.076440739454157747e-01 4.965517241379310320e+01 2.594077845937205695e-36
8.105094597964166425e-01 4.965517241379310320e+01 0.000000000000000000e+00
9.999999999999999547e-08 5.586206896551724554e+01 1.686235463560684218e-43
1.596609714158835588e-07 5.586206896551724554e+01 2.127502464121604399e-43
2.549162579346358842e-07 5.586206896551724554e+01 2.689263909993418065e-43
4.070017737154589828e-07 5.586206896551724554e+01 3.378963180822273615e-43
6.498229855939779963e-07 5.586206896551724554e+01 4.255510125025200200e-43
1.037513691283042438e-06 5.586206896551724554e+01 5.353769858922167076e-43
1.656504438075296513e-06 5.586206896551724554e+01 6.726133143942705064e-43
2.644791077378241924e-06 5.586206896551724554e+01 8.430863787458900752e-43
4.222699126062713300e-06 5.586206896551724554e+01 1.055211291324921005e-42
6.742002444641753631e-06 5.586206896551724554e+01 1.318962256721198365e-42
1.076434659599764064e-05 5.586206896551724554e+01 1.646365512815073743e-42
1.718646034174242833e-05 5.586206896551724554e+01 2.044201561776741632e-42
2.744006953363154310e-05 5.586206896551724554e+01 2.552170385877423859e-42
4.381108157459003043e-05 5.586206896551724554e+01 3.162543775755869784e-42
6.994919842979561585e-05 5.586206896551724554e+01 3.944603808848441037e-42
1.116815697106356451e-04 5.586206896551724554e+01 4.923761025155278979e-42
1.783118790925080515e-04 5.586206896551724554e+01 6.262725172860588127e-42
2.846944783090141358e-04 5.586206896551724554e+01 8.134148681070745331e-42
4.545459696355538077e-04 5.586206896551724554e+01 1.101754217487874830e-41
7.257325106518723330e-04 5.586206896551724554e+01 1.589470824437255326e-41
1.158711576387660026e-03 5.586206896551724554e+01 2.505340270121668485e-41
1.850010158768835558e-03 5.586206896551724554e+01 4.323794074533589697e-41
2.953744190782852524e-03 5.586206896551724554e+01 8.181074361789712034e-41
4.715976668144131363e-03 5.586206896551724554e+01 1.673951018085176264e-40
7.529574160105339392e-03 5.586206896551724554e+01 3.608554203363063700e-40
1.202179124750354065e-02 5.586206896551724554e+01 8.053249981527147262e-40
1.919410868735381762e-02 5.586206896551724554e+01 1.813186793703343017e-39
3.064550038484960270e-02 5.586206896551724554e+01 4.053037308485133439e-39
4.892890360970920949e-02 5.586206896551724554e+01 8.880436267828072882e-39
7.812036280640304031e-02 5.586206896551724554e+01 1.915476707923317062e-38
1.247277301303156838e-01 5.586206896551724554e+01 4.108263199256217521e-38
1.991415055510437071e-01 5.586206896551724554e+01 9.362791173757348644e-38
3.179512622550120793e-01 5.586206896551724554e+01 2.569731483712455815e-37
5.076440739454157747e-01 5.586206896551724554e+01 4.455550148954246797e-36
8.105094597964166425e-01 5.586206896551724554e+01 0.000000000000000000e+00
9.999999999999999547e-08 6.206896551724138078e+01 1.802309254051261475e-43
1.596609714158835588e-07 6.206896551724138078e+01 2.276661640503410805e-43
2.549162579346358842e-07 6.206896551724138078e+01 2.863169445628546110e-43
4.070017737154589828e-07 6.206896551724138078e+01 3.619976458033337855e-43
6.498229855939779963e-07 6.206896551724138078e+01 4.564165994628484352e-43
1.037513691283042438e-06 6.206896551724138078e+01 5.740046989632924795e-43
1.656504438075296513e-06 6.206896551724138078e+01 7.200716755355630913e-43
2.644791077378241924e-06 6.206896551724138078e+01 9.072994835237985421e-43
4.222699126062713300e-06 6.206896551724138078e+01 1.134310417514794028e-42
6.742002444641753631e-06 6.206896551724138078e+01 1.420539875049880095e-42
1.076434659599764064e-05 6.206896551724138078e+01 1.781486660152399358e-42
1.718646034174242833e-05 6.206896551724138078e+01 2.229273231743742787e-42
2.744006953363154310e-05 6.206896551724138078e+01 2.785965684228743612e-42
4.381108157459003043e-05 6.206896551724138078e+01 3.484764609231961820e-42
6.994919842979561585e-05 6.206896551724138078e+01 4.380492146867535826e-42
1.116815697106356451e-04 6.206896551724138078e+01 5.535841078284942715e-42
1.783118790925080515e-04 6.206896551724138078e+01 7.119226478249942219e-42
2.846944783090141358e-04 6.206896551724138078e+01 9.460447120908204156e-42
4.545459696355538077e-04 6.206896551724138078e+01 1.307509478329927759e-41
7.257325106518723330e-04 6.206896551724138078e+01 1.931751866199349390e-41
1.158711576387660026e-03 6.206896551724138078e+01 3.088474604965266551e-41
1.850010158768835558e-03 6.206896551724138078e+01 5.399676054941516977e-41
2.953744190782852524e-03 6.206896551724138078e+01 1.032354399045181244e-40
4.715976668144131363e-03 6.206896551724138078e+01 2.116913736698543985e-40
7.529574160105339392e-03 6.206896551724138078e+01 4.533705503338989272e-40
1.202179124750354065e-02 6.206896551724138078e+01 1.003986837856373783e-39
1.919410868735381762e-02 6.206896551724138078e+01 2.214675755598389499e-39
3.064550038484960270e-02 6.206896551724138078e+01 4.843606710180001513e-39
4.892890360970920949e-02 6.206896551724138078e+01 1.029799269186984574e-38
7.812036280640304031e-02 6.206896551724138078e+01 2.128814358042222926e-38
1.247277301303156838e-01 6.206896551724138078e+01 4.393901156242308636e-38
1.991415055510437071e-01 6.206896551724138078e+01 9.619670327879442600e-38
3.179512622550120793e-01 6.206896551724138078e+01 2.594034483159756669e-37
5.076440739454157747e-01 6.206896551724138078e+01 5.250590027969426998e-36
8.105094597964166425e-01 6.206896551724138078e+01 0.000000000000000000e+00
9.999999999999999547e-08 6.827586206896552312e+01 1.898497653701700754e-43
1.596609714158835588e-07 6.827586206896552312e+01 2.397704849333442603e-43
2.549162579346358842e-07 6.827586206896552312e+01 3.022693193279389742e-43
4.070017737154589828e-07 6.827586206896552312e+01 3.813546049374993139e-43
6.498229855939779963e-07 6.827586206896552312e+01 4.809758449549622271e-43
1.037513691283042438e-06 6.827586206896552312e+01 6.056028706217867312e-43
1.656504438075296513e-06 6.827586206896552312e+01 7.627230286150244587e-43
2.644791077378241924e-06 6.827586206896552312e+01 9.594057446637946284e-43
4.222699126062713300e-06 6.827586206896552312e+01 1.205484656291642256e-42
6.742002444641753631e-06 6.827586206896552312e+01 1.514418738186350170e-42
1.076434659599764064e-05 6.827586206896552312e+01 1.903092374068627197e-42
1.718646034174242833e-05 6.827586206896552312e+01 2.386792660670090158e-42
2.744006953363154310e-05 6.827586206896552312e+01 3.000811467069681949e-42
4.381108157459003043e-05 6.827586206896552312e+01 3.770484246155044080e-42
6.994919842979561585e-05 6.827586206896552312e+01 4.780211543676629633e-42
1.116815697106356451e-04 6.827586206896552312e+01 6.117369857747601211e-42
1.783118790925080515e-04 6.827586206896552312e+01 7.986977941706630834e-42
2.846944783090141358e-04 6.827586206896552312e+01 1.074390750580349127e-41
4.545459696355538077e-04 6.827586206896552312e+01 1.515241580651826416e-41
7.257325106518723330e-04 6.827586206896552312e+01 2.283473923668514026e-41
1.158711576387660026e-03 6.827586206896552312e+01 3.701336808190323373e-41
1.850010158768835558e-03 6.827586206896552312e+01 6.564017682648166898e-41
2.953744190782852524e-03 6.827586206896552312e+01 1.257421389228083425e-40
4.715976668144131363e-03 6.827586206896552312e+01 2.571172550611078180e-40
7.529574160105339392e-03 6.827586206896552312e+01 5.501826700103987454e-40
1.202179124750354065e-02 6.827586206896552312e+01 1.199199866307533885e-39
1.919410868735381762e-02 6.827586206896552312e+01 2.601741854025618708e-39
3.064550038484960270e-02 6.827586206896552312e+01 5.555384202755829694e-39
4.892890360970920949e-02 6.827586206896552312e+01 1.143875310466504009e-38
7.812036280640304031e-02 6.827586206896552312e+01 2.288116766226261504e-38
1.247277301303156838e-01 6.827586206896552312e+01 4.561531402841072139e-38
1.991415055510437071e-01 6.827586206896552312e+01 9.700909906452992220e-38
3.179512622550120793e-01 6.827586206896552312e+01 2.630645244889583426e-37
5.076440739454157747e-01 6.827586206896552312e+01 4.217805911185651142e-36
8.105094597964166425e-01 6.827586206896552312e+01 0.000000000000000000e+00
9.999999999999999547e-08 7.448275862068965125e+01 1.972189539177487099e-43
1.596609714158835588e-07 7.448275862068965125e+01 2.490353857391427649e-43
2.549162579346358842e-07 7.448275862068965125e+01 3.145434220971231971e-43
4.070017737154589828e-07 7.448275862068965125e+01 3.967080700519986268e-43
6.498229855939779963e-07 7.448275862068965125e+01 5.020595788072806691e-43
1.037513691283042438e-06 7.448275862068965125e+01 6.322069549645187855e-43
1.656504438075296513e-06 7.448275862068965125e+01 7.955152614598228351e-43
2.644791077378241924e-06 7.448275862068965125e+01 1.002525001050232280e-42
4.222699126062713300e-06 7.448275862068965125e+01 1.265260465573940091e-42
6.742002444641753631e-06 7.448275862068965125e+01 1.590549111701852520e-42
1.076434659599764064e-05 7.448275862068965125e+01 2.004868576860038399e-42
1.718646034174242833e-05 7.448275862068965125e+01 2.522871093386637978e-42
2.744006953363154310e-05 7.448275862068965125e+01 3.185204944337990488e-42
4.381108157459003043e-05 7.448275862068965125e+01 4.051952484860694060e-42
6.994919842979561585e-05 7.448275862068965125e+01 5.172437539745167425e-42
1.116815697106356451e-04 7.448275862068965125e+01 6.697405218196722159e-42
1.783118790925080515e-04 7.448275862068965125e+01 8.827008250835253622e-42
2.846944783090141358e-04 7.448275862068965125e+01 1.207008246588641076e-41
4.545459696355538077e-04 7.448275862068965125e+01 1.726075082294294019e-41
7.257325106518723330e-04 7.448275862068965125e+01 2.632872213316270261e-41
1.158711576387660026e-03 7.448275862068965125e+01 4.335852650406266577e-41
1.850010158768835558e-03 7.448275862068965125e+01 7.729001979907694902e-41
2.953744190782852524e-03 7.448275862068965125e+01 1.483686773077824482e-40
4.715976668144131363e-03 7.448275862068965125e+01 3.035066289373644305e-40
7.529574160105339392e-03 7.448275862068965125e+01 6.444817543031595410e-40
1.202179124750354065e-02 7.448275862068965125e+01 1.385239591501461382e-39
1.919410868735381762e-02 7.448275862068965125e+01 2.961168602783202292e-39
3.064550038484960270e-02 7.448275862068965125e+01 6.159045617845237593e-39
4.892890360970920949e-02 7.448275862068965125e+01 1.236027359658298308e-38
7.812036280640304031e-02 7.448275862068965125e+01 2.402078055582642266e-38
1.247277301303156838e-01 7.448275862068965125e+01 4.658924037974243751e-38
1.991415055510437071e-01 7.448275862068965125e+01 9.600845076294689913e-38
3.179512622550120793e-01 7.448275862068965125e+01 2.809703368109529818e-37
5.076440739454157747e-01 7.448275862068965125e+01 2.809175937638413809e-36
8.105094597964166425e-01 7.448275862068965125e+01 0.000000000000000000e+00
9.999999999999999547e-08 8.068965517241380780e+01 2.022909496716839863e-43
1.596609714158835588e-07 8.068965517241380780e+01 2.556432182819919574e-43
2.549162579346358842e-07 8.068965517241380780e+01 3.222336383146690709e-43
4.070017737154589828e-07 8.068965517241380780e+01 4.072104793114972576e-43
6.498229855939779963e-07 8.068965517241380780e+01 5.140526323269267892e-43
1.037513691283042438e-06 8.068965517241380780e+01 6.479821122596183765e-43
1.656504438075296513e-06 8.068965517241380780e+01 8.201799293563226275e-43
2.644791077378241924e-06 8.068965517241380780e+01 1.033584663325602878e-42
4.222699126062713300e-06 8.068965517241380780e+01 1.305995453592903840e-42
6.742002444641753631e-06 8.068965517241380780e+01 1.648817570032993254e-42
1.076434659599764064e-05 8.068965517241380780e+01 2.085408171057855696e-42
1.718646034174242833e-05 8.068965517241380780e+01 2.637982463747892868e-42
2.744006953363154310e-05 8.068965517241380780e+01 3.348438941034017043e-42
4.381108157459003043e-05 8.068965517241380780e+01 4.268425308544111089e-42
6.994919842979561585e-05 8.068965517241380780e+01 5.496314076042011620e-42
1.116815697106356451e-04 8.068965517241380780e+01 7.185243773059925474e-42
1.783118790925080515e-04 8.068965517241380780e+01 9.598303540050820708e-42
2.846944783090141358e-04 8.068965517241380780e+01 1.326040512212771145e-41
4.545459696355538077e-04 8.068965517241380780e+01 1.929110481606956285e-41
7.257325106518723330e-04 8.068965517241380780e+01 2.972124504804800304e-41
1.158711576387660026e-03 8.068965517241380780e+01 4.945549371822803250e-41
1.850010158768835558e-03 8.068965517241380780e+01 8.882187739322179022e-41
2.953744190782852524e-03 8.068965517241380780e+01 1.709962955202590837e-40
4.715976668144131363e-03 8.068965517241380780e+01 3.479310963858996958e-40
7.529574160105339392e-03 8.068965517241380780e+01 7.317808295617494965e-40
1.202179124750354065e-02 8.068965517241380780e+01 1.558917207591398575e-39
1.919410868735381762e-02 8.068965517241380780e+01 3.279044821201085272e-39
3.064550038484960270e-02 8.068965517241380780e+01 6.683279541212363142e-39
4.892890360970920949e-02 8.068965517241380780e+01 1.301901638523671708e-38
7.812036280640304031e-02 8.068965517241380780e+01 2.463562788557987992e-38
1.247277301303156838e-01 8.068965517241380780e+01 4.630642898239290085e-38
1.991415055510437071e-01 8.068965517241380780e+01 9.402322227011447447e-38
3.179512622550120793e-01 8.068965517241380780e+01 3.351361669809988165e-37
5.076440739454157747e-01 8.068965517241380780e+01 1.672289332337605631e-36
8.105094597964166425e-01 8.068965517241380780e+01 0.000000000000000000e+00
9.999999999999999547e-08 8.689655172413793593e+01 2.051943864873024920e-43
1.596609714158835588e-07 8.689655172413793593e+01 2.591702698816263239e-43
2.549162579346358842e-07 8.689655172413793593e+01 3.275969982015130256e-43
4.070017737154589828e-07 8.689655172413793593e+01 4.142623190390256962e-43
6.498229855939779963e-07 8.689655172413793593e+01 5.222291754126346056e-43
1.037513691283042438e-06 8.689655172413793593e+01 6.596617561080276148e-43
1.656504438075296513e-06 8.689655172413793593e+01 8.337174259892691557e-43
2.644791077378241924e-06 8.689655172413793593e+01 1.053810955050443447e-42
4.222699126062713300e-06 8.689655172413793593e+01 1.333040095710950595e-42
6.742002444641753631e-06 8.689655172413793593e+01 1.687465804656675910e-42
1.076434659599764064e-05 8.689655172413793593e+01 2.139244213315423892e-42
1.718646034174242833e-05 8.689655172413793593e+01 2.721437195199670376e-42
2.744006953363154310e-05 8.689655172413793593e+01 3.475636634440330952e-42
4.381108157459003043e-05 8.689655172413793593e+01 4.456771360131255901e-42
6.994919842979561585e-05 8.689655172413793593e+01 5.792413666190585178e-42
1.116815697106356451e-04 8.689655172413793593e+01 7.619032587317078215e-42
1.783118790925080515e-04 8.689655172413793593e+01 1.029712484082939782e-41
2.846944783090141358e-04 8.689655172413793593e+01 1.441441929980557649e-41
4.545459696355538077e-04 8.689655172413793593e+01 2.117735710321463690e-41
7.257325106518723330e-04 8.689655172413793593e+01 3.297507920968850303e-41
1.158711576387660026e-03 8.689655172413793593e+01 5.529074058728413045e-41
1.850010158768835558e-03 8.689655172413793593e+01 9.951623802223037270e-41
2.953744190782852524e-03 8.689655172413793593e+01 1.916039876400347416e-40
4.715976668144131363e-03 8.689655172413793593e+01 3.888447428165281444e-40
7.529574160105339392e-03 8.689655172413793593e+01 8.122309890023210027e-40
1.202179124750354065e-02 8.689655172413793593e+01 1.705577196072690501e-39
1.919410868735381762e-02 8.689655172413793593e+01 3.535566277379225882e-39
3.064550038484960270e-02 8.689655172413793593e+01 7.050340536997282668e-39
4.892890360970920949e-02 8.689655172413793593e+01 1.345627693726864597e-38
7.812036280640304031e-02 8.689655172413793593e+01 2.476072934446735965e-38
1.247277301303156838e-01 8.689655172413793593e+01 4.554570665527146660e-38
1.991415055510437071e-01 8.689655172413793593e+01 9.088912688556103314e-38
3.179512622550120793e-01 8.689655172413793593e+01 4.311669609701362396e-37
5.076440739454157747e-01 8.689655172413793593e+01 8.004409163265545352e-37
8.105094597964166425e-01 8.689655172413793593e+01 0.000000000000000000e+00
9.999999999999999547e-08 9.310344827586206407e+01 2.052041405141656520e-43
1.596609714158835588e-07 9.310344827586206407e+01 2.605370686985884621e-43
2.549162579346358842e-07 9.310344827586206407e+01 3.287545180774890614e-43
4.070017737154589828e-07 9.310344827586206407e+01 4.149716304234845180e-43
6.498229855939779963e-07 9.310344827586206407e+01 5.234495388766018036e-43
1.037513691283042438e-06 9.310344827586206407e+01 6.644503343152433130e-43
1.656504438075296513e-06 9.310344827586206407e+01 8.399452399123350090e-43
2.644791077378241924e-06 9.310344827586206407e+01 1.060170382116284675e-42
4.222699126062713300e-06 9.310344827586206407e+01 1.347056086817565706e-42
6.742002444641753631e-06 9.310344827586206407e+01 1.712070514270351437e-42
1.076434659599764064e-05 9.310344827586206407e+01 2.174749309630072178e-42
1.718646034174242833e-05 9.310344827586206407e+01 2.776718794262158036e-42
2.744006953363154310e-05 9.310344827586206407e+01 3.557814824891552510e-42
4.381108157459003043e-05 9.310344827586206407e+01 4.586054160086854969e-42
6.994919842979561585e-05 9.310344827586206407e+01 6.003769122058871644e-42
1.116815697106356451e-04 9.310344827586206407e+01 7.976223602141531288e-42
1.783118790925080515e-04 9.310344827586206407e+01 1.089837253677871910e-41
2.846944783090141358e-04 9.310344827586206407e+01 1.538995262510805002e-41
4.545459696355538077e-04 9.310344827586206407e+01 2.281193360678611466e-41
7.257325106518723330e-04 9.310344827586206407e+01 3.587155360098690901e-41
1.158711576387660026e-03 9.310344827586206407e+01 6.040831838395428799e-41
1.850010158768835558e-03 9.310344827586206407e+01 1.090333515357278084e-40
2.953744190782852524e-03 9.310344827586206407e+01 2.101749134645236939e-40
4.715976668144131363e-03 9.310344827586206407e+01 4.241562188114721893e-40
7.529574160105339392e-03 9.310344827586206407e+01 8.794739737860526073e-40
1.202179124750354065e-02 9.310344827586206407e+01 1.824564119878602229e-39
1.919410868735381762e-02 9.310344827586206407e+01 3.718452477219905273e-39
3.064550038484960270e-02 9.310344827586206407e+01 7.293413174373481565e-39
4.892890360970920949e-02 9.310344827586206407e+01 1.360285238832262943e-38
7.812036280640304031e-02 9.310344827586206407e+01 2.454836112483281981e-38
1.247277301303156838e-01 9.310344827586206407e+01 4.416256965018307002e-38
1.991415055510437071e-01 9.310344827586206407e+01 8.749182336920776223e-38
3.179512622550120793e-01 9.310344827586206407e+01 5.884989273834855112e-37
5.076440739454157747e-01 9.310344827586206407e+01 3.018042345977572058e-37
8.105094597964166425e-01 9.310344827586206407e+01 0.000000000000000000e+00
9.999999999999999547e-08 9.931034482758620641e+01 2.032178100120710935e-43
1.596609714158835588e-07 9.931034482758620641e+01 2.570287264878120437e-43
2.549162579346358842e-07 9.931034482758620641e+01 3.246876871885619546e-43
4.070017737154589828e-07 9.931034482758620641e+01 4.111097306781798997e-43
6.498229855939779963e-07 9.931034482758620641e+01 5.208030259424536773e-43
1.037513691283042438e-06 9.931034482758620641e+01 6.607852782441029760e-43
1.656504438075296513e-06 9.931034482758620641e+01 8.367262399646898599e-43
2.644791077378241924e-06 9.931034482758620641e+01 1.056923565918420946e-42
4.222699126062713300e-06 9.931034482758620641e+01 1.341079610172599395e-42
6.742002444641753631e-06 9.931034482758620641e+01 1.707891751196330278e-42
1.076434659599764064e-05 9.931034482758620641e+01 2.180062473291374459e-42
1.718646034174242833e-05 9.931034482758620641e+01 2.791325653811689905e-42
2.744006953363154310e-05 9.931034482758620641e+01 3.599910590643151305e-42
4.381108157459003043e-05 9.931034482758620641e+01 4.670183020707695135e-42
6.994919842979561585e-05 9.931034482758620641e+01 6.137842263870685292e-42
1.116815697106356451e-04 9.931034482758620641e+01 8.236378941220977789e-42
1.783118790925080515e-04 9.931034482758620641e+01 1.132152210256988119e-41
2.846944783090141358e-04 9.931034482758620641e+01 1.616992616910082573e-41
4.545459696355538077e-04 9.931034482758620641e+01 2.412911736785821179e-41
7.257325106518723330e-04 9.931034482758620641e+01 3.819234565765021532e-41
1.158711576387660026e-03 9.931034482758620641e+01 6.454626595003675220e-41
1.850010158768835558e-03 9.931034482758620641e+01 1.169398535114685326e-40
2.953744190782852524e-03 9.931034482758620641e+01 2.253934763819395357e-40
4.715976668144131363e-03 9.931034482758620641e+01 4.523432307444610321e-40
7.529574160105339392e-03 9.931034482758620641e+01 9.310984674876370022e-40
1.202179124750354065e-02 9.931034482758620641e+01 1.918341490404465371e-39
1.919410868735381762e-02 9.931034482758620641e+01 3.846446623795118336e-39
3.064550038484960270e-02 9.931034482758620641e+01 7.394970857894754543e-39
4.892890360970920949e-02 9.931034482758620641e+01 1.350412556407735590e-38
7.812036280640304031e-02 9.931034482758620641e+01 2.391349175936306211e-38
1.247277301303156838e-01 9.931034482758620641e+01 4.248550077377718061e-38
1.991415055510437071e-01 9.931034482758620641e+01 8.367271823388663274e-38
3.179512622550120793e-01 9.931034482758620641e+01 7.681177915614130938e-37
5.076440739454157747e-01 9.931034482758620641e+01 8.859468595504882221e-38
8.105094597964166425e-01 9.931034482758620641e+01 0.000000000000000000e+00
9.999999999999999547e-08 1.055172413793103630e+02 1.985253868294442342e-43
1.596609714158835588e-07 1.055172413793103630e+02 2.519621268970325351e-43
2.549162579346358842e-07 1.055172413793103630e+02 3.177016691721020236e-43
4.070017737154589828e-07 1.055172413793103630e+02 4.031818627723337081e-43
6.498229855939779963e-07 1.055172413793103630e+02 5.098435126223826164e-43
1.037513691283042438e-06 1.055172413793103630e+02 6.463024952582949904e-43
1.656504438075296513e-06 1.055172413793103630e+02 8.202577704775693107e-43
2.644791077378241924e-06 1.055172413793103630e+02 1.036920052323765462e-42
4.222699126062713300e-06 1.055172413793103630e+02 1.324800550162583610e-42
6.742002444641753631e-06 1.055172413793103630e+02 1.688461318771462048e-42
1.076434659599764064e-05 1.055172413793103630e+02 2.160874079815089624e-42
1.718646034174242833e-05 1.055172413793103630e+02 2.775175551363837980e-42
2.744006953363154310e-05 1.055172413793103630e+02 3.597214639434077341e-42
4.381108157459003043e-05 1.055172413793103630e+02 4.690415772578751497e-42
6.994919842979561585e-05 1.055172413793103630e+02 6.211677811540188408e-42
1.116815697106356451e-04 1.055172413793103630e+02 8.355814327260567704e-42
1.783118790925080515e-04 1.055172413793103630e+02 1.157686083315688600e-41
2.846944783090141358e-04 1.055172413793103630e+02 1.665286244621475430e-41
4.545459696355538077e-04 1.055172413793103630e+02 2.502935787385585663e-41
7.257325106518723330e-04 1.055172413793103630e+02 3.986128371836591882e-41
1.158711576387660026e-03 1.055172413793103630e+02 6.774232537803171002e-41
1.850010158768835558e-03 1.055172413793103630e+02 1.226840747050010838e-40
2.953744190782852524e-03 1.055172413793103630e+02 2.362721446509492908e-40
4.715976668144131363e-03 1.055172413793103630e+02 4.723652804941658535e-40
7.529574160105339392e-03 1.055172413793103630e+02 9.685690372877035336e-40
1.202179124750354065e-02 1.055172413793103630e+02 1.966164422417919815e-39
1.919410868735381762e-02 1.055172413793103630e+02 3.883870321571018707e-39
3.064550038484960270e-02 1.055172413793103630e+02 7.342308652197312590e-39
4.892890360970920949e-02 1.055172413793103630e+02 1.323978953221481464e-38
7.812036280640304031e-02 1.055172413793103630e+02 2.297185441041055637e-38
1.247277301303156838e-01 1.055172413793103630e+02 4.026264408207849080e-38
1.991415055510437071e-01 1.055172413793103630e+02 7.993500317048231237e-38
3.179512622550120793e-01 1.055172413793103630e+02 8.809228169196202814e-37
5.076440739454157747e-01 1.055172413793103630e+02 2.173014490519830266e-38
8.105094597964166425e-01 1.055172413793103630e+02 0.000000000000000000e+00
9.999999999999999547e-08 1.117241379310344911e+02 1.920126118048389679e-43
1.596609714158835588e-07 1.117241379310344911e+02 2.422617938132434179e-43
2.549162579346358842e-07 1.117241379310344911e+02 3.071836995702476411e-43
4.070017737154589828e-07 1.117241379310344911e+02 3.895605910804581556e-43
6.498229855939779963e-07 1.117241379310344911e+02 4.940261258178311332e-43
1.037513691283042438e-06 1.117241379310344911e+02 6.252476285231914071e-43
1.656504438075296513e-06 1.117241379310344911e+02 7.932210157706505121e-43
2.644791077378241924e-06 1.117241379310344911e+02 1.010362502861209283e-42
4.222699126062713300e-06 1.117241379310344911e+02 1.286370102612869063e-42
6.742002444641753631e-06 1.117241379310344911e+02 1.645218787979049625e-42
1.076434659599764064e-05 1.117241379310344911e+02 2.105388096772009849e-42
1.718646034174242833e-05 1.117241379310344911e+02 2.728261560755393705e-42
2.744006953363154310e-05 1.117241379310344911e+02 3.539024141371337427e-42
4.381108157459003043e-05 1.117241379310344911e+02 4.639644251893142659e-42
6.994919842979561585e-05 1.117241379310344911e+02 6.172893326844189007e-42
1.116815697106356451e-04 1.117241379310344911e+02 8.382584160599115087e-42
1.783118790925080515e-04 1.117241379310344911e+02 1.170111806853901608e-41
2.846944783090141358e-04 1.117241379310344911e+02 1.686643586013952181e-41
4.545459696355538077e-04 1.117241379310344911e+02 2.556954613125984971e-41
7.257325106518723330e-04 1.117241379310344911e+02 4.093345620167943509e-41
1.158711576387660026e-03 1.117241379310344911e+02 6.972571332161092526e-41
1.850010158768835558e-03 1.117241379310344911e+02 1.267260675786855781e-40
2.953744190782852524e-03 1.117241379310344911e+02 2.425064280429881860e-40
4.715976668144131363e-03 1.117241379310344911e+02 4.836884769604058110e-40
7.529574160105339392e-03 1.117241379310344911e+02 9.786511582121192443e-40
1.202179124750354065e-02 1.117241379310344911e+02 1.974332815627238767e-39
1.919410868735381762e-02 1.117241379310344911e+02 3.850181222006531241e-39
3.064550038484960270e-02 1.117241379310344911e+02 7.187012395470146714e-39
4.892890360970920949e-02 1.117241379310344911e+02 1.274782130662790938e-38
7.812036280640304031e-02 1.117241379310344911e+02 2.179449606891540884e-38
1.247277301303156838e-01 1.117241379310344911e+02 3.778188035172595592e-38
1.991415055510437071e-01 1.117241379310344911e+02 7.642655526194730023e-38
3.179512622550120793e-01 1.117241379310344911e+02 8.828047437126394928e-37
5.076440739454157747e-01 1.117241379310344911e+02 5.725725797983939859e-39
8.105094597964166425e-01 1.117241379310344911e+02 0.000000000000000000e+00
9.999999999999999547e-08 1.179310344827586192e+02 1.830362170640608417e-43
1.596609714158835588e-07 1.179310344827586192e+02 2.307789192175899920e-43
2.549162579346358842e-07 1.179310344827586192e+02 2.924725858541829858e-43
4.070017737154589828e-07 1.179310344827586192e+02 3.699832345620967700e-43
6.498229855939779963e-07 1.179310344827586192e+02 4.714441846518062850e-43
1.037513691283042438e-06 1.179310344827586192e+02 5.969061515526776584e-43
1.656504438075296513e-06 1.179310344827586192e+02 7.573589372840801771e-43
2.644791077378241924e-06 1.179310344827586192e+02 9.656720380620946235e-43
4.222699126062713300e-06 1.179310344827586192e+02 1.234011680766494925e-42
6.742002444641753631e-06 1.179310344827586192e+02 1.580430276094012998e-42
1.076434659599764064e-05 1.179310344827586192e+02 2.036676299191406439e-42
1.718646034174242833e-05 1.179310344827586192e+02 2.625423496731331731e-42
2.744006953363154310e-05 1.179310344827586192e+02 3.439048100677656175e-42
4.381108157459003043e-05 1.179310344827586192e+02 4.515903872259703441e-42
6.994919842979561585e-05 1.179310344827586192e+02 6.055890904269286226e-42
1.116815697106356451e-04 1.179310344827586192e+02 8.258755531218248465e-42
1.783118790925080515e-04 1.179310344827586192e+02 1.159609508027389349e-41
2.846944783090141358e-04 1.179310344827586192e+02 1.679551926325870323e-41
4.545459696355538077e-04 1.179310344827586192e+02 2.569139191481653451e-41
7.257325106518723330e-04 1.179310344827586192e+02 4.112301193823893095e-41
1.158711576387660026e-03 1.179310344827586192e+02 7.017687336947013382e-41
1.850010158768835558e-03 1.179310344827586192e+02 1.272296272144948638e-40
2.953744190782852524e-03 1.179310344827586192e+02 2.439263491320168570e-40
4.715976668144131363e-03 1.179310344827586192e+02 4.842586169381331342e-40
7.529574160105339392e-03 1.179310344827586192e+02 9.749862987449287956e-40
1.202179124750354065e-02 1.179310344827586192e+02 1.948430009133551321e-39
1.919410868735381762e-02 1.179310344827586192e+02 3.762057766095806123e-39
3.064550038484960270e-02 1.179310344827586192e+02 6.913334048862090048e-39
4.892890360970920949e-02 1.179310344827586192e+02 1.204269039138165490e-38
7.812036280640304031e-02 1.179310344827586192e+02 2.042841860610927190e-38
1.247277301303156838e-01 1.179310344827586192e+02 3.506818286955588476e-38
1.991415055510437071e-01 1.179310344827586192e+02 7.336006147329738273e-38
3.179512622550120793e-01 1.179310344827586192e+02 7.976407090913270032e-37
5.076440739454157747e-01 1.179310344827586192e+02 2.011803363405082329e-39
8.105094597964166425e-01 1.179310344827586192e+02 0.000000000000000000e+00
9.999999999999999547e-08 1.241379310344827616e+02 1.712285567496936285e-43
1.596609714158835588e-07 1.241379310344827616e+02 2.171787733192997861e-43
2.549162579346358842e-07 1.241379310344827616e+02 2.748880743628579758e-43
4.070017737154589828e-07 1.241379310344827616e+02 3.495681203540693820e-43
6.498229855939779963e-07 1.241379310344827616e+02 4.426131679751466545e-43
1.037513691283042438e-06 1.241379310344827616e+02 5.615436446831397221e-43
1.656504438075296513e-06 1.241379310344827616e+02 7.149248215232264869e-43
2.644791077378241924e-06 1.241379310344827616e+02 9.134627573281514647e-43
4.222699126062713300e-06 1.241379310344827616e+02 1.164018683321907697e-42
6.742002444641753631e-06 1.241379310344827616e+02 1.496668754675735869e-42
1.076434659599764064e-05 1.241379310344827616e+02 1.931652058936452669e-42
1.718646034174242833e-05 1.241379310344827616e+02 2.504652629999577505e-42
2.744006953363154310e-05 1.241379310344827616e+02 3.271085064499078145e-42
4.381108157459003043e-05 1.241379310344827616e+02 4.324403951515240525e-42
6.994919842979561585e-05 1.241379310344827616e+02 5.799437091027879164e-42
1.116815697106356451e-04 1.241379310344827616e+02 8.004985965559820883e-42
1.783118790925080515e-04 1.241379310344827616e+02 1.124617774568938947e-41
2.846944783090141358e-04 1.241379310344827616e+02 1.641503449709729038e-41
4.545459696355538077e-04 1.241379310344827616e+02 2.509787983922915416e-41
7.257325106518723330e-04 1.241379310344827616e+02 4.050429263579175831e-41
1.158711576387660026e-03 1.241379310344827616e+02 6.922798559793555897e-41
1.850010158768835558e-03 1.241379310344827616e+02 1.252872846715222813e-40
2.953744190782852524e-03 1.241379310344827616e+02 2.399664113623737336e-40
4.715976668144131363e-03 1.241379310344827616e+02 4.731813439253230527e-40
7.529574160105339392e-03 1.241379310344827616e+02 9.497719160294294102e-40
1.202179124750354065e-02 1.241379310344827616e+02 1.881005760725990478e-39
1.919410868735381762e-02 1.241379310344827616e+02 3.593762105899819736e-39
3.064550038484960270e-02 1.241379310344827616e+02 6.506793890212217953e-39
4.892890360970920949e-02 1.241379310344827616e+02 1.123952233535316053e-38
7.812036280640304031e-02 1.241379310344827616e+02 1.880767691547759944e-38
1.247277301303156838e-01 1.241379310344827616e+02 3.208354368921751836e-38
1.991415055510437071e-01 1.241379310344827616e+02 7.154496084946043988e-38
3.179512622550120793e-01 1.241379310344827616e+02 6.640608849312584247e-37
5.076440739454157747e-01 1.241379310344827616e+02 8.474756965239825342e-40
8.105094597964166425e-01 1.241379310344827616e+02 0.000000000000000000e+00
9.999999999999999547e-08 1.303448275862068897e+02 1.581589682164064399e-43
1.596609714158835588e-07 1.303448275862068897e+02 2.003539064098324668e-43
2.549162579346358842e-07 1.303448275862068897e+02 2.536900146627993040e-43
4.070017737154589828e-07 1.303448275862068897e+02 3.212248361265189109e-43
6.498229855939779963e-07 1.303448275862068897e+02 4.078916831792408622e-43
1.037513691283042438e-06 1.303448275862068897e+02 5.198654126146133818e-43
1.656504438075296513e-06 1.303448275862068897e+02 6.627697725713216719e-43
2.644791077378241924e-06 1.303448275862068897e+02 8.432332513329596246e-43
4.222699126062713300e-06 1.303448275862068897e+02 1.081105142693405851e-42
6.742002444641753631e-06 1.303448275862068897e+02 1.388649487146698118e-42
1.076434659599764064e-05 1.303448275862068897e+02 1.795749455787728479e-42
1.718646034174242833e-05 1.303448275862068897e+02 2.325261864926610747e-42
2.744006953363154310e-05 1.303448275862068897e+02 3.063288670686635159e-42
4.381108157459003043e-05 1.303448275862068897e+02 4.071284578486184527e-42
6.994919842979561585e-05 1.303448275862068897e+02 5.477296643191314271e-42
1.116815697106356451e-04 1.303448275862068897e+02 7.566081476370330938e-42
1.783118790925080515e-04 1.303448275862068897e+02 1.068644441630723857e-41
2.846944783090141358e-04 1.303448275862068897e+02 1.567750036864904886e-41
4.545459696355538077e-04 1.303448275862068897e+02 2.411509984400883679e-41
7.257325106518723330e-04 1.303448275862068897e+02 3.891010306542353398e-41
1.158711576387660026e-03 1.303448275862068897e+02 6.676373356553202152e-41
1.850010158768835558e-03 1.303448275862068897e+02 1.206424233064937711e-40
2.953744190782852524e-03 1.303448275862068897e+02 2.298917419231249783e-40
4.715976668144131363e-03 1.303448275862068897e+02 4.533463096610583653e-40
7.529574160105339392e-03 1.303448275862068897e+02 9.020756053411583070e-40
1.202179124750354065e-02 1.303448275862068897e+02 1.775619584503146603e-39
1.919410868735381762e-02 1.303448275862068897e+02 3.361623330136360340e-39
3.064550038484960270e-02 1.303448275862068897e+02 6.035470895938420151e-39
4.892890360970920949e-02 1.303448275862068897e+02 1.031990821982654152e-38
7.812036280640304031e-02 1.303448275862068897e+02 1.711249990803406644e-38
1.247277301303156838e-01 1.303448275862068897e+02 2.898862642665459983e-38
1.991415055510437071e-01 1.303448275862068897e+02 6.962428903658741079e-38
3.179512622550120793e-01 1.303448275862068897e+02 5.305735691538536484e-37
5.076440739454157747e-01 1.303448275862068897e+02 4.025457102645692884e-40
8.105094597964166425e-01 1.303448275862068897e+02 0.000000000000000000e+00
9.999999999999999547e-08 1.365517241379310462e+02 1.425267569339358923e-43
1.596609714158835588e-07 1.365517241379310462e+02 1.805141128590655883e-43
2.549162579346358842e-07 1.365517241379310462e+02 2.293553674744922214e-43
4.070017737154589828e-07 1.365517241379310462e+02 2.907516272514195500e-43
6.498229855939779963e-07 1.365517241379310462e+02 3.694105847389818564e-43
1.037513691283042438e-06 1.365517241379310462e+02 4.690493093247986293e-43
1.656504438075296513e-06 1.365517241379310462e+02 5.996137813548103000e-43
2.644791077378241924e-06 1.365517241379310462e+02 7.653500939759516007e-43
4.222699126062713300e-06 1.365517241379310462e+02 9.838283308988963693e-43
6.742002444641753631e-06 1.365517241379310462e+02 1.264519009040829386e-42
1.076434659599764064e-05 1.365517241379310462e+02 1.635368852360984448e-42
1.718646034174242833e-05 1.365517241379310462e+02 2.136062627236840486e-42
2.744006953363154310e-05 1.365517241379310462e+02 2.804446955642150718e-42
4.381108157459003043e-05 1.365517241379310462e+02 3.735723264103596956e-42
6.994919842979561585e-05 1.365517241379310462e+02 5.054740993253794522e-42
1.116815697106356451e-04 1.365517241379310462e+02 6.993311161950018180e-42
1.783118790925080515e-04 1.365517241379310462e+02 9.940916331752242802e-42
2.846944783090141358e-04 1.365517241379310462e+02 1.462534337796677770e-41
4.545459696355538077e-04 1.365517241379310462e+02 2.247667619626564324e-41
7.257325106518723330e-04 1.365517241379310462e+02 3.652599509529418903e-41
1.158711576387660026e-03 1.365517241379310462e+02 6.247469401425380683e-41
1.850010158768835558e-03 1.365517241379310462e+02 1.130011097962053273e-40
2.953744190782852524e-03 1.365517241379310462e+02 2.157176276186475539e-40
4.715976668144131363e-03 1.365517241379310462e+02 4.232160201646096396e-40
7.529574160105339392e-03 1.365517241379310462e+02 8.370417403179980107e-40
1.202179124750354065e-02 1.365517241379310462e+02 1.635104379179767685e-39
1.919410868735381762e-02 1.365517241379310462e+02 3.069863202946022052e-39
3.064550038484960270e-02 1.365517241379310462e+02 5.467230396691645258e-39
4.892890360970920949e-02 1.365517241379310462e+02 9.253350017405303064e-39
7.812036280640304031e-02 1.365517241379310462e+02 1.522840716590828571e-38
1.247277301303156838e-01 1.365517241379310462e+02 2.572902898039870346e-38
1.991415055510437071e-01 1.365517241379310462e+02 6.713363713941092682e-38
3.179512622550120793e-01 1.365517241379310462e+02 4.119342381189197306e-37
5.076440739454157747e-01 1.365517241379310462e+02 2.061319998850581715e-40
8.105094597964166425e-01 1.365517241379310462e+02 0.000000000000000000e+00
9.999999999999999547e-08 1.427586206896551744e+02 1.258818901391115727e-43
1.596609714158835588e-07 1.427586206896551744e+02 1.594680679886977554e-43
2.549162579346358842e-07 1.427586206896551744e+02 2.019638736204226432e-43
4.070017737154589828e-07 1.427586206896551744e+02 2.565718876499485055e-43
6.498229855939779963e-07 1.427586206896551744e+02 3.266375525201564288e-43
1.037513691283042438e-06 1.427586206896551744e+02 4.141123730948578789e-43
1.656504438075296513e-06 1.427586206896551744e+02 5.295297575146819775e-43
2.644791077378241924e-06 1.427586206896551744e+02 6.777366732197030045e-43
4.222699126062713300e-06 1.427586206896551744e+02 8.698091635567438399e-43
6.742002444641753631e-06 1.427586206896551744e+02 1.119846228200950610e-42
1.076434659599764064e-05 1.427586206896551744e+02 1.451865651518265775e-42
1.718646034174242833e-05 1.427586206896551744e+02 1.895456270793679198e-42
2.744006953363154310e-05 1.427586206896551744e+02 2.503489768629445141e-42
4.381108157459003043e-05 1.427586206896551744e+02 3.341600988031483478e-42
6.994919842979561585e-05 1.427586206896551744e+02 4.533514521606145219e-42
1.116815697106356451e-04 1.427586206896551744e+02 6.287913549871869455e-42
1.783118790925080515e-04 1.427586206896551744e+02 8.968165580915137881e-42
2.846944783090141358e-04 1.427586206896551744e+02 1.321143860267582278e-41
4.545459696355538077e-04 1.427586206896551744e+02 2.037110852393855429e-41
7.257325106518723330e-04 1.427586206896551744e+02 3.307537814500112886e-41
1.158711576387660026e-03 1.427586206896551744e+02 5.684834773308678093e-41
1.850010158768835558e-03 1.427586206896551744e+02 1.029797511392356847e-40
2.953744190782852524e-03 1.427586206896551744e+02 1.949485127934588099e-40
4.715976668144131363e-03 1.427586206896551744e+02 3.821432648715893846e-40
7.529574160105339392e-03 1.427586206896551744e+02 7.557765330393362976e-40
1.202179124750354065e-02 1.427586206896551744e+02 1.464372573590110810e-39
1.919410868735381762e-02 1.427586206896551744e+02 2.728876568749422712e-39
3.064550038484960270e-02 1.427586206896551744e+02 4.814876007668132274e-39
4.892890360970920949e-02 1.427586206896551744e+02 8.091291725378522567e-39
7.812036280640304031e-02 1.427586206896551744e+02 1.323259475269499553e-38
1.247277301303156838e-01 1.427586206896551744e+02 2.223721800896843634e-38
1.991415055510437071e-01 1.427586206896551744e+02 6.393775415111581666e-38
3.179512622550120793e-01 1.427586206896551744e+02 3.148743557548823324e-37
5.076440739454157747e-01 1.427586206896551744e+02 1.085873658905153345e-40
8.105094597964166425e-01 1.427586206896551744e+02 0.000000000000000000e+00
9.999999999999999547e-08 1.489655172413793025e+02 1.073654368617001116e-43
1.596609714158835588e-07 1.489655172413793025e+02 1.359909350325692820e-43
2.549162579346358842e-07 1.489655172413793025e+02 1.724381974939843143e-43
4.070017737154589828e-07 1.489655172413793025e+02 2.190419420477596727e-43
6.498229855939779963e-07 1.489655172413793025e+02 2.779606815619892851e-43
1.037513691283042438e-06 1.489655172413793025e+02 3.549320993721106361e-43
1.656504438075296513e-06 1.489655172413793025e+02 4.526691989088840263e-43
2.644791077378241924e-06 1.489655172413793025e+02 5.806457080284011000e-43
4.222699126062713300e-06 1.489655172413793025e+02 7.440281625620730236e-43
6.742002444641753631e-06 1.489655172413793025e+02 9.595047019625092931e-43
1.076434659599764064e-05 1.489655172413793025e+02 1.246785667140845530e-42
1.718646034174242833e-05 1.489655172413793025e+02 1.629100214773699902e-42
2.744006953363154310e-05 1.489655172413793025e+02 2.149710751861097278e-42
4.381108157459003043e-05 1.489655172413793025e+02 2.880747347536735505e-42
6.994919842979561585e-05 1.489655172413793025e+02 3.915459636817937773e-42
1.116815697106356451e-04 1.489655172413793025e+02 5.462100943092884671e-42
1.783118790925080515e-04 1.489655172413793025e+02 7.803154896532296223e-42
2.846944783090141358e-04 1.489655172413793025e+02 1.153997126492714445e-41
4.545459696355538077e-04 1.489655172413793025e+02 1.784986174638605086e-41
7.257325106518723330e-04 1.489655172413793025e+02 2.895790868594195212e-41
1.158711576387660026e-03 1.489655172413793025e+02 4.977159865372974781e-41
1.850010158768835558e-03 1.489655172413793025e+02 8.982800020474336573e-41
2.953744190782852524e-03 1.489655172413793025e+02 1.699172185928666788e-40
4.715976668144131363e-03 1.489655172413793025e+02 3.327214695932799821e-40
7.529574160105339392e-03 1.489655172413793025e+02 6.568587803460026224e-40
1.202179124750354065e-02 1.489655172413793025e+02 1.265116278455766116e-39
1.919410868735381762e-02 1.489655172413793025e+02 2.339249782960906807e-39
3.064550038484960270e-02 1.489655172413793025e+02 4.116935525880415546e-39
4.892890360970920949e-02 1.489655172413793025e+02 6.849977489938358197e-39
7.812036280640304031e-02 1.489655172413793025e+02 1.114599125905026539e-38
1.247277301303156838e-01 1.489655172413793025e+02 1.868405423073479327e-38
1.991415055510437071e-01 1.489655172413793025e+02 5.844107654797825705e-38
3.179512622550120793e-01 1.489655172413793025e+02 2.339824975347972017e-37
5.076440739454157747e-01 1.489655172413793025e+02 5.832938032505548847e-41
8.105094597964166425e-01 1.489655172413793025e+02 0.000000000000000000e+00
9.999999999999999547e-08 1.551724137931034591e+02 8.747563213095929785e-44
1.596609714158835588e-07 1.551724137931034591e+02 1.109232974084087940e-43
2.549162579346358842e-07 1.551724137931034591e+02 1.403395074288185863e-43
4.070017737154589828e-07 1.551724137931034591e+02 1.781208205529269003e-43
6.498229855939779963e-07 1.551724137931034591e+02 2.271847699408819634e-43
1.037513691283042438e-06 1.551724137931034591e+02 2.891337571427040983e-43
1.656504438075296513e-06 1.551724137931034591e+02 3.695881399396457887e-43
2.644791077378241924e-06 1.551724137931034591e+02 4.742154022713368570e-43
4.222699126062713300e-06 1.551724137931034591e+02 6.102168037223769642e-43
6.742002444641753631e-06 1.551724137931034591e+02 7.856192823809256193e-43
1.076434659599764064e-05 1.551724137931034591e+02 1.022471516102091491e-42
1.718646034174242833e-05 1.551724137931034591e+02 1.336501256106281297e-42
2.744006953363154310e-05 1.551724137931034591e+02 1.769547356615506261e-42
4.381108157459003043e-05 1.551724137931034591e+02 2.376782613841797784e-42
6.994919842979561585e-05 1.551724137931034591e+02 3.242811986169067082e-42
1.116815697106356451e-04 1.551724137931034591e+02 4.508829367170715518e-42
1.783118790925080515e-04 1.551724137931034591e+02 6.457037265025043584e-42
2.846944783090141358e-04 1.551724137931034591e+02 9.579323561318569556e-42
4.545459696355538077e-04 1.551724137931034591e+02 1.483759066828126550e-41
7.257325106518723330e-04 1.551724137931034591e+02 2.410358981128742682e-41
1.158711576387660026e-03 1.551724137931034591e+02 4.139437000979853665e-41
1.850010158768835558e-03 1.551724137931034591e+02 7.479360614106809840e-41
2.953744190782852524e-03 1.551724137931034591e+02 1.418563552838709689e-40
4.715976668144131363e-03 1.551724137931034591e+02 2.762129761661116801e-40
7.529574160105339392e-03 1.551724137931034591e+02 5.434232295288744398e-40
1.202179124750354065e-02 1.551724137931034591e+02 1.042864819497676954e-39
1.919410868735381762e-02 1.551724137931034591e+02 1.915857892672849473e-39
3.064550038484960270e-02 1.551724137931034591e+02 3.341607271846925893e-39
4.892890360970920949e-02 1.551724137931034591e+02 5.573034574348878337e-39
7.812036280640304031e-02 1.551724137931034591e+02 9.004322886147212628e-39
1.247277301303156838e-01 1.551724137931034591e+02 1.508344791659433247e-38
1.991415055510437071e-01 1.551724137931034591e+02 5.069851827573478347e-38
3.179512622550120793e-01 1.551724137931034591e+02 1.693805340097167701e-37
5.076440739454157747e-01 1.551724137931034591e+02 3.216480745563393289e-41
8.105094597964166425e-01 1.551724137931034591e+02 0.000000000000000000e+00
9.999999999999999547e-08 1.613793103448276156e+02 6.640256952021091127e-44
1.596609714158835588e-07 1.613793103448276156e+02 8.440896872984851551e-44
2.549162579346358842e-07 1.613793103448276156e+02 1.068642411558266354e-43
4.070017737154589828e-07 1.613793103448276156e+02 1.358932694291504998e-43
6.498229855939779963e-07 1.613793103448276156e+02 1.728781723026199425e-43
1.037513691283042438e-06 1.613793103448276156e+02 2.199951620559265323e-43
1.656504438075296513e-06 1.613793103448276156e+02 2.822276803863180473e-43
2.644791077378241924e-06 1.613793103448276156e+02 3.605173385127878416e-43
4.222699126062713300e-06 1.613793103448276156e+02 4.650431027558283278e-43
6.742002444641753631e-06 1.613793103448276156e+02 6.010438644778627121e-43
1.076434659599764064e-05 1.613793103448276156e+02 7.812277966183263141e-43
1.718646034174242833e-05 1.613793103448276156e+02 1.023950925437291303e-42
2.744006953363154310e-05 1.613793103448276156e+02 1.355512044265576742e-42
4.381108157459003043e-05 1.613793103448276156e+02 1.826340022547853678e-42
6.994919842979561585e-05 1.613793103448276156e+02 2.490246708622609173e-42
1.116815697106356451e-04 1.613793103448276156e+02 3.463513438453094942e-42
1.783118790925080515e-04 1.613793103448276156e+02 4.974770244554377936e-42
2.846944783090141358e-04 1.613793103448276156e+02 7.394002720450903984e-42
4.545459696355538077e-04 1.613793103448276156e+02 1.144369460370964394e-41
7.257325106518723330e-04 1.613793103448276156e+02 1.862388462294102583e-41
1.158711576387660026e-03 1.613793103448276156e+02 3.202705052498373179e-41
1.850010158768835558e-03 1.613793103448276156e+02 5.788675566285191283e-41
2.953744190782852524e-03 1.613793103448276156e+02 1.097150195827837977e-40
4.715976668144131363e-03 1.613793103448276156e+02 2.128378009244775238e-40
7.529574160105339392e-03 1.613793103448276156e+02 4.165134921217894591e-40
1.202179124750354065e-02 1.613793103448276156e+02 8.004542734629727294e-40
1.919410868735381762e-02 1.613793103448276156e+02 1.467362871364234664e-39
3.064550038484960270e-02 1.613793103448276156e+02 2.552397302051737856e-39
4.892890360970920949e-02 1.613793103448276156e+02 4.213376724788189620e-39
7.812036280640304031e-02 1.613793103448276156e+02 6.808630560449337854e-39
1.247277301303156838e-01 1.613793103448276156e+02 1.139078990093627675e-38
1.991415055510437071e-01 1.613793103448276156e+02 4.127425632262813979e-38
3.179512622550120793e-01 1.613793103448276156e+02 1.176554710194648700e-37
5.076440739454157747e-01 1.613793103448276156e+02 1.795742924892430655e-41
8.105094597964166425e-01 1.613793103448276156e+02 0.000000000000000000e+00
9.999999999999999547e-08 1.675862068965517437e+02 4.477081962493988542e-44
1.596609714158835588e-07 1.675862068965517437e+02 5.670784581620529197e-44
2.549162579346358842e-07 1.675862068965517437e+02 7.235925207116662761e-44
4.070017737154589828e-07 1.675862068965517437e+02 9.164387187169399567e-44
6.498229855939779963e-07 1.675862068965517437e+02 1.163571605073002571e-43
1.037513691283042438e-06 1.675862068965517437e+02 1.482444984892391710e-43
1.656504438075296513e-06 1.675862068965517437e+02 1.899136659764371397e-43
2.644791077378241924e-06 1.675862068965517437e+02 2.437952713310471474e-43
4.222699126062713300e-06 1.675862068965517437e+02 3.135324391503701727e-43
6.742002444641753631e-06 1.675862068965517437e+02 4.057100844520572701e-43
1.076434659599764064e-05 1.675862068965517437e+02 5.263089162496339509e-43
1.718646034174242833e-05 1.675862068965517437e+02 6.913718074226572690e-43
2.744006953363154310e-05 1.675862068965517437e+02 9.184308832831525622e-43
4.381108157459003043e-05 1.675862068965517437e+02 1.233673353377321555e-42
6.994919842979561585e-05 1.675862068965517437e+02 1.690499205336539679e-42
1.116815697106356451e-04 1.675862068965517437e+02 2.357239899350590130e-42
1.783118790925080515e-04 1.675862068965517437e+02 3.380868334628180955e-42
2.846944783090141358e-04 1.675862068965517437e+02 5.033777114816383523e-42
4.545459696355538077e-04 1.675862068965517437e+02 7.805545990601904035e-42
7.257325106518723330e-04 1.675862068965517437e+02 1.268511903339884621e-41
1.158711576387660026e-03 1.675862068965517437e+02 2.180186159884202411e-41
1.850010158768835558e-03 1.675862068965517437e+02 3.943972773628720038e-41
2.953744190782852524e-03 1.675862068965517437e+02 7.450322832563579006e-41
4.715976668144131363e-03 1.675862068965517437e+02 1.447232721527312813e-40
7.529574160105339392e-03 1.675862068965517437e+02 2.835499993255692214e-40
1.202179124750354065e-02 1.675862068965517437e+02 5.415619060033888121e-40
1.919410868735381762e-02 1.675862068965517437e+02 9.904538744717345314e-40
3.064550038484960270e-02 1.675862068965517437e+02 1.714373976873701488e-39
4.892890360970920949e-02 1.675862068965517437e+02 2.827043530476845306e-39
7.812036280640304031e-02 1.675862068965517437e+02 4.544368378600856517e-39
1.247277301303156838e-01 1.675862068965517437e+02 7.598235465556775824e-39
1.991415055510437071e-01 1.675862068965517437e+02 2.880231187028519969e-38
3.179512622550120793e-01 1.675862068965517437e+02 7.374765964940589594e-38
5.076440739454157747e-01 1.675862068965517437e+02 9.584485175881761290e-42
8.105094597964166425e-01 1.675862068965517437e+02 0.000000000000000000e+00
9.999999999999999547e-08 1.737931034482758719e+02 2.251265650971971940e-44
1.596609714158835588e-07 1.737931034482758719e+02 2.855720303547949987e-44
2.549162579346358842e-07 1.737931034482758719e+02 3.627892894697822351e-44
4.070017737154589828e-07 1.737931034482758719e+02 4.609898362239365311e-44
6.498229855939779963e-07 1.737931034482758719e+02 5.853364963250927797e-44
1.037513691283042438e-06 1.737931034482758719e+02 7.474322513957093888e-44
1.656504438075296513e-06 1.737931034482758719e+02 9.558785456119099213e-44
2.644791077378241924e-06 1.737931034482758719e+02 1.226243241406189202e-43
4.222699126062713300e-06 1.737931034482758719e+02 1.579762313818554042e-43
6.742002444641753631e-06 1.737931034482758719e+02 2.047854052602546632e-43
1.076434659599764064e-05 1.737931034482758719e+02 2.657129984627104574e-43
1.718646034174242833e-05 1.737931034482758719e+02 3.484740076812252039e-43
2.744006953363154310e-05 1.737931034482758719e+02 4.635566817332004016e-43
4.381108157459003043e-05 1.737931034482758719e+02 6.223259128054978132e-43
6.994919842979561585e-05 1.737931034482758719e+02 8.498366345633422366e-43
1.116815697106356451e-04 1.737931034482758719e+02 1.192249009790870825e-42
1.783118790925080515e-04 1.737931034482758719e+02 1.711515058681720100e-42
2.846944783090141358e-04 1.737931034482758719e+02 2.554299904133863996e-42
4.545459696355538077e-04 1.737931034482758719e+02 3.960916387545718474e-42
7.257325106518723330e-04 1.737931034482758719e+02 6.447767021906985951e-42
1.158711576387660026e-03 1.737931034482758719e+02 1.104238959458506854e-41
1.850010158768835558e-03 1.737931034482758719e+02 1.991399153262358692e-41
2.953744190782852524e-03 1.737931034482758719e+02 3.770569728507085733e-41
4.715976668144131363e-03 1.737931034482758719e+02 7.316402883706758298e-41
7.529574160105339392e-03 1.737931034482758719e+02 1.432021877287574414e-40
1.202179124750354065e-02 1.737931034482758719e+02 2.731140568788801050e-40
1.919410868735381762e-02 1.737931034482758719e+02 4.983137366108097695e-40
3.064550038484960270e-02 1.737931034482758719e+02 8.649550611223172301e-40
4.892890360970920949e-02 1.737931034482758719e+02 1.420517217618716507e-39
7.812036280640304031e-02 1.737931034482758719e+02 2.285037292505852035e-39
1.247277301303156838e-01 1.737931034482758719e+02 3.811864679106515928e-39
1.991415055510437071e-01 1.737931034482758719e+02 1.489832379135753923e-38
3.179512622550120793e-01 1.737931034482758719e+02 3.539123341331771922e-38
5.076440739454157747e-01 1.737931034482758719e+02 4.214812225169246710e-42
8.105094597964166425e-01 1.737931034482758719e+02 0.000000000000000000e+00
9.999999999999999547e-08 1.800000000000000000e+02 2.560108467073230652e-59
1.596609714158835588e-07 1.800000000000000000e+02 3.234418949323043640e-59
2.549162579346358842e-07 1.800000000000000000e+02 4.105616824301067174e-59
4.070017737154589828e-07 1.800000000000000000e+02 5.225315390353500558e-59
6.498229855939779963e-07 1.800000000000000000e+02 6.643807346726172332e-59
1.037513691283042438e-06 1.800000000000000000e+02 8.490742056252694255e-59
1.656504438075296513e-06 1.800000000000000000e+02 1.083398496427661219e-58
2.644791077378241924e-06 1.800000000000000000e+02 1.389290894498985440e-58
4.222699126062713300e-06 1.800000000000000000e+02 1.787334416108583832e-58
6.742002444641753631e-06 1.800000000000000000e+02 2.314785942347797566e-58
1.076434659599764064e-05 1.800000000000000000e+02 3.014032440009712977e-58
1.718646034174242833e-05 1.800000000000000000e+02 3.956258319077044786e-58
2.744006953363154310e-05 1.800000000000000000e+02 5.252985214365900050e-58
4.381108157459003043e-05 1.800000000000000000e+02 7.080833021963034790e-58
6.994919842979561585e-05 1.800000000000000000e+02 9.659643640878025513e-58
1.116815697106356451e-04 1.800000000000000000e+02 0.000000000000000000e+00
1.783118790925080515e-04 1.800000000000000000e+02 1.941914789796060956e-57
2.846944783090141358e-04 1.800000000000000000e+02 2.894938696157372727e-57
4.545459696355538077e-04 1.800000000000000000e+02 4.481779215637207120e-57
7.257325106518723330e-04 1.800000000000000000e+02 7.306348376938741607e-57
1.158711576387660026e-03 1.800000000000000000e+02 1.252111869854695099e-56
1.850010158768835558e-03 1.800000000000000000e+02 2.262338061604780245e-56
2.953744190782852524e-03 1.800000000000000000e+02 4.286550446591798680e-56
4.715976668144131363e-03 1.800000000000000000e+02 8.324627731299988183e-56
7.529574160105339392e-03 1.800000000000000000e+02 1.622572798164963915e-55
1.202179124750354065e-02 1.800000000000000000e+02 3.095949137081997555e-55
1.919410868735381762e-02 1.800000000000000000e+02 5.656116867577155497e-55
3.064550038484960270e-02 1.800000000000000000e+02 9.790219645025319636e-55
4.892890360970920949e-02 1.800000000000000000e+02 1.610219020693059118e-54
7.812036280640304031e-02 1.800000000000000000e+02 2.583876174675474674e-54
1.247277301303156838e-01 1.800000000000000000e+02 4.315664022441470976e-54
1.991415055510437071e-01 1.800000000000000000e+02 1.696314475413746885e-53
3.179512622550120793e-01 1.800000000000000000e+02 3.962342104237428001e-53
5.076440739454157747e-01 1.800000000000000000e+02 4.555313665681017441e-57
8.105094597964166425e-01 1.800000000000000000e+02 0.000000000000000000e+00
