# atom 16: Tchi 0.6210169418915616 [GeV]; m_chi = 0.15 [GeV]; mS = 0.3 [GeV]; gchi =0.01; gN = 0.01
# Tchi^prime [GeV], theta [degree] ,dsigma/dTchip dtheta [cm^2/GeV]
9.999999999999999547e-08 0.000000000000000000e+00 0.000000000000000000e+00
1.581765038478375206e-07 0.000000000000000000e+00 0.000000000000000000e+00
2.501980636952495318e-07 0.000000000000000000e+00 0.000000000000000000e+00
3.957545498481313547e-07 0.000000000000000000e+00 0.000000000000000000e+00
6.259907107685227244e-07 0.000000000000000000e+00 0.000000000000000000e+00
9.901702207058776949e-07 0.000000000000000000e+00 0.000000000000000000e+00
1.566216637254973893e-06 0.000000000000000000e+00 0.000000000000000000e+00
2.477386719493084971e-06 0.000000000000000000e+00 0.000000000000000000e+00
3.918643699684795082e-06 0.000000000000000000e+00 0.000000000000000000e+00
6.198373602414974549e-06 0.000000000000000000e+00 0.000000000000000000e+00
9.804370659727267644e-06 0.000000000000000000e+00 0.000000000000000000e+00
1.550821073383975258e-05 0.000000000000000000e+00 0.000000000000000000e+00
2.453034554814278694e-05 0.000000000000000000e+00 0.000000000000000000e+00
3.880124296984591311e-05 0.000000000000000000e+00 0.000000000000000000e+00
6.137444957920709968e-05 0.000000000000000000e+00 0.000000000000000000e+00
9.707995860024360021e-05 0.000000000000000000e+00 0.000000000000000000e+00
1.535576844507935347e-04 0.000000000000000000e+00 0.000000000000000000e+00
2.428921766539596401e-04 0.000000000000000000e+00 0.000000000000000000e+00
3.841983531511471432e-04 0.000000000000000000e+00 0.000000000000000000e+00
6.077115228554525470e-04 0.000000000000000000e+00 0.000000000000000000e+00
9.612568403332068419e-04 0.000000000000000000e+00 0.000000000000000000e+00
1.520482463037256191e-03 0.000000000000000000e+00 0.000000000000000000e+00
2.405046001651820267e-03 0.000000000000000000e+00 0.000000000000000000e+00
3.804217681345061462e-03 0.000000000000000000e+00 0.000000000000000000e+00
6.017378527112885768e-03 0.000000000000000000e+00 0.000000000000000000e+00
9.518078977477662309e-03 0.000000000000000000e+00 0.000000000000000000e+00
1.505536456005016586e-02 0.000000000000000000e+00 0.000000000000000000e+00
2.381404930263371703e-02 0.000000000000000000e+00 0.000000000000000000e+00
3.766823061150634255e-02 0.000000000000000000e+00 0.000000000000000000e+00
5.958229024262175905e-02 0.000000000000000000e+00 0.000000000000000000e+00
9.424518361825032220e-02 0.000000000000000000e+00 0.000000000000000000e+00
1.490737364923232500e-01 0.000000000000000000e+00 0.000000000000000000e+00
2.357996245388948031e-01 0.000000000000000000e+00 0.000000000000000000e+00
3.729796021819513641e-01 0.000000000000000000e+00 0.000000000000000000e+00
5.899660947969835867e-01 0.000000000000000000e+00 0.000000000000000000e+00
9.999999999999999547e-08 6.206896551724137900e+00 2.025956497242508623e-41
1.581765038478375206e-07 6.206896551724137900e+00 2.546900485972904464e-41
2.501980636952495318e-07 6.206896551724137900e+00 3.202297437884314485e-41
3.957545498481313547e-07 6.206896551724137900e+00 4.027021138160542429e-41
6.259907107685227244e-07 6.206896551724137900e+00 5.074044635981251393e-41
9.901702207058776949e-07 6.206896551724137900e+00 6.385791380732885782e-41
1.566216637254973893e-06 6.206896551724137900e+00 8.011047233407209472e-41
2.477386719493084971e-06 6.206896551724137900e+00 1.010564212017077442e-40
3.918643699684795082e-06 6.206896551724137900e+00 1.271807925303831390e-40
6.198373602414974549e-06 6.206896551724137900e+00 1.598750391060358428e-40
9.804370659727267644e-06 6.206896551724137900e+00 2.018668981726869835e-40
1.550821073383975258e-05 6.206896551724137900e+00 2.540850700532933974e-40
2.453034554814278694e-05 6.206896551724137900e+00 3.208479332335911558e-40
3.880124296984591311e-05 6.206896551724137900e+00 4.050063952938069234e-40
6.137444957920709968e-05 6.206896551724137900e+00 5.107433343990883081e-40
9.707995860024360021e-05 6.206896551724137900e+00 6.451014299230336483e-40
1.535576844507935347e-04 6.206896551724137900e+00 8.170714020140459766e-40
2.428921766539596401e-04 6.206896551724137900e+00 1.037994843551256488e-39
3.841983531511471432e-04 6.206896551724137900e+00 1.317493827210413463e-39
6.077115228554525470e-04 6.206896551724137900e+00 1.679787529233090423e-39
9.612568403332068419e-04 6.206896551724137900e+00 2.151087908325784065e-39
1.520482463037256191e-03 6.206896551724137900e+00 2.777160136519252761e-39
2.405046001651820267e-03 6.206896551724137900e+00 3.599586636622226017e-39
3.804217681345061462e-03 6.206896551724137900e+00 4.713431710507271034e-39
6.017378527112885768e-03 6.206896551724137900e+00 6.261112619053606082e-39
9.518078977477662309e-03 6.206896551724137900e+00 8.437924889948426767e-39
1.505536456005016586e-02 6.206896551724137900e+00 1.171084451477361964e-38
2.381404930263371703e-02 6.206896551724137900e+00 1.681139996759643168e-38
3.766823061150634255e-02 6.206896551724137900e+00 2.537518156837674647e-38
5.958229024262175905e-02 6.206896551724137900e+00 4.103360758743352713e-38
9.424518361825032220e-02 6.206896551724137900e+00 7.381756850235834153e-38
1.490737364923232500e-01 6.206896551724137900e+00 1.531511082288322286e-37
2.357996245388948031e-01 6.206896551724137900e+00 3.957533125936678262e-37
3.729796021819513641e-01 6.206896551724137900e+00 0.000000000000000000e+00
5.899660947969835867e-01 6.206896551724137900e+00 0.000000000000000000e+00
9.999999999999999547e-08 1.241379310344827580e+01 4.026141926673872327e-41
1.581765038478375206e-07 1.241379310344827580e+01 5.058232093946257341e-41
2.501980636952495318e-07 1.241379310344827580e+01 6.365866679522680352e-41
3.957545498481313547e-07 1.241379310344827580e+01 8.020527265037989191e-41
6.259907107685227244e-07 1.241379310344827580e+01 1.007483238243920266e-40
9.901702207058776949e-07 1.241379310344827580e+01 1.265380967118409057e-40
1.566216637254973893e-06 1.241379310344827580e+01 1.598693369360355837e-40
2.477386719493084971e-06 1.241379310344827580e+01 2.008071129282157948e-40
3.918643699684795082e-06 1.241379310344827580e+01 2.532936440010387278e-40
6.198373602414974549e-06 1.241379310344827580e+01 3.189717133910105521e-40
9.804370659727267644e-06 1.241379310344827580e+01 4.006636389146650920e-40
1.550821073383975258e-05 1.241379310344827580e+01 5.055108823375703816e-40
2.453034554814278694e-05 1.241379310344827580e+01 6.370378476117706355e-40
3.880124296984591311e-05 1.241379310344827580e+01 8.048884180583077498e-40
6.137444957920709968e-05 1.241379310344827580e+01 1.015676055291992021e-39
9.707995860024360021e-05 1.241379310344827580e+01 1.283573423676478741e-39
1.535576844507935347e-04 1.241379310344827580e+01 1.625167562719650078e-39
2.428921766539596401e-04 1.241379310344827580e+01 2.062442422903973727e-39
3.841983531511471432e-04 1.241379310344827580e+01 2.621865118733289563e-39
6.077115228554525470e-04 1.241379310344827580e+01 3.342371111832444285e-39
9.612568403332068419e-04 1.241379310344827580e+01 4.272661967991498107e-39
1.520482463037256191e-03 1.241379310344827580e+01 5.500533483322210740e-39
2.405046001651820267e-03 1.241379310344827580e+01 7.137152433454139271e-39
3.804217681345061462e-03 1.241379310344827580e+01 9.343695224322490628e-39
6.017378527112885768e-03 1.241379310344827580e+01 1.236764814225645007e-38
9.518078977477662309e-03 1.241379310344827580e+01 1.668861927296360191e-38
1.505536456005016586e-02 1.241379310344827580e+01 2.311642366841459539e-38
2.381404930263371703e-02 1.241379310344827580e+01 3.301200885399590614e-38
3.766823061150634255e-02 1.241379310344827580e+01 4.965701848954855748e-38
5.958229024262175905e-02 1.241379310344827580e+01 7.961017569318637747e-38
9.424518361825032220e-02 1.241379310344827580e+01 1.411727502650343768e-37
1.490737364923232500e-01 1.241379310344827580e+01 2.891982489575684027e-37
2.357996245388948031e-01 1.241379310344827580e+01 7.269889976263274364e-37
3.729796021819513641e-01 1.241379310344827580e+01 0.000000000000000000e+00
5.899660947969835867e-01 1.241379310344827580e+01 0.000000000000000000e+00
9.999999999999999547e-08 1.862068965517241281e+01 5.975610338930152138e-41
1.581765038478375206e-07 1.862068965517241281e+01 7.509019053887219430e-41
2.501980636952495318e-07 1.862068965517241281e+01 9.441585411563544101e-41
3.957545498481313547e-07 1.862068965517241281e+01 1.190474164514472949e-40
6.259907107685227244e-07 1.862068965517241281e+01 1.498186173358969105e-40
9.901702207058776949e-07 1.862068965517241281e+01 1.884614615356314154e-40
1.566216637254973893e-06 1.862068965517241281e+01 2.367368347370356131e-40
2.477386719493084971e-06 1.862068965517241281e+01 2.985975077670973564e-40
3.918643699684795082e-06 1.862068965517241281e+01 3.767542091675998306e-40
6.198373602414974549e-06 1.862068965517241281e+01 4.736612869796404719e-40
9.804370659727267644e-06 1.862068965517241281e+01 5.952843981620833116e-40
1.550821073383975258e-05 1.862068965517241281e+01 7.514097372638235740e-40
2.453034554814278694e-05 1.862068965517241281e+01 9.468570977148178119e-40
3.880124296984591311e-05 1.862068965517241281e+01 1.193252056865427705e-39
6.137444957920709968e-05 1.862068965517241281e+01 1.507197385575659213e-39
9.707995860024360021e-05 1.862068965517241281e+01 1.905030845702036115e-39
1.535576844507935347e-04 1.862068965517241281e+01 2.411938248118030441e-39
2.428921766539596401e-04 1.862068965517241281e+01 3.056905723929548527e-39
3.841983531511471432e-04 1.862068965517241281e+01 3.889742682354660001e-39
6.077115228554525470e-04 1.862068965517241281e+01 4.940485161335835238e-39
9.612568403332068419e-04 1.862068965517241281e+01 6.339447282883387204e-39
1.520482463037256191e-03 1.862068965517241281e+01 8.135056460705059702e-39
2.405046001651820267e-03 1.862068965517241281e+01 1.053394689894854816e-38
3.804217681345061462e-03 1.862068965517241281e+01 1.378828426420115146e-38
6.017378527112885768e-03 1.862068965517241281e+01 1.824417756071809639e-38
9.518078977477662309e-03 1.862068965517241281e+01 2.461040633378315956e-38
1.505536456005016586e-02 1.862068965517241281e+01 3.390360553854699878e-38
2.381404930263371703e-02 1.862068965517241281e+01 4.816623500485370271e-38
3.766823061150634255e-02 1.862068965517241281e+01 7.182830136394244523e-38
5.958229024262175905e-02 1.862068965517241281e+01 1.142126500776043621e-37
9.424518361825032220e-02 1.862068965517241281e+01 1.995608659043098851e-37
1.490737364923232500e-01 1.862068965517241281e+01 3.971830324814023155e-37
2.357996245388948031e-01 1.862068965517241281e+01 9.635082712584235116e-37
3.729796021819513641e-01 1.862068965517241281e+01 0.000000000000000000e+00
5.899660947969835867e-01 1.862068965517241281e+01 0.000000000000000000e+00
9.999999999999999547e-08 2.482758620689655160e+01 7.846959755201187226e-41
1.581765038478375206e-07 2.482758620689655160e+01 9.885591747872122680e-41
2.501980636952495318e-07 2.482758620689655160e+01 1.243965297042556317e-40
3.957545498481313547e-07 2.482758620689655160e+01 1.567948026985417049e-40
6.259907107685227244e-07 2.482758620689655160e+01 1.969657595642301467e-40
9.901702207058776949e-07 2.482758620689655160e+01 2.474667894601688868e-40
1.566216637254973893e-06 2.482758620689655160e+01 3.115893993210562774e-40
2.477386719493084971e-06 2.482758620689655160e+01 3.923672254912071986e-40
3.918643699684795082e-06 2.482758620689655160e+01 4.932280886285391202e-40
6.198373602414974549e-06 2.482758620689655160e+01 6.212947822956017512e-40
9.804370659727267644e-06 2.482758620689655160e+01 7.840572933161401079e-40
1.550821073383975258e-05 2.482758620689655160e+01 9.856092574989273217e-40
2.453034554814278694e-05 2.482758620689655160e+01 1.245124794274946838e-39
3.880124296984591311e-05 2.482758620689655160e+01 1.569676776956095003e-39
6.137444957920709968e-05 2.482758620689655160e+01 1.977472527237798729e-39
9.707995860024360021e-05 2.482758620689655160e+01 2.502271514854320865e-39
1.535576844507935347e-04 2.482758620689655160e+01 3.172579683589044311e-39
2.428921766539596401e-04 2.482758620689655160e+01 4.015651892719024662e-39
3.841983531511471432e-04 2.482758620689655160e+01 5.099127890933458098e-39
6.077115228554525470e-04 2.482758620689655160e+01 6.504185934426532730e-39
9.612568403332068419e-04 2.482758620689655160e+01 8.313694307630936875e-39
1.520482463037256191e-03 2.482758620689655160e+01 1.066171941020062346e-38
2.405046001651820267e-03 2.482758620689655160e+01 1.380575163167093425e-38
3.804217681345061462e-03 2.482758620689655160e+01 1.799187734282106809e-38
6.017378527112885768e-03 2.482758620689655160e+01 2.378895548709259962e-38
9.518078977477662309e-03 2.482758620689655160e+01 3.191070959526259248e-38
1.505536456005016586e-02 2.482758620689655160e+01 4.369394339645546064e-38
2.381404930263371703e-02 2.482758620689655160e+01 6.183491042379830744e-38
3.766823061150634255e-02 2.482758620689655160e+01 9.128577098341809463e-38
5.958229024262175905e-02 2.482758620689655160e+01 1.432503122732630665e-37
9.424518361825032220e-02 2.482758620689655160e+01 2.442675773014165812e-37
1.490737364923232500e-01 2.482758620689655160e+01 4.726939589419834263e-37
2.357996245388948031e-01 2.482758620689655160e+01 1.105739021250282053e-36
3.729796021819513641e-01 2.482758620689655160e+01 3.778072651293298193e-36
5.899660947969835867e-01 2.482758620689655160e+01 0.000000000000000000e+00
9.999999999999999547e-08 3.103448275862069039e+01 9.650486651665961704e-41
1.581765038478375206e-07 3.103448275862069039e+01 1.211765725616750977e-40
2.501980636952495318e-07 3.103448275862069039e+01 1.529050114660619407e-40
3.957545498481313547e-07 3.103448275862069039e+01 1.922298363270803640e-40
6.259907107685227244e-07 3.103448275862069039e+01 2.412383483052744085e-40
9.901702207058776949e-07 3.103448275862069039e+01 3.041225461375101217e-40
1.566216637254973893e-06 3.103448275862069039e+01 3.834992506750791403e-40
2.477386719493084971e-06 3.103448275862069039e+01 4.814701803255797470e-40
3.918643699684795082e-06 3.103448275862069039e+01 6.063860580389934241e-40
6.198373602414974549e-06 3.103448275862069039e+01 7.628915942738372788e-40
9.804370659727267644e-06 3.103448275862069039e+01 9.604659839379793273e-40
1.550821073383975258e-05 3.103448275862069039e+01 1.211728771023177860e-39
2.453034554814278694e-05 3.103448275862069039e+01 1.523505414102442436e-39
3.880124296984591311e-05 3.103448275862069039e+01 1.928725043806307243e-39
6.137444957920709968e-05 3.103448275862069039e+01 2.426131707330716007e-39
9.707995860024360021e-05 3.103448275862069039e+01 3.070463710177637896e-39
1.535576844507935347e-04 3.103448275862069039e+01 3.887933185271087296e-39
2.428921766539596401e-04 3.103448275862069039e+01 4.922294084548890364e-39
3.841983531511471432e-04 3.103448275862069039e+01 6.251982838284038150e-39
6.077115228554525470e-04 3.103448275862069039e+01 7.933968149888059952e-39
9.612568403332068419e-04 3.103448275862069039e+01 1.018050484870787962e-38
1.520482463037256191e-03 3.103448275862069039e+01 1.304067194909220777e-38
2.405046001651820267e-03 3.103448275862069039e+01 1.682111273339930366e-38
3.804217681345061462e-03 3.103448275862069039e+01 2.191471622451344386e-38
6.017378527112885768e-03 3.103448275862069039e+01 2.888357069729699438e-38
9.518078977477662309e-03 3.103448275862069039e+01 3.846917671526209890e-38
1.505536456005016586e-02 3.103448275862069039e+01 5.253072437239096633e-38
2.381404930263371703e-02 3.103448275862069039e+01 7.364018071172946839e-38
3.766823061150634255e-02 3.103448275862069039e+01 1.073758963274765444e-37
5.958229024262175905e-02 3.103448275862069039e+01 1.658568539180147631e-37
9.424518361825032220e-02 3.103448275862069039e+01 2.754961164422860286e-37
1.490737364923232500e-01 3.103448275862069039e+01 5.194695666014580545e-37
2.357996245388948031e-01 3.103448275862069039e+01 1.172113312043677954e-36
3.729796021819513641e-01 3.103448275862069039e+01 4.400437722883238055e-36
5.899660947969835867e-01 3.103448275862069039e+01 0.000000000000000000e+00
9.999999999999999547e-08 3.724137931034482563e+01 1.132308856518304575e-40
1.581765038478375206e-07 3.724137931034482563e+01 1.425019955876906359e-40
2.501980636952495318e-07 3.724137931034482563e+01 1.790044499670049879e-40
3.957545498481313547e-07 3.724137931034482563e+01 2.253546986898327709e-40
6.259907107685227244e-07 3.724137931034482563e+01 2.833037873339454593e-40
9.901702207058776949e-07 3.724137931034482563e+01 3.560094966502332159e-40
1.566216637254973893e-06 3.724137931034482563e+01 4.495778285085471226e-40
2.477386719493084971e-06 3.724137931034482563e+01 5.662203122589152953e-40
3.918643699684795082e-06 3.724137931034482563e+01 7.096118204763214390e-40
6.198373602414974549e-06 3.724137931034482563e+01 8.949417237979072242e-40
9.804370659727267644e-06 3.724137931034482563e+01 1.126726472235830031e-39
1.550821073383975258e-05 3.724137931034482563e+01 1.420701456193954038e-39
2.453034554814278694e-05 3.724137931034482563e+01 1.790452331674892362e-39
3.880124296984591311e-05 3.724137931034482563e+01 2.258203904574879480e-39
6.137444957920709968e-05 3.724137931034482563e+01 2.848994623568746111e-39
9.707995860024360021e-05 3.724137931034482563e+01 3.596232441910580305e-39
1.535576844507935347e-04 3.724137931034482563e+01 4.542419471730394458e-39
2.428921766539596401e-04 3.724137931034482563e+01 5.756773798712932442e-39
3.841983531511471432e-04 3.724137931034482563e+01 7.307764217545188017e-39
6.077115228554525470e-04 3.724137931034482563e+01 9.303833632271663328e-39
9.612568403332068419e-04 3.724137931034482563e+01 1.185676262808582748e-38
1.520482463037256191e-03 3.724137931034482563e+01 1.521415544003742570e-38
2.405046001651820267e-03 3.724137931034482563e+01 1.957951612139507508e-38
3.804217681345061462e-03 3.724137931034482563e+01 2.539281774081994003e-38
6.017378527112885768e-03 3.724137931034482563e+01 3.334446548564144392e-38
9.518078977477662309e-03 3.724137931034482563e+01 4.429116054635994409e-38
1.505536456005016586e-02 3.724137931034482563e+01 5.988106728731467304e-38
2.381404930263371703e-02 3.724137931034482563e+01 8.347045098555640983e-38
3.766823061150634255e-02 3.724137931034482563e+01 1.205530375639147243e-37
5.958229024262175905e-02 3.724137931034482563e+01 1.821304833757309882e-37
9.424518361825032220e-02 3.724137931034482563e+01 2.972038710077822578e-37
1.490737364923232500e-01 3.724137931034482563e+01 5.414850336945993320e-37
2.357996245388948031e-01 3.724137931034482563e+01 1.187323564005980402e-36
3.729796021819513641e-01 3.724137931034482563e+01 6.449412418209996558e-36
5.899660947969835867e-01 3.724137931034482563e+01 0.000000000000000000e+00
9.999999999999999547e-08 4.344827586206896797e+01 1.289323108426567051e-40
1.581765038478375206e-07 4.344827586206896797e+01 1.615952066584903273e-40
2.501980636952495318e-07 4.344827586206896797e+01 2.035566566532726640e-40
3.957545498481313547e-07 4.344827586206896797e+01 2.559150926847702507e-40
6.259907107685227244e-07 4.344827586206896797e+01 3.220392914437227028e-40
9.901702207058776949e-07 4.344827586206896797e+01 4.052191464806646392e-40
1.566216637254973893e-06 4.344827586206896797e+01 5.102181044686972322e-40
2.477386719493084971e-06 4.344827586206896797e+01 6.412893141933766103e-40
3.918643699684795082e-06 4.344827586206896797e+01 8.071324669924760366e-40
6.198373602414974549e-06 4.344827586206896797e+01 1.014461518170660597e-39
9.804370659727267644e-06 4.344827586206896797e+01 1.282968051525180953e-39
1.550821073383975258e-05 4.344827586206896797e+01 1.614496617493891282e-39
2.453034554814278694e-05 4.344827586206896797e+01 2.032687952780563818e-39
3.880124296984591311e-05 4.344827586206896797e+01 2.565167102815227368e-39
6.137444957920709968e-05 4.344827586206896797e+01 3.233800922273686885e-39
9.707995860024360021e-05 4.344827586206896797e+01 4.085864335524330854e-39
1.535576844507935347e-04 4.344827586206896797e+01 5.156579160400736669e-39
2.428921766539596401e-04 4.344827586206896797e+01 6.527573617876789861e-39
3.841983531511471432e-04 4.344827586206896797e+01 8.273317771105342545e-39
6.077115228554525470e-04 4.344827586206896797e+01 1.050329824368226943e-38
9.612568403332068419e-04 4.344827586206896797e+01 1.338943969961225554e-38
1.520482463037256191e-03 4.344827586206896797e+01 1.714329134763746916e-38
2.405046001651820267e-03 4.344827586206896797e+01 2.208557692657904702e-38
3.804217681345061462e-03 4.344827586206896797e+01 2.855954755456431930e-38
6.017378527112885768e-03 4.344827586206896797e+01 3.728420191991309610e-38
9.518078977477662309e-03 4.344827586206896797e+01 4.937495639934857583e-38
1.505536456005016586e-02 4.344827586206896797e+01 6.640636095348341955e-38
2.381404930263371703e-02 4.344827586206896797e+01 9.106950500630688314e-38
3.766823061150634255e-02 4.344827586206896797e+01 1.298013699367995342e-37
5.958229024262175905e-02 4.344827586206896797e+01 1.937362276823645431e-37
9.424518361825032220e-02 4.344827586206896797e+01 3.088899521544194928e-37
1.490737364923232500e-01 4.344827586206896797e+01 5.483512430852587539e-37
2.357996245388948031e-01 4.344827586206896797e+01 1.183477948739044436e-36
3.729796021819513641e-01 4.344827586206896797e+01 1.137511034762611923e-35
5.899660947969835867e-01 4.344827586206896797e+01 0.000000000000000000e+00
9.999999999999999547e-08 4.965517241379310320e+01 1.425818930331471119e-40
1.581765038478375206e-07 4.965517241379310320e+01 1.795703950369378371e-40
2.501980636952495318e-07 4.965517241379310320e+01 2.254634675829870248e-40
3.957545498481313547e-07 4.965517241379310320e+01 2.839768516146723880e-40
6.259907107685227244e-07 4.965517241379310320e+01 3.567865647447137032e-40
9.901702207058776949e-07 4.965517241379310320e+01 4.495027271644350735e-40
1.566216637254973893e-06 4.965517241379310320e+01 5.655807553564974326e-40
2.477386719493084971e-06 4.965517241379310320e+01 7.112589407558809651e-40
3.918643699684795082e-06 4.965517241379310320e+01 8.928578639078496591e-40
6.198373602414974549e-06 4.965517241379310320e+01 1.124376526009399442e-39
9.804370659727267644e-06 4.965517241379310320e+01 1.416914345159386829e-39
1.550821073383975258e-05 4.965517241379310320e+01 1.786022468080402077e-39
2.453034554814278694e-05 4.965517241379310320e+01 2.252863738005511840e-39
3.880124296984591311e-05 4.965517241379310320e+01 2.833366018574787130e-39
6.137444957920709968e-05 4.965517241379310320e+01 3.584207994194433500e-39
9.707995860024360021e-05 4.965517241379310320e+01 4.519931673520981682e-39
1.535576844507935347e-04 4.965517241379310320e+01 5.700395770948537190e-39
2.428921766539596401e-04 4.965517241379310320e+01 7.198743260450543573e-39
3.841983531511471432e-04 4.965517241379310320e+01 9.138066613256110313e-39
6.077115228554525470e-04 4.965517241379310320e+01 1.160000778173950608e-38
9.612568403332068419e-04 4.965517241379310320e+01 1.474359080838341428e-38
1.520482463037256191e-03 4.965517241379310320e+01 1.883425255931545651e-38
2.405046001651820267e-03 4.965517241379310320e+01 2.418412948084531961e-38
3.804217681345061462e-03 4.965517241379310320e+01 3.117595637539170830e-38
6.017378527112885768e-03 4.965517241379310320e+01 4.053762943528144058e-38
9.518078977477662309e-03 4.965517241379310320e+01 5.343161560645288362e-38
1.505536456005016586e-02 4.965517241379310320e+01 7.118139851374444333e-38
2.381404930263371703e-02 4.965517241379310320e+01 9.728484637849639121e-38
3.766823061150634255e-02 4.965517241379310320e+01 1.363697494728436947e-37
5.958229024262175905e-02 4.965517241379310320e+01 2.003228928723743646e-37
9.424518361825032220e-02 4.965517241379310320e+01 3.131270588136567161e-37
1.490737364923232500e-01 4.965517241379310320e+01 5.441679986710359763e-37
2.357996245388948031e-01 4.965517241379310320e+01 1.178229954629438278e-36
3.729796021819513641e-01 4.965517241379310320e+01 1.621239925200044830e-35
5.899660947969835867e-01 4.965517241379310320e+01 0.000000000000000000e+00
9.999999999999999547e-08 5.586206896551724554e+01 1.546200914335046763e-40
1.581765038478375206e-07 5.586206896551724554e+01 1.945055471766137661e-40
2.501980636952495318e-07 5.586206896551724554e+01 2.451795281002867736e-40
3.957545498481313547e-07 5.586206896551724554e+01 3.086325451671204898e-40
6.259907107685227244e-07 5.586206896551724554e+01 3.878033768305900758e-40
9.901702207058776949e-07 5.586206896551724554e+01 4.865782602220147771e-40
1.566216637254973893e-06 5.586206896551724554e+01 6.149269413574729639e-40
2.477386719493084971e-06 5.586206896551724554e+01 7.723950853706851253e-40
3.918643699684795082e-06 5.586206896551724554e+01 9.723347039144554139e-40
6.198373602414974549e-06 5.586206896551724554e+01 1.220355310283843262e-39
9.804370659727267644e-06 5.586206896551724554e+01 1.540732525550830557e-39
1.550821073383975258e-05 5.586206896551724554e+01 1.940239128307436090e-39
2.453034554814278694e-05 5.586206896551724554e+01 2.444901107166539533e-39
3.880124296984591311e-05 5.586206896551724554e+01 3.077762237253055216e-39
6.137444957920709968e-05 5.586206896551724554e+01 3.879051728365254053e-39
9.707995860024360021e-05 5.586206896551724554e+01 4.888070846983532438e-39
1.535576844507935347e-04 5.586206896551724554e+01 6.186329303115172774e-39
2.428921766539596401e-04 5.586206896551724554e+01 7.793766319321976349e-39
3.841983531511471432e-04 5.586206896551724554e+01 9.874377184371703172e-39
6.077115228554525470e-04 5.586206896551724554e+01 1.250983426711216523e-38
9.612568403332068419e-04 5.586206896551724554e+01 1.588307292645487250e-38
1.520482463037256191e-03 5.586206896551724554e+01 2.027281613940095537e-38
2.405046001651820267e-03 5.586206896551724554e+01 2.594179124644773582e-38
3.804217681345061462e-03 5.586206896551724554e+01 3.334271671127718459e-38
6.017378527112885768e-03 5.586206896551724554e+01 4.318946439664620491e-38
9.518078977477662309e-03 5.586206896551724554e+01 5.654506733981658191e-38
1.505536456005016586e-02 5.586206896551724554e+01 7.492959743487859052e-38
2.381404930263371703e-02 5.586206896551724554e+01 1.011718518003634704e-37
3.766823061150634255e-02 5.586206896551724554e+01 1.403975923732830551e-37
5.958229024262175905e-02 5.586206896551724554e+01 2.024817580913998234e-37
9.424518361825032220e-02 5.586206896551724554e+01 3.112192602899688739e-37
1.490737364923232500e-01 5.586206896551724554e+01 5.315157997257842949e-37
2.357996245388948031e-01 5.586206896551724554e+01 1.262146934668623925e-36
3.729796021819513641e-01 5.586206896551724554e+01 1.560632212637413244e-35
5.899660947969835867e-01 5.586206896551724554e+01 0.000000000000000000e+00
9.999999999999999547e-08 6.206896551724138078e+01 1.652710708112890103e-40
1.581765038478375206e-07 6.206896551724138078e+01 2.080350089871420138e-40
2.501980636952495318e-07 6.206896551724138078e+01 2.615476453405730600e-40
3.957545498481313547e-07 6.206896551724138078e+01 3.285356612306682105e-40
6.259907107685227244e-07 6.206896551724138078e+01 4.135716422440990744e-40
9.901702207058776949e-07 6.206896551724138078e+01 5.201705663293941640e-40
1.566216637254973893e-06 6.206896551724138078e+01 6.543808926208864373e-40
2.477386719493084971e-06 6.206896551724138078e+01 8.231402457289526809e-40
3.918643699684795082e-06 6.206896551724138078e+01 1.036832135557326389e-39
6.198373602414974549e-06 6.206896551724138078e+01 1.303577040813686423e-39
9.804370659727267644e-06 6.206896551724138078e+01 1.640825717717278507e-39
1.550821073383975258e-05 6.206896551724138078e+01 2.064992740462573740e-39
2.453034554814278694e-05 6.206896551724138078e+01 2.603414906278130531e-39
3.880124296984591311e-05 6.206896551724138078e+01 3.283157087044662367e-39
6.137444957920709968e-05 6.206896551724138078e+01 4.122125336021316316e-39
9.707995860024360021e-05 6.206896551724138078e+01 5.210284863300011554e-39
1.535576844507935347e-04 6.206896551724138078e+01 6.552817809992518521e-39
2.428921766539596401e-04 6.206896551724138078e+01 8.295174476550850414e-39
3.841983531511471432e-04 6.206896551724138078e+01 1.049519799357271016e-38
6.077115228554525470e-04 6.206896551724138078e+01 1.325401861391355759e-38
9.612568403332068419e-04 6.206896551724138078e+01 1.685774559144493557e-38
1.520482463037256191e-03 6.206896551724138078e+01 2.142259161495475060e-38
2.405046001651820267e-03 6.206896551724138078e+01 2.737827136359470506e-38
3.804217681345061462e-03 6.206896551724138078e+01 3.496580852496429972e-38
6.017378527112885768e-03 6.206896551724138078e+01 4.531725163241605305e-38
9.518078977477662309e-03 6.206896551724138078e+01 5.879146572247990546e-38
1.505536456005016586e-02 6.206896551724138078e+01 7.723093359330906965e-38
2.381404930263371703e-02 6.206896551724138078e+01 1.034162657033994629e-37
3.766823061150634255e-02 6.206896551724138078e+01 1.421380127546590252e-37
5.958229024262175905e-02 6.206896551724138078e+01 2.019177002522672902e-37
9.424518361825032220e-02 6.206896551724138078e+01 3.040570635998100460e-37
1.490737364923232500e-01 6.206896551724138078e+01 5.169747422845863568e-37
2.357996245388948031e-01 6.206896551724138078e+01 1.559416369033923962e-36
3.729796021819513641e-01 6.206896551724138078e+01 1.106037242699780549e-35
5.899660947969835867e-01 6.206896551724138078e+01 0.000000000000000000e+00
9.999999999999999547e-08 6.827586206896552312e+01 1.736994411436406785e-40
1.581765038478375206e-07 6.827586206896552312e+01 2.186753877240698483e-40
2.501980636952495318e-07 6.827586206896552312e+01 2.749520841732738362e-40
3.957545498481313547e-07 6.827586206896552312e+01 3.458093503207656392e-40
6.259907107685227244e-07 6.827586206896552312e+01 4.363018339508883518e-40
9.901702207058776949e-07 6.827586206896552312e+01 5.473063355889258685e-40
1.566216637254973893e-06 6.827586206896552312e+01 6.874453391741007058e-40
2.477386719493084971e-06 6.827586206896552312e+01 8.689553692744756551e-40
3.918643699684795082e-06 6.827586206896552312e+01 1.089362387754194538e-39
6.198373602414974549e-06 6.827586206896552312e+01 1.371121771337693051e-39
9.804370659727267644e-06 6.827586206896552312e+01 1.723078283985859242e-39
1.550821073383975258e-05 6.827586206896552312e+01 2.167714272217997361e-39
2.453034554814278694e-05 6.827586206896552312e+01 2.734671409611767937e-39
3.880124296984591311e-05 6.827586206896552312e+01 3.442040346435517596e-39
6.137444957920709968e-05 6.827586206896552312e+01 4.327378053473863002e-39
9.707995860024360021e-05 6.827586206896552312e+01 5.461586058170530456e-39
1.535576844507935347e-04 6.827586206896552312e+01 6.897235930085632911e-39
2.428921766539596401e-04 6.827586206896552312e+01 8.684752984990958703e-39
3.841983531511471432e-04 6.827586206896552312e+01 1.096865741008040373e-38
6.077115228554525470e-04 6.827586206896552312e+01 1.389697169255662502e-38
9.612568403332068419e-04 6.827586206896552312e+01 1.758204761033170045e-38
1.520482463037256191e-03 6.827586206896552312e+01 2.230299652247619318e-38
2.405046001651820267e-03 6.827586206896552312e+01 2.836669956608039649e-38
3.804217681345061462e-03 6.827586206896552312e+01 3.625099592792728292e-38
6.017378527112885768e-03 6.827586206896552312e+01 4.651235893997425573e-38
9.518078977477662309e-03 6.827586206896552312e+01 6.014190318043378848e-38
1.505536456005016586e-02 6.827586206896552312e+01 7.845649412390222804e-38
2.381404930263371703e-02 6.827586206896552312e+01 1.042841968906294238e-37
3.766823061150634255e-02 6.827586206896552312e+01 1.411276054831853741e-37
5.958229024262175905e-02 6.827586206896552312e+01 1.986725548814425498e-37
9.424518361825032220e-02 6.827586206896552312e+01 2.965177411040063240e-37
1.490737364923232500e-01 6.827586206896552312e+01 5.055785184117282442e-37
2.357996245388948031e-01 6.827586206896552312e+01 2.189082897331501578e-36
3.729796021819513641e-01 6.827586206896552312e+01 6.892271748310653509e-36
5.899660947969835867e-01 6.827586206896552312e+01 0.000000000000000000e+00
9.999999999999999547e-08 7.448275862068965125e+01 1.801190489169249172e-40
1.581765038478375206e-07 7.448275862068965125e+01 2.268513869080638803e-40
2.501980636952495318e-07 7.448275862068965125e+01 2.856951053422051746e-40
3.957545498481313547e-07 7.448275862068965125e+01 3.590224349219710690e-40
6.259907107685227244e-07 7.448275862068965125e+01 4.508317276122109171e-40
9.901702207058776949e-07 7.448275862068965125e+01 5.675504131857875884e-40
1.566216637254973893e-06 7.448275862068965125e+01 7.145908269939894994e-40
2.477386719493084971e-06 7.448275862068965125e+01 8.983870114354350397e-40
3.918643699684795082e-06 7.448275862068965125e+01 1.128788068455254192e-39
6.198373602414974549e-06 7.448275862068965125e+01 1.421038127964978559e-39
9.804370659727267644e-06 7.448275862068965125e+01 1.789836218822493774e-39
1.550821073383975258e-05 7.448275862068965125e+01 2.250642404548508388e-39
2.453034554814278694e-05 7.448275862068965125e+01 2.840135129442943850e-39
3.880124296984591311e-05 7.448275862068965125e+01 3.563409658315414921e-39
6.137444957920709968e-05 7.448275862068965125e+01 4.494770762095174565e-39
9.707995860024360021e-05 7.448275862068965125e+01 5.648237977113567108e-39
1.535576844507935347e-04 7.448275862068965125e+01 7.126194179347381238e-39
2.428921766539596401e-04 7.448275862068965125e+01 8.967300192343012414e-39
3.841983531511471432e-04 7.448275862068965125e+01 1.134131755146804897e-38
6.077115228554525470e-04 7.448275862068965125e+01 1.430994486190344553e-38
9.612568403332068419e-04 7.448275862068965125e+01 1.807777595904820918e-38
1.520482463037256191e-03 7.448275862068965125e+01 2.291545492224663760e-38
2.405046001651820267e-03 7.448275862068965125e+01 2.907558777243914491e-38
3.804217681345061462e-03 7.448275862068965125e+01 3.701065392794959203e-38
6.017378527112885768e-03 7.448275862068965125e+01 4.735642971323006078e-38
9.518078977477662309e-03 7.448275862068965125e+01 6.085701593712152660e-38
1.505536456005016586e-02 7.448275862068965125e+01 7.900067927899020966e-38
2.381404930263371703e-02 7.448275862068965125e+01 1.036810427891708371e-37
3.766823061150634255e-02 7.448275862068965125e+01 1.391448221016915722e-37
5.958229024262175905e-02 7.448275862068965125e+01 1.932318900129059425e-37
9.424518361825032220e-02 7.448275862068965125e+01 2.857759776750161145e-37
1.490737364923232500e-01 7.448275862068965125e+01 5.075810493944913462e-37
2.357996245388948031e-01 7.448275862068965125e+01 3.133180542647170779e-36
3.729796021819513641e-01 7.448275862068965125e+01 3.748100039372971894e-36
5.899660947969835867e-01 7.448275862068965125e+01 0.000000000000000000e+00
9.999999999999999547e-08 8.068965517241380780e+01 1.847551876108594443e-40
1.581765038478375206e-07 8.068965517241380780e+01 2.319103876345067564e-40
2.501980636952495318e-07 8.068965517241380780e+01 2.925624577797636624e-40
3.957545498481313547e-07 8.068965517241380780e+01 3.673140434282853523e-40
6.259907107685227244e-07 8.068965517241380780e+01 4.609949403714451380e-40
9.901702207058776949e-07 8.068965517241380780e+01 5.809270781786183635e-40
1.566216637254973893e-06 8.068965517241380780e+01 7.294730531570782162e-40
2.477386719493084971e-06 8.068965517241380780e+01 9.191521975352589627e-40
3.918643699684795082e-06 8.068965517241380780e+01 1.155299298788914556e-39
6.198373602414974549e-06 8.068965517241380780e+01 1.454171522974614876e-39
9.804370659727267644e-06 8.068965517241380780e+01 1.830157353858302347e-39
1.550821073383975258e-05 8.068965517241380780e+01 2.300673885228137836e-39
2.453034554814278694e-05 8.068965517241380780e+01 2.891241004423578373e-39
3.880124296984591311e-05 8.068965517241380780e+01 3.647899215154633150e-39
6.137444957920709968e-05 8.068965517241380780e+01 4.588413302786556915e-39
9.707995860024360021e-05 8.068965517241380780e+01 5.767300230114279476e-39
1.535576844507935347e-04 8.068965517241380780e+01 7.272812667588575522e-39
2.428921766539596401e-04 8.068965517241380780e+01 9.158300822116069164e-39
3.841983531511471432e-04 8.068965517241380780e+01 1.154373527235531155e-38
6.077115228554525470e-04 8.068965517241380780e+01 1.459002473667832282e-38
9.612568403332068419e-04 8.068965517241380780e+01 1.835384644216705052e-38
1.520482463037256191e-03 8.068965517241380780e+01 2.310279444138503117e-38
2.405046001651820267e-03 8.068965517241380780e+01 2.938860311446314552e-38
3.804217681345061462e-03 8.068965517241380780e+01 3.731205315922347995e-38
6.017378527112885768e-03 8.068965517241380780e+01 4.748540160119502326e-38
9.518078977477662309e-03 8.068965517241380780e+01 6.065526714712389178e-38
1.505536456005016586e-02 8.068965517241380780e+01 7.806140692793359612e-38
2.381404930263371703e-02 8.068965517241380780e+01 1.019398106250070403e-37
3.766823061150634255e-02 8.068965517241380780e+01 1.354698076537735013e-37
5.958229024262175905e-02 8.068965517241380780e+01 1.863841008727010088e-37
9.424518361825032220e-02 8.068965517241380780e+01 2.746877293722336808e-37
1.490737364923232500e-01 8.068965517241380780e+01 5.415253753823582853e-37
2.357996245388948031e-01 8.068965517241380780e+01 3.883076827447382895e-36
3.729796021819513641e-01 8.068965517241380780e+01 1.593363398129419095e-36
5.899660947969835867e-01 8.068965517241380780e+01 0.000000000000000000e+00
9.999999999999999547e-08 8.689655172413793593e+01 1.865733613166396345e-40
1.581765038478375206e-07 8.689655172413793593e+01 2.354002962684297640e-40
2.501980636952495318e-07 8.689655172413793593e+01 2.954418105204405133e-40
3.957545498481313547e-07 8.689655172413793593e+01 3.722823580353783470e-40
6.259907107685227244e-07 8.689655172413793593e+01 4.675856097761511790e-40
9.901702207058776949e-07 8.689655172413793593e+01 5.879233340231307365e-40
1.566216637254973893e-06 8.689655172413793593e+01 7.399127701062953999e-40
2.477386719493084971e-06 8.689655172413793593e+01 9.269032180531136037e-40
3.918643699684795082e-06 8.689655172413793593e+01 1.170757438947801230e-39
6.198373602414974549e-06 8.689655172413793593e+01 1.468242115269543630e-39
9.804370659727267644e-06 8.689655172413793593e+01 1.851679227365372031e-39
1.550821073383975258e-05 8.689655172413793593e+01 2.324434099297267718e-39
2.453034554814278694e-05 8.689655172413793593e+01 2.923783151246826301e-39
3.880124296984591311e-05 8.689655172413793593e+01 3.689242524633395672e-39
6.137444957920709968e-05 8.689655172413793593e+01 4.629423885544730810e-39
9.707995860024360021e-05 8.689655172413793593e+01 5.819960931056499306e-39
1.535576844507935347e-04 8.689655172413793593e+01 7.326999422249831040e-39
2.428921766539596401e-04 8.689655172413793593e+01 9.224364437185737982e-39
3.841983531511471432e-04 8.689655172413793593e+01 1.163966997539617731e-38
6.077115228554525470e-04 8.689655172413793593e+01 1.463693771931535586e-38
9.612568403332068419e-04 8.689655172413793593e+01 1.843428360174276998e-38
1.520482463037256191e-03 8.689655172413793593e+01 2.319602792682659152e-38
2.405046001651820267e-03 8.689655172413793593e+01 2.929876293921204600e-38
3.804217681345061462e-03 8.689655172413793593e+01 3.711606446974987040e-38
6.017378527112885768e-03 8.689655172413793593e+01 4.697289787648038903e-38
9.518078977477662309e-03 8.689655172413793593e+01 5.985649955339602746e-38
1.505536456005016586e-02 8.689655172413793593e+01 7.664329310118803115e-38
2.381404930263371703e-02 8.689655172413793593e+01 9.916862194119752359e-38
3.766823061150634255e-02 8.689655172413793593e+01 1.308097970844894140e-37
5.958229024262175905e-02 8.689655172413793593e+01 1.786399634477185245e-37
9.424518361825032220e-02 8.689655172413793593e+01 2.645851247702207031e-37
1.490737364923232500e-01 8.689655172413793593e+01 6.139071837218347491e-37
2.357996245388948031e-01 8.689655172413793593e+01 3.982972854184489400e-36
3.729796021819513641e-01 8.689655172413793593e+01 5.129648396712843866e-37
5.899660947969835867e-01 8.689655172413793593e+01 0.000000000000000000e+00
9.999999999999999547e-08 9.310344827586206407e+01 1.867418651809637890e-40
1.581765038478375206e-07 9.310344827586206407e+01 2.351855031711469895e-40
2.501980636952495318e-07 9.310344827586206407e+01 2.954150341525202585e-40
3.957545498481313547e-07 9.310344827586206407e+01 3.709956885136048858e-40
6.259907107685227244e-07 9.310344827586206407e+01 4.663547184060498279e-40
9.901702207058776949e-07 9.310344827586206407e+01 5.888015614314843541e-40
1.566216637254973893e-06 9.310344827586206407e+01 7.385725269314602885e-40
2.477386719493084971e-06 9.310344827586206407e+01 9.302104000450968221e-40
3.918643699684795082e-06 9.310344827586206407e+01 1.167133549307343703e-39
6.198373602414974549e-06 9.310344827586206407e+01 1.471863164873242035e-39
9.804370659727267644e-06 9.310344827586206407e+01 1.849647328355463264e-39
1.550821073383975258e-05 9.310344827586206407e+01 2.330560512273059939e-39
2.453034554814278694e-05 9.310344827586206407e+01 2.916644465261756360e-39
3.880124296984591311e-05 9.310344827586206407e+01 3.672598767731274210e-39
6.137444957920709968e-05 9.310344827586206407e+01 4.631464308210673590e-39
9.707995860024360021e-05 9.310344827586206407e+01 5.811014909036464103e-39
1.535576844507935347e-04 9.310344827586206407e+01 7.321299009078524796e-39
2.428921766539596401e-04 9.310344827586206407e+01 9.173351788410867997e-39
3.841983531511471432e-04 9.310344827586206407e+01 1.154162078970532936e-38
6.077115228554525470e-04 9.310344827586206407e+01 1.451190708498877676e-38
9.612568403332068419e-04 9.310344827586206407e+01 1.829845498736216074e-38
1.520482463037256191e-03 9.310344827586206407e+01 2.299441693297505752e-38
2.405046001651820267e-03 9.310344827586206407e+01 2.892639551891742041e-38
3.804217681345061462e-03 9.310344827586206407e+01 3.651226251537273296e-38
6.017378527112885768e-03 9.310344827586206407e+01 4.593566020572073680e-38
9.518078977477662309e-03 9.310344827586206407e+01 5.804288969900478830e-38
1.505536456005016586e-02 9.310344827586206407e+01 7.421220810378434892e-38
2.381404930263371703e-02 9.310344827586206407e+01 9.539857880853070379e-38
3.766823061150634255e-02 9.310344827586206407e+01 1.249411665542596515e-37
5.958229024262175905e-02 9.310344827586206407e+01 1.703122082141354646e-37
9.424518361825032220e-02 9.310344827586206407e+01 2.567111311100311821e-37
1.490737364923232500e-01 9.310344827586206407e+01 7.366508985995557145e-37
2.357996245388948031e-01 9.310344827586206407e+01 3.479876130539407084e-36
3.729796021819513641e-01 9.310344827586206407e+01 1.251627912345030992e-37
5.899660947969835867e-01 9.310344827586206407e+01 0.000000000000000000e+00
9.999999999999999547e-08 9.931034482758620641e+01 1.842490633009926501e-40
1.581765038478375206e-07 9.931034482758620641e+01 2.317555985121029516e-40
2.501980636952495318e-07 9.931034482758620641e+01 2.920877160695048016e-40
3.957545498481313547e-07 9.931034482758620641e+01 3.672084996859912567e-40
6.259907107685227244e-07 9.931034482758620641e+01 4.617402820987548253e-40
9.901702207058776949e-07 9.931034482758620641e+01 5.813517169965753378e-40
1.566216637254973893e-06 9.931034482758620641e+01 7.290811330258337294e-40
2.477386719493084971e-06 9.931034482758620641e+01 9.188707661346208821e-40
3.918643699684795082e-06 9.931034482758620641e+01 1.154911407853189139e-39
6.198373602414974549e-06 9.931034482758620641e+01 1.451648630203237573e-39
9.804370659727267644e-06 9.931034482758620641e+01 1.826621534636670632e-39
1.550821073383975258e-05 9.931034482758620641e+01 2.294442455564634688e-39
2.453034554814278694e-05 9.931034482758620641e+01 2.882654494559109184e-39
3.880124296984591311e-05 9.931034482758620641e+01 3.629960885277315922e-39
6.137444957920709968e-05 9.931034482758620641e+01 4.554066953860195355e-39
9.707995860024360021e-05 9.931034482758620641e+01 5.726681243410005302e-39
1.535576844507935347e-04 9.931034482758620641e+01 7.210789995972581612e-39
2.428921766539596401e-04 9.931034482758620641e+01 9.054191666208215076e-39
3.841983531511471432e-04 9.931034482758620641e+01 1.135518250627429949e-38
6.077115228554525470e-04 9.931034482758620641e+01 1.425003810762169446e-38
9.612568403332068419e-04 9.931034482758620641e+01 1.789326235317288003e-38
1.520482463037256191e-03 9.931034482758620641e+01 2.251600127361846506e-38
2.405046001651820267e-03 9.931034482758620641e+01 2.816949946251932601e-38
3.804217681345061462e-03 9.931034482758620641e+01 3.540276409456396918e-38
6.017378527112885768e-03 9.931034482758620641e+01 4.459051327930599482e-38
9.518078977477662309e-03 9.931034482758620641e+01 5.619056228870122400e-38
1.505536456005016586e-02 9.931034482758620641e+01 7.120644134403029440e-38
2.381404930263371703e-02 9.931034482758620641e+01 9.108726711399880894e-38
3.766823061150634255e-02 9.931034482758620641e+01 1.185587350202035670e-37
5.958229024262175905e-02 9.931034482758620641e+01 1.612452896603335160e-37
9.424518361825032220e-02 9.931034482758620641e+01 2.546030037256355864e-37
1.490737364923232500e-01 9.931034482758620641e+01 9.141284448041058655e-37
2.357996245388948031e-01 9.931034482758620641e+01 2.711366949403297662e-36
3.729796021819513641e-01 9.931034482758620641e+01 2.646847091421749256e-38
5.899660947969835867e-01 9.931034482758620641e+01 0.000000000000000000e+00
9.999999999999999547e-08 1.055172413793103630e+02 1.799726985497318857e-40
1.581765038478375206e-07 1.055172413793103630e+02 2.265168796074134873e-40
2.501980636952495318e-07 1.055172413793103630e+02 2.850453930585315488e-40
3.957545498481313547e-07 1.055172413793103630e+02 3.579441533033151328e-40
6.259907107685227244e-07 1.055172413793103630e+02 4.499342369586363248e-40
9.901702207058776949e-07 1.055172413793103630e+02 5.654198957730610015e-40
1.566216637254973893e-06 1.055172413793103630e+02 7.130605703924505691e-40
2.477386719493084971e-06 1.055172413793103630e+02 8.965062501049993115e-40
3.918643699684795082e-06 1.055172413793103630e+02 1.125728025443363865e-39
6.198373602414974549e-06 1.055172413793103630e+02 1.416976788023374500e-39
9.804370659727267644e-06 1.055172413793103630e+02 1.778798848464930538e-39
1.550821073383975258e-05 1.055172413793103630e+02 2.238837407827261365e-39
2.453034554814278694e-05 1.055172413793103630e+02 2.812174984557037936e-39
3.880124296984591311e-05 1.055172413793103630e+02 3.531991775651138061e-39
6.137444957920709968e-05 1.055172413793103630e+02 4.449934667253819317e-39
9.707995860024360021e-05 1.055172413793103630e+02 5.571546233012107946e-39
1.535576844507935347e-04 1.055172413793103630e+02 7.000361203968212024e-39
2.428921766539596401e-04 1.055172413793103630e+02 8.779064757581946137e-39
3.841983531511471432e-04 1.055172413793103630e+02 1.102400716459562357e-38
6.077115228554525470e-04 1.055172413793103630e+02 1.381399510946514046e-38
9.612568403332068419e-04 1.055172413793103630e+02 1.733240723252559005e-38
1.520482463037256191e-03 1.055172413793103630e+02 2.176296635474274980e-38
2.405046001651820267e-03 1.055172413793103630e+02 2.722623354910841157e-38
3.804217681345061462e-03 1.055172413793103630e+02 3.410446548498911998e-38
6.017378527112885768e-03 1.055172413793103630e+02 4.274865237723388232e-38
9.518078977477662309e-03 1.055172413793103630e+02 5.372215165325812787e-38
1.505536456005016586e-02 1.055172413793103630e+02 6.762271446825053270e-38
2.381404930263371703e-02 1.055172413793103630e+02 8.569765682186829579e-38
3.766823061150634255e-02 1.055172413793103630e+02 1.117520221249996363e-37
5.958229024262175905e-02 1.055172413793103630e+02 1.516100851103053236e-37
9.424518361825032220e-02 1.055172413793103630e+02 2.589350684296682581e-37
1.490737364923232500e-01 1.055172413793103630e+02 1.114797337370821220e-36
2.357996245388948031e-01 1.055172413793103630e+02 2.019341996972772162e-36
3.729796021819513641e-01 1.055172413793103630e+02 6.442843861731953415e-39
5.899660947969835867e-01 1.055172413793103630e+02 0.000000000000000000e+00
9.999999999999999547e-08 1.117241379310344911e+02 1.738858401158595507e-40
1.581765038478375206e-07 1.117241379310344911e+02 2.187462066599731976e-40
2.501980636952495318e-07 1.117241379310344911e+02 2.746959290678145175e-40
3.957545498481313547e-07 1.117241379310344911e+02 3.448750903703541132e-40
6.259907107685227244e-07 1.117241379310344911e+02 4.351076404258646436e-40
9.901702207058776949e-07 1.117241379310344911e+02 5.469229909371336414e-40
1.566216637254973893e-06 1.117241379310344911e+02 6.869826241535412722e-40
2.477386719493084971e-06 1.117241379310344911e+02 8.649827149637710231e-40
3.918643699684795082e-06 1.117241379310344911e+02 1.085337328552237744e-39
6.198373602414974549e-06 1.117241379310344911e+02 1.362987006894935392e-39
9.804370659727267644e-06 1.117241379310344911e+02 1.715970932667347853e-39
1.550821073383975258e-05 1.117241379310344911e+02 2.156670512221515850e-39
2.453034554814278694e-05 1.117241379310344911e+02 2.704256560954331961e-39
3.880124296984591311e-05 1.117241379310344911e+02 3.406632419765756671e-39
6.137444957920709968e-05 1.117241379310344911e+02 4.268502815006334029e-39
9.707995860024360021e-05 1.117241379310344911e+02 5.370529881260618881e-39
1.535576844507935347e-04 1.117241379310344911e+02 6.743302053644475783e-39
2.428921766539596401e-04 1.117241379310344911e+02 8.438443764686927286e-39
3.841983531511471432e-04 1.117241379310344911e+02 1.058349485041233968e-38
6.077115228554525470e-04 1.117241379310344911e+02 1.326091282071875481e-38
9.612568403332068419e-04 1.117241379310344911e+02 1.662600607248751052e-38
1.520482463037256191e-03 1.117241379310344911e+02 2.080337704206641385e-38
2.405046001651820267e-03 1.117241379310344911e+02 2.592410204551729846e-38
3.804217681345061462e-03 1.117241379310344911e+02 3.237560868775423983e-38
6.017378527112885768e-03 1.117241379310344911e+02 4.051107041722748471e-38
9.518078977477662309e-03 1.117241379310344911e+02 5.062398116207923368e-38
1.505536456005016586e-02 1.117241379310344911e+02 6.344400261225204545e-38
2.381404930263371703e-02 1.117241379310344911e+02 8.026586389952557170e-38
3.766823061150634255e-02 1.117241379310344911e+02 1.043257024251766505e-37
5.958229024262175905e-02 1.117241379310344911e+02 1.425861593158202661e-37
9.424518361825032220e-02 1.117241379310344911e+02 2.671342664681434355e-37
1.490737364923232500e-01 1.117241379310344911e+02 1.258461779100799940e-36
2.357996245388948031e-01 1.117241379310344911e+02 1.447725914776363967e-36
3.729796021819513641e-01 1.117241379310344911e+02 2.038892736076730766e-39
5.899660947969835867e-01 1.117241379310344911e+02 0.000000000000000000e+00
9.999999999999999547e-08 1.179310344827586192e+02 1.650098688315210851e-40
1.581765038478375206e-07 1.179310344827586192e+02 2.076412347760307060e-40
2.501980636952495318e-07 1.179310344827586192e+02 2.611948421611409608e-40
3.957545498481313547e-07 1.179310344827586192e+02 3.280934499043178127e-40
6.259907107685227244e-07 1.179310344827586192e+02 4.135001834383465307e-40
9.901702207058776949e-07 1.179310344827586192e+02 5.196438190918846535e-40
1.566216637254973893e-06 1.179310344827586192e+02 6.536152649901095793e-40
2.477386719493084971e-06 1.179310344827586192e+02 8.230060277007815959e-40
3.918643699684795082e-06 1.179310344827586192e+02 1.031325235369999817e-39
6.198373602414974549e-06 1.179310344827586192e+02 1.296571630440654706e-39
9.804370659727267644e-06 1.179310344827586192e+02 1.632005953352583152e-39
1.550821073383975258e-05 1.179310344827586192e+02 2.047920688458425656e-39
2.453034554814278694e-05 1.179310344827586192e+02 2.573906764916290921e-39
3.880124296984591311e-05 1.179310344827586192e+02 3.236721441901250144e-39
6.137444957920709968e-05 1.179310344827586192e+02 4.060009560780636893e-39
9.707995860024360021e-05 1.179310344827586192e+02 5.088870667807325291e-39
1.535576844507935347e-04 1.179310344827586192e+02 6.370813669507271404e-39
2.428921766539596401e-04 1.179310344827586192e+02 7.997123641265177020e-39
3.841983531511471432e-04 1.179310344827586192e+02 1.002358964913239839e-38
6.077115228554525470e-04 1.179310344827586192e+02 1.252335976766978800e-38
9.612568403332068419e-04 1.179310344827586192e+02 1.564466074985233730e-38
1.520482463037256191e-03 1.179310344827586192e+02 1.958220555561709131e-38
2.405046001651820267e-03 1.179310344827586192e+02 2.447751431553312910e-38
3.804217681345061462e-03 1.179310344827586192e+02 3.042498047524596671e-38
6.017378527112885768e-03 1.179310344827586192e+02 3.781860482067322130e-38
9.518078977477662309e-03 1.179310344827586192e+02 4.720066365281522401e-38
1.505536456005016586e-02 1.179310344827586192e+02 5.894484458225841742e-38
2.381404930263371703e-02 1.179310344827586192e+02 7.452130835597144601e-38
3.766823061150634255e-02 1.179310344827586192e+02 9.616647949212834176e-38
5.958229024262175905e-02 1.179310344827586192e+02 1.339636539178883278e-37
9.424518361825032220e-02 1.179310344827586192e+02 2.782075635034323183e-37
1.490737364923232500e-01 1.179310344827586192e+02 1.306156389057661706e-36
2.357996245388948031e-01 1.179310344827586192e+02 1.008710929691222397e-36
3.729796021819513641e-01 1.179310344827586192e+02 7.593713418514999827e-40
5.899660947969835867e-01 1.179310344827586192e+02 0.000000000000000000e+00
9.999999999999999547e-08 1.241379310344827616e+02 1.548421009515465376e-40
1.581765038478375206e-07 1.241379310344827616e+02 1.945919680068253138e-40
2.501980636952495318e-07 1.241379310344827616e+02 2.440973196712865152e-40
3.957545498481313547e-07 1.241379310344827616e+02 3.077956451902259648e-40
6.259907107685227244e-07 1.241379310344827616e+02 3.868867293951308769e-40
9.901702207058776949e-07 1.241379310344827616e+02 4.864520638730864285e-40
1.566216637254973893e-06 1.241379310344827616e+02 6.115047582280733541e-40
2.477386719493084971e-06 1.241379310344827616e+02 7.681985864452601624e-40
3.918643699684795082e-06 1.241379310344827616e+02 9.653258638564659965e-40
6.198373602414974549e-06 1.241379310344827616e+02 1.218327672634662214e-39
9.804370659727267644e-06 1.241379310344827616e+02 1.528794131244154025e-39
1.550821073383975258e-05 1.241379310344827616e+02 1.917661351355928189e-39
2.453034554814278694e-05 1.241379310344827616e+02 2.403484232365691767e-39
3.880124296984591311e-05 1.241379310344827616e+02 3.013042074401238674e-39
6.137444957920709968e-05 1.241379310344827616e+02 3.791237066690971293e-39
9.707995860024360021e-05 1.241379310344827616e+02 4.749603923872041990e-39
1.535576844507935347e-04 1.241379310344827616e+02 5.970237469566449696e-39
2.428921766539596401e-04 1.241379310344827616e+02 7.463300633987512378e-39
3.841983531511471432e-04 1.241379310344827616e+02 9.356761087132802242e-39
6.077115228554525470e-04 1.241379310344827616e+02 1.167744513509711119e-38
9.612568403332068419e-04 1.241379310344827616e+02 1.458629858055151963e-38
1.520482463037256191e-03 1.241379310344827616e+02 1.817305256887155982e-38
2.405046001651820267e-03 1.241379310344827616e+02 2.263639796578116711e-38
3.804217681345061462e-03 1.241379310344827616e+02 2.808615873917369839e-38
6.017378527112885768e-03 1.241379310344827616e+02 3.490989574818767448e-38
9.518078977477662309e-03 1.241379310344827616e+02 4.341284608567212422e-38
1.505536456005016586e-02 1.241379310344827616e+02 5.400196253959955427e-38
2.381404930263371703e-02 1.241379310344827616e+02 6.806340317993513869e-38
3.766823061150634255e-02 1.241379310344827616e+02 8.795402916768423489e-38
5.958229024262175905e-02 1.241379310344827616e+02 1.248197396296080536e-37
9.424518361825032220e-02 1.241379310344827616e+02 2.908266222120036944e-37
1.490737364923232500e-01 1.241379310344827616e+02 1.259613050177563337e-36
2.357996245388948031e-01 1.241379310344827616e+02 6.760387457725099534e-37
3.729796021819513641e-01 1.241379310344827616e+02 3.247680584137329817e-40
5.899660947969835867e-01 1.241379310344827616e+02 0.000000000000000000e+00
9.999999999999999547e-08 1.303448275862068897e+02 1.424958632705362031e-40
1.581765038478375206e-07 1.303448275862068897e+02 1.791170096827983767e-40
2.501980636952495318e-07 1.303448275862068897e+02 2.256728326487741988e-40
3.957545498481313547e-07 1.303448275862068897e+02 2.828183197671249539e-40
6.259907107685227244e-07 1.303448275862068897e+02 3.561818838551905428e-40
9.901702207058776949e-07 1.303448275862068897e+02 4.464848467790291225e-40
1.566216637254973893e-06 1.303448275862068897e+02 5.628535227504451046e-40
2.477386719493084971e-06 1.303448275862068897e+02 7.074183708105658268e-40
3.918643699684795082e-06 1.303448275862068897e+02 8.900779397618825559e-40
6.198373602414974549e-06 1.303448275862068897e+02 1.116240624058614833e-39
9.804370659727267644e-06 1.303448275862068897e+02 1.404984374007058895e-39
1.550821073383975258e-05 1.303448275862068897e+02 1.760526651309810394e-39
2.453034554814278694e-05 1.303448275862068897e+02 2.215235739631125161e-39
3.880124296984591311e-05 1.303448275862068897e+02 2.778609764902275841e-39
6.137444957920709968e-05 1.303448275862068897e+02 3.485862230759255412e-39
9.707995860024360021e-05 1.303448275862068897e+02 4.369240174182671758e-39
1.535576844507935347e-04 1.303448275862068897e+02 5.489512912069689241e-39
2.428921766539596401e-04 1.303448275862068897e+02 6.854127796310627506e-39
3.841983531511471432e-04 1.303448275862068897e+02 8.582446774797048323e-39
6.077115228554525470e-04 1.303448275862068897e+02 1.068338575460551181e-38
9.612568403332068419e-04 1.303448275862068897e+02 1.334410586609712378e-38
1.520482463037256191e-03 1.303448275862068897e+02 1.661923253399663383e-38
2.405046001651820267e-03 1.303448275862068897e+02 2.062397626380408568e-38
3.804217681345061462e-03 1.303448275862068897e+02 2.561674047561301864e-38
6.017378527112885768e-03 1.303448275862068897e+02 3.167724972940546267e-38
9.518078977477662309e-03 1.303448275862068897e+02 3.930197793775169564e-38
1.505536456005016586e-02 1.303448275862068897e+02 4.889964944098692409e-38
2.381404930263371703e-02 1.303448275862068897e+02 6.136768192651830618e-38
3.766823061150634255e-02 1.303448275862068897e+02 7.932517993154582526e-38
5.958229024262175905e-02 1.303448275862068897e+02 1.164426143318887503e-37
9.424518361825032220e-02 1.303448275862068897e+02 3.014682737240620724e-37
1.490737364923232500e-01 1.303448275862068897e+02 1.127737882440081487e-36
2.357996245388948031e-01 1.303448275862068897e+02 4.283156575688946385e-37
3.729796021819513641e-01 1.303448275862068897e+02 1.426229569370346434e-40
5.899660947969835867e-01 1.303448275862068897e+02 0.000000000000000000e+00
9.999999999999999547e-08 1.365517241379310462e+02 1.286634475555831621e-40
1.581765038478375206e-07 1.365517241379310462e+02 1.612377372657512610e-40
2.501980636952495318e-07 1.365517241379310462e+02 2.029060104375629676e-40
3.957545498481313547e-07 1.365517241379310462e+02 2.557739878757569034e-40
6.259907107685227244e-07 1.365517241379310462e+02 3.216460260628813410e-40
9.901702207058776949e-07 1.365517241379310462e+02 4.038835390585276147e-40
1.566216637254973893e-06 1.365517241379310462e+02 5.069752330230151399e-40
2.477386719493084971e-06 1.365517241379310462e+02 6.378006101831196408e-40
3.918643699684795082e-06 1.365517241379310462e+02 8.018134018489582089e-40
6.198373602414974549e-06 1.365517241379310462e+02 1.006443060995945487e-39
9.804370659727267644e-06 1.365517241379310462e+02 1.269568978616650406e-39
1.550821073383975258e-05 1.365517241379310462e+02 1.590391438372528492e-39
2.453034554814278694e-05 1.365517241379310462e+02 1.995740647131748853e-39
3.880124296984591311e-05 1.365517241379310462e+02 2.504121113417378316e-39
6.137444957920709968e-05 1.365517241379310462e+02 3.142727938679376446e-39
9.707995860024360021e-05 1.365517241379310462e+02 3.939791905423907521e-39
1.535576844507935347e-04 1.365517241379310462e+02 4.936346831094037819e-39
2.428921766539596401e-04 1.365517241379310462e+02 6.176299162146794482e-39
3.841983531511471432e-04 1.365517241379310462e+02 7.713447844895467331e-39
6.077115228554525470e-04 1.365517241379310462e+02 9.619661150224796471e-39
9.612568403332068419e-04 1.365517241379310462e+02 1.197650219769932915e-38
1.520482463037256191e-03 1.365517241379310462e+02 1.488990287128886718e-38
2.405046001651820267e-03 1.365517241379310462e+02 1.847367905791377320e-38
3.804217681345061462e-03 1.365517241379310462e+02 2.289813714977752833e-38
6.017378527112885768e-03 1.365517241379310462e+02 2.828637542669357111e-38
9.518078977477662309e-03 1.365517241379310462e+02 3.492122241330509490e-38
1.505536456005016586e-02 1.365517241379310462e+02 4.334487065902517630e-38
2.381404930263371703e-02 1.365517241379310462e+02 5.441055056773566498e-38
3.766823061150634255e-02 1.365517241379310462e+02 7.049423632724695446e-38
5.958229024262175905e-02 1.365517241379310462e+02 1.073041420113663619e-37
9.424518361825032220e-02 1.365517241379310462e+02 3.059374400944089529e-37
1.490737364923232500e-01 1.365517241379310462e+02 9.608063367154258537e-37
2.357996245388948031e-01 1.365517241379310462e+02 2.647365471958539295e-37
3.729796021819513641e-01 1.365517241379310462e+02 6.435773974821749739e-41
5.899660947969835867e-01 1.365517241379310462e+02 0.000000000000000000e+00
9.999999999999999547e-08 1.427586206896551744e+02 1.131512486135268586e-40
1.581765038478375206e-07 1.427586206896551744e+02 1.421464114337970438e-40
2.501980636952495318e-07 1.427586206896551744e+02 1.788811444438478374e-40
3.957545498481313547e-07 1.427586206896551744e+02 2.250490106016532480e-40
6.259907107685227244e-07 1.427586206896551744e+02 2.822410213916389810e-40
9.901702207058776949e-07 1.427586206896551744e+02 3.553923180906661490e-40
1.566216637254973893e-06 1.427586206896551744e+02 4.458499457071156465e-40
2.477386719493084971e-06 1.427586206896551744e+02 5.618672548861420531e-40
3.918643699684795082e-06 1.427586206896551744e+02 7.057542923971162725e-40
6.198373602414974549e-06 1.427586206896551744e+02 8.869174361459164989e-40
9.804370659727267644e-06 1.427586206896551744e+02 1.114666211364071537e-39
1.550821073383975258e-05 1.427586206896551744e+02 1.398887348587915976e-39
2.453034554814278694e-05 1.427586206896551744e+02 1.754419661335824222e-39
3.880124296984591311e-05 1.427586206896551744e+02 2.206120430985026814e-39
6.137444957920709968e-05 1.427586206896551744e+02 2.755388094108751957e-39
9.707995860024360021e-05 1.427586206896551744e+02 3.456262911413153250e-39
1.535576844507935347e-04 1.427586206896551744e+02 4.332295451874725611e-39
2.428921766539596401e-04 1.427586206896551744e+02 5.421345700450290485e-39
3.841983531511471432e-04 1.427586206896551744e+02 6.759984121585855360e-39
6.077115228554525470e-04 1.427586206896551744e+02 8.413829721212546294e-39
9.612568403332068419e-04 1.427586206896551744e+02 1.047705808460897063e-38
1.520482463037256191e-03 1.427586206896551744e+02 1.303076180724825635e-38
2.405046001651820267e-03 1.427586206896551744e+02 1.614174481074121952e-38
3.804217681345061462e-03 1.427586206896551744e+02 1.997894038103708029e-38
6.017378527112885768e-03 1.427586206896551744e+02 2.457937771298838670e-38
9.518078977477662309e-03 1.427586206896551744e+02 3.037037531520430160e-38
1.505536456005016586e-02 1.427586206896551744e+02 3.756824611033484526e-38
2.381404930263371703e-02 1.427586206896551744e+02 4.700628570352352538e-38
3.766823061150634255e-02 1.427586206896551744e+02 6.128457938443884641e-38
5.958229024262175905e-02 1.427586206896551744e+02 9.752217839896645982e-38
9.424518361825032220e-02 1.427586206896551744e+02 2.993720404020714068e-37
1.490737364923232500e-01 1.427586206896551744e+02 7.860866626872801085e-37
2.357996245388948031e-01 1.427586206896551744e+02 1.613302544665736894e-37
3.729796021819513641e-01 1.427586206896551744e+02 2.907025660942233350e-41
5.899660947969835867e-01 1.427586206896551744e+02 0.000000000000000000e+00
9.999999999999999547e-08 1.489655172413793025e+02 9.627808602516418450e-41
1.581765038478375206e-07 1.489655172413793025e+02 1.211832777046247146e-40
2.501980636952495318e-07 1.489655172413793025e+02 1.526487054359131074e-40
3.957545498481313547e-07 1.489655172413793025e+02 1.916061839570863222e-40
6.259907107685227244e-07 1.489655172413793025e+02 2.410033709933346225e-40
9.901702207058776949e-07 1.489655172413793025e+02 3.028862080248524864e-40
1.566216637254973893e-06 1.489655172413793025e+02 3.809028415938203796e-40
2.477386719493084971e-06 1.489655172413793025e+02 4.791995580233700496e-40
3.918643699684795082e-06 1.489655172413793025e+02 6.028977934515969410e-40
6.198373602414974549e-06 1.489655172413793025e+02 7.573622124043825919e-40
9.804370659727267644e-06 1.489655172413793025e+02 9.473006439982668249e-40
1.550821073383975258e-05 1.489655172413793025e+02 1.192261714028450364e-39
2.453034554814278694e-05 1.489655172413793025e+02 1.494790935378751369e-39
3.880124296984591311e-05 1.489655172413793025e+02 1.878426406452086643e-39
6.137444957920709968e-05 1.489655172413793025e+02 2.350899405416836252e-39
9.707995860024360021e-05 1.489655172413793025e+02 2.940776583002166729e-39
1.535576844507935347e-04 1.489655172413793025e+02 3.678325511287047480e-39
2.428921766539596401e-04 1.489655172413793025e+02 4.599974040168241357e-39
3.841983531511471432e-04 1.489655172413793025e+02 5.737675429577081035e-39
6.077115228554525470e-04 1.489655172413793025e+02 7.155846999931172270e-39
9.612568403332068419e-04 1.489655172413793025e+02 8.906152678874821146e-39
1.520482463037256191e-03 1.489655172413793025e+02 1.102657202824978410e-38
2.405046001651820267e-03 1.489655172413793025e+02 1.367306327225051425e-38
3.804217681345061462e-03 1.489655172413793025e+02 1.688008904720087797e-38
6.017378527112885768e-03 1.489655172413793025e+02 2.079408514338211866e-38
9.518078977477662309e-03 1.489655172413793025e+02 2.558225356437809905e-38
1.505536456005016586e-02 1.489655172413793025e+02 3.161616650858007044e-38
2.381404930263371703e-02 1.489655172413793025e+02 3.962977240800090917e-38
3.766823061150634255e-02 1.489655172413793025e+02 5.175679457739006812e-38
5.958229024262175905e-02 1.489655172413793025e+02 8.567419464861207844e-38
9.424518361825032220e-02 1.489655172413793025e+02 2.778546535067435011e-37
1.490737364923232500e-01 1.489655172413793025e+02 6.233634141173465843e-37
2.357996245388948031e-01 1.489655172413793025e+02 9.615146353953003935e-38
3.729796021819513641e-01 1.489655172413793025e+02 1.368787041062487349e-41
5.899660947969835867e-01 1.489655172413793025e+02 0.000000000000000000e+00
9.999999999999999547e-08 1.551724137931034591e+02 7.830239550178046523e-41
1.581765038478375206e-07 1.551724137931034591e+02 9.850747682712263283e-41
2.501980636952495318e-07 1.551724137931034591e+02 1.240035747590654073e-40
3.957545498481313547e-07 1.551724137931034591e+02 1.561097316214052678e-40
6.259907107685227244e-07 1.551724137931034591e+02 1.962829177763994477e-40
9.901702207058776949e-07 1.551724137931034591e+02 2.468711683020189285e-40
1.566216637254973893e-06 1.551724137931034591e+02 3.107887703450693021e-40
2.477386719493084971e-06 1.551724137931034591e+02 3.898266357002380473e-40
3.918643699684795082e-06 1.551724137931034591e+02 4.897372222444239516e-40
6.198373602414974549e-06 1.551724137931034591e+02 6.148830857078362766e-40
9.804370659727267644e-06 1.551724137931034591e+02 7.719905416902231188e-40
1.550821073383975258e-05 1.551724137931034591e+02 9.703768381411420013e-40
2.453034554814278694e-05 1.551724137931034591e+02 1.214179670070471691e-39
3.880124296984591311e-05 1.551724137931034591e+02 1.526483252871170939e-39
6.137444957920709968e-05 1.551724137931034591e+02 1.909304172635257255e-39
9.707995860024360021e-05 1.551724137931034591e+02 2.400777204611932357e-39
1.535576844507935347e-04 1.551724137931034591e+02 2.993438224784000476e-39
2.428921766539596401e-04 1.551724137931034591e+02 3.744073123658812604e-39
3.841983531511471432e-04 1.551724137931034591e+02 4.662193950915395945e-39
6.077115228554525470e-04 1.551724137931034591e+02 5.818676868323838338e-39
9.612568403332068419e-04 1.551724137931034591e+02 7.215643522815690979e-39
1.520482463037256191e-03 1.551724137931034591e+02 8.949782459856344563e-39
2.405046001651820267e-03 1.551724137931034591e+02 1.105587043403013165e-38
3.804217681345061462e-03 1.551724137931034591e+02 1.364211587306166246e-38
6.017378527112885768e-03 1.551724137931034591e+02 1.675690177039508608e-38
9.518078977477662309e-03 1.551724137931034591e+02 2.065729717872359258e-38
1.505536456005016586e-02 1.551724137931034591e+02 2.548653851220933032e-38
2.381404930263371703e-02 1.551724137931034591e+02 3.192754227045900889e-38
3.766823061150634255e-02 1.551724137931034591e+02 4.205123449561430017e-38
5.958229024262175905e-02 1.551724137931034591e+02 7.143348648886710622e-38
9.424518361825032220e-02 1.551724137931034591e+02 2.433544567252124879e-37
1.490737364923232500e-01 1.551724137931034591e+02 4.726169921761429650e-37
2.357996245388948031e-01 1.551724137931034591e+02 5.671797711833786058e-38
3.729796021819513641e-01 1.551724137931034591e+02 6.420944463196447507e-42
5.899660947969835867e-01 1.551724137931034591e+02 0.000000000000000000e+00
9.999999999999999547e-08 1.613793103448276156e+02 5.962051711991246178e-41
1.581765038478375206e-07 1.613793103448276156e+02 7.510198738519130185e-41
2.501980636952495318e-07 1.613793103448276156e+02 9.424433835261316810e-41
3.957545498481313547e-07 1.613793103448276156e+02 1.186402438365271383e-40
6.259907107685227244e-07 1.613793103448276156e+02 1.490450670662080725e-40
9.901702207058776949e-07 1.613793103448276156e+02 1.878477684449912153e-40
1.566216637254973893e-06 1.613793103448276156e+02 2.357155219332570167e-40
2.477386719493084971e-06 1.613793103448276156e+02 2.961719243939866739e-40
3.918643699684795082e-06 1.613793103448276156e+02 3.715531186168619579e-40
6.198373602414974549e-06 1.613793103448276156e+02 4.680291556341770128e-40
9.804370659727267644e-06 1.613793103448276156e+02 5.866848911806407863e-40
1.550821073383975258e-05 1.613793103448276156e+02 7.338429035691043388e-40
2.453034554814278694e-05 1.613793103448276156e+02 9.244848311038720119e-40
3.880124296984591311e-05 1.613793103448276156e+02 1.160818100119710815e-39
6.137444957920709968e-05 1.613793103448276156e+02 1.453935040786176838e-39
9.707995860024360021e-05 1.613793103448276156e+02 1.817681940379667898e-39
1.535576844507935347e-04 1.613793103448276156e+02 2.277756865685233060e-39
2.428921766539596401e-04 1.613793103448276156e+02 2.845754475451336652e-39
3.841983531511471432e-04 1.613793103448276156e+02 3.536999579574846575e-39
6.077115228554525470e-04 1.613793103448276156e+02 4.401740431084104821e-39
9.612568403332068419e-04 1.613793103448276156e+02 5.473023825506881833e-39
1.520482463037256191e-03 1.613793103448276156e+02 6.775809497881741339e-39
2.405046001651820267e-03 1.613793103448276156e+02 8.359042062577415796e-39
3.804217681345061462e-03 1.613793103448276156e+02 1.031173821308792244e-38
6.017378527112885768e-03 1.613793103448276156e+02 1.267506335399941710e-38
9.518078977477662309e-03 1.613793103448276156e+02 1.558073266354825488e-38
1.505536456005016586e-02 1.613793103448276156e+02 1.923863594012144106e-38
2.381404930263371703e-02 1.613793103448276156e+02 2.407021591235247329e-38
3.766823061150634255e-02 1.613793103448276156e+02 3.187637405803788170e-38
5.958229024262175905e-02 1.613793103448276156e+02 5.572281311569849852e-38
9.424518361825032220e-02 1.613793103448276156e+02 1.928661687348006542e-37
1.490737364923232500e-01 1.613793103448276156e+02 3.393716641270272990e-37
2.357996245388948031e-01 1.613793103448276156e+02 3.374766622128867261e-38
3.729796021819513641e-01 1.613793103448276156e+02 3.165591821727888330e-42
5.899660947969835867e-01 1.613793103448276156e+02 0.000000000000000000e+00
9.999999999999999547e-08 1.675862068965517437e+02 4.017990091925503024e-41
1.581765038478375206e-07 1.675862068965517437e+02 5.046942305235666552e-41
2.501980636952495318e-07 1.675862068965517437e+02 6.349108459520626631e-41
3.957545498481313547e-07 1.675862068965517437e+02 7.997249787258383848e-41
6.259907107685227244e-07 1.675862068965517437e+02 1.003497419611303944e-40
9.901702207058776949e-07 1.675862068965517437e+02 1.261312703986148270e-40
1.566216637254973893e-06 1.675862068965517437e+02 1.588004643712560639e-40
2.477386719493084971e-06 1.675862068965517437e+02 1.996270144403521020e-40
3.918643699684795082e-06 1.675862068965517437e+02 2.504413378737321714e-40
6.198373602414974549e-06 1.675862068965517437e+02 3.138187059725864301e-40
9.804370659727267644e-06 1.675862068965517437e+02 3.946904082287828211e-40
1.550821073383975258e-05 1.675862068965517437e+02 4.963018524065335979e-40
2.453034554814278694e-05 1.675862068965517437e+02 6.223947086917246306e-40
3.880124296984591311e-05 1.675862068965517437e+02 7.807220095255949394e-40
6.137444957920709968e-05 1.675862068965517437e+02 9.777115538789584072e-40
9.707995860024360021e-05 1.675862068965517437e+02 1.223499076854123850e-39
1.535576844507935347e-04 1.675862068965517437e+02 1.530518933233394407e-39
2.428921766539596401e-04 1.675862068965517437e+02 1.913550690482897769e-39
3.841983531511471432e-04 1.675862068965517437e+02 2.380013544417714775e-39
6.077115228554525470e-04 1.675862068965517437e+02 2.961162285816930710e-39
9.612568403332068419e-04 1.675862068965517437e+02 3.673729209130551081e-39
1.520482463037256191e-03 1.675862068965517437e+02 4.555341706716090913e-39
2.405046001651820267e-03 1.675862068965517437e+02 5.616069080313096608e-39
3.804217681345061462e-03 1.675862068965517437e+02 6.932525904326426333e-39
6.017378527112885768e-03 1.675862068965517437e+02 8.496182234835334310e-39
9.518078977477662309e-03 1.675862068965517437e+02 1.041434383991163961e-38
1.505536456005016586e-02 1.675862068965517437e+02 1.289508562980342574e-38
2.381404930263371703e-02 1.675862068965517437e+02 1.615121791231937703e-38
3.766823061150634255e-02 1.675862068965517437e+02 2.143917505680348093e-38
5.958229024262175905e-02 1.675862068965517437e+02 3.793774111926932241e-38
9.424518361825032220e-02 1.675862068965517437e+02 1.351240605926937585e-37
1.490737364923232500e-01 1.675862068965517437e+02 2.187582436782667897e-37
2.357996245388948031e-01 1.675862068965517437e+02 1.847540076535835943e-38
3.729796021819513641e-01 1.675862068965517437e+02 1.532567394194382875e-42
5.899660947969835867e-01 1.675862068965517437e+02 0.000000000000000000e+00
9.999999999999999547e-08 1.737931034482758719e+02 2.020133269374533170e-41
1.581765038478375206e-07 1.737931034482758719e+02 2.543430629908347710e-41
2.501980636952495318e-07 1.737931034482758719e+02 3.194757824788134934e-41
3.957545498481313547e-07 1.737931034482758719e+02 4.003709286215320682e-41
6.259907107685227244e-07 1.737931034482758719e+02 5.054557985977032513e-41
9.901702207058776949e-07 1.737931034482758719e+02 6.345446108772789749e-41
1.566216637254973893e-06 1.737931034482758719e+02 7.974874756700373367e-41
2.477386719493084971e-06 1.737931034482758719e+02 9.997224500586268225e-41
3.918643699684795082e-06 1.737931034482758719e+02 1.261024572426658619e-40
6.198373602414974549e-06 1.737931034482758719e+02 1.581245464403997128e-40
9.804370659727267644e-06 1.737931034482758719e+02 1.988407152978044573e-40
1.550821073383975258e-05 1.737931034482758719e+02 2.497226927868820438e-40
2.453034554814278694e-05 1.737931034482758719e+02 3.124097490574311910e-40
3.880124296984591311e-05 1.737931034482758719e+02 3.919739628616099351e-40
6.137444957920709968e-05 1.737931034482758719e+02 4.928143542374172531e-40
9.707995860024360021e-05 1.737931034482758719e+02 6.155315813600004420e-40
1.535576844507935347e-04 1.737931034482758719e+02 7.699544269777108390e-40
2.428921766539596401e-04 1.737931034482758719e+02 9.602367580249763336e-40
3.841983531511471432e-04 1.737931034482758719e+02 1.195839168504969148e-39
6.077115228554525470e-04 1.737931034482758719e+02 1.486429885858816544e-39
9.612568403332068419e-04 1.737931034482758719e+02 1.854224629004856388e-39
1.520482463037256191e-03 1.737931034482758719e+02 2.284466781837501900e-39
2.405046001651820267e-03 1.737931034482758719e+02 2.814932685897836708e-39
3.804217681345061462e-03 1.737931034482758719e+02 3.470389595497421360e-39
6.017378527112885768e-03 1.737931034482758719e+02 4.255360790318532022e-39
9.518078977477662309e-03 1.737931034482758719e+02 5.229728343995614822e-39
1.505536456005016586e-02 1.737931034482758719e+02 6.458125791284679909e-39
2.381404930263371703e-02 1.737931034482758719e+02 8.101333055686856987e-39
3.766823061150634255e-02 1.737931034482758719e+02 1.076700533972378806e-38
5.958229024262175905e-02 1.737931034482758719e+02 1.942419248616306195e-38
9.424518361825032220e-02 1.737931034482758719e+02 6.945236192877713538e-38
1.490737364923232500e-01 1.737931034482758719e+02 1.067854785234341393e-37
2.357996245388948031e-01 1.737931034482758719e+02 8.294026153488356098e-39
3.729796021819513641e-01 1.737931034482758719e+02 6.348282252148534179e-43
5.899660947969835867e-01 1.737931034482758719e+02 0.000000000000000000e+00
9.999999999999999547e-08 1.800000000000000000e+02 2.284468129116852757e-56
1.581765038478375206e-07 1.800000000000000000e+02 2.875694544015451261e-56
2.501980636952495318e-07 1.800000000000000000e+02 3.614385187534651278e-56
3.957545498481313547e-07 1.800000000000000000e+02 4.541245620097281704e-56
6.259907107685227244e-07 1.800000000000000000e+02 5.711056119623404491e-56
9.901702207058776949e-07 1.800000000000000000e+02 7.175086015729457319e-56
1.566216637254973893e-06 1.800000000000000000e+02 9.031046511600421640e-56
2.477386719493084971e-06 1.800000000000000000e+02 1.133140886916939275e-55
3.918643699684795082e-06 1.800000000000000000e+02 1.425784096976985848e-55
6.198373602414974549e-06 1.800000000000000000e+02 1.795411236065669501e-55
9.804370659727267644e-06 1.800000000000000000e+02 2.246837354104555533e-55
1.550821073383975258e-05 1.800000000000000000e+02 2.823881366451650982e-55
2.453034554814278694e-05 1.800000000000000000e+02 3.548381978877543887e-55
3.880124296984591311e-05 1.800000000000000000e+02 4.435194206940598143e-55
6.137444957920709968e-05 1.800000000000000000e+02 5.557239782507641215e-55
9.707995860024360021e-05 1.800000000000000000e+02 6.967612631815128688e-55
1.535576844507935347e-04 1.800000000000000000e+02 8.712067976374336975e-55
2.428921766539596401e-04 1.800000000000000000e+02 1.087321259554509450e-54
3.841983531511471432e-04 1.800000000000000000e+02 1.356200083330866783e-54
6.077115228554525470e-04 1.800000000000000000e+02 1.684971923369571515e-54
9.612568403332068419e-04 1.800000000000000000e+02 2.090286394035655171e-54
1.520482463037256191e-03 1.800000000000000000e+02 2.595910862142229311e-54
2.405046001651820267e-03 1.800000000000000000e+02 3.209517590057361928e-54
3.804217681345061462e-03 1.800000000000000000e+02 3.930400167692372037e-54
6.017378527112885768e-03 1.800000000000000000e+02 4.837479458345686922e-54
9.518078977477662309e-03 1.800000000000000000e+02 5.934379151899098603e-54
1.505536456005016586e-02 1.800000000000000000e+02 7.298455244158169701e-54
2.381404930263371703e-02 1.800000000000000000e+02 9.135387905074772381e-54
3.766823061150634255e-02 1.800000000000000000e+02 1.219282029052532291e-53
5.958229024262175905e-02 1.800000000000000000e+02 2.207107450696945097e-53
9.424518361825032220e-02 1.800000000000000000e+02 7.859065719197651666e-53
1.490737364923232500e-01 1.800000000000000000e+02 1.196673415200243926e-52
2.357996245388948031e-01 1.800000000000000000e+02 9.054883814202015699e-54
3.729796021819513641e-01 1.800000000000000000e+02 6.589599613435452341e-58
5.899660947969835867e-01 1.800000000000000000e+02 0.000000000000000000e+00
