# atom 16: Tchi 0.6723357536499337 [GeV]; m_chi = 0.01 [GeV]; mS = 0.2 [GeV]; gchi =0.01; gN = 0.01
# Tchi^prime [GeV], theta [degree] ,dsigma/dTchip dtheta [cm^2/GeV]
9.999999999999999547e-08 0.000000000000000000e+00 0.000000000000000000e+00
1.585463217613410812e-07 0.000000000000000000e+00 0.000000000000000000e+00
2.513693614405074964e-07 0.000000000000000000e+00 0.000000000000000000e+00
3.985368765988954567e-07 0.000000000000000000e+00 0.000000000000000000e+00
6.318655587100836409e-07 0.000000000000000000e+00 0.000000000000000000e+00
1.001799601811586755e-06 0.000000000000000000e+00 0.000000000000000000e+00
1.588316420092032202e-06 0.000000000000000000e+00 0.000000000000000000e+00
2.518217261987327143e-06 0.000000000000000000e+00 0.000000000000000000e+00
3.992540842840069515e-06 0.000000000000000000e+00 0.000000000000000000e+00
6.330026651142175928e-06 0.000000000000000000e+00 0.000000000000000000e+00
1.003602442189853816e-05 0.000000000000000000e+00 0.000000000000000000e+00
1.591174757199002686e-05 0.000000000000000000e+00 0.000000000000000000e+00
2.522749050333968757e-05 0.000000000000000000e+00 0.000000000000000000e+00
3.999725826573670141e-05 0.000000000000000000e+00 0.000000000000000000e+00
6.341418178570964038e-05 0.000000000000000000e+00 0.000000000000000000e+00
1.005408526962929517e-04 0.000000000000000000e+00 0.000000000000000000e+00
1.594038238174607465e-04 0.000000000000000000e+00 0.000000000000000000e+00
2.527288994095128194e-04 0.000000000000000000e+00 0.000000000000000000e+00
4.006923740417022524e-04 0.000000000000000000e+00 0.000000000000000000e+00
6.352830206213142764e-04 0.000000000000000000e+00 0.000000000000000000e+00
1.007217861969436721e-03 0.000000000000000000e+00 0.000000000000000000e+00
1.596906872275763488e-03 0.000000000000000000e+00 0.000000000000000000e+00
2.531837107947305064e-03 0.000000000000000000e+00 0.000000000000000000e+00
4.014134607639167213e-03 0.000000000000000000e+00 0.000000000000000000e+00
6.364262770960940792e-03 0.000000000000000000e+00 0.000000000000000000e+00
1.009030453058499567e-02 0.000000000000000000e+00 0.000000000000000000e+00
1.599780668776046300e-02 0.000000000000000000e+00 0.000000000000000000e+00
2.536393406593404759e-02 0.000000000000000000e+00 0.000000000000000000e+00
4.021358451551027696e-02 0.000000000000000000e+00 0.000000000000000000e+00
6.375715909772976253e-02 0.000000000000000000e+00 0.000000000000000000e+00
1.010846306089767666e-01 0.000000000000000000e+00 0.000000000000000000e+00
1.602659636965717282e-01 0.000000000000000000e+00 0.000000000000000000e+00
2.540957904762806696e-01 0.000000000000000000e+00 0.000000000000000000e+00
4.028595295505470464e-01 0.000000000000000000e+00 0.000000000000000000e+00
6.387189659674369357e-01 0.000000000000000000e+00 0.000000000000000000e+00
9.999999999999999547e-08 6.206896551724137900e+00 5.149054829022465660e-42
1.585463217613410812e-07 6.206896551724137900e+00 6.490328718271201117e-42
2.513693614405074964e-07 6.206896551724137900e+00 8.180378205116781193e-42
3.985368765988954567e-07 6.206896551724137900e+00 1.026633517178085718e-41
6.318655587100836409e-07 6.206896551724137900e+00 1.294509985798585163e-41
1.001799601811586755e-06 6.206896551724137900e+00 1.623207613820456526e-41
1.588316420092032202e-06 6.206896551724137900e+00 2.046348326641972144e-41
2.518217261987327143e-06 6.206896551724137900e+00 2.570674324535167485e-41
3.992540842840069515e-06 6.206896551724137900e+00 3.222800860275521678e-41
6.330026651142175928e-06 6.206896551724137900e+00 4.043447092517515170e-41
1.003602442189853816e-05 6.206896551724137900e+00 5.065273363332032506e-41
1.591174757199002686e-05 6.206896551724137900e+00 6.345226993161222482e-41
2.522749050333968757e-05 6.206896551724137900e+00 7.940009633579763386e-41
3.999725826573670141e-05 6.206896551724137900e+00 9.883458895955933294e-41
6.341418178570964038e-05 6.206896551724137900e+00 1.232438014399468516e-40
1.005408526962929517e-04 6.206896551724137900e+00 1.531458841967465637e-40
1.594038238174607465e-04 6.206896551724137900e+00 1.888462591133503826e-40
2.527288994095128194e-04 6.206896551724137900e+00 2.328801502499915008e-40
4.006923740417022524e-04 6.206896551724137900e+00 2.851886905748409896e-40
6.352830206213142764e-04 6.206896551724137900e+00 3.472268134015272866e-40
1.007217861969436721e-03 6.206896551724137900e+00 4.183006909590401433e-40
1.596906872275763488e-03 6.206896551724137900e+00 4.990296428417504023e-40
2.531837107947305064e-03 6.206896551724137900e+00 5.884500793806474194e-40
4.014134607639167213e-03 6.206896551724137900e+00 6.860743835088275104e-40
6.364262770960940792e-03 6.206896551724137900e+00 7.930768490360481523e-40
1.009030453058499567e-02 6.206896551724137900e+00 9.084977126193477880e-40
1.599780668776046300e-02 6.206896551724137900e+00 1.058350759032210704e-39
2.536393406593404759e-02 6.206896551724137900e+00 1.266635871025653107e-39
4.021358451551027696e-02 6.206896551724137900e+00 1.644549118502938509e-39
6.375715909772976253e-02 6.206896551724137900e+00 2.465671854139031108e-39
1.010846306089767666e-01 6.206896551724137900e+00 4.619174176973648188e-39
1.602659636965717282e-01 6.206896551724137900e+00 1.155464677586266391e-38
2.540957904762806696e-01 6.206896551724137900e+00 4.049341929985813818e-38
4.028595295505470464e-01 6.206896551724137900e+00 0.000000000000000000e+00
6.387189659674369357e-01 6.206896551724137900e+00 0.000000000000000000e+00
9.999999999999999547e-08 1.241379310344827580e+01 1.024731929877009310e-41
1.585463217613410812e-07 1.241379310344827580e+01 1.289011029736802096e-41
2.513693614405074964e-07 1.241379310344827580e+01 1.626395461246943158e-41
3.985368765988954567e-07 1.241379310344827580e+01 2.044812492871469438e-41
6.318655587100836409e-07 1.241379310344827580e+01 2.569760050680809178e-41
1.001799601811586755e-06 1.241379310344827580e+01 3.238625948793623120e-41
1.588316420092032202e-06 1.241379310344827580e+01 4.048225249499797372e-41
2.518217261987327143e-06 1.241379310344827580e+01 5.098812622306731124e-41
3.992540842840069515e-06 1.241379310344827580e+01 6.408232843303586640e-41
6.330026651142175928e-06 1.241379310344827580e+01 8.037721143307057114e-41
1.003602442189853816e-05 1.241379310344827580e+01 1.008775151985206608e-40
1.591174757199002686e-05 1.241379310344827580e+01 1.263739648780935877e-40
2.522749050333968757e-05 1.241379310344827580e+01 1.579335553808835026e-40
3.999725826573670141e-05 1.241379310344827580e+01 1.969148374472556450e-40
6.341418178570964038e-05 1.241379310344827580e+01 2.452314404418339387e-40
1.005408526962929517e-04 1.241379310344827580e+01 3.051151353238915976e-40
1.594038238174607465e-04 1.241379310344827580e+01 3.764148969682208077e-40
2.527288994095128194e-04 1.241379310344827580e+01 4.649489438621906298e-40
4.006923740417022524e-04 1.241379310344827580e+01 5.687987887845637490e-40
6.352830206213142764e-04 1.241379310344827580e+01 6.933662800851652810e-40
1.007217861969436721e-03 1.241379310344827580e+01 8.368714010558197957e-40
1.596906872275763488e-03 1.241379310344827580e+01 1.002355873515746393e-39
2.531837107947305064e-03 1.241379310344827580e+01 1.191127678086683250e-39
4.014134607639167213e-03 1.241379310344827580e+01 1.404268120975476627e-39
6.364262770960940792e-03 1.241379310344827580e+01 1.651552415481314657e-39
1.009030453058499567e-02 1.241379310344827580e+01 1.961317804479421366e-39
1.599780668776046300e-02 1.241379310344827580e+01 2.419993440381272589e-39
2.536393406593404759e-02 1.241379310344827580e+01 3.234044566276178424e-39
4.021358451551027696e-02 1.241379310344827580e+01 4.949191636746308641e-39
6.375715909772976253e-02 1.241379310344827580e+01 9.111488111560094955e-39
1.010846306089767666e-01 1.241379310344827580e+01 2.061335486111137765e-38
1.602659636965717282e-01 1.241379310344827580e+01 5.812494364163058309e-38
2.540957904762806696e-01 1.241379310344827580e+01 2.096464944908065313e-37
4.028595295505470464e-01 1.241379310344827580e+01 0.000000000000000000e+00
6.387189659674369357e-01 1.241379310344827580e+01 0.000000000000000000e+00
9.999999999999999547e-08 1.862068965517241281e+01 1.524677790617228355e-41
1.585463217613410812e-07 1.862068965517241281e+01 1.917350932912968962e-41
2.513693614405074964e-07 1.862068965517241281e+01 2.416514379820336682e-41
3.985368765988954567e-07 1.862068965517241281e+01 3.038735108427462374e-41
6.318655587100836409e-07 1.862068965517241281e+01 3.820099204859903951e-41
1.001799601811586755e-06 1.862068965517241281e+01 4.811396025425836134e-41
1.588316420092032202e-06 1.862068965517241281e+01 6.036069786860572640e-41
2.518217261987327143e-06 1.862068965517241281e+01 7.585050157593504451e-41
3.992540842840069515e-06 1.862068965517241281e+01 9.524486891086115196e-41
6.330026651142175928e-06 1.862068965517241281e+01 1.194676378663684339e-40
1.003602442189853816e-05 1.862068965517241281e+01 1.499529133189405599e-40
1.591174757199002686e-05 1.862068965517241281e+01 1.879276574481075473e-40
2.522749050333968757e-05 1.862068965517241281e+01 2.351469278457446327e-40
3.999725826573670141e-05 1.862068965517241281e+01 2.928746169013652202e-40
6.341418178570964038e-05 1.862068965517241281e+01 3.647668534637698330e-40
1.005408526962929517e-04 1.862068965517241281e+01 4.544778827910067947e-40
1.594038238174607465e-04 1.862068965517241281e+01 5.616473180237609990e-40
2.527288994095128194e-04 1.862068965517241281e+01 6.959353477825613027e-40
4.006923740417022524e-04 1.862068965517241281e+01 8.490592721437448922e-40
6.352830206213142764e-04 1.862068965517241281e+01 1.040528206627920248e-39
1.007217861969436721e-03 1.862068965517241281e+01 1.259148046953977912e-39
1.596906872275763488e-03 1.862068965517241281e+01 1.515949954463264751e-39
2.531837107947305064e-03 1.862068965517241281e+01 1.817823210483349032e-39
4.014134607639167213e-03 1.862068965517241281e+01 2.180215615953074219e-39
6.364262770960940792e-03 1.862068965517241281e+01 2.628029857024432337e-39
1.009030453058499567e-02 1.862068965517241281e+01 3.273092340676298353e-39
1.599780668776046300e-02 1.862068965517241281e+01 4.330803832935752109e-39
2.536393406593404759e-02 1.862068965517241281e+01 6.395710251083250626e-39
4.021358451551027696e-02 1.862068965517241281e+01 1.091296009854858399e-38
6.375715909772976253e-02 1.862068965517241281e+01 2.180482604653573352e-38
1.010846306089767666e-01 1.862068965517241281e+01 5.105878980775761004e-38
1.602659636965717282e-01 1.862068965517241281e+01 1.392737240504913875e-37
2.540957904762806696e-01 1.862068965517241281e+01 4.617060450526170613e-37
4.028595295505470464e-01 1.862068965517241281e+01 0.000000000000000000e+00
6.387189659674369357e-01 1.862068965517241281e+01 0.000000000000000000e+00
9.999999999999999547e-08 2.482758620689655160e+01 2.006817441709300176e-41
1.585463217613410812e-07 2.482758620689655160e+01 2.519744687506415124e-41
2.513693614405074964e-07 2.482758620689655160e+01 3.172411347143007928e-41
3.985368765988954567e-07 2.482758620689655160e+01 4.000119943347138911e-41
6.318655587100836409e-07 2.482758620689655160e+01 5.022584519834281638e-41
1.001799601811586755e-06 2.482758620689655160e+01 6.328440548733628224e-41
1.588316420092032202e-06 2.482758620689655160e+01 7.926159810018528443e-41
2.518217261987327143e-06 2.482758620689655160e+01 9.984747880952761978e-41
3.992540842840069515e-06 2.482758620689655160e+01 1.256026262425619509e-40
6.330026651142175928e-06 2.482758620689655160e+01 1.572728490460990419e-40
1.003602442189853816e-05 2.482758620689655160e+01 1.971947488791001320e-40
1.591174757199002686e-05 2.482758620689655160e+01 2.471103261761582659e-40
2.522749050333968757e-05 2.482758620689655160e+01 3.094314787556629562e-40
3.999725826573670141e-05 2.482758620689655160e+01 3.866309299351399486e-40
6.341418178570964038e-05 2.482758620689655160e+01 4.815240556039019926e-40
1.005408526962929517e-04 2.482758620689655160e+01 5.980940974758236391e-40
1.594038238174607465e-04 2.482758620689655160e+01 7.420080083062931999e-40
2.527288994095128194e-04 2.482758620689655160e+01 9.166599091271111613e-40
4.006923740417022524e-04 2.482758620689655160e+01 1.127736622481666194e-39
6.352830206213142764e-04 2.482758620689655160e+01 1.383393885148987056e-39
1.007217861969436721e-03 2.482758620689655160e+01 1.684108260309938599e-39
1.596906872275763488e-03 2.482758620689655160e+01 2.044616977713503127e-39
2.531837107947305064e-03 2.482758620689655160e+01 2.481265962752470358e-39
4.014134607639167213e-03 2.482758620689655160e+01 3.021144370610898972e-39
6.364262770960940792e-03 2.482758620689655160e+01 3.765047868060539347e-39
1.009030453058499567e-02 2.482758620689655160e+01 4.903783757460792532e-39
1.599780668776046300e-02 2.482758620689655160e+01 6.923008121738036772e-39
2.536393406593404759e-02 2.482758620689655160e+01 1.087563271681292254e-38
4.021358451551027696e-02 2.482758620689655160e+01 1.958671769876801297e-38
6.375715909772976253e-02 2.482758620689655160e+01 3.977744926453690943e-38
1.010846306089767666e-01 2.482758620689655160e+01 9.013704212155875083e-38
1.602659636965717282e-01 2.482758620689655160e+01 2.299680898592838875e-37
2.540957904762806696e-01 2.482758620689655160e+01 6.905059982395835576e-37
4.028595295505470464e-01 2.482758620689655160e+01 2.880059626853614920e-36
6.387189659674369357e-01 2.482758620689655160e+01 0.000000000000000000e+00
9.999999999999999547e-08 3.103448275862069039e+01 2.462241935340277229e-41
1.585463217613410812e-07 3.103448275862069039e+01 3.095322838831248065e-41
2.513693614405074964e-07 3.103448275862069039e+01 3.910419908171807613e-41
3.985368765988954567e-07 3.103448275862069039e+01 4.897391547341558723e-41
6.318655587100836409e-07 3.103448275862069039e+01 6.166228564443301830e-41
1.001799601811586755e-06 3.103448275862069039e+01 7.760283540534454064e-41
1.588316420092032202e-06 3.103448275862069039e+01 9.782512730300935310e-41
2.518217261987327143e-06 3.103448275862069039e+01 1.226850894623946005e-40
3.992540842840069515e-06 3.103448275862069039e+01 1.538154253937334049e-40
6.330026651142175928e-06 3.103448275862069039e+01 1.929798772376544319e-40
1.003602442189853816e-05 3.103448275862069039e+01 2.424456815021056591e-40
1.591174757199002686e-05 3.103448275862069039e+01 3.040789092295650077e-40
2.522749050333968757e-05 3.103448275862069039e+01 3.801556889748890718e-40
3.999725826573670141e-05 3.103448275862069039e+01 4.750118673508823990e-40
6.341418178570964038e-05 3.103448275862069039e+01 5.931299429931397326e-40
1.005408526962929517e-04 3.103448275862069039e+01 7.385016193813574987e-40
1.594038238174607465e-04 3.103448275862069039e+01 9.193702330824937073e-40
2.527288994095128194e-04 3.103448275862069039e+01 1.136605077520651432e-39
4.006923740417022524e-04 3.103448275862069039e+01 1.397909631878574260e-39
6.352830206213142764e-04 3.103448275862069039e+01 1.718073676522563091e-39
1.007217861969436721e-03 3.103448275862069039e+01 2.109511060511466400e-39
1.596906872275763488e-03 3.103448275862069039e+01 2.582808351100107623e-39
2.531837107947305064e-03 3.103448275862069039e+01 3.169480117773817782e-39
4.014134607639167213e-03 3.103448275862069039e+01 3.947491580061170698e-39
6.364262770960940792e-03 3.103448275862069039e+01 5.063248029888787764e-39
1.009030453058499567e-02 3.103448275862069039e+01 6.855429463014318468e-39
1.599780668776046300e-02 3.103448275862069039e+01 1.010542688936588060e-38
2.536393406593404759e-02 3.103448275862069039e+01 1.655415720457983174e-38
4.021358451551027696e-02 3.103448275862069039e+01 3.013223523749055820e-38
6.375715909772976253e-02 3.103448275862069039e+01 6.007467867289177564e-38
1.010846306089767666e-01 3.103448275862069039e+01 1.298614717552575654e-37
1.602659636965717282e-01 3.103448275862069039e+01 3.083375585763477572e-37
2.540957904762806696e-01 3.103448275862069039e+01 8.498268156737939406e-37
4.028595295505470464e-01 3.103448275862069039e+01 3.304454522870128370e-36
6.387189659674369357e-01 3.103448275862069039e+01 0.000000000000000000e+00
9.999999999999999547e-08 3.724137931034482563e+01 2.892297883719703142e-41
1.585463217613410812e-07 3.724137931034482563e+01 3.643158223734961720e-41
2.513693614405074964e-07 3.724137931034482563e+01 4.578923337401795994e-41
3.985368765988954567e-07 3.724137931034482563e+01 5.749979617587710786e-41
6.318655587100836409e-07 3.724137931034482563e+01 7.230176319550612652e-41
1.001799601811586755e-06 3.724137931034482563e+01 9.110781733599910048e-41
1.588316420092032202e-06 3.724137931034482563e+01 1.144804452268613139e-40
2.518217261987327143e-06 3.724137931034482563e+01 1.438505784748278203e-40
3.992540842840069515e-06 3.724137931034482563e+01 1.810854742490780221e-40
6.330026651142175928e-06 3.724137931034482563e+01 2.274648857916561227e-40
1.003602442189853816e-05 3.724137931034482563e+01 2.847495784844175306e-40
1.591174757199002686e-05 3.724137931034482563e+01 3.566506387686691477e-40
2.522749050333968757e-05 3.724137931034482563e+01 4.467968562121972507e-40
3.999725826573670141e-05 3.724137931034482563e+01 5.602697902334661972e-40
6.341418178570964038e-05 3.724137931034482563e+01 6.991664861762814034e-40
1.005408526962929517e-04 3.724137931034482563e+01 8.712717238734954307e-40
1.594038238174607465e-04 3.724137931034482563e+01 1.085087136064425113e-39
2.527288994095128194e-04 3.724137931034482563e+01 1.346269256278448746e-39
4.006923740417022524e-04 3.724137931034482563e+01 1.663241738527813928e-39
6.352830206213142764e-04 3.724137931034482563e+01 2.050488395904068957e-39
1.007217861969436721e-03 3.724137931034482563e+01 2.530515691457642126e-39
1.596906872275763488e-03 3.724137931034482563e+01 3.127636151089157299e-39
2.531837107947305064e-03 3.724137931034482563e+01 3.904273294138535147e-39
4.014134607639167213e-03 3.724137931034482563e+01 4.954645589237092062e-39
6.364262770960940792e-03 3.724137931034482563e+01 6.516882378913738409e-39
1.009030453058499567e-02 3.724137931034482563e+01 9.109099042218203539e-39
1.599780668776046300e-02 3.724137931034482563e+01 1.376543941273874336e-38
2.536393406593404759e-02 3.724137931034482563e+01 2.297231510210516130e-38
4.021358451551027696e-02 3.724137931034482563e+01 4.152708289214343919e-38
6.375715909772976253e-02 3.724137931034482563e+01 8.032706814386278649e-38
1.010846306089767666e-01 3.724137931034482563e+01 1.645555275439243693e-37
1.602659636965717282e-01 3.724137931034482563e+01 3.644308280668971907e-37
2.540957904762806696e-01 3.724137931034482563e+01 9.348703996675402428e-37
4.028595295505470464e-01 3.724137931034482563e+01 3.643275240165354192e-36
6.387189659674369357e-01 3.724137931034482563e+01 0.000000000000000000e+00
9.999999999999999547e-08 4.344827586206896797e+01 3.283705192377588631e-41
1.585463217613410812e-07 4.344827586206896797e+01 4.136522035642081767e-41
2.513693614405074964e-07 4.344827586206896797e+01 5.203586072094950834e-41
3.985368765988954567e-07 4.344827586206896797e+01 6.546626675849827531e-41
6.318655587100836409e-07 4.344827586206896797e+01 8.235173651821314118e-41
1.001799601811586755e-06 4.344827586206896797e+01 1.031318391008229351e-40
1.588316420092032202e-06 4.344827586206896797e+01 1.302879257862739313e-40
2.518217261987327143e-06 4.344827586206896797e+01 1.636332961209362652e-40
3.992540842840069515e-06 4.344827586206896797e+01 2.056998520542573911e-40
6.330026651142175928e-06 4.344827586206896797e+01 2.581521360676302550e-40
1.003602442189853816e-05 4.344827586206896797e+01 3.234444444446015300e-40
1.591174757199002686e-05 4.344827586206896797e+01 4.068143956744091551e-40
2.522749050333968757e-05 4.344827586206896797e+01 5.115304088496154079e-40
3.999725826573670141e-05 4.344827586206896797e+01 6.387625637361277332e-40
6.341418178570964038e-05 4.344827586206896797e+01 7.975537231609749854e-40
1.005408526962929517e-04 4.344827586206896797e+01 9.952741173166737117e-40
1.594038238174607465e-04 4.344827586206896797e+01 1.240979603399125447e-39
2.527288994095128194e-04 4.344827586206896797e+01 1.543184931604105916e-39
4.006923740417022524e-04 4.344827586206896797e+01 1.919850882643221599e-39
6.352830206213142764e-04 4.344827586206896797e+01 2.377745623517919052e-39
1.007217861969436721e-03 4.344827586206896797e+01 2.949846069032350433e-39
1.596906872275763488e-03 4.344827586206896797e+01 3.687677530558847247e-39
2.531837107947305064e-03 4.344827586206896797e+01 4.640767749314300720e-39
4.014134607639167213e-03 4.344827586206896797e+01 6.007847550061128233e-39
6.364262770960940792e-03 4.344827586206896797e+01 8.082838637167098105e-39
1.009030453058499567e-02 4.344827586206896797e+01 1.156032817717895912e-38
1.599780668776046300e-02 4.344827586206896797e+01 1.774432740707401511e-38
2.536393406593404759e-02 4.344827586206896797e+01 2.952812929822014740e-38
4.021358451551027696e-02 4.344827586206896797e+01 5.266639032232575594e-38
6.375715909772976253e-02 4.344827586206896797e+01 9.778148509146589327e-38
1.010846306089767666e-01 4.344827586206896797e+01 1.904763102572499840e-37
1.602659636965717282e-01 4.344827586206896797e+01 3.977690140146599856e-37
2.540957904762806696e-01 4.344827586206896797e+01 9.708585150148252939e-37
4.028595295505470464e-01 4.344827586206896797e+01 4.515441410950327438e-36
6.387189659674369357e-01 4.344827586206896797e+01 0.000000000000000000e+00
9.999999999999999547e-08 4.965517241379310320e+01 3.632361664655243511e-41
1.585463217613410812e-07 4.965517241379310320e+01 4.580779755785296570e-41
2.513693614405074964e-07 4.965517241379310320e+01 5.761675637081869100e-41
3.985368765988954567e-07 4.965517241379310320e+01 7.253250798616374160e-41
6.318655587100836409e-07 4.965517241379310320e+01 9.121294182095314120e-41
1.001799601811586755e-06 4.965517241379310320e+01 1.146274362080227115e-40
1.588316420092032202e-06 4.965517241379310320e+01 1.446531603573612008e-40
2.518217261987327143e-06 4.965517241379310320e+01 1.815620697692736567e-40
3.992540842840069515e-06 4.965517241379310320e+01 2.286058226716906238e-40
6.330026651142175928e-06 4.965517241379310320e+01 2.865161989047991801e-40
1.003602442189853816e-05 4.965517241379310320e+01 3.607062059053051650e-40
1.591174757199002686e-05 4.965517241379310320e+01 4.520395467167485153e-40
2.522749050333968757e-05 4.965517241379310320e+01 5.669745791430200697e-40
3.999725826573670141e-05 4.965517241379310320e+01 7.086133581659605275e-40
6.341418178570964038e-05 4.965517241379310320e+01 8.889699573850952731e-40
1.005408526962929517e-04 4.965517241379310320e+01 1.111118860763230220e-39
1.594038238174607465e-04 4.965517241379310320e+01 1.388663878995217937e-39
2.527288994095128194e-04 4.965517241379310320e+01 1.724514909423207361e-39
4.006923740417022524e-04 4.965517241379310320e+01 2.156749627458034251e-39
6.352830206213142764e-04 4.965517241379310320e+01 2.684064920185110353e-39
1.007217861969436721e-03 4.965517241379310320e+01 3.362072422980752654e-39
1.596906872275763488e-03 4.965517241379310320e+01 4.223277890671443474e-39
2.531837107947305064e-03 4.965517241379310320e+01 5.407100359864178164e-39
4.014134607639167213e-03 4.965517241379310320e+01 7.093472715827070536e-39
6.364262770960940792e-03 4.965517241379310320e+01 9.701374452701309624e-39
1.009030453058499567e-02 4.965517241379310320e+01 1.402527095617067972e-38
1.599780668776046300e-02 4.965517241379310320e+01 2.175754299067077346e-38
2.536393406593404759e-02 4.965517241379310320e+01 3.593769589173963242e-38
4.021358451551027696e-02 4.965517241379310320e+01 6.244580179489851173e-38
6.375715909772976253e-02 4.965517241379310320e+01 1.122449586681517735e-37
1.010846306089767666e-01 4.965517241379310320e+01 2.078760758105083778e-37
1.602659636965717282e-01 4.965517241379310320e+01 4.148877995955423954e-37
2.540957904762806696e-01 4.965517241379310320e+01 9.720027177205286982e-37
4.028595295505470464e-01 4.965517241379310320e+01 6.693440092411027853e-36
6.387189659674369357e-01 4.965517241379310320e+01 0.000000000000000000e+00
9.999999999999999547e-08 5.586206896551724554e+01 3.955773093266484112e-41
1.585463217613410812e-07 5.586206896551724554e+01 4.973079393254529283e-41
2.513693614405074964e-07 5.586206896551724554e+01 6.263239136327780978e-41
3.985368765988954567e-07 5.586206896551724554e+01 7.884744925717715934e-41
6.318655587100836409e-07 5.586206896551724554e+01 9.934740484084041464e-41
1.001799601811586755e-06 5.586206896551724554e+01 1.247391261134583583e-40
1.588316420092032202e-06 5.586206896551724554e+01 1.573273603429459803e-40
2.518217261987327143e-06 5.586206896551724554e+01 1.978337987256647125e-40
3.992540842840069515e-06 5.586206896551724554e+01 2.483981382903913750e-40
6.330026651142175928e-06 5.586206896551724554e+01 3.126183539323984349e-40
1.003602442189853816e-05 5.586206896551724554e+01 3.918791797438186570e-40
1.591174757199002686e-05 5.586206896551724554e+01 4.905942346810521016e-40
2.522749050333968757e-05 5.586206896551724554e+01 6.190970525292942353e-40
3.999725826573670141e-05 5.586206896551724554e+01 7.721584347733130202e-40
6.341418178570964038e-05 5.586206896551724554e+01 9.695514620211701833e-40
1.005408526962929517e-04 5.586206896551724554e+01 1.217031163736650108e-39
1.594038238174607465e-04 5.586206896551724554e+01 1.521184127071947702e-39
2.527288994095128194e-04 5.586206896551724554e+01 1.898424779924132526e-39
4.006923740417022524e-04 5.586206896551724554e+01 2.375439848117370444e-39
6.352830206213142764e-04 5.586206896551724554e+01 2.973700012922088694e-39
1.007217861969436721e-03 5.586206896551724554e+01 3.747343012421497447e-39
1.596906872275763488e-03 5.586206896551724554e+01 4.763321241394262856e-39
2.531837107947305064e-03 5.586206896551724554e+01 6.148650480625675462e-39
4.014134607639167213e-03 5.586206896551724554e+01 8.160058988837426462e-39
6.364262770960940792e-03 5.586206896551724554e+01 1.129875809369915638e-38
1.009030453058499567e-02 5.586206896551724554e+01 1.654720221338437694e-38
1.599780668776046300e-02 5.586206896551724554e+01 2.560807068048105178e-38
2.536393406593404759e-02 5.586206896551724554e+01 4.168433574964951487e-38
4.021358451551027696e-02 5.586206896551724554e+01 7.055786585385487653e-38
6.375715909772976253e-02 5.586206896551724554e+01 1.223198838045204513e-37
1.010846306089767666e-01 5.586206896551724554e+01 2.181044929595054754e-37
1.602659636965717282e-01 5.586206896551724554e+01 4.186333266414436278e-37
2.540957904762806696e-01 5.586206896551724554e+01 9.506694956685861466e-37
4.028595295505470464e-01 5.586206896551724554e+01 1.055248418324319465e-35
6.387189659674369357e-01 5.586206896551724554e+01 0.000000000000000000e+00
9.999999999999999547e-08 6.206896551724138078e+01 4.213253236361413222e-41
1.585463217613410812e-07 6.206896551724138078e+01 5.303279253857535627e-41
2.513693614405074964e-07 6.206896551724138078e+01 6.683240198379783433e-41
3.985368765988954567e-07 6.206896551724138078e+01 8.407132745425821060e-41
6.318655587100836409e-07 6.206896551724138078e+01 1.060031636168096396e-40
1.001799601811586755e-06 6.206896551724138078e+01 1.330488258078051065e-40
1.588316420092032202e-06 6.206896551724138078e+01 1.678950672403567203e-40
2.518217261987327143e-06 6.206896551724138078e+01 2.112308931312668114e-40
3.992540842840069515e-06 6.206896551724138078e+01 2.660173603074596674e-40
6.330026651142175928e-06 6.206896551724138078e+01 3.334210883564007106e-40
1.003602442189853816e-05 6.206896551724138078e+01 4.194817782231691043e-40
1.591174757199002686e-05 6.206896551724138078e+01 5.264638322256515887e-40
2.522749050333968757e-05 6.206896551724138078e+01 6.614540368761655216e-40
3.999725826573670141e-05 6.206896551724138078e+01 8.287960009686767355e-40
6.341418178570964038e-05 6.206896551724138078e+01 1.045154808320820200e-39
1.005408526962929517e-04 6.206896551724138078e+01 1.305799185672837119e-39
1.594038238174607465e-04 6.206896551724138078e+01 1.636478047181294500e-39
2.527288994095128194e-04 6.206896551724138078e+01 2.053236784614457765e-39
4.006923740417022524e-04 6.206896551724138078e+01 2.575211282975388132e-39
6.352830206213142764e-04 6.206896551724138078e+01 3.239761568983677795e-39
1.007217861969436721e-03 6.206896551724138078e+01 4.105384168467409432e-39
1.596906872275763488e-03 6.206896551724138078e+01 5.260763993721728594e-39
2.531837107947305064e-03 6.206896551724138078e+01 6.860779136277768082e-39
4.014134607639167213e-03 6.206896551724138078e+01 9.188482257842359259e-39
6.364262770960940792e-03 6.206896551724138078e+01 1.284351052883190468e-38
1.009030453058499567e-02 6.206896551724138078e+01 1.881941466780142833e-38
1.599780668776046300e-02 6.206896551724138078e+01 2.905463662481120034e-38
2.536393406593404759e-02 6.206896551724138078e+01 4.662227869686146579e-38
4.021358451551027696e-02 6.206896551724138078e+01 7.681669191554003109e-38
6.375715909772976253e-02 6.206896551724138078e+01 1.285950371301215938e-37
1.010846306089767666e-01 6.206896551724138078e+01 2.219721186350210974e-37
1.602659636965717282e-01 6.206896551724138078e+01 4.123118414455407983e-37
2.540957904762806696e-01 6.206896551724138078e+01 9.223320772244967516e-37
4.028595295505470464e-01 6.206896551724138078e+01 1.387383185766582795e-35
6.387189659674369357e-01 6.206896551724138078e+01 0.000000000000000000e+00
9.999999999999999547e-08 6.827586206896552312e+01 4.444612221315846548e-41
1.585463217613410812e-07 6.827586206896552312e+01 5.592484556403974262e-41
2.513693614405074964e-07 6.827586206896552312e+01 7.027615512482307389e-41
3.985368765988954567e-07 6.827586206896552312e+01 8.858772641602977338e-41
6.318655587100836409e-07 6.827586206896552312e+01 1.115702713618517987e-40
1.001799601811586755e-06 6.827586206896552312e+01 1.404118619095292943e-40
1.588316420092032202e-06 6.827586206896552312e+01 1.764653020864865199e-40
2.518217261987327143e-06 6.827586206896552312e+01 2.220969342062278460e-40
3.992540842840069515e-06 6.827586206896552312e+01 2.798632269626024816e-40
6.330026651142175928e-06 6.827586206896552312e+01 3.520803929109155502e-40
1.003602442189853816e-05 6.827586206896552312e+01 4.413205175958174279e-40
1.591174757199002686e-05 6.827586206896552312e+01 5.551149868646426813e-40
2.522749050333968757e-05 6.827586206896552312e+01 6.983729283303376938e-40
3.999725826573670141e-05 6.827586206896552312e+01 8.765061872908395597e-40
6.341418178570964038e-05 6.827586206896552312e+01 1.099103337596153243e-39
1.005408526962929517e-04 6.827586206896552312e+01 1.384441315373953349e-39
1.594038238174607465e-04 6.827586206896552312e+01 1.738309819636624127e-39
2.527288994095128194e-04 6.827586206896552312e+01 2.185196458999062557e-39
4.006923740417022524e-04 6.827586206896552312e+01 2.751273442276951410e-39
6.352830206213142764e-04 6.827586206896552312e+01 3.476901269205200381e-39
1.007217861969436721e-03 6.827586206896552312e+01 4.433383826726158263e-39
1.596906872275763488e-03 6.827586206896552312e+01 5.705916245590339986e-39
2.531837107947305064e-03 6.827586206896552312e+01 7.508504389649760224e-39
4.014134607639167213e-03 6.827586206896552312e+01 1.014899720898235592e-38
6.364262770960940792e-03 6.827586206896552312e+01 1.423373814122489696e-38
1.009030453058499567e-02 6.827586206896552312e+01 2.090289289066685697e-38
1.599780668776046300e-02 6.827586206896552312e+01 3.190485916111859870e-38
2.536393406593404759e-02 6.827586206896552312e+01 5.041321261635163315e-38
4.021358451551027696e-02 6.827586206896552312e+01 8.108680286783047267e-38
6.375715909772976253e-02 6.827586206896552312e+01 1.323795079581052242e-37
1.010846306089767666e-01 6.827586206896552312e+01 2.209102282339006498e-37
1.602659636965717282e-01 6.827586206896552312e+01 4.013120729610885388e-37
2.540957904762806696e-01 6.827586206896552312e+01 9.002592918256511765e-37
4.028595295505470464e-01 6.827586206896552312e+01 1.360403221326458569e-35
6.387189659674369357e-01 6.827586206896552312e+01 0.000000000000000000e+00
9.999999999999999547e-08 7.448275862068965125e+01 4.607469497972097114e-41
1.585463217613410812e-07 7.448275862068965125e+01 5.791996680159452075e-41
2.513693614405074964e-07 7.448275862068965125e+01 7.310751572477303779e-41
3.985368765988954567e-07 7.448275862068965125e+01 9.191879326715681896e-41
6.318655587100836409e-07 7.448275862068965125e+01 1.156476874894186802e-40
1.001799601811586755e-06 7.448275862068965125e+01 1.456759919056279728e-40
1.588316420092032202e-06 7.448275862068965125e+01 1.830886874462703464e-40
2.518217261987327143e-06 7.448275862068965125e+01 2.309379053566132260e-40
3.992540842840069515e-06 7.448275862068965125e+01 2.903794154217195223e-40
6.330026651142175928e-06 7.448275862068965125e+01 3.648814337449325346e-40
1.003602442189853816e-05 7.448275862068965125e+01 4.589228343364283663e-40
1.591174757199002686e-05 7.448275862068965125e+01 5.788427009910476995e-40
2.522749050333968757e-05 7.448275862068965125e+01 7.257352816815706886e-40
3.999725826573670141e-05 7.448275862068965125e+01 9.126663574452052694e-40
6.341418178570964038e-05 7.448275862068965125e+01 1.148402883086198566e-39
1.005408526962929517e-04 7.448275862068965125e+01 1.444947997833609439e-39
1.594038238174607465e-04 7.448275862068965125e+01 1.821893243608600283e-39
2.527288994095128194e-04 7.448275862068965125e+01 2.290896611137877210e-39
4.006923740417022524e-04 7.448275862068965125e+01 2.900111951844375268e-39
6.352830206213142764e-04 7.448275862068965125e+01 3.678453545574586833e-39
1.007217861969436721e-03 7.448275862068965125e+01 4.716253310076204728e-39
1.596906872275763488e-03 7.448275862068965125e+01 6.102714987258487608e-39
2.531837107947305064e-03 7.448275862068965125e+01 8.089231613025197107e-39
4.014134607639167213e-03 7.448275862068965125e+01 1.099256475339767883e-38
6.364262770960940792e-03 7.448275862068965125e+01 1.545466360997291710e-38
1.009030453058499567e-02 7.448275862068965125e+01 2.263028671853699677e-38
1.599780668776046300e-02 7.448275862068965125e+01 3.423421061170092440e-38
2.536393406593404759e-02 7.448275862068965125e+01 5.319381266587932405e-38
4.021358451551027696e-02 7.448275862068965125e+01 8.344175956962486303e-38
6.375715909772976253e-02 7.448275862068965125e+01 1.327421870624101778e-37
1.010846306089767666e-01 7.448275862068965125e+01 2.167223916628718670e-37
1.602659636965717282e-01 7.448275862068965125e+01 3.842804744119391530e-37
2.540957904762806696e-01 7.448275862068965125e+01 9.113520943121225080e-37
4.028595295505470464e-01 7.448275862068965125e+01 1.088092832487073058e-35
6.387189659674369357e-01 7.448275862068965125e+01 0.000000000000000000e+00
9.999999999999999547e-08 8.068965517241380780e+01 4.719353224839806629e-41
1.585463217613410812e-07 8.068965517241380780e+01 5.944450785219775449e-41
2.513693614405074964e-07 8.068965517241380780e+01 7.469880051567227989e-41
3.985368765988954567e-07 8.068965517241380780e+01 9.445092153354560049e-41
6.318655587100836409e-07 8.068965517241380780e+01 1.186542772706933471e-40
1.001799601811586755e-06 8.068965517241380780e+01 1.493851433573500033e-40
1.588316420092032202e-06 8.068965517241380780e+01 1.877960406586624557e-40
2.518217261987327143e-06 8.068965517241380780e+01 2.365250063117319136e-40
3.992540842840069515e-06 8.068965517241380780e+01 2.976699755066589034e-40
6.330026651142175928e-06 8.068965517241380780e+01 3.741417072973846888e-40
1.003602442189853816e-05 8.068965517241380780e+01 4.711332814505954881e-40
1.591174757199002686e-05 8.068965517241380780e+01 5.932675230386190140e-40
2.522749050333968757e-05 8.068965517241380780e+01 7.475065856937320195e-40
3.999725826573670141e-05 8.068965517241380780e+01 9.402227133095066810e-40
6.341418178570964038e-05 8.068965517241380780e+01 1.182178787656342908e-39
1.005408526962929517e-04 8.068965517241380780e+01 1.492527751600491346e-39
1.594038238174607465e-04 8.068965517241380780e+01 1.885257574648786561e-39
2.527288994095128194e-04 8.068965517241380780e+01 2.375207979050897841e-39
4.006923740417022524e-04 8.068965517241380780e+01 3.019040953147031720e-39
6.352830206213142764e-04 8.068965517241380780e+01 3.838680130650478529e-39
1.007217861969436721e-03 8.068965517241380780e+01 4.945901502129750404e-39
1.596906872275763488e-03 8.068965517241380780e+01 6.442941450375520690e-39
2.531837107947305064e-03 8.068965517241380780e+01 8.562885861584790346e-39
4.014134607639167213e-03 8.068965517241380780e+01 1.166683826639929323e-38
6.364262770960940792e-03 8.068965517241380780e+01 1.645019132693712806e-38
1.009030453058499567e-02 8.068965517241380780e+01 2.392271463477106624e-38
1.599780668776046300e-02 8.068965517241380780e+01 3.582596577461805559e-38
2.536393406593404759e-02 8.068965517241380780e+01 5.475382860125168512e-38
4.021358451551027696e-02 8.068965517241380780e+01 8.436817573060529536e-38
6.375715909772976253e-02 8.068965517241380780e+01 1.309902584425613263e-37
1.010846306089767666e-01 8.068965517241380780e+01 2.097193268059529541e-37
1.602659636965717282e-01 8.068965517241380780e+01 3.662026072624530799e-37
2.540957904762806696e-01 8.068965517241380780e+01 9.796282549251291451e-37
4.028595295505470464e-01 8.068965517241380780e+01 7.694323389880661980e-36
6.387189659674369357e-01 8.068965517241380780e+01 0.000000000000000000e+00
9.999999999999999547e-08 8.689655172413793593e+01 4.774933140672311822e-41
1.585463217613410812e-07 8.689655172413793593e+01 6.009838921326449219e-41
2.513693614405074964e-07 8.689655172413793593e+01 7.566205650772769102e-41
3.985368765988954567e-07 8.689655172413793593e+01 9.547086359087297436e-41
6.318655587100836409e-07 8.689655172413793593e+01 1.198975331886296016e-40
1.001799601811586755e-06 8.689655172413793593e+01 1.512170533786052818e-40
1.588316420092032202e-06 8.689655172413793593e+01 1.905006661904969773e-40
2.518217261987327143e-06 8.689655172413793593e+01 2.395232441665569164e-40
3.992540842840069515e-06 8.689655172413793593e+01 3.016619996838257425e-40
6.330026651142175928e-06 8.689655172413793593e+01 3.796916704915988453e-40
1.003602442189853816e-05 8.689655172413793593e+01 4.782433892327401179e-40
1.591174757199002686e-05 8.689655172413793593e+01 6.022888017126003101e-40
2.522749050333968757e-05 8.689655172413793593e+01 7.597455199848110612e-40
3.999725826573670141e-05 8.689655172413793593e+01 9.570501905685892914e-40
6.341418178570964038e-05 8.689655172413793593e+01 1.204058023019075033e-39
1.005408526962929517e-04 8.689655172413793593e+01 1.517929425770285323e-39
1.594038238174607465e-04 8.689655172413793593e+01 1.914865008140767394e-39
2.527288994095128194e-04 8.689655172413793593e+01 2.435762003513368019e-39
4.006923740417022524e-04 8.689655172413793593e+01 3.091267040376784595e-39
6.352830206213142764e-04 8.689655172413793593e+01 3.966576617463281166e-39
1.007217861969436721e-03 8.689655172413793593e+01 5.119029285562892128e-39
1.596906872275763488e-03 8.689655172413793593e+01 6.693834602402565686e-39
2.531837107947305064e-03 8.689655172413793593e+01 8.932655274445663524e-39
4.014134607639167213e-03 8.689655172413793593e+01 1.218078240152310279e-38
6.364262770960940792e-03 8.689655172413793593e+01 1.718809035756236397e-38
1.009030453058499567e-02 8.689655172413793593e+01 2.484779703639033194e-38
1.599780668776046300e-02 8.689655172413793593e+01 3.676494766354832291e-38
2.536393406593404759e-02 8.689655172413793593e+01 5.539234566197579737e-38
4.021358451551027696e-02 8.689655172413793593e+01 8.380949367272175500e-38
6.375715909772976253e-02 8.689655172413793593e+01 1.272803071033875480e-37
1.010846306089767666e-01 8.689655172413793593e+01 2.011881384387431499e-37
1.602659636965717282e-01 8.689655172413793593e+01 3.463096037554944953e-37
2.540957904762806696e-01 8.689655172413793593e+01 1.127109714294226934e-36
4.028595295505470464e-01 8.689655172413793593e+01 5.162727749113689873e-36
6.387189659674369357e-01 8.689655172413793593e+01 0.000000000000000000e+00
9.999999999999999547e-08 9.310344827586206407e+01 4.786478603575004699e-41
1.585463217613410812e-07 9.310344827586206407e+01 6.018783543841021685e-41
2.513693614405074964e-07 9.310344827586206407e+01 7.571668104712672654e-41
3.985368765988954567e-07 9.310344827586206407e+01 9.542645238761711459e-41
6.318655587100836409e-07 9.310344827586206407e+01 1.200271940613988728e-40
1.001799601811586755e-06 9.310344827586206407e+01 1.514066016405863557e-40
1.588316420092032202e-06 9.310344827586206407e+01 1.904420951921291556e-40
2.518217261987327143e-06 9.310344827586206407e+01 2.399775461140239626e-40
3.992540842840069515e-06 9.310344827586206407e+01 3.021305472869613296e-40
6.330026651142175928e-06 9.310344827586206407e+01 3.804127797811226827e-40
1.003602442189853816e-05 9.310344827586206407e+01 4.805680526943614971e-40
1.591174757199002686e-05 9.310344827586206407e+01 6.040208485060428476e-40
2.522749050333968757e-05 9.310344827586206407e+01 7.623440811987447963e-40
3.999725826573670141e-05 9.310344827586206407e+01 9.626321084897812052e-40
6.341418178570964038e-05 9.310344827586206407e+01 1.211974828037049132e-39
1.005408526962929517e-04 9.310344827586206407e+01 1.533253538176759617e-39
1.594038238174607465e-04 9.310344827586206407e+01 1.941891910453252236e-39
2.527288994095128194e-04 9.310344827586206407e+01 2.459820182572509223e-39
4.006923740417022524e-04 9.310344827586206407e+01 3.137337917313420731e-39
6.352830206213142764e-04 9.310344827586206407e+01 4.028042854725991288e-39
1.007217861969436721e-03 9.310344827586206407e+01 5.219664045853992540e-39
1.596906872275763488e-03 9.310344827586206407e+01 6.860726909709652407e-39
2.531837107947305064e-03 9.310344827586206407e+01 9.153758665749261730e-39
4.014134607639167213e-03 9.310344827586206407e+01 1.252392223128861261e-38
6.364262770960940792e-03 9.310344827586206407e+01 1.757403524457007078e-38
1.009030453058499567e-02 9.310344827586206407e+01 2.531337815227472172e-38
1.599780668776046300e-02 9.310344827586206407e+01 3.722391766233390045e-38
2.536393406593404759e-02 9.310344827586206407e+01 5.505004292950339886e-38
4.021358451551027696e-02 9.310344827586206407e+01 8.186994723975902263e-38
6.375715909772976253e-02 9.310344827586206407e+01 1.226756083541248163e-37
1.010846306089767666e-01 9.310344827586206407e+01 1.904114747469514473e-37
1.602659636965717282e-01 9.310344827586206407e+01 3.267177532270973197e-37
2.540957904762806696e-01 9.310344827586206407e+01 1.370446690657263558e-36
4.028595295505470464e-01 9.310344827586206407e+01 3.192043843287533170e-36
6.387189659674369357e-01 9.310344827586206407e+01 0.000000000000000000e+00
9.999999999999999547e-08 9.931034482758620641e+01 4.735375375105174432e-41
1.585463217613410812e-07 9.931034482758620641e+01 5.949337520088903645e-41
2.513693614405074964e-07 9.931034482758620641e+01 7.479100061782667136e-41
3.985368765988954567e-07 9.931034482758620641e+01 9.428706989331890760e-41
6.318655587100836409e-07 9.931034482758620641e+01 1.187923199887917112e-40
1.001799601811586755e-06 9.931034482758620641e+01 1.494523666618549251e-40
1.588316420092032202e-06 9.931034482758620641e+01 1.884655350524947404e-40
2.518217261987327143e-06 9.931034482758620641e+01 2.376369085475507557e-40
3.992540842840069515e-06 9.931034482758620641e+01 2.982792574616383561e-40
6.330026651142175928e-06 9.931034482758620641e+01 3.762162993147827517e-40
1.003602442189853816e-05 9.931034482758620641e+01 4.754383107690219698e-40
1.591174757199002686e-05 9.931034482758620641e+01 5.991629160421179801e-40
2.522749050333968757e-05 9.931034482758620641e+01 7.551501720126192861e-40
3.999725826573670141e-05 9.931034482758620641e+01 9.526768552814545062e-40
6.341418178570964038e-05 9.931034482758620641e+01 1.205432851017271394e-39
1.005408526962929517e-04 9.931034482758620641e+01 1.525662987140308361e-39
1.594038238174607465e-04 9.931034482758620641e+01 1.933300872443095864e-39
2.527288994095128194e-04 9.931034482758620641e+01 2.462070655397038187e-39
4.006923740417022524e-04 9.931034482758620641e+01 3.145944897904253845e-39
6.352830206213142764e-04 9.931034482758620641e+01 4.058045848799952340e-39
1.007217861969436721e-03 9.931034482758620641e+01 5.247132549113987234e-39
1.596906872275763488e-03 9.931034482758620641e+01 6.939517807908104482e-39
2.531837107947305064e-03 9.931034482758620641e+01 9.272180546660570491e-39
4.014134607639167213e-03 9.931034482758620641e+01 1.265504147693417534e-38
6.364262770960940792e-03 9.931034482758620641e+01 1.775068691418860636e-38
1.009030453058499567e-02 9.931034482758620641e+01 2.532722845224605291e-38
1.599780668776046300e-02 9.931034482758620641e+01 3.683389415949492514e-38
2.536393406593404759e-02 9.931034482758620641e+01 5.393811592162045599e-38
4.021358451551027696e-02 9.931034482758620641e+01 7.884347547739232770e-38
6.375715909772976253e-02 9.931034482758620641e+01 1.163381758079324171e-37
1.010846306089767666e-01 9.931034482758620641e+01 1.786439897720496855e-37
1.602659636965717282e-01 9.931034482758620641e+01 3.064241810792931558e-37
2.540957904762806696e-01 9.931034482758620641e+01 1.695326811551451381e-36
4.028595295505470464e-01 9.931034482758620641e+01 1.752718693406254760e-36
6.387189659674369357e-01 9.931034482758620641e+01 0.000000000000000000e+00
9.999999999999999547e-08 1.055172413793103630e+02 4.613922846439891386e-41
1.585463217613410812e-07 1.055172413793103630e+02 5.811271442663762454e-41
2.513693614405074964e-07 1.055172413793103630e+02 7.297794875206955604e-41
3.985368765988954567e-07 1.055172413793103630e+02 9.220265097268339884e-41
6.318655587100836409e-07 1.055172413793103630e+02 1.159937005131908717e-40
1.001799601811586755e-06 1.055172413793103630e+02 1.464004033236403762e-40
1.588316420092032202e-06 1.055172413793103630e+02 1.839929616051521964e-40
2.518217261987327143e-06 1.055172413793103630e+02 2.318688704094216832e-40
3.992540842840069515e-06 1.055172413793103630e+02 2.926111121894571211e-40
6.330026651142175928e-06 1.055172413793103630e+02 3.686080182723801264e-40
1.003602442189853816e-05 1.055172413793103630e+02 4.644846271343885519e-40
1.591174757199002686e-05 1.055172413793103630e+02 5.861389606707006661e-40
2.522749050333968757e-05 1.055172413793103630e+02 7.390585894516142616e-40
3.999725826573670141e-05 1.055172413793103630e+02 9.352318645046566651e-40
6.341418178570964038e-05 1.055172413793103630e+02 1.186829408833341458e-39
1.005408526962929517e-04 1.055172413793103630e+02 1.497149809604712233e-39
1.594038238174607465e-04 1.055172413793103630e+02 1.905352468021499447e-39
2.527288994095128194e-04 1.055172413793103630e+02 2.428244531587843391e-39
4.006923740417022524e-04 1.055172413793103630e+02 3.103076597041120621e-39
6.352830206213142764e-04 1.055172413793103630e+02 4.013132435604620642e-39
1.007217861969436721e-03 1.055172413793103630e+02 5.232473270269940031e-39
1.596906872275763488e-03 1.055172413793103630e+02 6.888639679400344390e-39
2.531837107947305064e-03 1.055172413793103630e+02 9.210338007572787414e-39
4.014134607639167213e-03 1.055172413793103630e+02 1.263283948828342890e-38
6.364262770960940792e-03 1.055172413793103630e+02 1.757627488252093145e-38
1.009030453058499567e-02 1.055172413793103630e+02 2.500482671431717651e-38
1.599780668776046300e-02 1.055172413793103630e+02 3.597154952108276155e-38
2.536393406593404759e-02 1.055172413793103630e+02 5.205022489513540130e-38
4.021358451551027696e-02 1.055172413793103630e+02 7.530278626541502912e-38
6.375715909772976253e-02 1.055172413793103630e+02 1.097098627489766843e-37
1.010846306089767666e-01 1.055172413793103630e+02 1.666675506531313500e-37
1.602659636965717282e-01 1.055172413793103630e+02 2.873657403383823950e-37
2.540957904762806696e-01 1.055172413793103630e+02 2.032787741656204222e-36
4.028595295505470464e-01 1.055172413793103630e+02 8.424417688634488467e-37
6.387189659674369357e-01 1.055172413793103630e+02 0.000000000000000000e+00
9.999999999999999547e-08 1.117241379310344911e+02 4.443936451029423001e-41
1.585463217613410812e-07 1.117241379310344911e+02 5.602068051045300964e-41
2.513693614405074964e-07 1.117241379310344911e+02 7.045174911318178275e-41
3.985368765988954567e-07 1.117241379310344911e+02 8.877507891280400041e-41
6.318655587100836409e-07 1.117241379310344911e+02 1.118661487015389239e-40
1.001799601811586755e-06 1.117241379310344911e+02 1.411336587808774511e-40
1.588316420092032202e-06 1.117241379310344911e+02 1.774594578023685196e-40
2.518217261987327143e-06 1.117241379310344911e+02 2.242990181013138817e-40
3.992540842840069515e-06 1.117241379310344911e+02 2.823452434289211860e-40
6.330026651142175928e-06 1.117241379310344911e+02 3.563183827979609943e-40
1.003602442189853816e-05 1.117241379310344911e+02 4.485746310481184825e-40
1.591174757199002686e-05 1.117241379310344911e+02 5.665791696458439022e-40
2.522749050333968757e-05 1.117241379310344911e+02 7.153203103947760840e-40
3.999725826573670141e-05 1.117241379310344911e+02 9.034392299193298381e-40
6.341418178570964038e-05 1.117241379310344911e+02 1.145216087069463934e-39
1.005408526962929517e-04 1.117241379310344911e+02 1.456675671601402681e-39
1.594038238174607465e-04 1.117241379310344911e+02 1.853348910576795432e-39
2.527288994095128194e-04 1.117241379310344911e+02 2.364638979280154025e-39
4.006923740417022524e-04 1.117241379310344911e+02 3.032267470217218630e-39
6.352830206213142764e-04 1.117241379310344911e+02 3.923812590122322572e-39
1.007217861969436721e-03 1.117241379310344911e+02 5.104101068272486296e-39
1.596906872275763488e-03 1.117241379310344911e+02 6.741376573542746581e-39
2.531837107947305064e-03 1.117241379310344911e+02 9.073982230884423902e-39
4.014134607639167213e-03 1.117241379310344911e+02 1.233650950619257911e-38
6.364262770960940792e-03 1.117241379310344911e+02 1.721521789459624700e-38
1.009030453058499567e-02 1.117241379310344911e+02 2.430431890494235895e-38
1.599780668776046300e-02 1.117241379310344911e+02 3.460447018184239728e-38
2.536393406593404759e-02 1.117241379310344911e+02 4.948794376811718543e-38
4.021358451551027696e-02 1.117241379310344911e+02 7.088680092860502607e-38
6.375715909772976253e-02 1.117241379310344911e+02 1.022686349502093458e-37
1.010846306089767666e-01 1.117241379310344911e+02 1.538687886548004559e-37
1.602659636965717282e-01 1.117241379310344911e+02 2.683358403476087386e-37
2.540957904762806696e-01 1.117241379310344911e+02 2.242284958885728968e-36
4.028595295505470464e-01 1.117241379310344911e+02 3.642968523627023400e-37
6.387189659674369357e-01 1.117241379310344911e+02 0.000000000000000000e+00
9.999999999999999547e-08 1.179310344827586192e+02 4.239985129673563290e-41
1.585463217613410812e-07 1.179310344827586192e+02 5.334109129135058093e-41
2.513693614405074964e-07 1.179310344827586192e+02 6.694263675044049260e-41
3.985368765988954567e-07 1.179310344827586192e+02 8.466046299887946670e-41
6.318655587100836409e-07 1.179310344827586192e+02 1.065267408762085170e-40
1.001799601811586755e-06 1.179310344827586192e+02 1.344439496980884652e-40
1.588316420092032202e-06 1.179310344827586192e+02 1.690041987900173333e-40
2.518217261987327143e-06 1.179310344827586192e+02 2.133590809935287390e-40
3.992540842840069515e-06 1.179310344827586192e+02 2.689030333924743327e-40
6.330026651142175928e-06 1.179310344827586192e+02 3.393754345542579229e-40
1.003602442189853816e-05 1.179310344827586192e+02 4.275104205596968589e-40
1.591174757199002686e-05 1.179310344827586192e+02 5.400420740424812819e-40
2.522749050333968757e-05 1.179310344827586192e+02 6.839576010502874668e-40
3.999725826573670141e-05 1.179310344827586192e+02 8.666523530054794701e-40
6.341418178570964038e-05 1.179310344827586192e+02 1.095553731377158351e-39
1.005408526962929517e-04 1.179310344827586192e+02 1.390950940963411109e-39
1.594038238174607465e-04 1.179310344827586192e+02 1.776320104255900616e-39
2.527288994095128194e-04 1.179310344827586192e+02 2.270113539670348717e-39
4.006923740417022524e-04 1.179310344827586192e+02 2.914133472140992851e-39
6.352830206213142764e-04 1.179310344827586192e+02 3.771329192930102799e-39
1.007217861969436721e-03 1.179310344827586192e+02 4.922565592972938309e-39
1.596906872275763488e-03 1.179310344827586192e+02 6.524170381450745075e-39
2.531837107947305064e-03 1.179310344827586192e+02 8.730760154606513280e-39
4.014134607639167213e-03 1.179310344827586192e+02 1.191334044852080368e-38
6.364262770960940792e-03 1.179310344827586192e+02 1.651274736294336755e-38
1.009030453058499567e-02 1.179310344827586192e+02 2.316673086391113534e-38
1.599780668776046300e-02 1.179310344827586192e+02 3.276367258913951877e-38
2.536393406593404759e-02 1.179310344827586192e+02 4.636605342895765878e-38
4.021358451551027696e-02 1.179310344827586192e+02 6.566966608541784324e-38
6.375715909772976253e-02 1.179310344827586192e+02 9.404586075654789377e-38
1.010846306089767666e-01 1.179310344827586192e+02 1.407674554133269065e-37
1.602659636965717282e-01 1.179310344827586192e+02 2.508180042158851025e-37
2.540957904762806696e-01 1.179310344827586192e+02 2.275330600236903324e-36
4.028595295505470464e-01 1.179310344827586192e+02 1.456191281751356871e-37
6.387189659674369357e-01 1.179310344827586192e+02 0.000000000000000000e+00
9.999999999999999547e-08 1.241379310344827616e+02 3.962594110242131400e-41
1.585463217613410812e-07 1.241379310344827616e+02 4.993188247458164824e-41
2.513693614405074964e-07 1.241379310344827616e+02 6.275545479044258199e-41
3.985368765988954567e-07 1.241379310344827616e+02 7.927499459898117782e-41
6.318655587100836409e-07 1.241379310344827616e+02 9.968678822583331678e-41
1.001799601811586755e-06 1.241379310344827616e+02 1.258371327581901544e-40
1.588316420092032202e-06 1.241379310344827616e+02 1.587779089922589042e-40
2.518217261987327143e-06 1.241379310344827616e+02 1.995816031995851769e-40
3.992540842840069515e-06 1.241379310344827616e+02 2.517944943911574631e-40
6.330026651142175928e-06 1.241379310344827616e+02 3.177386618860724027e-40
1.003602442189853816e-05 1.241379310344827616e+02 4.022693839612288023e-40
1.591174757199002686e-05 1.241379310344827616e+02 5.082618669105646874e-40
2.522749050333968757e-05 1.241379310344827616e+02 6.411626484339762133e-40
3.999725826573670141e-05 1.241379310344827616e+02 8.131981519331028726e-40
6.341418178570964038e-05 1.241379310344827616e+02 1.031266249839635941e-39
1.005408526962929517e-04 1.241379310344827616e+02 1.309727545491126526e-39
1.594038238174607465e-04 1.241379310344827616e+02 1.674188806022122300e-39
2.527288994095128194e-04 1.241379310344827616e+02 2.139652646908717667e-39
4.006923740417022524e-04 1.241379310344827616e+02 2.760358273839735302e-39
6.352830206213142764e-04 1.241379310344827616e+02 3.574284886250145655e-39
1.007217861969436721e-03 1.241379310344827616e+02 4.665604464378059513e-39
1.596906872275763488e-03 1.241379310344827616e+02 6.178180786019225930e-39
2.531837107947305064e-03 1.241379310344827616e+02 8.299184607483861594e-39
4.014134607639167213e-03 1.241379310344827616e+02 1.128096055937110521e-38
6.364262770960940792e-03 1.241379310344827616e+02 1.557664991854101473e-38
1.009030453058499567e-02 1.241379310344827616e+02 2.174909540555361395e-38
1.599780668776046300e-02 1.241379310344827616e+02 3.047497894483197731e-38
2.536393406593404759e-02 1.241379310344827616e+02 4.283992018570414529e-38
4.021358451551027696e-02 1.241379310344827616e+02 6.023579231393441482e-38
6.375715909772976253e-02 1.241379310344827616e+02 8.562273402688587047e-38
1.010846306089767666e-01 1.241379310344827616e+02 1.271866020223850324e-37
1.602659636965717282e-01 1.241379310344827616e+02 2.361539373734764101e-37
2.540957904762806696e-01 1.241379310344827616e+02 2.138097585932701096e-36
4.028595295505470464e-01 1.241379310344827616e+02 5.559448414478618815e-38
6.387189659674369357e-01 1.241379310344827616e+02 0.000000000000000000e+00
9.999999999999999547e-08 1.303448275862068897e+02 3.651301939226531363e-41
1.585463217613410812e-07 1.303448275862068897e+02 4.594939612248218507e-41
2.513693614405074964e-07 1.303448275862068897e+02 5.782686139640683473e-41
3.985368765988954567e-07 1.303448275862068897e+02 7.302609006027512468e-41
6.318655587100836409e-07 1.303448275862068897e+02 9.177475173817306386e-41
1.001799601811586755e-06 1.303448275862068897e+02 1.158588281194098167e-40
1.588316420092032202e-06 1.303448275862068897e+02 1.460478248220037051e-40
2.518217261987327143e-06 1.303448275862068897e+02 1.840234469622999425e-40
3.992540842840069515e-06 1.303448275862068897e+02 2.324374490308232415e-40
6.330026651142175928e-06 1.303448275862068897e+02 2.929303388977324174e-40
1.003602442189853816e-05 1.303448275862068897e+02 3.706308621429428375e-40
1.591174757199002686e-05 1.303448275862068897e+02 4.677486869006706855e-40
2.522749050333968757e-05 1.303448275862068897e+02 5.924436736324353341e-40
3.999725826573670141e-05 1.303448275862068897e+02 7.505729025157151755e-40
6.341418178570964038e-05 1.303448275862068897e+02 9.543941671804746160e-40
1.005408526962929517e-04 1.303448275862068897e+02 1.216045847246737794e-39
1.594038238174607465e-04 1.303448275862068897e+02 1.547715459609989748e-39
2.527288994095128194e-04 1.303448275862068897e+02 1.989763032851673982e-39
4.006923740417022524e-04 1.303448275862068897e+02 2.561859988272787391e-39
6.352830206213142764e-04 1.303448275862068897e+02 3.328738114981465299e-39
1.007217861969436721e-03 1.303448275862068897e+02 4.354153535001069541e-39
1.596906872275763488e-03 1.303448275862068897e+02 5.753271673840623483e-39
2.531837107947305064e-03 1.303448275862068897e+02 7.712680628652999392e-39
4.014134607639167213e-03 1.303448275862068897e+02 1.048434900983683581e-38
6.364262770960940792e-03 1.303448275862068897e+02 1.440571377120475858e-38
1.009030453058499567e-02 1.303448275862068897e+02 2.001434434659269170e-38
1.599780668776046300e-02 1.303448275862068897e+02 2.794569032833489493e-38
2.536393406593404759e-02 1.303448275862068897e+02 3.893175297864129566e-38
4.021358451551027696e-02 1.303448275862068897e+02 5.431018104418461625e-38
6.375715909772976253e-02 1.303448275862068897e+02 7.658789094697301275e-38
1.010846306089767666e-01 1.303448275862068897e+02 1.136462841932033373e-37
1.602659636965717282e-01 1.303448275862068897e+02 2.214939449195462904e-37
2.540957904762806696e-01 1.303448275862068897e+02 1.892991473979349628e-36
4.028595295505470464e-01 1.303448275862068897e+02 2.088282949882231605e-38
6.387189659674369357e-01 1.303448275862068897e+02 0.000000000000000000e+00
9.999999999999999547e-08 1.365517241379310462e+02 3.295765260976879511e-41
1.585463217613410812e-07 1.365517241379310462e+02 4.146156013249047847e-41
2.513693614405074964e-07 1.365517241379310462e+02 5.226550993800189487e-41
3.985368765988954567e-07 1.365517241379310462e+02 6.585639968935006803e-41
6.318655587100836409e-07 1.365517241379310462e+02 8.302132260886363403e-41
1.001799601811586755e-06 1.365517241379310462e+02 1.045106151418593103e-40
1.588316420092032202e-06 1.365517241379310462e+02 1.318142991385246532e-40
2.518217261987327143e-06 1.365517241379310462e+02 1.664699396780734083e-40
3.992540842840069515e-06 1.365517241379310462e+02 2.102372346122438281e-40
6.330026651142175928e-06 1.365517241379310462e+02 2.658188897856090645e-40
1.003602442189853816e-05 1.365517241379310462e+02 3.348254441934964805e-40
1.591174757199002686e-05 1.365517241379310462e+02 4.231372886959186590e-40
2.522749050333968757e-05 1.365517241379310462e+02 5.343297669832028895e-40
3.999725826573670141e-05 1.365517241379310462e+02 6.799208664640274236e-40
6.341418178570964038e-05 1.365517241379310462e+02 8.636888472401103693e-40
1.005408526962929517e-04 1.365517241379310462e+02 1.100209237580948738e-39
1.594038238174607465e-04 1.365517241379310462e+02 1.408666733044935433e-39
2.527288994095128194e-04 1.365517241379310462e+02 1.806575769909334072e-39
4.006923740417022524e-04 1.365517241379310462e+02 2.331093113808573593e-39
6.352830206213142764e-04 1.365517241379310462e+02 3.021845420552330429e-39
1.007217861969436721e-03 1.365517241379310462e+02 3.962682799146513089e-39
1.596906872275763488e-03 1.365517241379310462e+02 5.239839933181139295e-39
2.531837107947305064e-03 1.365517241379310462e+02 7.013123422752266258e-39
4.014134607639167213e-03 1.365517241379310462e+02 9.534602578592099432e-39
6.364262770960940792e-03 1.365517241379310462e+02 1.306290358780441301e-38
1.009030453058499567e-02 1.365517241379310462e+02 1.806336599892782764e-38
1.599780668776046300e-02 1.365517241379310462e+02 2.500103065617140922e-38
2.536393406593404759e-02 1.365517241379310462e+02 3.461657296279073227e-38
4.021358451551027696e-02 1.365517241379310462e+02 4.811076668022978466e-38
6.375715909772976253e-02 1.365517241379310462e+02 6.748508796089461652e-38
1.010846306089767666e-01 1.365517241379310462e+02 9.985908437913457381e-38
1.602659636965717282e-01 1.365517241379310462e+02 2.059884425076477852e-37
2.540957904762806696e-01 1.365517241379310462e+02 1.608486958089062231e-36
4.028595295505470464e-01 1.365517241379310462e+02 8.766770526946222027e-39
6.387189659674369357e-01 1.365517241379310462e+02 0.000000000000000000e+00
9.999999999999999547e-08 1.427586206896551744e+02 2.898165960279643830e-41
1.585463217613410812e-07 1.427586206896551744e+02 3.648637718871930372e-41
2.513693614405074964e-07 1.427586206896551744e+02 4.607164347911176203e-41
3.985368765988954567e-07 1.427586206896551744e+02 5.799648294040128436e-41
6.318655587100836409e-07 1.427586206896551744e+02 7.316165158368753134e-41
1.001799601811586755e-06 1.427586206896551744e+02 9.229868523727002776e-41
1.588316420092032202e-06 1.427586206896551744e+02 1.162441261794143460e-40
2.518217261987327143e-06 1.427586206896551744e+02 1.462590814638554656e-40
3.992540842840069515e-06 1.427586206896551744e+02 1.851642674594931929e-40
6.330026651142175928e-06 1.427586206896551744e+02 2.339715586899033547e-40
1.003602442189853816e-05 1.427586206896551744e+02 2.954057955593993363e-40
1.591174757199002686e-05 1.427586206896551744e+02 3.730823225207327838e-40
2.522749050333968757e-05 1.427586206896551744e+02 4.732863268180048131e-40
3.999725826573670141e-05 1.427586206896551744e+02 5.994251158277898452e-40
6.341418178570964038e-05 1.427586206896551744e+02 7.650489863288723546e-40
1.005408526962929517e-04 1.427586206896551744e+02 9.711089751533592118e-40
1.594038238174607465e-04 1.427586206896551744e+02 1.243026805877545776e-39
2.527288994095128194e-04 1.427586206896551744e+02 1.597431763134485295e-39
4.006923740417022524e-04 1.427586206896551744e+02 2.062319783384501580e-39
6.352830206213142764e-04 1.427586206896551744e+02 2.680126125306230352e-39
1.007217861969436721e-03 1.427586206896551744e+02 3.516139281681908302e-39
1.596906872275763488e-03 1.427586206896551744e+02 4.641145873686491445e-39
2.531837107947305064e-03 1.427586206896551744e+02 6.213168938340062145e-39
4.014134607639167213e-03 1.427586206896551744e+02 8.428607907998617941e-39
6.364262770960940792e-03 1.427586206896551744e+02 1.152681588021710168e-38
1.009030453058499567e-02 1.427586206896551744e+02 1.587834599452322655e-38
1.599780668776046300e-02 1.427586206896551744e+02 2.194971912684623850e-38
2.536393406593404759e-02 1.427586206896551744e+02 3.016011073418146727e-38
4.021358451551027696e-02 1.427586206896551744e+02 4.152517642575500376e-38
6.375715909772976253e-02 1.427586206896551744e+02 5.811596281127900138e-38
1.010846306089767666e-01 1.427586206896551744e+02 8.586365285807063925e-38
1.602659636965717282e-01 1.427586206896551744e+02 1.884616172205768073e-37
2.540957904762806696e-01 1.427586206896551744e+02 1.300123642948577084e-36
4.028595295505470464e-01 1.427586206896551744e+02 4.122535661149963479e-39
6.387189659674369357e-01 1.427586206896551744e+02 0.000000000000000000e+00
9.999999999999999547e-08 1.489655172413793025e+02 2.470002705015373766e-41
1.585463217613410812e-07 1.489655172413793025e+02 3.112640216409906618e-41
2.513693614405074964e-07 1.489655172413793025e+02 3.915694987641498736e-41
3.985368765988954567e-07 1.489655172413793025e+02 4.945616733464508735e-41
6.318655587100836409e-07 1.489655172413793025e+02 6.226429431299651655e-41
1.001799601811586755e-06 1.489655172413793025e+02 7.832940126124063453e-41
1.588316420092032202e-06 1.489655172413793025e+02 9.930373723602194812e-41
2.518217261987327143e-06 1.489655172413793025e+02 1.252378162007990462e-40
3.992540842840069515e-06 1.489655172413793025e+02 1.574780385611121964e-40
6.330026651142175928e-06 1.489655172413793025e+02 1.992864063253132265e-40
1.003602442189853816e-05 1.489655172413793025e+02 2.515770682839827185e-40
1.591174757199002686e-05 1.489655172413793025e+02 3.178371631821081216e-40
2.522749050333968757e-05 1.489655172413793025e+02 4.044048629616444658e-40
3.999725826573670141e-05 1.489655172413793025e+02 5.113607320792835322e-40
6.341418178570964038e-05 1.489655172413793025e+02 6.510012866797095958e-40
1.005408526962929517e-04 1.489655172413793025e+02 8.309264891937240228e-40
1.594038238174607465e-04 1.489655172413793025e+02 1.062153168356504095e-39
2.527288994095128194e-04 1.489655172413793025e+02 1.366082243477283207e-39
4.006923740417022524e-04 1.489655172413793025e+02 1.770671738440284185e-39
6.352830206213142764e-04 1.489655172413793025e+02 2.300126346450473666e-39
1.007217861969436721e-03 1.489655172413793025e+02 3.012284117877565075e-39
1.596906872275763488e-03 1.489655172413793025e+02 3.984340097034435938e-39
2.531837107947305064e-03 1.489655172413793025e+02 5.342969622875452631e-39
4.014134607639167213e-03 1.489655172413793025e+02 7.207968766453047004e-39
6.364262770960940792e-03 1.489655172413793025e+02 9.851359735856085666e-39
1.009030453058499567e-02 1.489655172413793025e+02 1.350773937637192926e-38
1.599780668776046300e-02 1.489655172413793025e+02 1.860631595689465192e-38
2.536393406593404759e-02 1.489655172413793025e+02 2.549174558851773853e-38
4.021358451551027696e-02 1.489655172413793025e+02 3.490987310241638017e-38
6.375715909772976253e-02 1.489655172413793025e+02 4.855486515564280418e-38
1.010846306089767666e-01 1.489655172413793025e+02 7.175370733162973660e-38
1.602659636965717282e-01 1.489655172413793025e+02 1.665886624341615645e-37
2.540957904762806696e-01 1.489655172413793025e+02 1.019019214866805430e-36
4.028595295505470464e-01 1.489655172413793025e+02 2.128564987034566700e-39
6.387189659674369357e-01 1.489655172413793025e+02 0.000000000000000000e+00
9.999999999999999547e-08 1.551724137931034591e+02 2.009494342349167867e-41
1.585463217613410812e-07 1.551724137931034591e+02 2.530723162320714248e-41
2.513693614405074964e-07 1.551724137931034591e+02 3.199449610956898595e-41
3.985368765988954567e-07 1.551724137931034591e+02 4.018906435329138120e-41
6.318655587100836409e-07 1.551724137931034591e+02 5.064356476928128100e-41
1.001799601811586755e-06 1.551724137931034591e+02 6.401036411596427559e-41
1.588316420092032202e-06 1.551724137931034591e+02 8.077701004207749774e-41
2.518217261987327143e-06 1.551724137931034591e+02 1.018901173522635595e-40
3.992540842840069515e-06 1.551724137931034591e+02 1.286680038474157013e-40
6.330026651142175928e-06 1.551724137931034591e+02 1.624480128567557165e-40
1.003602442189853816e-05 1.551724137931034591e+02 2.047437878453202613e-40
1.591174757199002686e-05 1.551724137931034591e+02 2.597287959172049887e-40
2.522749050333968757e-05 1.551724137931034591e+02 3.298054514023509877e-40
3.999725826573670141e-05 1.551724137931034591e+02 4.186194139515018514e-40
6.341418178570964038e-05 1.551724137931034591e+02 5.317491202144677931e-40
1.005408526962929517e-04 1.551724137931034591e+02 6.783122947673758427e-40
1.594038238174607465e-04 1.551724137931034591e+02 8.689943614719769197e-40
2.527288994095128194e-04 1.551724137931034591e+02 1.120758697114599943e-39
4.006923740417022524e-04 1.551724137931034591e+02 1.443562498296095248e-39
6.352830206213142764e-04 1.551724137931034591e+02 1.878911404016424772e-39
1.007217861969436721e-03 1.551724137931034591e+02 2.467438877939624325e-39
1.596906872275763488e-03 1.551724137931034591e+02 3.258710646861402127e-39
2.531837107947305064e-03 1.551724137931034591e+02 4.365137675659745751e-39
4.014134607639167213e-03 1.551724137931034591e+02 5.887054731223008257e-39
6.364262770960940792e-03 1.551724137931034591e+02 8.031379316557072742e-39
1.009030453058499567e-02 1.551724137931034591e+02 1.096404120002084501e-38
1.599780668776046300e-02 1.551724137931034591e+02 1.503994916387497714e-38
2.536393406593404759e-02 1.551724137931034591e+02 2.058926805770616611e-38
4.021358451551027696e-02 1.551724137931034591e+02 2.815396917038806376e-38
6.375715909772976253e-02 1.551724137931034591e+02 3.893090340895123029e-38
1.010846306089767666e-01 1.551724137931034591e+02 5.766510016163230351e-38
1.602659636965717282e-01 1.551724137931034591e+02 1.408258119581159202e-37
2.540957904762806696e-01 1.551724137931034591e+02 7.727123935490176107e-37
4.028595295505470464e-01 1.551724137931034591e+02 1.191471632161692450e-39
6.387189659674369357e-01 1.551724137931034591e+02 0.000000000000000000e+00
9.999999999999999547e-08 1.613793103448276156e+02 1.531069445666854290e-41
1.585463217613410812e-07 1.613793103448276156e+02 1.925281900360813210e-41
2.513693614405074964e-07 1.613793103448276156e+02 2.429134682813619293e-41
3.985368765988954567e-07 1.613793103448276156e+02 3.059519705053017463e-41
6.318655587100836409e-07 1.613793103448276156e+02 3.862907165165681436e-41
1.001799601811586755e-06 1.613793103448276156e+02 4.866721684811724585e-41
1.588316420092032202e-06 1.613793103448276156e+02 6.140984000625214340e-41
2.518217261987327143e-06 1.613793103448276156e+02 7.748673333102762509e-41
3.992540842840069515e-06 1.613793103448276156e+02 9.768343993045621537e-41
6.330026651142175928e-06 1.613793103448276156e+02 1.234859965955878133e-40
1.003602442189853816e-05 1.613793103448276156e+02 1.565626817658215620e-40
1.591174757199002686e-05 1.613793103448276156e+02 1.975768457343100396e-40
2.522749050333968757e-05 1.613793103448276156e+02 2.506240253815779123e-40
3.999725826573670141e-05 1.613793103448276156e+02 3.184074103922192791e-40
6.341418178570964038e-05 1.613793103448276156e+02 4.052146808204707712e-40
1.005408526962929517e-04 1.613793103448276156e+02 5.180026084804542483e-40
1.594038238174607465e-04 1.613793103448276156e+02 6.616515396232206514e-40
2.527288994095128194e-04 1.613793103448276156e+02 8.503105291424070550e-40
4.006923740417022524e-04 1.613793103448276156e+02 1.102057646976671666e-39
6.352830206213142764e-04 1.613793103448276156e+02 1.434493036526866474e-39
1.007217861969436721e-03 1.613793103448276156e+02 1.881057652041831807e-39
1.596906872275763488e-03 1.613793103448276156e+02 2.490803258139572602e-39
2.531837107947305064e-03 1.613793103448276156e+02 3.334204412024043181e-39
4.014134607639167213e-03 1.613793103448276156e+02 4.498510537876158417e-39
6.364262770960940792e-03 1.613793103448276156e+02 6.104847989705566219e-39
1.009030453058499567e-02 1.613793103448276156e+02 8.345154634514312244e-39
1.599780668776046300e-02 1.613793103448276156e+02 1.139814611513109022e-38
2.536393406593404759e-02 1.613793103448276156e+02 1.555301762049589216e-38
4.021358451551027696e-02 1.613793103448276156e+02 2.123600991049009619e-38
6.375715909772976253e-02 1.613793103448276156e+02 2.939862905496238028e-38
1.010846306089767666e-01 1.613793103448276156e+02 4.327862373128737321e-38
1.602659636965717282e-01 1.613793103448276156e+02 1.112443309270481148e-37
2.540957904762806696e-01 1.613793103448276156e+02 5.514778617314759323e-37
4.028595295505470464e-01 1.613793103448276156e+02 6.784723552808936539e-40
6.387189659674369357e-01 1.613793103448276156e+02 0.000000000000000000e+00
9.999999999999999547e-08 1.675862068965517437e+02 1.029790877671960191e-41
1.585463217613410812e-07 1.675862068965517437e+02 1.296531841230686964e-41
2.513693614405074964e-07 1.675862068965517437e+02 1.637620358509981758e-41
3.985368765988954567e-07 1.675862068965517437e+02 2.058807191224119878e-41
6.318655587100836409e-07 1.675862068965517437e+02 2.599426283805139038e-41
1.001799601811586755e-06 1.675862068965517437e+02 3.282431499152216892e-41
1.588316420092032202e-06 1.675862068965517437e+02 4.137175792952105802e-41
2.518217261987327143e-06 1.675862068965517437e+02 5.222994736506949223e-41
3.992540842840069515e-06 1.675862068965517437e+02 6.592803224287278851e-41
6.330026651142175928e-06 1.675862068965517437e+02 8.311894511033354517e-41
1.003602442189853816e-05 1.675862068965517437e+02 1.052765897804943931e-40
1.591174757199002686e-05 1.675862068965517437e+02 1.333782452669425149e-40
2.522749050333968757e-05 1.675862068965517437e+02 1.690759797401427261e-40
3.999725826573670141e-05 1.675862068965517437e+02 2.151132495925094316e-40
6.341418178570964038e-05 1.675862068965517437e+02 2.728295669444014615e-40
1.005408526962929517e-04 1.675862068965517437e+02 3.486569722055842818e-40
1.594038238174607465e-04 1.675862068965517437e+02 4.467990691947452839e-40
2.527288994095128194e-04 1.675862068965517437e+02 5.741314108267894262e-40
4.006923740417022524e-04 1.675862068965517437e+02 7.444256486668043582e-40
6.352830206213142764e-04 1.675862068965517437e+02 9.677361042341371770e-40
1.007217861969436721e-03 1.675862068965517437e+02 1.267836146543379863e-39
1.596906872275763488e-03 1.675862068965517437e+02 1.681121179144624396e-39
2.531837107947305064e-03 1.675862068965517437e+02 2.246886263217495053e-39
4.014134607639167213e-03 1.675862068965517437e+02 3.032211324550829687e-39
6.364262770960940792e-03 1.675862068965517437e+02 4.108620762569580502e-39
1.009030453058499567e-02 1.675862068965517437e+02 5.602942590006980012e-39
1.599780668776046300e-02 1.675862068965517437e+02 7.660904378719655036e-39
2.536393406593404759e-02 1.675862068965517437e+02 1.041259691929568574e-38
4.021358451551027696e-02 1.675862068965517437e+02 1.416067478079374605e-38
6.375715909772976253e-02 1.675862068965517437e+02 1.962239709186023274e-38
1.010846306089767666e-01 1.675862068965517437e+02 2.893931705581486246e-38
1.602659636965717282e-01 1.675862068965517437e+02 7.628992693481721863e-38
2.540957904762806696e-01 1.675862068965517437e+02 3.544149111106702713e-37
4.028595295505470464e-01 1.675862068965517437e+02 3.797018750038088215e-40
6.387189659674369357e-01 1.675862068965517437e+02 0.000000000000000000e+00
9.999999999999999547e-08 1.737931034482758719e+02 5.169345721508858968e-42
1.585463217613410812e-07 1.737931034482758719e+02 6.531416145295059013e-42
2.513693614405074964e-07 1.737931034482758719e+02 8.235264697333388298e-42
3.985368765988954567e-07 1.737931034482758719e+02 1.038093929512597432e-41
6.318655587100836409e-07 1.737931034482758719e+02 1.307913147367938007e-41
1.001799601811586755e-06 1.737931034482758719e+02 1.648383047624477793e-41
1.588316420092032202e-06 1.737931034482758719e+02 2.080843998514607355e-41
2.518217261987327143e-06 1.737931034482758719e+02 2.626117333427234973e-41
3.992540842840069515e-06 1.737931034482758719e+02 3.309575036719609356e-41
6.330026651142175928e-06 1.737931034482758719e+02 4.181882886856393181e-41
1.003602442189853816e-05 1.737931034482758719e+02 5.299915836118296543e-41
1.591174757199002686e-05 1.737931034482758719e+02 6.716014763647956820e-41
2.522749050333968757e-05 1.737931034482758719e+02 8.498391873128763706e-41
3.999725826573670141e-05 1.737931034482758719e+02 1.082309988193788334e-40
6.341418178570964038e-05 1.737931034482758719e+02 1.373484235417561960e-40
1.005408526962929517e-04 1.737931034482758719e+02 1.758005522056798763e-40
1.594038238174607465e-04 1.737931034482758719e+02 2.249726887517277655e-40
2.527288994095128194e-04 1.737931034482758719e+02 2.893463418932765957e-40
4.006923740417022524e-04 1.737931034482758719e+02 3.750862250763946052e-40
6.352830206213142764e-04 1.737931034482758719e+02 4.886665925062980393e-40
1.007217861969436721e-03 1.737931034482758719e+02 6.394840230230067484e-40
1.596906872275763488e-03 1.737931034482758719e+02 8.484657266322623233e-40
2.531837107947305064e-03 1.737931034482758719e+02 1.130019080185076962e-39
4.014134607639167213e-03 1.737931034482758719e+02 1.523151533664841242e-39
6.364262770960940792e-03 1.737931034482758719e+02 2.069526301628741923e-39
1.009030453058499567e-02 1.737931034482758719e+02 2.818645305552990995e-39
1.599780668776046300e-02 1.737931034482758719e+02 3.841538461602353275e-39
2.536393406593404759e-02 1.737931034482758719e+02 5.215338992871365925e-39
4.021358451551027696e-02 1.737931034482758719e+02 7.096327937704162391e-39
6.375715909772976253e-02 1.737931034482758719e+02 9.816947101538081397e-39
1.010846306089767666e-01 1.737931034482758719e+02 1.450044387249603559e-38
1.602659636965717282e-01 1.737931034482758719e+02 3.915090274534398026e-38
2.540957904762806696e-01 1.737931034482758719e+02 1.731113029573539141e-37
4.028595295505470464e-01 1.737931034482758719e+02 1.720583095610249308e-40
6.387189659674369357e-01 1.737931034482758719e+02 0.000000000000000000e+00
9.999999999999999547e-08 1.800000000000000000e+02 5.881384547132633112e-57
1.585463217613410812e-07 1.800000000000000000e+02 7.403304495082114132e-57
2.513693614405074964e-07 1.800000000000000000e+02 9.303979376481542633e-57
3.985368765988954567e-07 1.800000000000000000e+02 1.173752367674273561e-56
6.318655587100836409e-07 1.800000000000000000e+02 1.479770175557680800e-56
1.001799601811586755e-06 1.800000000000000000e+02 1.862993351323950905e-56
1.588316420092032202e-06 1.800000000000000000e+02 2.354132637218634134e-56
2.518217261987327143e-06 1.800000000000000000e+02 2.971096162737399045e-56
3.992540842840069515e-06 1.800000000000000000e+02 3.754841944386998891e-56
6.330026651142175928e-06 1.800000000000000000e+02 4.747160154165530722e-56
1.003602442189853816e-05 1.800000000000000000e+02 6.013042535428432937e-56
1.591174757199002686e-05 1.800000000000000000e+02 7.600075750852530908e-56
2.522749050333968757e-05 1.800000000000000000e+02 9.615813503606846559e-56
3.999725826573670141e-05 1.800000000000000000e+02 1.222950267029811538e-55
6.341418178570964038e-05 1.800000000000000000e+02 1.556805048461789892e-55
1.005408526962929517e-04 1.800000000000000000e+02 1.987640422688994163e-55
1.594038238174607465e-04 1.800000000000000000e+02 2.549380724947597838e-55
2.527288994095128194e-04 1.800000000000000000e+02 3.272691059093086375e-55
4.006923740417022524e-04 1.800000000000000000e+02 4.247579365678087406e-55
6.352830206213142764e-04 1.800000000000000000e+02 5.533663608544961287e-55
1.007217861969436721e-03 1.800000000000000000e+02 7.244447396931345038e-55
1.596906872275763488e-03 1.800000000000000000e+02 9.612461919711663031e-55
2.531837107947305064e-03 1.800000000000000000e+02 1.279035450194226667e-54
4.014134607639167213e-03 1.800000000000000000e+02 1.729821439642703990e-54
6.364262770960940792e-03 1.800000000000000000e+02 2.338241147654556127e-54
1.009030453058499567e-02 1.800000000000000000e+02 3.200736260400284757e-54
1.599780668776046300e-02 1.800000000000000000e+02 4.349646202378188534e-54
2.536393406593404759e-02 1.800000000000000000e+02 5.905976161571687688e-54
4.021358451551027696e-02 1.800000000000000000e+02 8.007840374082457678e-54
6.375715909772976253e-02 1.800000000000000000e+02 1.109319592279723938e-53
1.010846306089767666e-01 1.800000000000000000e+02 0.000000000000000000e+00
1.602659636965717282e-01 1.800000000000000000e+02 4.476641264608534126e-53
2.540957904762806696e-01 1.800000000000000000e+02 1.938425003920739991e-52
4.028595295505470464e-01 1.800000000000000000e+02 0.000000000000000000e+00
6.387189659674369357e-01 1.800000000000000000e+02 0.000000000000000000e+00
