# atom 16: Tchi 0.30391953823131973 [GeV]; m_chi = 0.08 [GeV]; mS = 0.3 [GeV]; gchi =0.01; gN = 0.01
# Tchi^prime [GeV], theta [degree] ,dsigma/dTchip dtheta [cm^2/GeV]
9.999999999999999547e-08 0.000000000000000000e+00 0.000000000000000000e+00
1.548867200734165734e-07 0.000000000000000000e+00 0.000000000000000000e+00
2.398989605510090242e-07 0.000000000000000000e+00 0.000000000000000000e+00
3.715716314876781855e-07 0.000000000000000000e+00 0.000000000000000000e+00
5.755151127345470891e-07 0.000000000000000000e+00 0.000000000000000000e+00
8.913964816413657190e-07 0.000000000000000000e+00 0.000000000000000000e+00
1.380654773264149257e-06 0.000000000000000000e+00 0.000000000000000000e+00
2.138450893845906815e-06 0.000000000000000000e+00 0.000000000000000000e+00
3.312176449858584610e-06 0.000000000000000000e+00 0.000000000000000000e+00
5.130121466230092225e-06 0.000000000000000000e+00 0.000000000000000000e+00
7.945876874826057222e-06 0.000000000000000000e+00 0.000000000000000000e+00
1.230710807249020246e-05 0.000000000000000000e+00 0.000000000000000000e+00
1.906207602937075158e-05 0.000000000000000000e+00 0.000000000000000000e+00
2.952462433979331885e-05 0.000000000000000000e+00 0.000000000000000000e+00
4.572972225390358467e-05 0.000000000000000000e+00 0.000000000000000000e+00
7.082926689775453032e-05 0.000000000000000000e+00 0.000000000000000000e+00
1.097051283499781685e-04 0.000000000000000000e+00 0.000000000000000000e+00
1.699186750536130469e-04 0.000000000000000000e+00 0.000000000000000000e+00
2.631814625827482291e-04 0.000000000000000000e+00 0.000000000000000000e+00
4.076331352356652414e-04 0.000000000000000000e+00 0.000000000000000000e+00
6.313695930989564548e-04 0.000000000000000000e+00 0.000000000000000000e+00
9.779076542918499482e-04 0.000000000000000000e+00 0.000000000000000000e+00
1.514649091079534830e-03 0.000000000000000000e+00 0.000000000000000000e+00
2.345990297794907711e-03 0.000000000000000000e+00 0.000000000000000000e+00
3.633627425495110450e-03 0.000000000000000000e+00 0.000000000000000000e+00
5.628006339037505169e-03 0.000000000000000000e+00 0.000000000000000000e+00
8.717034424059159556e-03 0.000000000000000000e+00 0.000000000000000000e+00
1.350152870709589968e-02 0.000000000000000000e+00 0.000000000000000000e+00
2.091207497419160510e-02 0.000000000000000000e+00 0.000000000000000000e+00
3.239002702681915286e-02 0.000000000000000000e+00 0.000000000000000000e+00
5.016785049273345815e-02 0.000000000000000000e+00 0.000000000000000000e+00
7.770333815953020529e-02 0.000000000000000000e+00 0.000000000000000000e+00
1.203521518628518361e-01 0.000000000000000000e+00 0.000000000000000000e+00
1.864095005581485331e-01 0.000000000000000000e+00 0.000000000000000000e+00
2.887235613197536854e-01 0.000000000000000000e+00 0.000000000000000000e+00
9.999999999999999547e-08 6.206896551724137900e+00 2.015295416412189462e-40
1.548867200734165734e-07 6.206896551724137900e+00 2.513521873813340781e-40
2.398989605510090242e-07 6.206896551724137900e+00 3.125248645961694050e-40
3.715716314876781855e-07 6.206896551724137900e+00 3.895895057300769780e-40
5.755151127345470891e-07 6.206896551724137900e+00 4.853208922280786355e-40
8.913964816413657190e-07 6.206896551724137900e+00 6.031669531211628881e-40
1.380654773264149257e-06 6.206896551724137900e+00 7.490700969267811370e-40
2.138450893845906815e-06 6.206896551724137900e+00 9.336492728065050337e-40
3.312176449858584610e-06 6.206896551724137900e+00 1.162193879901905469e-39
5.130121466230092225e-06 6.206896551724137900e+00 1.444542247997942110e-39
7.945876874826057222e-06 6.206896551724137900e+00 1.798038543473739218e-39
1.230710807249020246e-05 6.206896551724137900e+00 2.236792771490667151e-39
1.906207602937075158e-05 6.206896551724137900e+00 2.784815729671699134e-39
2.952462433979331885e-05 6.206896551724137900e+00 3.475472056199776914e-39
4.572972225390358467e-05 6.206896551724137900e+00 4.311401382769699009e-39
7.082926689775453032e-05 6.206896551724137900e+00 5.369039969765475539e-39
1.097051283499781685e-04 6.206896551724137900e+00 6.680147292492742189e-39
1.699186750536130469e-04 6.206896551724137900e+00 8.323427990260598370e-39
2.631814625827482291e-04 6.206896551724137900e+00 1.036000069621066749e-38
4.076331352356652414e-04 6.206896551724137900e+00 1.292381799383110635e-38
6.313695930989564548e-04 6.206896551724137900e+00 1.610399463690928227e-38
9.779076542918499482e-04 6.206896551724137900e+00 2.008251147264044962e-38
1.514649091079534830e-03 6.206896551724137900e+00 2.500917797242926230e-38
2.345990297794907711e-03 6.206896551724137900e+00 3.140781266409972126e-38
3.633627425495110450e-03 6.206896551724137900e+00 3.935398849431752593e-38
5.628006339037505169e-03 6.206896551724137900e+00 0.000000000000000000e+00
8.717034424059159556e-03 6.206896551724137900e+00 0.000000000000000000e+00
1.350152870709589968e-02 6.206896551724137900e+00 0.000000000000000000e+00
2.091207497419160510e-02 6.206896551724137900e+00 0.000000000000000000e+00
3.239002702681915286e-02 6.206896551724137900e+00 0.000000000000000000e+00
5.016785049273345815e-02 6.206896551724137900e+00 0.000000000000000000e+00
7.770333815953020529e-02 6.206896551724137900e+00 0.000000000000000000e+00
1.203521518628518361e-01 6.206896551724137900e+00 0.000000000000000000e+00
1.864095005581485331e-01 6.206896551724137900e+00 0.000000000000000000e+00
2.887235613197536854e-01 6.206896551724137900e+00 0.000000000000000000e+00
9.999999999999999547e-08 1.241379310344827580e+01 4.013931960593219597e-40
1.548867200734165734e-07 1.241379310344827580e+01 4.989931755109518909e-40
2.398989605510090242e-07 1.241379310344827580e+01 6.221495710511144412e-40
3.715716314876781855e-07 1.241379310344827580e+01 7.744532919017374584e-40
5.755151127345470891e-07 1.241379310344827580e+01 9.622628664969994334e-40
8.913964816413657190e-07 1.241379310344827580e+01 1.199529928199187875e-39
1.380654773264149257e-06 1.241379310344827580e+01 1.488840665092874238e-39
2.138450893845906815e-06 1.241379310344827580e+01 1.857736520668305596e-39
3.312176449858584610e-06 1.241379310344827580e+01 2.308402570966203551e-39
5.130121466230092225e-06 1.241379310344827580e+01 2.871832592435884450e-39
7.945876874826057222e-06 1.241379310344827580e+01 3.580757481576922561e-39
1.230710807249020246e-05 1.241379310344827580e+01 4.454637379886015932e-39
1.906207602937075158e-05 1.241379310344827580e+01 5.544083049447421072e-39
2.952462433979331885e-05 1.241379310344827580e+01 6.876824438865042529e-39
4.572972225390358467e-05 1.241379310344827580e+01 8.589385989419855911e-39
7.082926689775453032e-05 1.241379310344827580e+01 1.067245020123728926e-38
1.097051283499781685e-04 1.241379310344827580e+01 1.325603234779332884e-38
1.699186750536130469e-04 1.241379310344827580e+01 1.654293287565662393e-38
2.631814625827482291e-04 1.241379310344827580e+01 2.059674574273792362e-38
4.076331352356652414e-04 1.241379310344827580e+01 2.561540401785976556e-38
6.313695930989564548e-04 1.241379310344827580e+01 3.197366708223403372e-38
9.779076542918499482e-04 1.241379310344827580e+01 3.992165268652483369e-38
1.514649091079534830e-03 1.241379310344827580e+01 4.980948320197525368e-38
2.345990297794907711e-03 1.241379310344827580e+01 6.228720948105046968e-38
3.633627425495110450e-03 1.241379310344827580e+01 7.806076754333563092e-38
5.628006339037505169e-03 1.241379310344827580e+01 0.000000000000000000e+00
8.717034424059159556e-03 1.241379310344827580e+01 0.000000000000000000e+00
1.350152870709589968e-02 1.241379310344827580e+01 0.000000000000000000e+00
2.091207497419160510e-02 1.241379310344827580e+01 0.000000000000000000e+00
3.239002702681915286e-02 1.241379310344827580e+01 0.000000000000000000e+00
5.016785049273345815e-02 1.241379310344827580e+01 0.000000000000000000e+00
7.770333815953020529e-02 1.241379310344827580e+01 0.000000000000000000e+00
1.203521518628518361e-01 1.241379310344827580e+01 0.000000000000000000e+00
1.864095005581485331e-01 1.241379310344827580e+01 0.000000000000000000e+00
2.887235613197536854e-01 1.241379310344827580e+01 0.000000000000000000e+00
9.999999999999999547e-08 1.862068965517241281e+01 5.951265326490113740e-40
1.548867200734165734e-07 1.862068965517241281e+01 7.418063212811648191e-40
2.398989605510090242e-07 1.862068965517241281e+01 9.228096041061649324e-40
3.715716314876781855e-07 1.862068965517241281e+01 1.148095670574053351e-39
5.755151127345470891e-07 1.862068965517241281e+01 1.425667182530271945e-39
8.913964816413657190e-07 1.862068965517241281e+01 1.775265240486364879e-39
1.380654773264149257e-06 1.862068965517241281e+01 2.214532995758813792e-39
2.138450893845906815e-06 1.862068965517241281e+01 2.756374452721019385e-39
3.312176449858584610e-06 1.862068965517241281e+01 3.430995155540344034e-39
5.130121466230092225e-06 1.862068965517241281e+01 4.269004165129712454e-39
7.945876874826057222e-06 1.862068965517241281e+01 5.322622335764750495e-39
1.230710807249020246e-05 1.862068965517241281e+01 6.608389252930648904e-39
1.906207602937075158e-05 1.862068965517241281e+01 8.233487903121104391e-39
2.952462433979331885e-05 1.862068965517241281e+01 1.023958895276673759e-38
4.572972225390358467e-05 1.862068965517241281e+01 1.274017080450084706e-38
7.082926689775453032e-05 1.862068965517241281e+01 1.589548967297187475e-38
1.097051283499781685e-04 1.862068965517241281e+01 1.969158055130100007e-38
1.699186750536130469e-04 1.862068965517241281e+01 2.456905117419480407e-38
2.631814625827482291e-04 1.862068965517241281e+01 3.053785469819702044e-38
4.076331352356652414e-04 1.862068965517241281e+01 3.806501624150438868e-38
6.313695930989564548e-04 1.862068965517241281e+01 4.741203161894376937e-38
9.779076542918499482e-04 1.862068965517241281e+01 5.934520455117827004e-38
1.514649091079534830e-03 1.862068965517241281e+01 7.413042095883412648e-38
2.345990297794907711e-03 1.862068965517241281e+01 9.280960769076978505e-38
3.633627425495110450e-03 1.862068965517241281e+01 1.161133042594608475e-37
5.628006339037505169e-03 1.862068965517241281e+01 0.000000000000000000e+00
8.717034424059159556e-03 1.862068965517241281e+01 0.000000000000000000e+00
1.350152870709589968e-02 1.862068965517241281e+01 0.000000000000000000e+00
2.091207497419160510e-02 1.862068965517241281e+01 0.000000000000000000e+00
3.239002702681915286e-02 1.862068965517241281e+01 0.000000000000000000e+00
5.016785049273345815e-02 1.862068965517241281e+01 0.000000000000000000e+00
7.770333815953020529e-02 1.862068965517241281e+01 0.000000000000000000e+00
1.203521518628518361e-01 1.862068965517241281e+01 0.000000000000000000e+00
1.864095005581485331e-01 1.862068965517241281e+01 0.000000000000000000e+00
2.887235613197536854e-01 1.862068965517241281e+01 0.000000000000000000e+00
9.999999999999999547e-08 2.482758620689655160e+01 7.843676921849673080e-40
1.548867200734165734e-07 2.482758620689655160e+01 9.748805131479572368e-40
2.398989605510090242e-07 2.482758620689655160e+01 1.213752479545899691e-39
3.715716314876781855e-07 2.482758620689655160e+01 1.512821890445496749e-39
5.755151127345470891e-07 2.482758620689655160e+01 1.880770131263390560e-39
8.913964816413657190e-07 2.482758620689655160e+01 2.340939185518815827e-39
1.380654773264149257e-06 2.482758620689655160e+01 2.903760532288158638e-39
2.138450893845906815e-06 2.482758620689655160e+01 3.625853552442119869e-39
3.312176449858584610e-06 2.482758620689655160e+01 4.503071185870923208e-39
5.130121466230092225e-06 2.482758620689655160e+01 5.610559733611660519e-39
7.945876874826057222e-06 2.482758620689655160e+01 6.976204131152615667e-39
1.230710807249020246e-05 2.482758620689655160e+01 8.693699213437430763e-39
1.906207602937075158e-05 2.482758620689655160e+01 1.080207079572059913e-38
2.952462433979331885e-05 2.482758620689655160e+01 1.345984807310696612e-38
4.572972225390358467e-05 2.482758620689655160e+01 1.677665436392398891e-38
7.082926689775453032e-05 2.482758620689655160e+01 2.089717078531617041e-38
1.097051283499781685e-04 2.482758620689655160e+01 2.601986143483004452e-38
1.699186750536130469e-04 2.482758620689655160e+01 3.234100581718607507e-38
2.631814625827482291e-04 2.482758620689655160e+01 4.028923542110624605e-38
4.076331352356652414e-04 2.482758620689655160e+01 5.010642986023203999e-38
6.313695930989564548e-04 2.482758620689655160e+01 6.248039840504899294e-38
9.779076542918499482e-04 2.482758620689655160e+01 7.797115627283092289e-38
1.514649091079534830e-03 2.482758620689655160e+01 9.740241305454313802e-38
2.345990297794907711e-03 2.482758620689655160e+01 1.217120202324029405e-37
3.633627425495110450e-03 2.482758620689655160e+01 1.531174759729537428e-37
5.628006339037505169e-03 2.482758620689655160e+01 0.000000000000000000e+00
8.717034424059159556e-03 2.482758620689655160e+01 0.000000000000000000e+00
1.350152870709589968e-02 2.482758620689655160e+01 0.000000000000000000e+00
2.091207497419160510e-02 2.482758620689655160e+01 0.000000000000000000e+00
3.239002702681915286e-02 2.482758620689655160e+01 0.000000000000000000e+00
5.016785049273345815e-02 2.482758620689655160e+01 0.000000000000000000e+00
7.770333815953020529e-02 2.482758620689655160e+01 0.000000000000000000e+00
1.203521518628518361e-01 2.482758620689655160e+01 0.000000000000000000e+00
1.864095005581485331e-01 2.482758620689655160e+01 0.000000000000000000e+00
2.887235613197536854e-01 2.482758620689655160e+01 0.000000000000000000e+00
9.999999999999999547e-08 3.103448275862069039e+01 9.617795985298392852e-40
1.548867200734165734e-07 3.103448275862069039e+01 1.197306165830938360e-39
2.398989605510090242e-07 3.103448275862069039e+01 1.489244224487433104e-39
3.715716314876781855e-07 3.103448275862069039e+01 1.853287115303238557e-39
5.755151127345470891e-07 3.103448275862069039e+01 2.309047517682050468e-39
8.913964816413657190e-07 3.103448275862069039e+01 2.877768398210640409e-39
1.380654773264149257e-06 3.103448275862069039e+01 3.577871480177063973e-39
2.138450893845906815e-06 3.103448275862069039e+01 4.454550283337796559e-39
3.312176449858584610e-06 3.103448275862069039e+01 5.537030814434524690e-39
5.130121466230092225e-06 3.103448275862069039e+01 6.883162742932260717e-39
7.945876874826057222e-06 3.103448275862069039e+01 8.568810851061966650e-39
1.230710807249020246e-05 3.103448275862069039e+01 1.068608007686578606e-38
1.906207602937075158e-05 3.103448275862069039e+01 1.331116327319820587e-38
2.952462433979331885e-05 3.103448275862069039e+01 1.653151795909812487e-38
4.572972225390358467e-05 3.103448275862069039e+01 2.060609882190872322e-38
7.082926689775453032e-05 3.103448275862069039e+01 2.560301726832229776e-38
1.097051283499781685e-04 3.103448275862069039e+01 3.189975957228183359e-38
1.699186750536130469e-04 3.103448275862069039e+01 3.972655098321528435e-38
2.631814625827482291e-04 3.103448275862069039e+01 4.962032609121244979e-38
4.076331352356652414e-04 3.103448275862069039e+01 6.164482187783277696e-38
6.313695930989564548e-04 3.103448275862069039e+01 7.676850008927404976e-38
9.779076542918499482e-04 3.103448275862069039e+01 9.571488938028784587e-38
1.514649091079534830e-03 3.103448275862069039e+01 1.197713679950185166e-37
2.345990297794907711e-03 3.103448275862069039e+01 1.498560449088323744e-37
3.633627425495110450e-03 3.103448275862069039e+01 1.883713140543827083e-37
5.628006339037505169e-03 3.103448275862069039e+01 0.000000000000000000e+00
8.717034424059159556e-03 3.103448275862069039e+01 0.000000000000000000e+00
1.350152870709589968e-02 3.103448275862069039e+01 0.000000000000000000e+00
2.091207497419160510e-02 3.103448275862069039e+01 0.000000000000000000e+00
3.239002702681915286e-02 3.103448275862069039e+01 0.000000000000000000e+00
5.016785049273345815e-02 3.103448275862069039e+01 0.000000000000000000e+00
7.770333815953020529e-02 3.103448275862069039e+01 0.000000000000000000e+00
1.203521518628518361e-01 3.103448275862069039e+01 0.000000000000000000e+00
1.864095005581485331e-01 3.103448275862069039e+01 0.000000000000000000e+00
2.887235613197536854e-01 3.103448275862069039e+01 0.000000000000000000e+00
9.999999999999999547e-08 3.724137931034482563e+01 1.129721046363451167e-39
1.548867200734165734e-07 3.724137931034482563e+01 1.405429205664848793e-39
2.398989605510090242e-07 3.724137931034482563e+01 1.746597051334990556e-39
3.715716314876781855e-07 3.724137931034482563e+01 2.180246518441793854e-39
5.755151127345470891e-07 3.724137931034482563e+01 2.704713127782017909e-39
8.913964816413657190e-07 3.724137931034482563e+01 3.376521233977887390e-39
1.380654773264149257e-06 3.724137931034482563e+01 4.198032940483616709e-39
2.138450893845906815e-06 3.724137931034482563e+01 5.223499599738182530e-39
3.312176449858584610e-06 3.724137931034482563e+01 6.502657595692335417e-39
5.130121466230092225e-06 3.724137931034482563e+01 8.098867453721844376e-39
7.945876874826057222e-06 3.724137931034482563e+01 1.007252538627596299e-38
1.230710807249020246e-05 3.724137931034482563e+01 1.254379076457354475e-38
1.906207602937075158e-05 3.724137931034482563e+01 1.560912931198933528e-38
2.952462433979331885e-05 3.724137931034482563e+01 1.940746468509420429e-38
4.572972225390358467e-05 3.724137931034482563e+01 2.412235237828697357e-38
7.082926689775453032e-05 3.724137931034482563e+01 3.015951226003461932e-38
1.097051283499781685e-04 3.724137931034482563e+01 3.742732053597043431e-38
1.699186750536130469e-04 3.724137931034482563e+01 4.668469383432738196e-38
2.631814625827482291e-04 3.724137931034482563e+01 5.816250470786784228e-38
4.076331352356652414e-04 3.724137931034482563e+01 7.225695922425746966e-38
6.313695930989564548e-04 3.724137931034482563e+01 9.022609308004330197e-38
9.779076542918499482e-04 3.724137931034482563e+01 1.126632874726324532e-37
1.514649091079534830e-03 3.724137931034482563e+01 1.405197318262121258e-37
2.345990297794907711e-03 3.724137931034482563e+01 1.758739697777086915e-37
3.633627425495110450e-03 3.724137931034482563e+01 2.215712150862972283e-37
5.628006339037505169e-03 3.724137931034482563e+01 2.803322479373788180e-37
8.717034424059159556e-03 3.724137931034482563e+01 0.000000000000000000e+00
1.350152870709589968e-02 3.724137931034482563e+01 0.000000000000000000e+00
2.091207497419160510e-02 3.724137931034482563e+01 0.000000000000000000e+00
3.239002702681915286e-02 3.724137931034482563e+01 0.000000000000000000e+00
5.016785049273345815e-02 3.724137931034482563e+01 0.000000000000000000e+00
7.770333815953020529e-02 3.724137931034482563e+01 0.000000000000000000e+00
1.203521518628518361e-01 3.724137931034482563e+01 0.000000000000000000e+00
1.864095005581485331e-01 3.724137931034482563e+01 0.000000000000000000e+00
2.887235613197536854e-01 3.724137931034482563e+01 0.000000000000000000e+00
9.999999999999999547e-08 4.344827586206896797e+01 1.282422234703339577e-39
1.548867200734165734e-07 4.344827586206896797e+01 1.599226389089217309e-39
2.398989605510090242e-07 4.344827586206896797e+01 1.988624058537950515e-39
3.715716314876781855e-07 4.344827586206896797e+01 2.471747112772065695e-39
5.755151127345470891e-07 4.344827586206896797e+01 3.075031296057354700e-39
8.913964816413657190e-07 4.344827586206896797e+01 3.826174769554931884e-39
1.380654773264149257e-06 4.344827586206896797e+01 4.763808284762858418e-39
2.138450893845906815e-06 4.344827586206896797e+01 5.936629861052078721e-39
3.312176449858584610e-06 4.344827586206896797e+01 7.393525055472698492e-39
5.130121466230092225e-06 4.344827586206896797e+01 9.200269406010140315e-39
7.945876874826057222e-06 4.344827586206896797e+01 1.142382853266491605e-38
1.230710807249020246e-05 4.344827586206896797e+01 1.424817111001092726e-38
1.906207602937075158e-05 4.344827586206896797e+01 1.772905517963819500e-38
2.952462433979331885e-05 4.344827586206896797e+01 2.206313267583078463e-38
4.572972225390358467e-05 4.344827586206896797e+01 2.748886674360491552e-38
7.082926689775453032e-05 4.344827586206896797e+01 3.415378235989659871e-38
1.097051283499781685e-04 4.344827586206896797e+01 4.261456642673093178e-38
1.699186750536130469e-04 4.344827586206896797e+01 5.293090200209689987e-38
2.631814625827482291e-04 4.344827586206896797e+01 6.606612169264863329e-38
4.076331352356652414e-04 4.344827586206896797e+01 8.228317608013539185e-38
6.313695930989564548e-04 4.344827586206896797e+01 1.023836234760886241e-37
9.779076542918499482e-04 4.344827586206896797e+01 1.277218642111753831e-37
1.514649091079534830e-03 4.344827586206896797e+01 1.599847990739552462e-37
2.345990297794907711e-03 4.344827586206896797e+01 2.002409212626838870e-37
3.633627425495110450e-03 4.344827586206896797e+01 2.519962759950350369e-37
5.628006339037505169e-03 4.344827586206896797e+01 3.195298992433378960e-37
8.717034424059159556e-03 4.344827586206896797e+01 0.000000000000000000e+00
1.350152870709589968e-02 4.344827586206896797e+01 0.000000000000000000e+00
2.091207497419160510e-02 4.344827586206896797e+01 0.000000000000000000e+00
3.239002702681915286e-02 4.344827586206896797e+01 0.000000000000000000e+00
5.016785049273345815e-02 4.344827586206896797e+01 0.000000000000000000e+00
7.770333815953020529e-02 4.344827586206896797e+01 0.000000000000000000e+00
1.203521518628518361e-01 4.344827586206896797e+01 0.000000000000000000e+00
1.864095005581485331e-01 4.344827586206896797e+01 0.000000000000000000e+00
2.887235613197536854e-01 4.344827586206896797e+01 0.000000000000000000e+00
9.999999999999999547e-08 4.965517241379310320e+01 1.422317199900432587e-39
1.548867200734165734e-07 4.965517241379310320e+01 1.769573117896442852e-39
2.398989605510090242e-07 4.965517241379310320e+01 2.210220124017052617e-39
3.715716314876781855e-07 4.965517241379310320e+01 2.742142076705433497e-39
5.755151127345470891e-07 4.965517241379310320e+01 3.406460298377701629e-39
8.913964816413657190e-07 4.965517241379310320e+01 4.246947557732968951e-39
1.380654773264149257e-06 4.965517241379310320e+01 5.296894321865499343e-39
2.138450893845906815e-06 4.965517241379310320e+01 6.586386255696421488e-39
3.312176449858584610e-06 4.965517241379310320e+01 8.182774685180605857e-39
5.130121466230092225e-06 4.965517241379310320e+01 1.018180615236256381e-38
7.945876874826057222e-06 4.965517241379310320e+01 1.269707318899173422e-38
1.230710807249020246e-05 4.965517241379310320e+01 1.578192749183363289e-38
1.906207602937075158e-05 4.965517241379310320e+01 1.966944821232965934e-38
2.952462433979331885e-05 4.965517241379310320e+01 2.440540533015746554e-38
4.572972225390358467e-05 4.965517241379310320e+01 3.036955897336492689e-38
7.082926689775453032e-05 4.965517241379310320e+01 3.787667856215260375e-38
1.097051283499781685e-04 4.965517241379310320e+01 4.717377217437342771e-38
1.699186750536130469e-04 4.965517241379310320e+01 5.863517852413565145e-38
2.631814625827482291e-04 4.965517241379310320e+01 7.294333505738632485e-38
4.076331352356652414e-04 4.965517241379310320e+01 9.122621130484463533e-38
6.313695930989564548e-04 4.965517241379310320e+01 1.136406249764981012e-37
9.779076542918499482e-04 4.965517241379310320e+01 1.418496317091470924e-37
1.514649091079534830e-03 4.965517241379310320e+01 1.772105124231900497e-37
2.345990297794907711e-03 4.965517241379310320e+01 2.219379643902593370e-37
3.633627425495110450e-03 4.965517241379310320e+01 2.808267961737606245e-37
5.628006339037505169e-03 4.965517241379310320e+01 3.543974659037249941e-37
8.717034424059159556e-03 4.965517241379310320e+01 4.544623104110472914e-37
1.350152870709589968e-02 4.965517241379310320e+01 0.000000000000000000e+00
2.091207497419160510e-02 4.965517241379310320e+01 0.000000000000000000e+00
3.239002702681915286e-02 4.965517241379310320e+01 0.000000000000000000e+00
5.016785049273345815e-02 4.965517241379310320e+01 0.000000000000000000e+00
7.770333815953020529e-02 4.965517241379310320e+01 0.000000000000000000e+00
1.203521518628518361e-01 4.965517241379310320e+01 0.000000000000000000e+00
1.864095005581485331e-01 4.965517241379310320e+01 0.000000000000000000e+00
2.887235613197536854e-01 4.965517241379310320e+01 0.000000000000000000e+00
9.999999999999999547e-08 5.586206896551724554e+01 1.544437245720702389e-39
1.548867200734165734e-07 5.586206896551724554e+01 1.922819552642542746e-39
2.398989605510090242e-07 5.586206896551724554e+01 2.395144659436394461e-39
3.715716314876781855e-07 5.586206896551724554e+01 2.977039445439898450e-39
5.755151127345470891e-07 5.586206896551724554e+01 3.698102187933711388e-39
8.913964816413657190e-07 5.586206896551724554e+01 4.608846455250940048e-39
1.380654773264149257e-06 5.586206896551724554e+01 5.743818025491313970e-39
2.138450893845906815e-06 5.586206896551724554e+01 7.147731078282115781e-39
3.312176449858584610e-06 5.586206896551724554e+01 8.868504060702727490e-39
5.130121466230092225e-06 5.586206896551724554e+01 1.105881668637626302e-38
7.945876874826057222e-06 5.586206896551724554e+01 1.375605231408762440e-38
1.230710807249020246e-05 5.586206896551724554e+01 1.714832852808018834e-38
1.906207602937075158e-05 5.586206896551724554e+01 2.131312665789646154e-38
2.952462433979331885e-05 5.586206896551724554e+01 2.656525402640352906e-38
4.572972225390358467e-05 5.586206896551724554e+01 3.304102239917748461e-38
7.082926689775453032e-05 5.586206896551724554e+01 4.109907173282920464e-38
1.097051283499781685e-04 5.586206896551724554e+01 5.119034839334953997e-38
1.699186750536130469e-04 5.586206896551724554e+01 6.371779897463257073e-38
2.631814625827482291e-04 5.586206896551724554e+01 7.950366354610047318e-38
4.076331352356652414e-04 5.586206896551724554e+01 9.911539270353099348e-38
6.313695930989564548e-04 5.586206896551724554e+01 1.235034913087835850e-37
9.779076542918499482e-04 5.586206896551724554e+01 1.542815974144965901e-37
1.514649091079534830e-03 5.586206896551724554e+01 1.925752018806511413e-37
2.345990297794907711e-03 5.586206896551724554e+01 2.417017912166118017e-37
3.633627425495110450e-03 5.586206896551724554e+01 3.046784651192376218e-37
5.628006339037505169e-03 5.586206896551724554e+01 3.858273541897279784e-37
8.717034424059159556e-03 5.586206896551724554e+01 4.944851605469537307e-37
1.350152870709589968e-02 5.586206896551724554e+01 6.435185251694970459e-37
2.091207497419160510e-02 5.586206896551724554e+01 0.000000000000000000e+00
3.239002702681915286e-02 5.586206896551724554e+01 0.000000000000000000e+00
5.016785049273345815e-02 5.586206896551724554e+01 0.000000000000000000e+00
7.770333815953020529e-02 5.586206896551724554e+01 0.000000000000000000e+00
1.203521518628518361e-01 5.586206896551724554e+01 0.000000000000000000e+00
1.864095005581485331e-01 5.586206896551724554e+01 0.000000000000000000e+00
2.887235613197536854e-01 5.586206896551724554e+01 0.000000000000000000e+00
9.999999999999999547e-08 6.206896551724138078e+01 1.648270297920211966e-39
1.548867200734165734e-07 6.206896551724138078e+01 2.055169722167189104e-39
2.398989605510090242e-07 6.206896551724138078e+01 2.555793115696382853e-39
3.715716314876781855e-07 6.206896551724138078e+01 3.175662531004994113e-39
5.755151127345470891e-07 6.206896551724138078e+01 3.963440583179316110e-39
8.913964816413657190e-07 6.206896551724138078e+01 4.936396051955483445e-39
1.380654773264149257e-06 6.206896551724138078e+01 6.125697445575344925e-39
2.138450893845906815e-06 6.206896551724138078e+01 7.618062610899716199e-39
3.312176449858584610e-06 6.206896551724138078e+01 9.491834142546856985e-39
5.130121466230092225e-06 6.206896551724138078e+01 1.181383578938740351e-38
7.945876874826057222e-06 6.206896551724138078e+01 1.470065797542221627e-38
1.230710807249020246e-05 6.206896551724138078e+01 1.827194068411058876e-38
1.906207602937075158e-05 6.206896551724138078e+01 2.279352554006431379e-38
2.952462433979331885e-05 6.206896551724138078e+01 2.833674735987989771e-38
4.572972225390358467e-05 6.206896551724138078e+01 3.524901197955918701e-38
7.082926689775453032e-05 6.206896551724138078e+01 4.380820625475863134e-38
1.097051283499781685e-04 6.206896551724138078e+01 5.467281874518484236e-38
1.699186750536130469e-04 6.206896551724138078e+01 6.820440363916226653e-38
2.631814625827482291e-04 6.206896551724138078e+01 8.485621344862351130e-38
4.076331352356652414e-04 6.206896551724138078e+01 1.056238676915815453e-37
6.313695930989564548e-04 6.206896551724138078e+01 1.316270391258921676e-37
9.779076542918499482e-04 6.206896551724138078e+01 1.643432372862416121e-37
1.514649091079534830e-03 6.206896551724138078e+01 2.054980545033894012e-37
2.345990297794907711e-03 6.206896551724138078e+01 2.583795558879736598e-37
3.633627425495110450e-03 6.206896551724138078e+01 3.253640607182649164e-37
5.628006339037505169e-03 6.206896551724138078e+01 4.131802933039054427e-37
8.717034424059159556e-03 6.206896551724138078e+01 5.284072975417687208e-37
1.350152870709589968e-02 6.206896551724138078e+01 6.906723274789320319e-37
2.091207497419160510e-02 6.206896551724138078e+01 9.230967001526712464e-37
3.239002702681915286e-02 6.206896551724138078e+01 0.000000000000000000e+00
5.016785049273345815e-02 6.206896551724138078e+01 0.000000000000000000e+00
7.770333815953020529e-02 6.206896551724138078e+01 0.000000000000000000e+00
1.203521518628518361e-01 6.206896551724138078e+01 0.000000000000000000e+00
1.864095005581485331e-01 6.206896551724138078e+01 0.000000000000000000e+00
2.887235613197536854e-01 6.206896551724138078e+01 0.000000000000000000e+00
9.999999999999999547e-08 6.827586206896552312e+01 1.733658248961461342e-39
1.548867200734165734e-07 6.827586206896552312e+01 2.160422410101073968e-39
2.398989605510090242e-07 6.827586206896552312e+01 2.687427153845947095e-39
3.715716314876781855e-07 6.827586206896552312e+01 3.339458679124161064e-39
5.755151127345470891e-07 6.827586206896552312e+01 4.152057007100446830e-39
8.913964816413657190e-07 6.827586206896552312e+01 5.179956374809029127e-39
1.380654773264149257e-06 6.827586206896552312e+01 6.441754100595318467e-39
2.138450893845906815e-06 6.827586206896552312e+01 8.006537618715450410e-39
3.312176449858584610e-06 6.827586206896552312e+01 9.974342002864342685e-39
5.130121466230092225e-06 6.827586206896552312e+01 1.241059524398334487e-38
7.945876874826057222e-06 6.827586206896552312e+01 1.543196861199546611e-38
1.230710807249020246e-05 6.827586206896552312e+01 1.921072952271662425e-38
1.906207602937075158e-05 6.827586206896552312e+01 2.390763960244493321e-38
2.952462433979331885e-05 6.827586206896552312e+01 2.976190567475271965e-38
4.572972225390358467e-05 6.827586206896552312e+01 3.710221616887143202e-38
7.082926689775453032e-05 6.827586206896552312e+01 4.611630154507931051e-38
1.097051283499781685e-04 6.827586206896552312e+01 5.747521596871877804e-38
1.699186750536130469e-04 6.827586206896552312e+01 7.161355443113181857e-38
2.631814625827482291e-04 6.827586206896552312e+01 8.918612801134096184e-38
4.076331352356652414e-04 6.827586206896552312e+01 1.112348166584185293e-37
6.313695930989564548e-04 6.827586206896552312e+01 1.389526601385988189e-37
9.779076542918499482e-04 6.827586206896552312e+01 1.728651527706459584e-37
1.514649091079534830e-03 6.827586206896552312e+01 2.164304657387138413e-37
2.345990297794907711e-03 6.827586206896552312e+01 2.714441284682729723e-37
3.633627425495110450e-03 6.827586206896552312e+01 3.430718077226149396e-37
5.628006339037505169e-03 6.827586206896552312e+01 4.345119996594479333e-37
8.717034424059159556e-03 6.827586206896552312e+01 5.569270349437723920e-37
1.350152870709589968e-02 6.827586206896552312e+01 7.270857171167679525e-37
2.091207497419160510e-02 6.827586206896552312e+01 9.744113418741405666e-37
3.239002702681915286e-02 6.827586206896552312e+01 1.359986210470885043e-36
5.016785049273345815e-02 6.827586206896552312e+01 2.001660570938528354e-36
7.770333815953020529e-02 6.827586206896552312e+01 0.000000000000000000e+00
1.203521518628518361e-01 6.827586206896552312e+01 1.059751727789057549e-35
1.864095005581485331e-01 6.827586206896552312e+01 7.699952549828599751e-35
2.887235613197536854e-01 6.827586206896552312e+01 0.000000000000000000e+00
9.999999999999999547e-08 7.448275862068965125e+01 1.801417080178677728e-39
1.548867200734165734e-07 7.448275862068965125e+01 2.240541712157880012e-39
2.398989605510090242e-07 7.448275862068965125e+01 2.782938529688788545e-39
3.715716314876781855e-07 7.448275862068965125e+01 3.466893472106306143e-39
5.755151127345470891e-07 7.448275862068965125e+01 4.313033305725631355e-39
8.913964816413657190e-07 7.448275862068965125e+01 5.369606048567508359e-39
1.380654773264149257e-06 7.448275862068965125e+01 6.674773612909736688e-39
2.138450893845906815e-06 7.448275862068965125e+01 8.285734774716178668e-39
3.312176449858584610e-06 7.448275862068965125e+01 1.035466370081509540e-38
5.130121466230092225e-06 7.448275862068965125e+01 1.288061360955610754e-38
7.945876874826057222e-06 7.448275862068965125e+01 1.603996832042324256e-38
1.230710807249020246e-05 7.448275862068965125e+01 2.000597022925557178e-38
1.906207602937075158e-05 7.448275862068965125e+01 2.483431917576195995e-38
2.952462433979331885e-05 7.448275862068965125e+01 3.095316619158962007e-38
4.572972225390358467e-05 7.448275862068965125e+01 3.845422877533373816e-38
7.082926689775453032e-05 7.448275862068965125e+01 4.779677519560558388e-38
1.097051283499781685e-04 7.448275862068965125e+01 5.960297800763217713e-38
1.699186750536130469e-04 7.448275862068965125e+01 7.425399550150438977e-38
2.631814625827482291e-04 7.448275862068965125e+01 9.252550043124588804e-38
4.076331352356652414e-04 7.448275862068965125e+01 1.155093569153329965e-37
6.313695930989564548e-04 7.448275862068965125e+01 1.439190213278400085e-37
9.779076542918499482e-04 7.448275862068965125e+01 1.794111828289438022e-37
1.514649091079534830e-03 7.448275862068965125e+01 2.241155218799829007e-37
2.345990297794907711e-03 7.448275862068965125e+01 2.824456638248092772e-37
3.633627425495110450e-03 7.448275862068965125e+01 3.556536270132846239e-37
5.628006339037505169e-03 7.448275862068965125e+01 4.512844240096268321e-37
8.717034424059159556e-03 7.448275862068965125e+01 5.793817675601799498e-37
1.350152870709589968e-02 7.448275862068965125e+01 7.554874303161799554e-37
2.091207497419160510e-02 7.448275862068965125e+01 1.010529517525619760e-36
3.239002702681915286e-02 7.448275862068965125e+01 1.405927284535453568e-36
5.016785049273345815e-02 7.448275862068965125e+01 2.074219984637604221e-36
7.770333815953020529e-02 7.448275862068965125e+01 3.537756360750606687e-36
1.203521518628518361e-01 7.448275862068965125e+01 1.344748364747875181e-35
1.864095005581485331e-01 7.448275862068965125e+01 6.903761139621627425e-35
2.887235613197536854e-01 7.448275862068965125e+01 0.000000000000000000e+00
9.999999999999999547e-08 8.068965517241380780e+01 1.840705733171360756e-39
1.548867200734165734e-07 8.068965517241380780e+01 2.293198310829346122e-39
2.398989605510090242e-07 8.068965517241380780e+01 2.849786315709916703e-39
3.715716314876781855e-07 8.068965517241380780e+01 3.551757148513116102e-39
5.755151127345470891e-07 8.068965517241380780e+01 4.419684892432780649e-39
8.913964816413657190e-07 8.068965517241380780e+01 5.490163678975651988e-39
1.380654773264149257e-06 8.068965517241380780e+01 6.842224620647967390e-39
2.138450893845906815e-06 8.068965517241380780e+01 8.513826655511060317e-39
3.312176449858584610e-06 8.068965517241380780e+01 1.059853326012403934e-38
5.130121466230092225e-06 8.068965517241380780e+01 1.318230873964195272e-38
7.945876874826057222e-06 8.068965517241380780e+01 1.638445730690012773e-38
1.230710807249020246e-05 8.068965517241380780e+01 2.045798694763398074e-38
1.906207602937075158e-05 8.068965517241380780e+01 2.544615889125189267e-38
2.952462433979331885e-05 8.068965517241380780e+01 3.168989123520382203e-38
4.572972225390358467e-05 8.068965517241380780e+01 3.937421032596846707e-38
7.082926689775453032e-05 8.068965517241380780e+01 4.909921388606881671e-38
1.097051283499781685e-04 8.068965517241380780e+01 6.105720233534768054e-38
1.699186750536130469e-04 8.068965517241380780e+01 7.594678332126038977e-38
2.631814625827482291e-04 8.068965517241380780e+01 9.465444850382925594e-38
4.076331352356652414e-04 8.068965517241380780e+01 1.177831961047654199e-37
6.313695930989564548e-04 8.068965517241380780e+01 1.472506553046574910e-37
9.779076542918499482e-04 8.068965517241380780e+01 1.839584467850832835e-37
1.514649091079534830e-03 8.068965517241380780e+01 2.300498342731087593e-37
2.345990297794907711e-03 8.068965517241380780e+01 2.891404003487078474e-37
3.633627425495110450e-03 8.068965517241380780e+01 3.643750588564936380e-37
5.628006339037505169e-03 8.068965517241380780e+01 4.620756399295991241e-37
8.717034424059159556e-03 8.068965517241380780e+01 5.921464473653436543e-37
1.350152870709589968e-02 8.068965517241380780e+01 7.726094935129273705e-37
2.091207497419160510e-02 8.068965517241380780e+01 1.033996233189993512e-36
3.239002702681915286e-02 8.068965517241380780e+01 1.436343823626685681e-36
5.016785049273345815e-02 8.068965517241380780e+01 2.117391339718686742e-36
7.770333815953020529e-02 8.068965517241380780e+01 3.783339063178690220e-36
1.203521518628518361e-01 8.068965517241380780e+01 1.665746772554033240e-35
1.864095005581485331e-01 8.068965517241380780e+01 5.861852328504005823e-35
2.887235613197536854e-01 8.068965517241380780e+01 0.000000000000000000e+00
9.999999999999999547e-08 8.689655172413793593e+01 1.863846376813895451e-39
1.548867200734165734e-07 8.689655172413793593e+01 2.323229267476264996e-39
2.398989605510090242e-07 8.689655172413793593e+01 2.887415169028458560e-39
3.715716314876781855e-07 8.689655172413793593e+01 3.596231088526617551e-39
5.755151127345470891e-07 8.689655172413793593e+01 4.471379175796904173e-39
8.913964816413657190e-07 8.689655172413793593e+01 5.566428739899827946e-39
1.380654773264149257e-06 8.689655172413793593e+01 6.924837628921351543e-39
2.138450893845906815e-06 8.689655172413793593e+01 8.644377943736248297e-39
3.312176449858584610e-06 8.689655172413793593e+01 1.072723739736229357e-38
5.130121466230092225e-06 8.689655172413793593e+01 1.337611698084192358e-38
7.945876874826057222e-06 8.689655172413793593e+01 1.662262614713161072e-38
1.230710807249020246e-05 8.689655172413793593e+01 2.068061528850422471e-38
1.906207602937075158e-05 8.689655172413793593e+01 2.573171582681420264e-38
2.952462433979331885e-05 8.689655172413793593e+01 3.202416009680777053e-38
4.572972225390358467e-05 8.689655172413793593e+01 3.988311438592501719e-38
7.082926689775453032e-05 8.689655172413793593e+01 4.970087044869149442e-38
1.097051283499781685e-04 8.689655172413793593e+01 6.178252460518160614e-38
1.699186750536130469e-04 8.689655172413793593e+01 7.704140902725046123e-38
2.631814625827482291e-04 8.689655172413793593e+01 9.579529973290429366e-38
4.076331352356652414e-04 8.689655172413793593e+01 1.193018165007886772e-37
6.313695930989564548e-04 8.689655172413793593e+01 1.492034881791869658e-37
9.779076542918499482e-04 8.689655172413793593e+01 1.856478805697902760e-37
1.514649091079534830e-03 8.689655172413793593e+01 2.330613933582250557e-37
2.345990297794907711e-03 8.689655172413793593e+01 2.926494641247134837e-37
3.633627425495110450e-03 8.689655172413793593e+01 3.686781192148921101e-37
5.628006339037505169e-03 8.689655172413793593e+01 4.677097222048593933e-37
8.717034424059159556e-03 8.689655172413793593e+01 5.992783746613107431e-37
1.350152870709589968e-02 8.689655172413793593e+01 7.836083688020878809e-37
2.091207497419160510e-02 8.689655172413793593e+01 1.043964383047712638e-36
3.239002702681915286e-02 8.689655172413793593e+01 1.444947070973309773e-36
5.016785049273345815e-02 8.689655172413793593e+01 2.135813557778412853e-36
7.770333815953020529e-02 8.689655172413793593e+01 4.087921262257253983e-36
1.203521518628518361e-01 8.689655172413793593e+01 2.025722695733625984e-35
1.864095005581485331e-01 8.689655172413793593e+01 4.789241563792473572e-35
2.887235613197536854e-01 8.689655172413793593e+01 0.000000000000000000e+00
9.999999999999999547e-08 9.310344827586206407e+01 1.862715072542003138e-39
1.548867200734165734e-07 9.310344827586206407e+01 2.314474725545250932e-39
2.398989605510090242e-07 9.310344827586206407e+01 2.883065253570693863e-39
3.715716314876781855e-07 9.310344827586206407e+01 3.591950641706760177e-39
5.755151127345470891e-07 9.310344827586206407e+01 4.467957853981230559e-39
8.913964816413657190e-07 9.310344827586206407e+01 5.560177948872327461e-39
1.380654773264149257e-06 9.310344827586206407e+01 6.911952382041684404e-39
2.138450893845906815e-06 9.310344827586206407e+01 8.606824827617050211e-39
3.312176449858584610e-06 9.310344827586206407e+01 1.072946150065356460e-38
5.130121466230092225e-06 9.310344827586206407e+01 1.336307235835979042e-38
7.945876874826057222e-06 9.310344827586206407e+01 1.658329838015986050e-38
1.230710807249020246e-05 9.310344827586206407e+01 2.068918070650589752e-38
1.906207602937075158e-05 9.310344827586206407e+01 2.576037660614104033e-38
2.952462433979331885e-05 9.310344827586206407e+01 3.203511314669110779e-38
4.572972225390358467e-05 9.310344827586206407e+01 3.988324171551967934e-38
7.082926689775453032e-05 9.310344827586206407e+01 4.964295529940156962e-38
1.097051283499781685e-04 9.310344827586206407e+01 6.176868153494817666e-38
1.699186750536130469e-04 9.310344827586206407e+01 7.699418334451215596e-38
2.631814625827482291e-04 9.310344827586206407e+01 9.603091443553658703e-38
4.076331352356652414e-04 9.310344827586206407e+01 1.193775151876504617e-37
6.313695930989564548e-04 9.310344827586206407e+01 1.489448964677855895e-37
9.779076542918499482e-04 9.310344827586206407e+01 1.858360714835718427e-37
1.514649091079534830e-03 9.310344827586206407e+01 2.333209639349030464e-37
2.345990297794907711e-03 9.310344827586206407e+01 2.925983462181692483e-37
3.633627425495110450e-03 9.310344827586206407e+01 3.687951879402174076e-37
5.628006339037505169e-03 9.310344827586206407e+01 4.675729287382978710e-37
8.717034424059159556e-03 9.310344827586206407e+01 5.996612808428237215e-37
1.350152870709589968e-02 9.310344827586206407e+01 7.824815902494563535e-37
2.091207497419160510e-02 9.310344827586206407e+01 1.040071625006698436e-36
3.239002702681915286e-02 9.310344827586206407e+01 1.436731709967316125e-36
5.016785049273345815e-02 9.310344827586206407e+01 2.145380536391361233e-36
7.770333815953020529e-02 9.310344827586206407e+01 4.439469162775222220e-36
1.203521518628518361e-01 9.310344827586206407e+01 2.313979132625814140e-35
1.864095005581485331e-01 9.310344827586206407e+01 3.850885629072569156e-35
2.887235613197536854e-01 9.310344827586206407e+01 0.000000000000000000e+00
9.999999999999999547e-08 9.931034482758620641e+01 1.846567098021089264e-39
1.548867200734165734e-07 9.931034482758620641e+01 2.292276574756257857e-39
2.398989605510090242e-07 9.931034482758620641e+01 2.849702923130996838e-39
3.715716314876781855e-07 9.931034482758620641e+01 3.547590692866678584e-39
5.755151127345470891e-07 9.931034482758620641e+01 4.417119798473734012e-39
8.913964816413657190e-07 9.931034482758620641e+01 5.494513350653369019e-39
1.380654773264149257e-06 9.931034482758620641e+01 6.836285605889163280e-39
2.138450893845906815e-06 9.931034482758620641e+01 8.487034995464970134e-39
3.312176449858584610e-06 9.931034482758620641e+01 1.060596166100164570e-38
5.130121466230092225e-06 9.931034482758620641e+01 1.317083919314166819e-38
7.945876874826057222e-06 9.931034482758620641e+01 1.642307804283111695e-38
1.230710807249020246e-05 9.931034482758620641e+01 2.045893894634570794e-38
1.906207602937075158e-05 9.931034482758620641e+01 2.543703896518606728e-38
2.952462433979331885e-05 9.931034482758620641e+01 3.169892590350754381e-38
4.572972225390358467e-05 9.931034482758620641e+01 3.932942283608149030e-38
7.082926689775453032e-05 9.931034482758620641e+01 4.899364088148818510e-38
1.097051283499781685e-04 9.931034482758620641e+01 6.112741091392027930e-38
1.699186750536130469e-04 9.931034482758620641e+01 7.604727996938616576e-38
2.631814625827482291e-04 9.931034482758620641e+01 9.454228946690315908e-38
4.076331352356652414e-04 9.931034482758620641e+01 1.180003432063200664e-37
6.313695930989564548e-04 9.931034482758620641e+01 1.473352823405008987e-37
9.779076542918499482e-04 9.931034482758620641e+01 1.842281208948567711e-37
1.514649091079534830e-03 9.931034482758620641e+01 2.293133625386454530e-37
2.345990297794907711e-03 9.931034482758620641e+01 2.895046198016847679e-37
3.633627425495110450e-03 9.931034482758620641e+01 3.633850817163324041e-37
5.628006339037505169e-03 9.931034482758620641e+01 4.620405053461017513e-37
8.717034424059159556e-03 9.931034482758620641e+01 5.924700354071010408e-37
1.350152870709589968e-02 9.931034482758620641e+01 7.698158862499007554e-37
2.091207497419160510e-02 9.931034482758620641e+01 1.027129672794148089e-36
3.239002702681915286e-02 9.931034482758620641e+01 1.411447687363801861e-36
5.016785049273345815e-02 9.931034482758620641e+01 2.140974500418547417e-36
7.770333815953020529e-02 9.931034482758620641e+01 4.842344933154367247e-36
1.203521518628518361e-01 9.931034482758620641e+01 2.479029951658071833e-35
1.864095005581485331e-01 9.931034482758620641e+01 3.045781948596190118e-35
2.887235613197536854e-01 9.931034482758620641e+01 0.000000000000000000e+00
9.999999999999999547e-08 1.055172413793103630e+02 1.799876572564113909e-39
1.548867200734165734e-07 1.055172413793103630e+02 2.236479293619380777e-39
2.398989605510090242e-07 1.055172413793103630e+02 2.789524927892660585e-39
3.715716314876781855e-07 1.055172413793103630e+02 3.470789803874167085e-39
5.755151127345470891e-07 1.055172413793103630e+02 4.316754798714940544e-39
8.913964816413657190e-07 1.055172413793103630e+02 5.379847559947029235e-39
1.380654773264149257e-06 1.055172413793103630e+02 6.685849688407458103e-39
2.138450893845906815e-06 1.055172413793103630e+02 8.310631354240405101e-39
3.312176449858584610e-06 1.055172413793103630e+02 1.035673372452127962e-38
5.130121466230092225e-06 1.055172413793103630e+02 1.284834352390035047e-38
7.945876874826057222e-06 1.055172413793103630e+02 1.605397490889418836e-38
1.230710807249020246e-05 1.055172413793103630e+02 1.999025581431577166e-38
1.906207602937075158e-05 1.055172413793103630e+02 2.485734387538727773e-38
2.952462433979331885e-05 1.055172413793103630e+02 3.088433541887405301e-38
4.572972225390358467e-05 1.055172413793103630e+02 3.847451570979975414e-38
7.082926689775453032e-05 1.055172413793103630e+02 4.788633973295045802e-38
1.097051283499781685e-04 1.055172413793103630e+02 5.983279086328388860e-38
1.699186750536130469e-04 1.055172413793103630e+02 7.440712372996941484e-38
2.631814625827482291e-04 1.055172413793103630e+02 9.251306106795512577e-38
4.076331352356652414e-04 1.055172413793103630e+02 1.152008115224274498e-37
6.313695930989564548e-04 1.055172413793103630e+02 1.440497873269081919e-37
9.779076542918499482e-04 1.055172413793103630e+02 1.795550280298195385e-37
1.514649091079534830e-03 1.055172413793103630e+02 2.246165131898156179e-37
2.345990297794907711e-03 1.055172413793103630e+02 2.820647756847632022e-37
3.633627425495110450e-03 1.055172413793103630e+02 3.543103068994346599e-37
5.628006339037505169e-03 1.055172413793103630e+02 4.500642744583948813e-37
8.717034424059159556e-03 1.055172413793103630e+02 5.762281642449050160e-37
1.350152870709589968e-02 1.055172413793103630e+02 7.481083547720537436e-37
2.091207497419160510e-02 1.055172413793103630e+02 9.917110924919387669e-37
3.239002702681915286e-02 1.055172413793103630e+02 1.371434247244295634e-36
5.016785049273345815e-02 1.055172413793103630e+02 2.107866336534367692e-36
7.770333815953020529e-02 1.055172413793103630e+02 5.251117910594662081e-36
1.203521518628518361e-01 1.055172413793103630e+02 2.572673263575653181e-35
1.864095005581485331e-01 1.055172413793103630e+02 2.383709098232275952e-35
2.887235613197536854e-01 1.055172413793103630e+02 0.000000000000000000e+00
9.999999999999999547e-08 1.117241379310344911e+02 1.735291222957217327e-39
1.548867200734165734e-07 1.117241379310344911e+02 2.157423155927379943e-39
2.398989605510090242e-07 1.117241379310344911e+02 2.679352270239254805e-39
3.715716314876781855e-07 1.117241379310344911e+02 3.337755384817354705e-39
5.755151127345470891e-07 1.117241379310344911e+02 4.151272107820684903e-39
8.913964816413657190e-07 1.117241379310344911e+02 5.181984710947695270e-39
1.380654773264149257e-06 1.117241379310344911e+02 6.450267382135224576e-39
2.138450893845906815e-06 1.117241379310344911e+02 8.010968430056431806e-39
3.312176449858584610e-06 1.117241379310344911e+02 9.981902971491548636e-39
5.130121466230092225e-06 1.117241379310344911e+02 1.241670775880582014e-38
7.945876874826057222e-06 1.117241379310344911e+02 1.544446408901854724e-38
1.230710807249020246e-05 1.117241379310344911e+02 1.928525359722144821e-38
1.906207602937075158e-05 1.117241379310344911e+02 2.396736403951623540e-38
2.952462433979331885e-05 1.117241379310344911e+02 2.975608403658825550e-38
4.572972225390358467e-05 1.117241379310344911e+02 3.711219109472168723e-38
7.082926689775453032e-05 1.117241379310344911e+02 4.617169058430152400e-38
1.097051283499781685e-04 1.117241379310344911e+02 5.741902043072691615e-38
1.699186750536130469e-04 1.117241379310344911e+02 7.149360008942383235e-38
2.631814625827482291e-04 1.117241379310344911e+02 8.910713736291723143e-38
4.076331352356652414e-04 1.117241379310344911e+02 1.110906276197924800e-37
6.313695930989564548e-04 1.117241379310344911e+02 1.387848387004447572e-37
9.779076542918499482e-04 1.117241379310344911e+02 1.732170024269464168e-37
1.514649091079534830e-03 1.117241379310344911e+02 2.163165379247896695e-37
2.345990297794907711e-03 1.117241379310344911e+02 2.712403807852401008e-37
3.633627425495110450e-03 1.117241379310344911e+02 3.410789885057005934e-37
5.628006339037505169e-03 1.117241379310344911e+02 4.332403239439243096e-37
8.717034424059159556e-03 1.117241379310344911e+02 5.542836302987747867e-37
1.350152870709589968e-02 1.117241379310344911e+02 7.179420193526296830e-37
2.091207497419160510e-02 1.117241379310344911e+02 9.535664732808290712e-37
3.239002702681915286e-02 1.117241379310344911e+02 1.318926284275892437e-36
5.016785049273345815e-02 1.117241379310344911e+02 2.104014838848726877e-36
7.770333815953020529e-02 1.117241379310344911e+02 5.651622603227642931e-36
1.203521518628518361e-01 1.117241379310344911e+02 2.504812992624926694e-35
1.864095005581485331e-01 1.117241379310344911e+02 1.812331918626352639e-35
2.887235613197536854e-01 1.117241379310344911e+02 0.000000000000000000e+00
9.999999999999999547e-08 1.179310344827586192e+02 1.653250084422097680e-39
1.548867200734165734e-07 1.179310344827586192e+02 2.050307764297818348e-39
2.398989605510090242e-07 1.179310344827586192e+02 2.554739553853088202e-39
3.715716314876781855e-07 1.179310344827586192e+02 3.172734332423412267e-39
5.755151127345470891e-07 1.179310344827586192e+02 3.958735008575407967e-39
8.913964816413657190e-07 1.179310344827586192e+02 4.932823085944390709e-39
1.380654773264149257e-06 1.179310344827586192e+02 6.128841472191724913e-39
2.138450893845906815e-06 1.179310344827586192e+02 7.625891671664161167e-39
3.312176449858584610e-06 1.179310344827586192e+02 9.493494981261196016e-39
5.130121466230092225e-06 1.179310344827586192e+02 1.179509571307402437e-38
7.945876874826057222e-06 1.179310344827586192e+02 1.470119942762302539e-38
1.230710807249020246e-05 1.179310344827586192e+02 1.828758404984018728e-38
1.906207602937075158e-05 1.179310344827586192e+02 2.277536799864645779e-38
2.952462433979331885e-05 1.179310344827586192e+02 2.829252461583641683e-38
4.572972225390358467e-05 1.179310344827586192e+02 3.528171932365605471e-38
7.082926689775453032e-05 1.179310344827586192e+02 4.387986170369406011e-38
1.097051283499781685e-04 1.179310344827586192e+02 5.464813341027053309e-38
1.699186750536130469e-04 1.179310344827586192e+02 6.817193106712914834e-38
2.631814625827482291e-04 1.179310344827586192e+02 8.474981930560151563e-38
4.076331352356652414e-04 1.179310344827586192e+02 1.059998324605045742e-37
6.313695930989564548e-04 1.179310344827586192e+02 1.314792271696951719e-37
9.779076542918499482e-04 1.179310344827586192e+02 1.643906794744370729e-37
1.514649091079534830e-03 1.179310344827586192e+02 2.061399705107700504e-37
2.345990297794907711e-03 1.179310344827586192e+02 2.579204916870507616e-37
3.633627425495110450e-03 1.179310344827586192e+02 3.245908147780391700e-37
5.628006339037505169e-03 1.179310344827586192e+02 4.110960432835936008e-37
8.717034424059159556e-03 1.179310344827586192e+02 5.250873001966310852e-37
1.350152870709589968e-02 1.179310344827586192e+02 6.800369001935112717e-37
2.091207497419160510e-02 1.179310344827586192e+02 9.021464028095113785e-37
3.239002702681915286e-02 1.179310344827586192e+02 1.249176265307919018e-36
5.016785049273345815e-02 1.179310344827586192e+02 2.058939773782936106e-36
7.770333815953020529e-02 1.179310344827586192e+02 6.011577426105472807e-36
1.203521518628518361e-01 1.179310344827586192e+02 2.337212842031437317e-35
1.864095005581485331e-01 1.179310344827586192e+02 1.332081887472121613e-35
2.887235613197536854e-01 1.179310344827586192e+02 0.000000000000000000e+00
9.999999999999999547e-08 1.241379310344827616e+02 1.543860029836617861e-39
1.548867200734165734e-07 1.241379310344827616e+02 1.923391265641360322e-39
2.398989605510090242e-07 1.241379310344827616e+02 2.388271769801982643e-39
3.715716314876781855e-07 1.241379310344827616e+02 2.979347347196196295e-39
5.755151127345470891e-07 1.241379310344827616e+02 3.712707268906309601e-39
8.913964816413657190e-07 1.241379310344827616e+02 4.618262755580749511e-39
1.380654773264149257e-06 1.241379310344827616e+02 5.739709363745532735e-39
2.138450893845906815e-06 1.241379310344827616e+02 7.146744966920991600e-39
3.312176449858584610e-06 1.241379310344827616e+02 8.878813923698989655e-39
5.130121466230092225e-06 1.241379310344827616e+02 1.107528500900418419e-38
7.945876874826057222e-06 1.241379310344827616e+02 1.377738604155746837e-38
1.230710807249020246e-05 1.241379310344827616e+02 1.716536705865701111e-38
1.906207602937075158e-05 1.241379310344827616e+02 2.128702386936557036e-38
2.952462433979331885e-05 1.241379310344827616e+02 2.661872749399849375e-38
4.572972225390358467e-05 1.241379310344827616e+02 3.302379825316761250e-38
7.082926689775453032e-05 1.241379310344827616e+02 4.121813482516652563e-38
1.097051283499781685e-04 1.241379310344827616e+02 5.116038360363152629e-38
1.699186750536130469e-04 1.241379310344827616e+02 6.371892483913349132e-38
2.631814625827482291e-04 1.241379310344827616e+02 7.949578559760430296e-38
4.076331352356652414e-04 1.241379310344827616e+02 9.890185277954019730e-38
6.313695930989564548e-04 1.241379310344827616e+02 1.234391803916636710e-37
9.779076542918499482e-04 1.241379310344827616e+02 1.540208766324954753e-37
1.514649091079534830e-03 1.241379310344827616e+02 1.927526118192546081e-37
2.345990297794907711e-03 1.241379310344827616e+02 2.419753520004978329e-37
3.633627425495110450e-03 1.241379310344827616e+02 3.044380829858810968e-37
5.628006339037505169e-03 1.241379310344827616e+02 3.843517179219986779e-37
8.717034424059159556e-03 1.241379310344827616e+02 4.912156125818392881e-37
1.350152870709589968e-02 1.241379310344827616e+02 6.356210985245124385e-37
2.091207497419160510e-02 1.241379310344827616e+02 8.413991381731258055e-37
3.239002702681915286e-02 1.241379310344827616e+02 1.171903901405580055e-36
5.016785049273345815e-02 1.241379310344827616e+02 2.008750073293379720e-36
7.770333815953020529e-02 1.241379310344827616e+02 6.222084646674978140e-36
1.203521518628518361e-01 1.241379310344827616e+02 2.121029575106370148e-35
1.864095005581485331e-01 1.241379310344827616e+02 9.621817876300948869e-36
2.887235613197536854e-01 1.241379310344827616e+02 0.000000000000000000e+00
9.999999999999999547e-08 1.303448275862068897e+02 1.423303436892187081e-39
1.548867200734165734e-07 1.303448275862068897e+02 1.768277232031736579e-39
2.398989605510090242e-07 1.303448275862068897e+02 2.203341584767119499e-39
3.715716314876781855e-07 1.303448275862068897e+02 2.740453894103951524e-39
5.755151127345470891e-07 1.303448275862068897e+02 3.410430596834856788e-39
8.913964816413657190e-07 1.303448275862068897e+02 4.242254268172232524e-39
1.380654773264149257e-06 1.303448275862068897e+02 5.298568624715982183e-39
2.138450893845906815e-06 1.303448275862068897e+02 6.583205693054725326e-39
3.312176449858584610e-06 1.303448275862068897e+02 8.196444875559564568e-39
5.130121466230092225e-06 1.303448275862068897e+02 1.019292469365945174e-38
7.945876874826057222e-06 1.303448275862068897e+02 1.271310404368669735e-38
1.230710807249020246e-05 1.303448275862068897e+02 1.582340193658008072e-38
1.906207602937075158e-05 1.303448275862068897e+02 1.969451772438271013e-38
2.952462433979331885e-05 1.303448275862068897e+02 2.445398625276631719e-38
4.572972225390358467e-05 1.303448275862068897e+02 3.047056420043109943e-38
7.082926689775453032e-05 1.303448275862068897e+02 3.787605495777427843e-38
1.097051283499781685e-04 1.303448275862068897e+02 4.718255404092056552e-38
1.699186750536130469e-04 1.303448275862068897e+02 5.879318008838582879e-38
2.631814625827482291e-04 1.303448275862068897e+02 7.302004603826496728e-38
4.076331352356652414e-04 1.303448275862068897e+02 9.111762313936771217e-38
6.313695930989564548e-04 1.303448275862068897e+02 1.136125781701295329e-37
9.779076542918499482e-04 1.303448275862068897e+02 1.417249866341590639e-37
1.514649091079534830e-03 1.303448275862068897e+02 1.775412659964810520e-37
2.345990297794907711e-03 1.303448275862068897e+02 2.225859935953716408e-37
3.633627425495110450e-03 1.303448275862068897e+02 2.792777535054500667e-37
5.628006339037505169e-03 1.303448275862068897e+02 3.530019394877501631e-37
8.717034424059159556e-03 1.303448275862068897e+02 4.515717852545547861e-37
1.350152870709589968e-02 1.303448275862068897e+02 5.832120976986762849e-37
2.091207497419160510e-02 1.303448275862068897e+02 7.701186793714257726e-37
3.239002702681915286e-02 1.303448275862068897e+02 1.083407336275578973e-36
5.016785049273345815e-02 1.303448275862068897e+02 1.904869163870136182e-36
7.770333815953020529e-02 1.303448275862068897e+02 6.249056856555650325e-36
1.203521518628518361e-01 1.303448275862068897e+02 1.858185282943840071e-35
1.864095005581485331e-01 1.303448275862068897e+02 6.778925174806716441e-36
2.887235613197536854e-01 1.303448275862068897e+02 0.000000000000000000e+00
9.999999999999999547e-08 1.365517241379310462e+02 1.285372493595903078e-39
1.548867200734165734e-07 1.365517241379310462e+02 1.597076196883709375e-39
2.398989605510090242e-07 1.365517241379310462e+02 1.985119521562477189e-39
3.715716314876781855e-07 1.365517241379310462e+02 2.476835908095253500e-39
5.755151127345470891e-07 1.365517241379310462e+02 3.081184084977191536e-39
8.913964816413657190e-07 1.365517241379310462e+02 3.827505460433600131e-39
1.380654773264149257e-06 1.365517241379310462e+02 4.761409111525753543e-39
2.138450893845906815e-06 1.365517241379310462e+02 5.930411770403662331e-39
3.312176449858584610e-06 1.365517241379310462e+02 7.383540794342793514e-39
5.130121466230092225e-06 1.365517241379310462e+02 9.197718118425733467e-39
7.945876874826057222e-06 1.365517241379310462e+02 1.144563475221777180e-38
1.230710807249020246e-05 1.365517241379310462e+02 1.425378542365946071e-38
1.906207602937075158e-05 1.365517241379310462e+02 1.775098429401556136e-38
2.952462433979331885e-05 1.365517241379310462e+02 2.205857844631005888e-38
4.572972225390358467e-05 1.365517241379310462e+02 2.743493813175063775e-38
7.082926689775453032e-05 1.365517241379310462e+02 3.416840083823199016e-38
1.097051283499781685e-04 1.365517241379310462e+02 4.257686598020581132e-38
1.699186750536130469e-04 1.365517241379310462e+02 5.300292235329604683e-38
2.631814625827482291e-04 1.365517241379310462e+02 6.579758999071837555e-38
4.076331352356652414e-04 1.365517241379310462e+02 8.220548953305366391e-38
6.313695930989564548e-04 1.365517241379310462e+02 1.024876289470933403e-37
9.779076542918499482e-04 1.365517241379310462e+02 1.280228808804246999e-37
1.514649091079534830e-03 1.365517241379310462e+02 1.599582834530882775e-37
2.345990297794907711e-03 1.365517241379310462e+02 2.008346727039772674e-37
3.633627425495110450e-03 1.365517241379310462e+02 2.518057016122180274e-37
5.628006339037505169e-03 1.365517241379310462e+02 3.184846187328272297e-37
8.717034424059159556e-03 1.365517241379310462e+02 4.057578470573777050e-37
1.350152870709589968e-02 1.365517241379310462e+02 5.249710605618598588e-37
2.091207497419160510e-02 1.365517241379310462e+02 6.935735493279135176e-37
3.239002702681915286e-02 1.365517241379310462e+02 9.814342473995048442e-37
5.016785049273345815e-02 1.365517241379310462e+02 1.794819528525829482e-36
7.770333815953020529e-02 1.365517241379310462e+02 6.132015481477645187e-36
1.203521518628518361e-01 1.365517241379310462e+02 1.580139047649379737e-35
1.864095005581485331e-01 1.365517241379310462e+02 4.676795958092609396e-36
2.887235613197536854e-01 1.365517241379310462e+02 0.000000000000000000e+00
9.999999999999999547e-08 1.427586206896551744e+02 1.128287777653362655e-39
1.548867200734165734e-07 1.427586206896551744e+02 1.404612423279960575e-39
2.398989605510090242e-07 1.427586206896551744e+02 1.746367991311051002e-39
3.715716314876781855e-07 1.427586206896551744e+02 2.174045277401087521e-39
5.755151127345470891e-07 1.427586206896551744e+02 2.712411509584626324e-39
8.913964816413657190e-07 1.427586206896551744e+02 3.375729540331050100e-39
1.380654773264149257e-06 1.427586206896551744e+02 4.195672057491445171e-39
2.138450893845906815e-06 1.427586206896551744e+02 5.219743093346130464e-39
3.312176449858584610e-06 1.427586206896551744e+02 6.503486083037452664e-39
5.130121466230092225e-06 1.427586206896551744e+02 8.095249469158910361e-39
7.945876874826057222e-06 1.427586206896551744e+02 1.004539657933980482e-38
1.230710807249020246e-05 1.427586206896551744e+02 1.255993133864129575e-38
1.906207602937075158e-05 1.427586206896551744e+02 1.562958630381329225e-38
2.952462433979331885e-05 1.427586206896551744e+02 1.942136367813289269e-38
4.572972225390358467e-05 1.427586206896551744e+02 2.419603982725439233e-38
7.082926689775453032e-05 1.427586206896551744e+02 3.004434637307249013e-38
1.097051283499781685e-04 1.427586206896551744e+02 3.742968299814902856e-38
1.699186750536130469e-04 1.427586206896551744e+02 4.680661519584723451e-38
2.631814625827482291e-04 1.427586206896551744e+02 5.813872245170972308e-38
4.076331352356652414e-04 1.427586206896551744e+02 7.247814331026810247e-38
6.313695930989564548e-04 1.427586206896551744e+02 9.038646956963961869e-38
9.779076542918499482e-04 1.427586206896551744e+02 1.125236966730144172e-37
1.514649091079534830e-03 1.427586206896551744e+02 1.407041043849315501e-37
2.345990297794907711e-03 1.427586206896551744e+02 1.763508916299652681e-37
3.633627425495110450e-03 1.427586206896551744e+02 2.211627809696204637e-37
5.628006339037505169e-03 1.427586206896551744e+02 2.797687586170350023e-37
8.717034424059159556e-03 1.427586206896551744e+02 3.562858778893470633e-37
1.350152870709589968e-02 1.427586206896551744e+02 4.589554308107311177e-37
2.091207497419160510e-02 1.427586206896551744e+02 6.076760115503616070e-37
3.239002702681915286e-02 1.427586206896551744e+02 8.703953840869772962e-37
5.016785049273345815e-02 1.427586206896551744e+02 1.636440607723682270e-36
7.770333815953020529e-02 1.427586206896551744e+02 5.705771021550039019e-36
1.203521518628518361e-01 1.427586206896551744e+02 1.310738624895915250e-35
1.864095005581485331e-01 1.427586206896551744e+02 3.200130638862259380e-36
2.887235613197536854e-01 1.427586206896551744e+02 0.000000000000000000e+00
9.999999999999999547e-08 1.489655172413793025e+02 9.632248323123905141e-40
1.548867200734165734e-07 1.489655172413793025e+02 1.199687762197813139e-39
2.398989605510090242e-07 1.489655172413793025e+02 1.491392588693979673e-39
3.715716314876781855e-07 1.489655172413793025e+02 1.857457701674288769e-39
5.755151127345470891e-07 1.489655172413793025e+02 2.310078067203131071e-39
8.913964816413657190e-07 1.489655172413793025e+02 2.872322637471936349e-39
1.380654773264149257e-06 1.489655172413793025e+02 3.575337208281513398e-39
2.138450893845906815e-06 1.489655172413793025e+02 4.455506563280436371e-39
3.312176449858584610e-06 1.489655172413793025e+02 5.545708499686860295e-39
5.130121466230092225e-06 1.489655172413793025e+02 6.896600166911607948e-39
7.945876874826057222e-06 1.489655172413793025e+02 8.582323549128936232e-39
1.230710807249020246e-05 1.489655172413793025e+02 1.066903562855305597e-38
1.906207602937075158e-05 1.489655172413793025e+02 1.331468558304074288e-38
2.952462433979331885e-05 1.489655172413793025e+02 1.653833261424823073e-38
4.572972225390358467e-05 1.489655172413793025e+02 2.054717761995228764e-38
7.082926689775453032e-05 1.489655172413793025e+02 2.564659285450283333e-38
1.097051283499781685e-04 1.489655172413793025e+02 3.188316927538437270e-38
1.699186750536130469e-04 1.489655172413793025e+02 3.971532707958930097e-38
2.631814625827482291e-04 1.489655172413793025e+02 4.952947166332053033e-38
4.076331352356652414e-04 1.489655172413793025e+02 6.185965325719160492e-38
6.313695930989564548e-04 1.489655172413793025e+02 7.669220940522458836e-38
9.779076542918499482e-04 1.489655172413793025e+02 9.586084844490139226e-38
1.514649091079534830e-03 1.489655172413793025e+02 1.197497193932825385e-37
2.345990297794907711e-03 1.489655172413793025e+02 1.498776167998394054e-37
3.633627425495110450e-03 1.489655172413793025e+02 1.884451797732544464e-37
5.628006339037505169e-03 1.489655172413793025e+02 2.381917841688051190e-37
8.717034424059159556e-03 1.489655172413793025e+02 3.027878471952187793e-37
1.350152870709589968e-02 1.489655172413793025e+02 3.895672045508446139e-37
2.091207497419160510e-02 1.489655172413793025e+02 5.168015588207141042e-37
3.239002702681915286e-02 1.489655172413793025e+02 7.505610102342659110e-37
5.016785049273345815e-02 1.489655172413793025e+02 1.448271009693180072e-36
7.770333815953020529e-02 1.489655172413793025e+02 5.134776019921194815e-36
1.203521518628518361e-01 1.489655172413793025e+02 1.056823281910685299e-35
1.864095005581485331e-01 1.489655172413793025e+02 2.167669695376420263e-36
2.887235613197536854e-01 1.489655172413793025e+02 0.000000000000000000e+00
9.999999999999999547e-08 1.551724137931034591e+02 7.826503472458712893e-40
1.548867200734165734e-07 1.551724137931034591e+02 9.778165250484355833e-40
2.398989605510090242e-07 1.551724137931034591e+02 1.212958422393533241e-39
3.715716314876781855e-07 1.551724137931034591e+02 1.511784985094003748e-39
5.755151127345470891e-07 1.551724137931034591e+02 1.877720548824969629e-39
8.913964816413657190e-07 1.551724137931034591e+02 2.339510948264611612e-39
1.380654773264149257e-06 1.551724137931034591e+02 2.919694689246555588e-39
2.138450893845906815e-06 1.551724137931034591e+02 3.618115635137501270e-39
3.312176449858584610e-06 1.551724137931034591e+02 4.508074886969374268e-39
5.130121466230092225e-06 1.551724137931034591e+02 5.615559501418635512e-39
7.945876874826057222e-06 1.551724137931034591e+02 6.979586955975799720e-39
1.230710807249020246e-05 1.551724137931034591e+02 8.703461741961588644e-39
1.906207602937075158e-05 1.551724137931034591e+02 1.083186182230949888e-38
2.952462433979331885e-05 1.551724137931034591e+02 1.346811223654953519e-38
4.572972225390358467e-05 1.551724137931034591e+02 1.673837884488747566e-38
7.082926689775453032e-05 1.551724137931034591e+02 2.083848654794956641e-38
1.097051283499781685e-04 1.551724137931034591e+02 2.601326142970050455e-38
1.699186750536130469e-04 1.551724137931034591e+02 3.236418609008118866e-38
2.631814625827482291e-04 1.551724137931034591e+02 4.034274276946045567e-38
4.076331352356652414e-04 1.551724137931034591e+02 5.012451453028344431e-38
6.313695930989564548e-04 1.551724137931034591e+02 6.260257611888725160e-38
9.779076542918499482e-04 1.551724137931034591e+02 7.794750187920151114e-38
1.514649091079534830e-03 1.551724137931034591e+02 9.763891778302780375e-38
2.345990297794907711e-03 1.551724137931034591e+02 1.221813452946448525e-37
3.633627425495110450e-03 1.551724137931034591e+02 1.535130904837770930e-37
5.628006339037505169e-03 1.551724137931034591e+02 1.934814937280134768e-37
8.717034424059159556e-03 1.551724137931034591e+02 2.461245618298415590e-37
1.350152870709589968e-02 1.551724137931034591e+02 3.168988798673970162e-37
2.091207497419160510e-02 1.551724137931034591e+02 4.200811153818272819e-37
3.239002702681915286e-02 1.551724137931034591e+02 6.106496251648219408e-37
5.016785049273345815e-02 1.551724137931034591e+02 1.213366801961405401e-36
7.770333815953020529e-02 1.551724137931034591e+02 4.290341945251762776e-36
1.203521518628518361e-01 1.551724137931034591e+02 8.181382086080025769e-36
1.864095005581485331e-01 1.551724137931034591e+02 1.452542172366957918e-36
2.887235613197536854e-01 1.551724137931034591e+02 0.000000000000000000e+00
9.999999999999999547e-08 1.613793103448276156e+02 5.962435863418871331e-40
1.548867200734165734e-07 1.613793103448276156e+02 7.410093953226604305e-40
2.398989605510090242e-07 1.613793103448276156e+02 9.222404817494375821e-40
3.715716314876781855e-07 1.613793103448276156e+02 1.149301762371874445e-39
5.755151127345470891e-07 1.613793103448276156e+02 1.429911471452194463e-39
8.913964816413657190e-07 1.613793103448276156e+02 1.781118275949113711e-39
1.380654773264149257e-06 1.613793103448276156e+02 2.217719746334491245e-39
2.138450893845906815e-06 1.613793103448276156e+02 2.752005800475299484e-39
3.312176449858584610e-06 1.613793103448276156e+02 3.423839818832315981e-39
5.130121466230092225e-06 1.613793103448276156e+02 4.278376046013487811e-39
7.945876874826057222e-06 1.613793103448276156e+02 5.317801765786180820e-39
1.230710807249020246e-05 1.613793103448276156e+02 6.610920093099067647e-39
1.906207602937075158e-05 1.613793103448276156e+02 8.240148464742856774e-39
2.952462433979331885e-05 1.613793103448276156e+02 1.024870828902252967e-38
4.572972225390358467e-05 1.613793103448276156e+02 1.273324635713707581e-38
7.082926689775453032e-05 1.613793103448276156e+02 1.587194483487394672e-38
1.097051283499781685e-04 1.613793103448276156e+02 1.977187790583825596e-38
1.699186750536130469e-04 1.613793103448276156e+02 2.459882148882223471e-38
2.631814625827482291e-04 1.613793103448276156e+02 3.067875291510854881e-38
4.076331352356652414e-04 1.613793103448276156e+02 3.813501566689377433e-38
6.313695930989564548e-04 1.613793103448276156e+02 4.749498107472084197e-38
9.779076542918499482e-04 1.613793103448276156e+02 5.946890963175637414e-38
1.514649091079534830e-03 1.613793103448276156e+02 7.422451781498562078e-38
2.345990297794907711e-03 1.613793103448276156e+02 9.297504336933767118e-38
3.633627425495110450e-03 1.613793103448276156e+02 1.166170634903578043e-37
5.628006339037505169e-03 1.613793103448276156e+02 1.471040303194323914e-37
8.717034424059159556e-03 1.613793103448276156e+02 1.869570630118426538e-37
1.350152870709589968e-02 1.613793103448276156e+02 2.407954820327648451e-37
2.091207497419160510e-02 1.613793103448276156e+02 3.203753213084905649e-37
3.239002702681915286e-02 1.613793103448276156e+02 4.673952997021346460e-37
5.016785049273345815e-02 1.613793103448276156e+02 9.478559642378083745e-37
7.770333815953020529e-02 1.613793103448276156e+02 3.360440815940330691e-36
1.203521518628518361e-01 1.613793103448276156e+02 5.976789481401040128e-36
1.864095005581485331e-01 1.613793103448276156e+02 9.372471698593030020e-37
2.887235613197536854e-01 1.613793103448276156e+02 0.000000000000000000e+00
9.999999999999999547e-08 1.675862068965517437e+02 4.004523698174708095e-40
1.548867200734165734e-07 1.675862068965517437e+02 4.983410772016850461e-40
2.398989605510090242e-07 1.675862068965517437e+02 6.206694097043608025e-40
3.715716314876781855e-07 1.675862068965517437e+02 7.709130555459291741e-40
5.755151127345470891e-07 1.675862068965517437e+02 9.629979896043154358e-40
8.913964816413657190e-07 1.675862068965517437e+02 1.199516332307679944e-39
1.380654773264149257e-06 1.675862068965517437e+02 1.487366138365078200e-39
2.138450893845906815e-06 1.675862068965517437e+02 1.853705087329070412e-39
3.312176449858584610e-06 1.675862068965517437e+02 2.314206512653849462e-39
5.130121466230092225e-06 1.675862068965517437e+02 2.878161134323520016e-39
7.945876874826057222e-06 1.675862068965517437e+02 3.574837808601716891e-39
1.230710807249020246e-05 1.675862068965517437e+02 4.447054041063128610e-39
1.906207602937075158e-05 1.675862068965517437e+02 5.534864352599136194e-39
2.952462433979331885e-05 1.675862068965517437e+02 6.896731786677548691e-39
4.572972225390358467e-05 1.675862068965517437e+02 8.592114092081754533e-39
7.082926689775453032e-05 1.675862068965517437e+02 1.068885256313811240e-38
1.097051283499781685e-04 1.675862068965517437e+02 1.328448626653820823e-38
1.699186750536130469e-04 1.675862068965517437e+02 1.661374677816342994e-38
2.631814625827482291e-04 1.675862068965517437e+02 2.062182351068929100e-38
4.076331352356652414e-04 1.675862068965517437e+02 2.571788889036402321e-38
6.313695930989564548e-04 1.675862068965517437e+02 3.206898884659702948e-38
9.779076542918499482e-04 1.675862068965517437e+02 3.993337964983081353e-38
1.514649091079534830e-03 1.675862068965517437e+02 4.982928066174822085e-38
2.345990297794907711e-03 1.675862068965517437e+02 6.248694323554636385e-38
3.633627425495110450e-03 1.675862068965517437e+02 7.848861726449382607e-38
5.628006339037505169e-03 1.675862068965517437e+02 9.905454014766855982e-38
8.717034424059159556e-03 1.675862068965517437e+02 1.259750337042116220e-37
1.350152870709589968e-02 1.675862068965517437e+02 1.614224744364874653e-37
2.091207497419160510e-02 1.675862068965517437e+02 2.149032539338435470e-37
3.239002702681915286e-02 1.675862068965517437e+02 3.177365308634858657e-37
5.016785049273345815e-02 1.675862068965517437e+02 6.475808065528987959e-37
7.770333815953020529e-02 1.675862068965517437e+02 2.313783914292938494e-36
1.203521518628518361e-01 1.675862068965517437e+02 3.907908632918635506e-36
1.864095005581485331e-01 1.675862068965517437e+02 5.598526754450639889e-37
2.887235613197536854e-01 1.675862068965517437e+02 0.000000000000000000e+00
9.999999999999999547e-08 1.737931034482758719e+02 2.019873866643091893e-40
1.548867200734165734e-07 1.737931034482758719e+02 2.511585524148983300e-40
2.398989605510090242e-07 1.737931034482758719e+02 3.134102939838743876e-40
3.715716314876781855e-07 1.737931034482758719e+02 3.896551253782156804e-40
5.755151127345470891e-07 1.737931034482758719e+02 4.838778395902619200e-40
8.913964816413657190e-07 1.737931034482758719e+02 6.023640408117205277e-40
1.380654773264149257e-06 1.737931034482758719e+02 7.497974372182223467e-40
2.138450893845906815e-06 1.737931034482758719e+02 9.334675225923359767e-40
3.312176449858584610e-06 1.737931034482758719e+02 1.158556139726213753e-39
5.130121466230092225e-06 1.737931034482758719e+02 1.444202231538513240e-39
7.945876874826057222e-06 1.737931034482758719e+02 1.803470049986389440e-39
1.230710807249020246e-05 1.737931034482758719e+02 2.242603080156192154e-39
1.906207602937075158e-05 1.737931034482758719e+02 2.792172907282397108e-39
2.952462433979331885e-05 1.737931034482758719e+02 3.461571952417032427e-39
4.572972225390358467e-05 1.737931034482758719e+02 4.322194224602848226e-39
7.082926689775453032e-05 1.737931034482758719e+02 5.387972892953422431e-39
1.097051283499781685e-04 1.737931034482758719e+02 6.699840133358816219e-39
1.699186750536130469e-04 1.737931034482758719e+02 8.329623869411952414e-39
2.631814625827482291e-04 1.737931034482758719e+02 1.035411497561609817e-38
4.076331352356652414e-04 1.737931034482758719e+02 1.291800877384653278e-38
6.313695930989564548e-04 1.737931034482758719e+02 1.612820824297014279e-38
9.779076542918499482e-04 1.737931034482758719e+02 2.013104034879655732e-38
1.514649091079534830e-03 1.737931034482758719e+02 2.519415470624277454e-38
2.345990297794907711e-03 1.737931034482758719e+02 3.135203266287831169e-38
3.633627425495110450e-03 1.737931034482758719e+02 3.955461130209897432e-38
5.628006339037505169e-03 1.737931034482758719e+02 4.969143785058880472e-38
8.717034424059159556e-03 1.737931034482758719e+02 6.317159044876390809e-38
1.350152870709589968e-02 1.737931034482758719e+02 8.133048625818786925e-38
2.091207497419160510e-02 1.737931034482758719e+02 1.080635837655481822e-37
3.239002702681915286e-02 1.737931034482758719e+02 1.596298730099181988e-37
5.016785049273345815e-02 1.737931034482758719e+02 3.296999674276672307e-37
7.770333815953020529e-02 1.737931034482758719e+02 1.176326543831554235e-36
1.203521518628518361e-01 1.737931034482758719e+02 1.922898663662819382e-36
1.864095005581485331e-01 1.737931034482758719e+02 2.623104428035490962e-37
2.887235613197536854e-01 1.737931034482758719e+02 0.000000000000000000e+00
9.999999999999999547e-08 1.800000000000000000e+02 2.282757964968631248e-55
1.548867200734165734e-07 1.800000000000000000e+02 0.000000000000000000e+00
2.398989605510090242e-07 1.800000000000000000e+02 0.000000000000000000e+00
3.715716314876781855e-07 1.800000000000000000e+02 0.000000000000000000e+00
5.755151127345470891e-07 1.800000000000000000e+02 5.483625478098089795e-55
8.913964816413657190e-07 1.800000000000000000e+02 6.813682180409078397e-55
1.380654773264149257e-06 1.800000000000000000e+02 0.000000000000000000e+00
2.138450893845906815e-06 1.800000000000000000e+02 1.055998283770577447e-54
3.312176449858584610e-06 1.800000000000000000e+02 1.311555415437999898e-54
5.130121466230092225e-06 1.800000000000000000e+02 1.636927162564898276e-54
7.945876874826057222e-06 1.800000000000000000e+02 0.000000000000000000e+00
1.230710807249020246e-05 1.800000000000000000e+02 2.533024784946926291e-54
1.906207602937075158e-05 1.800000000000000000e+02 0.000000000000000000e+00
2.952462433979331885e-05 1.800000000000000000e+02 3.925224967435195753e-54
4.572972225390358467e-05 1.800000000000000000e+02 4.896777036128687277e-54
7.082926689775453032e-05 1.800000000000000000e+02 6.108079365183596338e-54
1.097051283499781685e-04 1.800000000000000000e+02 7.570791612574592626e-54
1.699186750536130469e-04 1.800000000000000000e+02 9.426916753994107593e-54
2.631814625827482291e-04 1.800000000000000000e+02 1.174736683821291586e-53
4.076331352356652414e-04 1.800000000000000000e+02 1.461386193039473403e-53
6.313695930989564548e-04 1.800000000000000000e+02 0.000000000000000000e+00
9.779076542918499482e-04 1.800000000000000000e+02 2.276350349836458137e-53
1.514649091079534830e-03 1.800000000000000000e+02 0.000000000000000000e+00
2.345990297794907711e-03 1.800000000000000000e+02 0.000000000000000000e+00
3.633627425495110450e-03 1.800000000000000000e+02 4.466403005005547957e-53
5.628006339037505169e-03 1.800000000000000000e+02 5.627028369970665847e-53
8.717034424059159556e-03 1.800000000000000000e+02 7.152347988893375869e-53
1.350152870709589968e-02 1.800000000000000000e+02 0.000000000000000000e+00
2.091207497419160510e-02 1.800000000000000000e+02 1.225981235628889771e-52
3.239002702681915286e-02 1.800000000000000000e+02 0.000000000000000000e+00
5.016785049273345815e-02 1.800000000000000000e+02 3.762006248324607346e-52
7.770333815953020529e-02 1.800000000000000000e+02 1.331291103763585000e-51
1.203521518628518361e-01 1.800000000000000000e+02 2.167874250863333426e-51
1.864095005581485331e-01 1.800000000000000000e+02 2.873558592638129781e-52
2.887235613197536854e-01 1.800000000000000000e+02 0.000000000000000000e+00
