# atom 16: Tchi 0.3562247890262442 [GeV]; m_chi = 0.13333333333333333 [GeV]; mS = 0.4 [GeV]; gchi =0.01; gN = 0.01
# Tchi^prime [GeV], theta [degree] ,dsigma/dTchip dtheta [cm^2/GeV]
9.999999999999999547e-08 0.000000000000000000e+00 0.000000000000000000e+00
1.556118194739193901e-07 0.000000000000000000e+00 0.000000000000000000e+00
2.421503835998362755e-07 0.000000000000000000e+00 0.000000000000000000e+00
3.768146177827805384e-07 0.000000000000000000e+00 0.000000000000000000e+00
5.863680827754797925e-07 0.000000000000000000e+00 0.000000000000000000e+00
9.124580424212617751e-07 0.000000000000000000e+00 0.000000000000000000e+00
1.419892561747829683e-06 0.000000000000000000e+00 0.000000000000000000e+00
2.209520649910642183e-06 0.000000000000000000e+00 0.000000000000000000e+00
3.438275284977918907e-06 0.000000000000000000e+00 0.000000000000000000e+00
5.350362729476215747e-06 0.000000000000000000e+00 0.000000000000000000e+00
8.325796791792394115e-06 0.000000000000000000e+00 0.000000000000000000e+00
1.295592387340935367e-05 0.000000000000000000e+00 0.000000000000000000e+00
2.016094886906814347e-05 0.000000000000000000e+00 0.000000000000000000e+00
3.137281935836351674e-05 0.000000000000000000e+00 0.000000000000000000e+00
4.881981502381546709e-05 0.000000000000000000e+00 0.000000000000000000e+00
7.596940242236094136e-05 0.000000000000000000e+00 0.000000000000000000e+00
1.182173693528996479e-04 0.000000000000000000e+00 0.000000000000000000e+00
1.839601993842505316e-04 0.000000000000000000e+00 0.000000000000000000e+00
2.862638133696820790e-04 0.000000000000000000e+00 0.000000000000000000e+00
4.454603284799867622e-04 0.000000000000000000e+00 0.000000000000000000e+00
6.931889221822052369e-04 0.000000000000000000e+00 0.000000000000000000e+00
1.078683894199378591e-03 0.000000000000000000e+00 0.000000000000000000e+00
1.678559634135780602e-03 0.000000000000000000e+00 0.000000000000000000e+00
2.612037187633452825e-03 0.000000000000000000e+00 0.000000000000000000e+00
4.064638593011800881e-03 0.000000000000000000e+00 0.000000000000000000e+00
6.325058069624781357e-03 0.000000000000000000e+00 0.000000000000000000e+00
9.842537944925084520e-03 0.000000000000000000e+00 0.000000000000000000e+00
1.531615237850883840e-02 0.000000000000000000e+00 0.000000000000000000e+00
2.383374338959553390e-02 0.000000000000000000e+00 0.000000000000000000e+00
3.708812173729460204e-02 0.000000000000000000e+00 0.000000000000000000e+00
5.771350104410632315e-02 0.000000000000000000e+00 0.000000000000000000e+00
8.980902905683313397e-02 0.000000000000000000e+00 0.000000000000000000e+00
1.397534641671989708e-01 0.000000000000000000e+00 0.000000000000000000e+00
2.174729083684102948e-01 0.000000000000000000e+00 0.000000000000000000e+00
3.384135495749319711e-01 0.000000000000000000e+00 0.000000000000000000e+00
9.999999999999999547e-08 6.206896551724137900e+00 1.004946484378732416e-40
1.556118194739193901e-07 6.206896551724137900e+00 1.254252256535328201e-40
2.421503835998362755e-07 6.206896551724137900e+00 1.567608327104444487e-40
3.768146177827805384e-07 6.206896551724137900e+00 1.954519058870059973e-40
5.863680827754797925e-07 6.206896551724137900e+00 2.436610290449628354e-40
9.124580424212617751e-07 6.206896551724137900e+00 3.033698796467506530e-40
1.419892561747829683e-06 6.206896551724137900e+00 3.800080366193545496e-40
2.209520649910642183e-06 6.206896551724137900e+00 4.731936487998970892e-40
3.438275284977918907e-06 6.206896551724137900e+00 5.905654618761253109e-40
5.350362729476215747e-06 6.206896551724137900e+00 7.365634795843571522e-40
8.325796791792394115e-06 6.206896551724137900e+00 9.207616600765477512e-40
1.295592387340935367e-05 6.206896551724137900e+00 1.147607287876518476e-39
2.016094886906814347e-05 6.206896551724137900e+00 1.432491482616705909e-39
3.137281935836351674e-05 6.206896551724137900e+00 1.784699041984337836e-39
4.881981502381546709e-05 6.206896551724137900e+00 2.232878657577278984e-39
7.596940242236094136e-05 6.206896551724137900e+00 2.789659086997503613e-39
1.182173693528996479e-04 6.206896551724137900e+00 3.483310469966243604e-39
1.839601993842505316e-04 6.206896551724137900e+00 4.351998380137433934e-39
2.862638133696820790e-04 6.206896551724137900e+00 5.450250135727191827e-39
4.454603284799867622e-04 6.206896551724137900e+00 6.808891335858181261e-39
6.931889221822052369e-04 6.206896551724137900e+00 8.541314888221768399e-39
1.078683894199378591e-03 6.206896551724137900e+00 1.069437230378830086e-38
1.678559634135780602e-03 6.206896551724137900e+00 1.349300190271513350e-38
2.612037187633452825e-03 6.206896551724137900e+00 1.701446553562058384e-38
4.064638593011800881e-03 6.206896551724137900e+00 2.155854141620237223e-38
6.325058069624781357e-03 6.206896551724137900e+00 2.749576833057071902e-38
9.842537944925084520e-03 6.206896551724137900e+00 3.547828144837050774e-38
1.531615237850883840e-02 6.206896551724137900e+00 4.646410283645298377e-38
2.383374338959553390e-02 6.206896551724137900e+00 6.239401528081696430e-38
3.708812173729460204e-02 6.206896551724137900e+00 8.663638601003263907e-38
5.771350104410632315e-02 6.206896551724137900e+00 0.000000000000000000e+00
8.980902905683313397e-02 6.206896551724137900e+00 0.000000000000000000e+00
1.397534641671989708e-01 6.206896551724137900e+00 0.000000000000000000e+00
2.174729083684102948e-01 6.206896551724137900e+00 0.000000000000000000e+00
3.384135495749319711e-01 6.206896551724137900e+00 0.000000000000000000e+00
9.999999999999999547e-08 1.241379310344827580e+01 2.007355881448083877e-40
1.556118194739193901e-07 1.241379310344827580e+01 2.497155331103622100e-40
2.421503835998362755e-07 1.241379310344827580e+01 3.111546897033788813e-40
3.768146177827805384e-07 1.241379310344827580e+01 3.882417483515259012e-40
5.863680827754797925e-07 1.241379310344827580e+01 4.834569100196345747e-40
9.124580424212617751e-07 1.241379310344827580e+01 6.055720968565807333e-40
1.419892561747829683e-06 1.241379310344827580e+01 7.546696869375353460e-40
2.209520649910642183e-06 1.241379310344827580e+01 9.424530561069549013e-40
3.438275284977918907e-06 1.241379310344827580e+01 1.178384490773213114e-39
5.350362729476215747e-06 1.241379310344827580e+01 1.466405484109250216e-39
8.325796791792394115e-06 1.241379310344827580e+01 1.829697649323469282e-39
1.295592387340935367e-05 1.241379310344827580e+01 2.278116023270393151e-39
2.016094886906814347e-05 1.241379310344827580e+01 2.846670821428182070e-39
3.137281935836351674e-05 1.241379310344827580e+01 3.556121803131550877e-39
4.881981502381546709e-05 1.241379310344827580e+01 4.424603338603525898e-39
7.596940242236094136e-05 1.241379310344827580e+01 5.548569719882614014e-39
1.182173693528996479e-04 1.241379310344827580e+01 6.922691069603755540e-39
1.839601993842505316e-04 1.241379310344827580e+01 8.634602516740881272e-39
2.862638133696820790e-04 1.241379310344827580e+01 1.081971447979600109e-38
4.454603284799867622e-04 1.241379310344827580e+01 1.356332507865083636e-38
6.931889221822052369e-04 1.241379310344827580e+01 1.694466257374035912e-38
1.078683894199378591e-03 1.241379310344827580e+01 2.128744919514166737e-38
1.678559634135780602e-03 1.241379310344827580e+01 2.677434326577553529e-38
2.612037187633452825e-03 1.241379310344827580e+01 3.374303952875064291e-38
4.064638593011800881e-03 1.241379310344827580e+01 4.275548142238594770e-38
6.325058069624781357e-03 1.241379310344827580e+01 5.465848061529883906e-38
9.842537944925084520e-03 1.241379310344827580e+01 7.046333278548903393e-38
1.531615237850883840e-02 1.241379310344827580e+01 9.240080475334196709e-38
2.383374338959553390e-02 1.241379310344827580e+01 1.238949626269001920e-37
3.708812173729460204e-02 1.241379310344827580e+01 1.725987051687303287e-37
5.771350104410632315e-02 1.241379310344827580e+01 0.000000000000000000e+00
8.980902905683313397e-02 1.241379310344827580e+01 0.000000000000000000e+00
1.397534641671989708e-01 1.241379310344827580e+01 0.000000000000000000e+00
2.174729083684102948e-01 1.241379310344827580e+01 0.000000000000000000e+00
3.384135495749319711e-01 1.241379310344827580e+01 0.000000000000000000e+00
9.999999999999999547e-08 1.862068965517241281e+01 2.967227919347713749e-40
1.556118194739193901e-07 1.862068965517241281e+01 3.709413782945043634e-40
2.421503835998362755e-07 1.862068965517241281e+01 4.625005755633285756e-40
3.768146177827805384e-07 1.862068965517241281e+01 5.788333667522132801e-40
5.863680827754797925e-07 1.862068965517241281e+01 7.191216789733071102e-40
9.124580424212617751e-07 1.862068965517241281e+01 8.985237624672728477e-40
1.419892561747829683e-06 1.862068965517241281e+01 1.121412146067728013e-39
2.209520649910642183e-06 1.862068965517241281e+01 1.397305226955104204e-39
3.438275284977918907e-06 1.862068965517241281e+01 1.744409274224171279e-39
5.350362729476215747e-06 1.862068965517241281e+01 2.180283537441227253e-39
8.325796791792394115e-06 1.862068965517241281e+01 2.713783683066002884e-39
1.295592387340935367e-05 1.862068965517241281e+01 3.392965947117691833e-39
2.016094886906814347e-05 1.862068965517241281e+01 4.234194537323616698e-39
3.137281935836351674e-05 1.862068965517241281e+01 5.279090324737060250e-39
4.881981502381546709e-05 1.862068965517241281e+01 6.608271079962500706e-39
7.596940242236094136e-05 1.862068965517241281e+01 8.223765071442846386e-39
1.182173693528996479e-04 1.862068965517241281e+01 1.027146125394956526e-38
1.839601993842505316e-04 1.862068965517241281e+01 1.283660790296389133e-38
2.862638133696820790e-04 1.862068965517241281e+01 1.604879982197842549e-38
4.454603284799867622e-04 1.862068965517241281e+01 2.013831093531509066e-38
6.931889221822052369e-04 1.862068965517241281e+01 2.522452711485644586e-38
1.078683894199378591e-03 1.862068965517241281e+01 3.164701524084911732e-38
1.678559634135780602e-03 1.862068965517241281e+01 3.967767965586204790e-38
2.612037187633452825e-03 1.862068965517241281e+01 5.025653738282881542e-38
4.064638593011800881e-03 1.862068965517241281e+01 6.363175720339516969e-38
6.325058069624781357e-03 1.862068965517241281e+01 8.096632992905957626e-38
9.842537944925084520e-03 1.862068965517241281e+01 1.046456798927421138e-37
1.531615237850883840e-02 1.862068965517241281e+01 1.368464145394998424e-37
2.383374338959553390e-02 1.862068965517241281e+01 1.839333074366722649e-37
3.708812173729460204e-02 1.862068965517241281e+01 2.565720557412312910e-37
5.771350104410632315e-02 1.862068965517241281e+01 0.000000000000000000e+00
8.980902905683313397e-02 1.862068965517241281e+01 0.000000000000000000e+00
1.397534641671989708e-01 1.862068965517241281e+01 0.000000000000000000e+00
2.174729083684102948e-01 1.862068965517241281e+01 0.000000000000000000e+00
3.384135495749319711e-01 1.862068965517241281e+01 0.000000000000000000e+00
9.999999999999999547e-08 2.482758620689655160e+01 3.914240708065535435e-40
1.556118194739193901e-07 2.482758620689655160e+01 4.885152279361066571e-40
2.421503835998362755e-07 2.482758620689655160e+01 6.086502979076337073e-40
3.768146177827805384e-07 2.482758620689655160e+01 7.616531874930063359e-40
5.863680827754797925e-07 2.482758620689655160e+01 9.488800234413751441e-40
9.124580424212617751e-07 2.482758620689655160e+01 1.182354555550801710e-39
1.419892561747829683e-06 2.482758620689655160e+01 1.473608458924121472e-39
2.209520649910642183e-06 2.482758620689655160e+01 1.836611922480471101e-39
3.438275284977918907e-06 2.482758620689655160e+01 2.293092151980388833e-39
5.350362729476215747e-06 2.482758620689655160e+01 2.866009331885040560e-39
8.325796791792394115e-06 2.482758620689655160e+01 3.564565155436296896e-39
1.295592387340935367e-05 2.482758620689655160e+01 4.462122750142131980e-39
2.016094886906814347e-05 2.482758620689655160e+01 5.558018494642713095e-39
3.137281935836351674e-05 2.482758620689655160e+01 6.949738155782148092e-39
4.881981502381546709e-05 2.482758620689655160e+01 8.654219116016863638e-39
7.596940242236094136e-05 2.482758620689655160e+01 1.081809665711906387e-38
1.182173693528996479e-04 2.482758620689655160e+01 1.352982019372172492e-38
1.839601993842505316e-04 2.482758620689655160e+01 1.686477269435110084e-38
2.862638133696820790e-04 2.482758620689655160e+01 2.113412742405939174e-38
4.454603284799867622e-04 2.482758620689655160e+01 2.640441843655149578e-38
6.931889221822052369e-04 2.482758620689655160e+01 3.307211097378881741e-38
1.078683894199378591e-03 2.482758620689655160e+01 4.155894707384143041e-38
1.678559634135780602e-03 2.482758620689655160e+01 5.217364919061995473e-38
2.612037187633452825e-03 2.482758620689655160e+01 6.601855831052004622e-38
4.064638593011800881e-03 2.482758620689655160e+01 8.344827899265745398e-38
6.325058069624781357e-03 2.482758620689655160e+01 1.062552809424684656e-37
9.842537944925084520e-03 2.482758620689655160e+01 1.371567321057853714e-37
1.531615237850883840e-02 2.482758620689655160e+01 1.801283970407132799e-37
2.383374338959553390e-02 2.482758620689655160e+01 2.417230299062038390e-37
3.708812173729460204e-02 2.482758620689655160e+01 3.371961153512881980e-37
5.771350104410632315e-02 2.482758620689655160e+01 4.995877328231631215e-37
8.980902905683313397e-02 2.482758620689655160e+01 0.000000000000000000e+00
1.397534641671989708e-01 2.482758620689655160e+01 0.000000000000000000e+00
2.174729083684102948e-01 2.482758620689655160e+01 0.000000000000000000e+00
3.384135495749319711e-01 2.482758620689655160e+01 0.000000000000000000e+00
9.999999999999999547e-08 3.103448275862069039e+01 4.801073032616590423e-40
1.556118194739193901e-07 3.103448275862069039e+01 5.987187454717483935e-40
2.421503835998362755e-07 3.103448275862069039e+01 7.465297620111853289e-40
3.768146177827805384e-07 3.103448275862069039e+01 9.306262855998490005e-40
5.863680827754797925e-07 3.103448275862069039e+01 1.160606386889742179e-39
9.124580424212617751e-07 3.103448275862069039e+01 1.450968818252766671e-39
1.419892561747829683e-06 3.103448275862069039e+01 1.810265233016300331e-39
2.209520649910642183e-06 3.103448275862069039e+01 2.257384700314899604e-39
3.438275284977918907e-06 3.103448275862069039e+01 2.820070494386980976e-39
5.350362729476215747e-06 3.103448275862069039e+01 3.521449122372992642e-39
8.325796791792394115e-06 3.103448275862069039e+01 4.387281282231913718e-39
1.295592387340935367e-05 3.103448275862069039e+01 5.470745846860190617e-39
2.016094886906814347e-05 3.103448275862069039e+01 6.840046919769907834e-39
3.137281935836351674e-05 3.103448275862069039e+01 8.519937644029656961e-39
4.881981502381546709e-05 3.103448275862069039e+01 1.064464407173208171e-38
7.596940242236094136e-05 3.103448275862069039e+01 1.327116939477062510e-38
1.182173693528996479e-04 3.103448275862069039e+01 1.659688120433169905e-38
1.839601993842505316e-04 3.103448275862069039e+01 2.069272066403709059e-38
2.862638133696820790e-04 3.103448275862069039e+01 2.588713091719792787e-38
4.454603284799867622e-04 3.103448275862069039e+01 3.249427351033651857e-38
6.931889221822052369e-04 3.103448275862069039e+01 4.055718499213015223e-38
1.078683894199378591e-03 3.103448275862069039e+01 5.098429909937102424e-38
1.678559634135780602e-03 3.103448275862069039e+01 6.410764249213624637e-38
2.612037187633452825e-03 3.103448275862069039e+01 8.065763239739914334e-38
4.064638593011800881e-03 3.103448275862069039e+01 1.025474633361337195e-37
6.325058069624781357e-03 3.103448275862069039e+01 1.305700021979483489e-37
9.842537944925084520e-03 3.103448275862069039e+01 1.683188182705573594e-37
1.531615237850883840e-02 3.103448275862069039e+01 2.204540956127981781e-37
2.383374338959553390e-02 3.103448275862069039e+01 2.963259442260590008e-37
3.708812173729460204e-02 3.103448275862069039e+01 4.144408015331594632e-37
5.771350104410632315e-02 3.103448275862069039e+01 6.138924644165953441e-37
8.980902905683313397e-02 3.103448275862069039e+01 0.000000000000000000e+00
1.397534641671989708e-01 3.103448275862069039e+01 0.000000000000000000e+00
2.174729083684102948e-01 3.103448275862069039e+01 0.000000000000000000e+00
3.384135495749319711e-01 3.103448275862069039e+01 0.000000000000000000e+00
9.999999999999999547e-08 3.724137931034482563e+01 5.632819972614162678e-40
1.556118194739193901e-07 3.724137931034482563e+01 7.017707532090917365e-40
2.421503835998362755e-07 3.724137931034482563e+01 8.753552813604406084e-40
3.768146177827805384e-07 3.724137931034482563e+01 1.095716136640442102e-39
5.863680827754797925e-07 3.724137931034482563e+01 1.363805204968343509e-39
9.124580424212617751e-07 3.724137931034482563e+01 1.697481324577119379e-39
1.419892561747829683e-06 3.724137931034482563e+01 2.124621338274978963e-39
2.209520649910642183e-06 3.724137931034482563e+01 2.653624615286463745e-39
3.438275284977918907e-06 3.724137931034482563e+01 3.311195926452019782e-39
5.350362729476215747e-06 3.724137931034482563e+01 4.123093533752351571e-39
8.325796791792394115e-06 3.724137931034482563e+01 5.148698786844577104e-39
1.295592387340935367e-05 3.724137931034482563e+01 6.429699074393929531e-39
2.016094886906814347e-05 3.724137931034482563e+01 8.022603576299579279e-39
3.137281935836351674e-05 3.724137931034482563e+01 9.993257937386046352e-39
4.881981502381546709e-05 3.724137931034482563e+01 1.249525307777898758e-38
7.596940242236094136e-05 3.724137931034482563e+01 1.555816258540448109e-38
1.182173693528996479e-04 3.724137931034482563e+01 1.947010407222322475e-38
1.839601993842505316e-04 3.724137931034482563e+01 2.434961750286877148e-38
2.862638133696820790e-04 3.724137931034482563e+01 3.045932571081572820e-38
4.454603284799867622e-04 3.724137931034482563e+01 3.812975754224711660e-38
6.931889221822052369e-04 3.724137931034482563e+01 4.757586401847626742e-38
1.078683894199378591e-03 3.724137931034482563e+01 5.973514306014613861e-38
1.678559634135780602e-03 3.724137931034482563e+01 7.496311197302315187e-38
2.612037187633452825e-03 3.724137931034482563e+01 9.488053539210416073e-38
4.064638593011800881e-03 3.724137931034482563e+01 1.202280739427625782e-37
6.325058069624781357e-03 3.724137931034482563e+01 1.530066567782893258e-37
9.842537944925084520e-03 3.724137931034482563e+01 1.967162450299815653e-37
1.531615237850883840e-02 3.724137931034482563e+01 2.583747710778850583e-37
2.383374338959553390e-02 3.724137931034482563e+01 3.468855604890713679e-37
3.708812173729460204e-02 3.724137931034482563e+01 4.845237074432510519e-37
5.771350104410632315e-02 3.724137931034482563e+01 7.191918785117655751e-37
8.980902905683313397e-02 3.724137931034482563e+01 0.000000000000000000e+00
1.397534641671989708e-01 3.724137931034482563e+01 0.000000000000000000e+00
2.174729083684102948e-01 3.724137931034482563e+01 0.000000000000000000e+00
3.384135495749319711e-01 3.724137931034482563e+01 0.000000000000000000e+00
9.999999999999999547e-08 4.344827586206896797e+01 6.412611774111454127e-40
1.556118194739193901e-07 4.344827586206896797e+01 7.984745569077284411e-40
2.421503835998362755e-07 4.344827586206896797e+01 9.969930900952591297e-40
3.768146177827805384e-07 4.344827586206896797e+01 1.244147392566713202e-39
5.863680827754797925e-07 4.344827586206896797e+01 1.553137670979268817e-39
9.124580424212617751e-07 4.344827586206896797e+01 1.933169208215054787e-39
1.419892561747829683e-06 4.344827586206896797e+01 2.408021099837731246e-39
2.209520649910642183e-06 4.344827586206896797e+01 3.016555599388849847e-39
3.438275284977918907e-06 4.344827586206896797e+01 3.757897683797246982e-39
5.350362729476215747e-06 4.344827586206896797e+01 4.682655803584147796e-39
8.325796791792394115e-06 4.344827586206896797e+01 5.827890254953444602e-39
1.295592387340935367e-05 4.344827586206896797e+01 7.293469902675121438e-39
2.016094886906814347e-05 4.344827586206896797e+01 9.089287189468568040e-39
3.137281935836351674e-05 4.344827586206896797e+01 1.136917681044814034e-38
4.881981502381546709e-05 4.344827586206896797e+01 1.415786478706963847e-38
7.596940242236094136e-05 4.344827586206896797e+01 1.775486117899651409e-38
1.182173693528996479e-04 4.344827586206896797e+01 2.213503329018261893e-38
1.839601993842505316e-04 4.344827586206896797e+01 2.765247478419964222e-38
2.862638133696820790e-04 4.344827586206896797e+01 3.458045683209610366e-38
4.454603284799867622e-04 4.344827586206896797e+01 4.319680366608063146e-38
6.931889221822052369e-04 4.344827586206896797e+01 5.404992118386840294e-38
1.078683894199378591e-03 4.344827586206896797e+01 6.790765184858066528e-38
1.678559634135780602e-03 4.344827586206896797e+01 8.522599813211964961e-38
2.612037187633452825e-03 4.344827586206896797e+01 1.074554878485819713e-37
4.064638593011800881e-03 4.344827586206896797e+01 1.363275196795708206e-37
6.325058069624781357e-03 4.344827586206896797e+01 1.733488622151140796e-37
9.842537944925084520e-03 4.344827586206896797e+01 2.235867046906257669e-37
1.531615237850883840e-02 4.344827586206896797e+01 2.932613808029890161e-37
2.383374338959553390e-02 4.344827586206896797e+01 3.928526367507815382e-37
3.708812173729460204e-02 4.344827586206896797e+01 5.490191102878445528e-37
5.771350104410632315e-02 4.344827586206896797e+01 8.165693338494606358e-37
8.980902905683313397e-02 4.344827586206896797e+01 1.336472286657160674e-36
1.397534641671989708e-01 4.344827586206896797e+01 0.000000000000000000e+00
2.174729083684102948e-01 4.344827586206896797e+01 0.000000000000000000e+00
3.384135495749319711e-01 4.344827586206896797e+01 0.000000000000000000e+00
9.999999999999999547e-08 4.965517241379310320e+01 7.096294474269523113e-40
1.556118194739193901e-07 4.965517241379310320e+01 8.856577394213276674e-40
2.421503835998362755e-07 4.965517241379310320e+01 1.102659708172968317e-39
3.768146177827805384e-07 4.965517241379310320e+01 1.379210710943048201e-39
5.863680827754797925e-07 4.965517241379310320e+01 1.719315133784032208e-39
9.124580424212617751e-07 4.965517241379310320e+01 2.142296600321274176e-39
1.419892561747829683e-06 4.965517241379310320e+01 2.672530368579187337e-39
2.209520649910642183e-06 4.965517241379310320e+01 3.338045573671831716e-39
3.438275284977918907e-06 4.965517241379310320e+01 4.162470000175942178e-39
5.350362729476215747e-06 4.965517241379310320e+01 5.198883560135092236e-39
8.325796791792394115e-06 4.965517241379310320e+01 6.483266918836533390e-39
1.295592387340935367e-05 4.965517241379310320e+01 8.083190522016097604e-39
2.016094886906814347e-05 4.965517241379310320e+01 1.009951082862110913e-38
3.137281935836351674e-05 4.965517241379310320e+01 1.261240648360551167e-38
4.881981502381546709e-05 4.965517241379310320e+01 1.573205160423249767e-38
7.596940242236094136e-05 4.965517241379310320e+01 1.962059953373896375e-38
1.182173693528996479e-04 4.965517241379310320e+01 2.447429059531173869e-38
1.839601993842505316e-04 4.965517241379310320e+01 3.058217647188794437e-38
2.862638133696820790e-04 4.965517241379310320e+01 3.815895856091787578e-38
4.454603284799867622e-04 4.965517241379310320e+01 4.776576623262599982e-38
6.931889221822052369e-04 4.965517241379310320e+01 5.995871064700761510e-38
1.078683894199378591e-03 4.965517241379310320e+01 7.502130780529095793e-38
1.678559634135780602e-03 4.965517241379310320e+01 9.411132298283173208e-38
2.612037187633452825e-03 4.965517241379310320e+01 1.187257804318582105e-37
4.064638593011800881e-03 4.965517241379310320e+01 1.503264754165117713e-37
6.325058069624781357e-03 4.965517241379310320e+01 1.918062325435531227e-37
9.842537944925084520e-03 4.965517241379310320e+01 2.473971852060654674e-37
1.531615237850883840e-02 4.965517241379310320e+01 3.232107628736766500e-37
2.383374338959553390e-02 4.965517241379310320e+01 4.348508773681993008e-37
3.708812173729460204e-02 4.965517241379310320e+01 6.054262843533757115e-37
5.771350104410632315e-02 4.965517241379310320e+01 8.984357800972569722e-37
8.980902905683313397e-02 4.965517241379310320e+01 1.475636976788538537e-36
1.397534641671989708e-01 4.965517241379310320e+01 3.277672822878864410e-36
2.174729083684102948e-01 4.965517241379310320e+01 3.620601786335109655e-35
3.384135495749319711e-01 4.965517241379310320e+01 0.000000000000000000e+00
9.999999999999999547e-08 5.586206896551724554e+01 7.711069475322602476e-40
1.556118194739193901e-07 5.586206896551724554e+01 9.623086111412069397e-40
2.421503835998362755e-07 5.586206896551724554e+01 1.200415126621572201e-39
3.768146177827805384e-07 5.586206896551724554e+01 1.498815200232232400e-39
5.863680827754797925e-07 5.586206896551724554e+01 1.861683946502939325e-39
9.124580424212617751e-07 5.586206896551724554e+01 2.333296066990084965e-39
1.419892561747829683e-06 5.586206896551724554e+01 2.906074438244026160e-39
2.209520649910642183e-06 5.586206896551724554e+01 3.622902661150937477e-39
3.438275284977918907e-06 5.586206896551724554e+01 4.512377538673190243e-39
5.350362729476215747e-06 5.586206896551724554e+01 5.647225611015622442e-39
8.325796791792394115e-06 5.586206896551724554e+01 7.034724167519270380e-39
1.295592387340935367e-05 5.586206896551724554e+01 8.770998195640493926e-39
2.016094886906814347e-05 5.586206896551724554e+01 1.094786221505725366e-38
3.137281935836351674e-05 5.586206896551724554e+01 1.367043138280762486e-38
4.881981502381546709e-05 5.586206896551724554e+01 1.704174478768045685e-38
7.596940242236094136e-05 5.586206896551724554e+01 2.128374211837769449e-38
1.182173693528996479e-04 5.586206896551724554e+01 2.662571138111623944e-38
1.839601993842505316e-04 5.586206896551724554e+01 3.325710088350862208e-38
2.862638133696820790e-04 5.586206896551724554e+01 4.149601756849261742e-38
4.454603284799867622e-04 5.586206896551724554e+01 5.199876149108494487e-38
6.931889221822052369e-04 5.586206896551724554e+01 6.503701504991581854e-38
1.078683894199378591e-03 5.586206896551724554e+01 8.141719779663947312e-38
1.678559634135780602e-03 5.586206896551724554e+01 1.022702572856727294e-37
2.612037187633452825e-03 5.586206896551724554e+01 1.286289643370394285e-37
4.064638593011800881e-03 5.586206896551724554e+01 1.629159627156686740e-37
6.325058069624781357e-03 5.586206896551724554e+01 2.073761905819590882e-37
9.842537944925084520e-03 5.586206896551724554e+01 2.668950418607893560e-37
1.531615237850883840e-02 5.586206896551724554e+01 3.499671999970856037e-37
2.383374338959553390e-02 5.586206896551724554e+01 4.693235040254418117e-37
3.708812173729460204e-02 5.586206896551724554e+01 6.544966115896814239e-37
5.771350104410632315e-02 5.586206896551724554e+01 9.723986324463728869e-37
8.980902905683313397e-02 5.586206896551724554e+01 1.598918604316287774e-36
1.397534641671989708e-01 5.586206896551724554e+01 4.196048080391410281e-36
2.174729083684102948e-01 5.586206896551724554e+01 4.132386508239447426e-35
3.384135495749319711e-01 5.586206896551724554e+01 0.000000000000000000e+00
9.999999999999999547e-08 6.206896551724138078e+01 8.230539701910711514e-40
1.556118194739193901e-07 6.206896551724138078e+01 1.025988191083247627e-39
2.421503835998362755e-07 6.206896551724138078e+01 1.279156551281340658e-39
3.768146177827805384e-07 6.206896551724138078e+01 1.596712004459700656e-39
5.863680827754797925e-07 6.206896551724138078e+01 1.991370803672124036e-39
9.124580424212617751e-07 6.206896551724138078e+01 2.483844016639313443e-39
1.419892561747829683e-06 6.206896551724138078e+01 3.100700312698882730e-39
2.209520649910642183e-06 6.206896551724138078e+01 3.866056764048957377e-39
3.438275284977918907e-06 6.206896551724138078e+01 4.821054830310143896e-39
5.350362729476215747e-06 6.206896551724138078e+01 6.029423431003282025e-39
8.325796791792394115e-06 6.206896551724138078e+01 7.506260185923461113e-39
1.295592387340935367e-05 6.206896551724138078e+01 9.380376338032120238e-39
2.016094886906814347e-05 6.206896551724138078e+01 1.169905965796885424e-38
3.137281935836351674e-05 6.206896551724138078e+01 1.459753031941245397e-38
4.881981502381546709e-05 6.206896551724138078e+01 1.821623017524883971e-38
7.596940242236094136e-05 6.206896551724138078e+01 2.274697413149009265e-38
1.182173693528996479e-04 6.206896551724138078e+01 2.837850639353624187e-38
1.839601993842505316e-04 6.206896551724138078e+01 3.545094055594780886e-38
2.862638133696820790e-04 6.206896551724138078e+01 4.423613578236229705e-38
4.454603284799867622e-04 6.206896551724138078e+01 5.527047016958499186e-38
6.931889221822052369e-04 6.206896551724138078e+01 6.921239286209672895e-38
1.078683894199378591e-03 6.206896551724138078e+01 8.674195778078985679e-38
1.678559634135780602e-03 6.206896551724138078e+01 1.090508169257268002e-37
2.612037187633452825e-03 6.206896551724138078e+01 1.373226730955429543e-37
4.064638593011800881e-03 6.206896551724138078e+01 1.736717183012317870e-37
6.325058069624781357e-03 6.206896551724138078e+01 2.210509584709476870e-37
9.842537944925084520e-03 6.206896551724138078e+01 2.835641323611081368e-37
1.531615237850883840e-02 6.206896551724138078e+01 3.704749664739305918e-37
2.383374338959553390e-02 6.206896551724138078e+01 4.968121068773445304e-37
3.708812173729460204e-02 6.206896551724138078e+01 6.937766392182558142e-37
5.771350104410632315e-02 6.206896551724138078e+01 1.027673506856283732e-36
8.980902905683313397e-02 6.206896551724138078e+01 1.726256243521436582e-36
1.397534641671989708e-01 6.206896551724138078e+01 5.623076862091477369e-36
2.174729083684102948e-01 6.206896551724138078e+01 3.953549216304714590e-35
3.384135495749319711e-01 6.206896551724138078e+01 0.000000000000000000e+00
9.999999999999999547e-08 6.827586206896552312e+01 8.660253632674237909e-40
1.556118194739193901e-07 6.827586206896552312e+01 1.081816687591191609e-39
2.421503835998362755e-07 6.827586206896552312e+01 1.343485973923820009e-39
3.768146177827805384e-07 6.827586206896552312e+01 1.676996862065431591e-39
5.863680827754797925e-07 6.827586206896552312e+01 2.096197370785998863e-39
9.124580424212617751e-07 6.827586206896552312e+01 2.613305380285144248e-39
1.419892561747829683e-06 6.827586206896552312e+01 3.256274155149367345e-39
2.209520649910642183e-06 6.827586206896552312e+01 4.070236309715857789e-39
3.438275284977918907e-06 6.827586206896552312e+01 5.077667134493927860e-39
5.350362729476215747e-06 6.827586206896552312e+01 6.335339426096731203e-39
8.325796791792394115e-06 6.827586206896552312e+01 7.898309969874140970e-39
1.295592387340935367e-05 6.827586206896552312e+01 9.838545880067917679e-39
2.016094886906814347e-05 6.827586206896552312e+01 1.229019227012915121e-38
3.137281935836351674e-05 6.827586206896552312e+01 1.533472796725523515e-38
4.881981502381546709e-05 6.827586206896552312e+01 1.916880629659441371e-38
7.596940242236094136e-05 6.827586206896552312e+01 2.393093492700255824e-38
1.182173693528996479e-04 6.827586206896552312e+01 2.983538841811124200e-38
1.839601993842505316e-04 6.827586206896552312e+01 3.725724099821108395e-38
2.862638133696820790e-04 6.827586206896552312e+01 4.651002052501528809e-38
4.454603284799867622e-04 6.827586206896552312e+01 5.809655298099907949e-38
6.931889221822052369e-04 6.827586206896552312e+01 7.281295718203646298e-38
1.078683894199378591e-03 6.827586206896552312e+01 9.119892799355144900e-38
1.678559634135780602e-03 6.827586206896552312e+01 1.141342460892403484e-37
2.612037187633452825e-03 6.827586206896552312e+01 1.439529705338436461e-37
4.064638593011800881e-03 6.827586206896552312e+01 1.823968394482776563e-37
6.325058069624781357e-03 6.827586206896552312e+01 2.311344756082919346e-37
9.842537944925084520e-03 6.827586206896552312e+01 2.970508812771981624e-37
1.531615237850883840e-02 6.827586206896552312e+01 3.874501188999318033e-37
2.383374338959553390e-02 6.827586206896552312e+01 5.204896753448225221e-37
3.708812173729460204e-02 6.827586206896552312e+01 7.230731517775933221e-37
5.771350104410632315e-02 6.827586206896552312e+01 1.069629920608033661e-36
8.980902905683313397e-02 6.827586206896552312e+01 1.882060792146381300e-36
1.397534641671989708e-01 6.827586206896552312e+01 7.713543304540450143e-36
2.174729083684102948e-01 6.827586206896552312e+01 3.339166765428423365e-35
3.384135495749319711e-01 6.827586206896552312e+01 0.000000000000000000e+00
9.999999999999999547e-08 7.448275862068965125e+01 8.966503550734525777e-40
1.556118194739193901e-07 7.448275862068965125e+01 1.118539898405700590e-39
2.421503835998362755e-07 7.448275862068965125e+01 1.399398448430733590e-39
3.768146177827805384e-07 7.448275862068965125e+01 1.744331193648054959e-39
5.863680827754797925e-07 7.448275862068965125e+01 2.170335809143253300e-39
9.124580424212617751e-07 7.448275862068965125e+01 2.714799859315390601e-39
1.419892561747829683e-06 7.448275862068965125e+01 3.376342710287934323e-39
2.209520649910642183e-06 7.448275862068965125e+01 4.217515300467267586e-39
3.438275284977918907e-06 7.448275862068965125e+01 5.259286743726350555e-39
5.350362729476215747e-06 7.448275862068965125e+01 6.556052630527811567e-39
8.325796791792394115e-06 7.448275862068965125e+01 8.188494455675252330e-39
1.295592387340935367e-05 7.448275862068965125e+01 1.021415603577833061e-38
2.016094886906814347e-05 7.448275862068965125e+01 1.273802266457527185e-38
3.137281935836351674e-05 7.448275862068965125e+01 1.592065406063733865e-38
4.881981502381546709e-05 7.448275862068965125e+01 1.985406474151335837e-38
7.596940242236094136e-05 7.448275862068965125e+01 2.477672333099416088e-38
1.182173693528996479e-04 7.448275862068965125e+01 3.095521825708227340e-38
1.839601993842505316e-04 7.448275862068965125e+01 3.858223087905206181e-38
2.862638133696820790e-04 7.448275862068965125e+01 4.826544500527974191e-38
4.454603284799867622e-04 7.448275862068965125e+01 6.023315497532232309e-38
6.931889221822052369e-04 7.448275862068965125e+01 7.518313578909469478e-38
1.078683894199378591e-03 7.448275862068965125e+01 9.435336381789431473e-38
1.678559634135780602e-03 7.448275862068965125e+01 1.185240051315967161e-37
2.612037187633452825e-03 7.448275862068965125e+01 1.489230899250428538e-37
4.064638593011800881e-03 7.448275862068965125e+01 1.882842844711820041e-37
6.325058069624781357e-03 7.448275862068965125e+01 2.384076543337934232e-37
9.842537944925084520e-03 7.448275862068965125e+01 3.072141022170755105e-37
1.531615237850883840e-02 7.448275862068965125e+01 4.010038185095081069e-37
2.383374338959553390e-02 7.448275862068965125e+01 5.346585366695267942e-37
3.708812173729460204e-02 7.448275862068965125e+01 7.429895133897215065e-37
5.771350104410632315e-02 7.448275862068965125e+01 1.106809146351398720e-36
8.980902905683313397e-02 7.448275862068965125e+01 2.094831637303809832e-36
1.397534641671989708e-01 7.448275862068965125e+01 1.033406807257203358e-35
2.174729083684102948e-01 7.448275862068965125e+01 2.614196328392481767e-35
3.384135495749319711e-01 7.448275862068965125e+01 0.000000000000000000e+00
9.999999999999999547e-08 8.068965517241380780e+01 9.163993309161076120e-40
1.556118194739193901e-07 8.068965517241380780e+01 1.148245827353279104e-39
2.421503835998362755e-07 8.068965517241380780e+01 1.428560389103893069e-39
3.768146177827805384e-07 8.068965517241380780e+01 1.781392577858452048e-39
5.863680827754797925e-07 8.068965517241380780e+01 2.221309839880506314e-39
9.124580424212617751e-07 8.068965517241380780e+01 2.773678790796869424e-39
1.419892561747829683e-06 8.068965517241380780e+01 3.458322501363148553e-39
2.209520649910642183e-06 8.068965517241380780e+01 4.319776358620201127e-39
3.438275284977918907e-06 8.068965517241380780e+01 5.389476956467698399e-39
5.350362729476215747e-06 8.068965517241380780e+01 6.716189321928229883e-39
8.325796791792394115e-06 8.068965517241380780e+01 8.379034419022200517e-39
1.295592387340935367e-05 8.068965517241380780e+01 1.047145948582112931e-38
2.016094886906814347e-05 8.068965517241380780e+01 1.305420186111359518e-38
3.137281935836351674e-05 8.068965517241380780e+01 1.628334243541875705e-38
4.881981502381546709e-05 8.068965517241380780e+01 2.033205176514703782e-38
7.596940242236094136e-05 8.068965517241380780e+01 2.534148351984228533e-38
1.182173693528996479e-04 8.068965517241380780e+01 3.156162342924037607e-38
1.839601993842505316e-04 8.068965517241380780e+01 3.950523862630694901e-38
2.862638133696820790e-04 8.068965517241380780e+01 4.937635739989986415e-38
4.454603284799867622e-04 8.068965517241380780e+01 6.164904845393200676e-38
6.931889221822052369e-04 8.068965517241380780e+01 7.710830982474249396e-38
1.078683894199378591e-03 8.068965517241380780e+01 9.640606556588355092e-38
1.678559634135780602e-03 8.068965517241380780e+01 1.210747421259930125e-37
2.612037187633452825e-03 8.068965517241380780e+01 1.524833490550656943e-37
4.064638593011800881e-03 8.068965517241380780e+01 1.917138812030411301e-37
6.325058069624781357e-03 8.068965517241380780e+01 2.435938444694365245e-37
9.842537944925084520e-03 8.068965517241380780e+01 3.124913904558001041e-37
1.531615237850883840e-02 8.068965517241380780e+01 4.074063385074178178e-37
2.383374338959553390e-02 8.068965517241380780e+01 5.426939715127485778e-37
3.708812173729460204e-02 8.068965517241380780e+01 7.539799235797195369e-37
5.771350104410632315e-02 8.068965517241380780e+01 1.140497352287225790e-36
8.980902905683313397e-02 8.068965517241380780e+01 2.395266889946117580e-36
1.397534641671989708e-01 8.068965517241380780e+01 1.289125753880946235e-35
2.174729083684102948e-01 8.068965517241380780e+01 1.989499977389661869e-35
3.384135495749319711e-01 8.068965517241380780e+01 0.000000000000000000e+00
9.999999999999999547e-08 8.689655172413793593e+01 9.283648156614769004e-40
1.556118194739193901e-07 8.689655172413793593e+01 1.158391125655388224e-39
2.421503835998362755e-07 8.689655172413793593e+01 1.445626990365160179e-39
3.768146177827805384e-07 8.689655172413793593e+01 1.806584305904223890e-39
5.863680827754797925e-07 8.689655172413793593e+01 2.254477262382520707e-39
9.124580424212617751e-07 8.689655172413793593e+01 2.802840234629378020e-39
1.419892561747829683e-06 8.689655172413793593e+01 3.501980489722336883e-39
2.209520649910642183e-06 8.689655172413793593e+01 4.371001952712877135e-39
3.438275284977918907e-06 8.689655172413793593e+01 5.458075177529268709e-39
5.350362729476215747e-06 8.689655172413793593e+01 6.803623122205197767e-39
8.325796791792394115e-06 8.689655172413793593e+01 8.476177282560013538e-39
1.295592387340935367e-05 8.689655172413793593e+01 1.058632370848990546e-38
2.016094886906814347e-05 8.689655172413793593e+01 1.318933858719153641e-38
3.137281935836351674e-05 8.689655172413793593e+01 1.647355175524772821e-38
4.881981502381546709e-05 8.689655172413793593e+01 2.055818663632355579e-38
7.596940242236094136e-05 8.689655172413793593e+01 2.563107842057499937e-38
1.182173693528996479e-04 8.689655172413793593e+01 3.198577649027986373e-38
1.839601993842505316e-04 8.689655172413793593e+01 3.996807266626446116e-38
2.862638133696820790e-04 8.689655172413793593e+01 4.980907231772757736e-38
4.454603284799867622e-04 8.689655172413793593e+01 6.235057164616784379e-38
6.931889221822052369e-04 8.689655172413793593e+01 7.787556973562198806e-38
1.078683894199378591e-03 8.689655172413793593e+01 9.746075977184325508e-38
1.678559634135780602e-03 8.689655172413793593e+01 1.220303246843433773e-37
2.612037187633452825e-03 8.689655172413793593e+01 1.534992351058234875e-37
4.064638593011800881e-03 8.689655172413793593e+01 1.936766878923861676e-37
6.325058069624781357e-03 8.689655172413793593e+01 2.453563128896844413e-37
9.842537944925084520e-03 8.689655172413793593e+01 3.142636488949609288e-37
1.531615237850883840e-02 8.689655172413793593e+01 4.098967899293148119e-37
2.383374338959553390e-02 8.689655172413793593e+01 5.467400819857582611e-37
3.708812173729460204e-02 8.689655172413793593e+01 7.582030135768295692e-37
5.771350104410632315e-02 8.689655172413793593e+01 1.174706854725905397e-36
8.980902905683313397e-02 8.689655172413793593e+01 2.795068664167673870e-36
1.397534641671989708e-01 8.689655172413793593e+01 1.467664201945841826e-35
2.174729083684102948e-01 8.689655172413793593e+01 1.463146852045490965e-35
3.384135495749319711e-01 8.689655172413793593e+01 0.000000000000000000e+00
9.999999999999999547e-08 9.310344827586206407e+01 9.291293440831203026e-40
1.556118194739193901e-07 9.310344827586206407e+01 1.159001837816960610e-39
2.421503835998362755e-07 9.310344827586206407e+01 1.446915441486943440e-39
3.768146177827805384e-07 9.310344827586206407e+01 1.801815701631878067e-39
5.863680827754797925e-07 9.310344827586206407e+01 2.249485004755981866e-39
9.124580424212617751e-07 9.310344827586206407e+01 2.810495978512332797e-39
1.419892561747829683e-06 9.310344827586206407e+01 3.514313027939300564e-39
2.209520649910642183e-06 9.310344827586206407e+01 4.373166884303512896e-39
3.438275284977918907e-06 9.310344827586206407e+01 5.453079659329284625e-39
5.350362729476215747e-06 9.310344827586206407e+01 6.798586162974852109e-39
8.325796791792394115e-06 9.310344827586206407e+01 8.484974563744025684e-39
1.295592387340935367e-05 9.310344827586206407e+01 1.057635571523706974e-38
2.016094886906814347e-05 9.310344827586206407e+01 1.317248750076381810e-38
3.137281935836351674e-05 9.310344827586206407e+01 1.647829295971741472e-38
4.881981502381546709e-05 9.310344827586206407e+01 2.055007567780766946e-38
7.596940242236094136e-05 9.310344827586206407e+01 2.559601262471869239e-38
1.182173693528996479e-04 9.310344827586206407e+01 3.195258682314453657e-38
1.839601993842505316e-04 9.310344827586206407e+01 3.985879612620519374e-38
2.862638133696820790e-04 9.310344827586206407e+01 4.991552855326308615e-38
4.454603284799867622e-04 9.310344827586206407e+01 6.218109530749376430e-38
6.931889221822052369e-04 9.310344827586206407e+01 7.777500989670469480e-38
1.078683894199378591e-03 9.310344827586206407e+01 9.715445653983359361e-38
1.678559634135780602e-03 9.310344827586206407e+01 1.219467270908105401e-37
2.612037187633452825e-03 9.310344827586206407e+01 1.532888123215065626e-37
4.064638593011800881e-03 9.310344827586206407e+01 1.930183389992814588e-37
6.325058069624781357e-03 9.310344827586206407e+01 2.438538678566243428e-37
9.842537944925084520e-03 9.310344827586206407e+01 3.137291413339984219e-37
1.531615237850883840e-02 9.310344827586206407e+01 4.070437873946788410e-37
2.383374338959553390e-02 9.310344827586206407e+01 5.414183696897272340e-37
3.708812173729460204e-02 9.310344827586206407e+01 7.555361976286760563e-37
5.771350104410632315e-02 9.310344827586206407e+01 1.220005273774897633e-36
8.980902905683313397e-02 9.310344827586206407e+01 3.300823058363195128e-36
1.397534641671989708e-01 9.310344827586206407e+01 1.517210657335767389e-35
2.174729083684102948e-01 9.310344827586206407e+01 1.003937368988967662e-35
3.384135495749319711e-01 9.310344827586206407e+01 0.000000000000000000e+00
9.999999999999999547e-08 9.931034482758620641e+01 9.202952342866466745e-40
1.556118194739193901e-07 9.931034482758620641e+01 1.148125653272333855e-39
2.421503835998362755e-07 9.931034482758620641e+01 1.430360331174678280e-39
3.768146177827805384e-07 9.931034482758620641e+01 1.780823281910397900e-39
5.863680827754797925e-07 9.931034482758620641e+01 2.229488076179986217e-39
9.124580424212617751e-07 9.931034482758620641e+01 2.775585898703962032e-39
1.419892561747829683e-06 9.931034482758620641e+01 3.470352843387742021e-39
2.209520649910642183e-06 9.931034482758620641e+01 4.326061576901292959e-39
3.438275284977918907e-06 9.931034482758620641e+01 5.398579969220549741e-39
5.350362729476215747e-06 9.931034482758620641e+01 6.720899906060728668e-39
8.325796791792394115e-06 9.931034482758620641e+01 8.386734764527207570e-39
1.295592387340935367e-05 9.931034482758620641e+01 1.048297464372228258e-38
2.016094886906814347e-05 9.931034482758620641e+01 1.306238966042335779e-38
3.137281935836351674e-05 9.931034482758620641e+01 1.625227473422225841e-38
4.881981502381546709e-05 9.931034482758620641e+01 2.029731728060257527e-38
7.596940242236094136e-05 9.931034482758620641e+01 2.531814781820293055e-38
1.182173693528996479e-04 9.931034482758620641e+01 3.155739450489815044e-38
1.839601993842505316e-04 9.931034482758620641e+01 3.943744861342720557e-38
2.862638133696820790e-04 9.931034482758620641e+01 4.912301193278758076e-38
4.454603284799867622e-04 9.931034482758620641e+01 6.140350421302564172e-38
6.931889221822052369e-04 9.931034482758620641e+01 7.666628146564571475e-38
1.078683894199378591e-03 9.931034482758620641e+01 9.566487077706831451e-38
1.678559634135780602e-03 9.931034482758620641e+01 1.203837206124275060e-37
2.612037187633452825e-03 9.931034482758620641e+01 1.506375898326388378e-37
4.064638593011800881e-03 9.931034482758620641e+01 1.895212439349459526e-37
6.325058069624781357e-03 9.931034482758620641e+01 2.406486635379293955e-37
9.842537944925084520e-03 9.931034482758620641e+01 3.074840428154245312e-37
1.531615237850883840e-02 9.931034482758620641e+01 3.987835128916589312e-37
2.383374338959553390e-02 9.931034482758620641e+01 5.321718097443263654e-37
3.708812173729460204e-02 9.931034482758620641e+01 7.467436876140214861e-37
5.771350104410632315e-02 9.931034482758620641e+01 1.268031829275402315e-36
8.980902905683313397e-02 9.931034482758620641e+01 3.899320975618493556e-36
1.397534641671989708e-01 9.931034482758620641e+01 1.448017837036556902e-35
2.174729083684102948e-01 9.931034482758620641e+01 6.365041840670169109e-36
3.384135495749319711e-01 9.931034482758620641e+01 0.000000000000000000e+00
9.999999999999999547e-08 1.055172413793103630e+02 8.947116459560421653e-40
1.556118194739193901e-07 1.055172413793103630e+02 1.119861443486058500e-39
2.421503835998362755e-07 1.055172413793103630e+02 1.394013564027871616e-39
3.768146177827805384e-07 1.055172413793103630e+02 1.739063744732251605e-39
5.863680827754797925e-07 1.055172413793103630e+02 2.169693509106827524e-39
9.124580424212617751e-07 1.055172413793103630e+02 2.717650066433581977e-39
1.419892561747829683e-06 1.055172413793103630e+02 3.382361059409042224e-39
2.209520649910642183e-06 1.055172413793103630e+02 4.218664444334830143e-39
3.438275284977918907e-06 1.055172413793103630e+02 5.257061446556734557e-39
5.350362729476215747e-06 1.055172413793103630e+02 6.559723767960554244e-39
8.325796791792394115e-06 1.055172413793103630e+02 8.181949401138838664e-39
1.295592387340935367e-05 1.055172413793103630e+02 1.021311170344581647e-38
2.016094886906814347e-05 1.055172413793103630e+02 1.273251977394593983e-38
3.137281935836351674e-05 1.055172413793103630e+02 1.590083430330882969e-38
4.881981502381546709e-05 1.055172413793103630e+02 1.979716182404874219e-38
7.596940242236094136e-05 1.055172413793103630e+02 2.470813333563662223e-38
1.182173693528996479e-04 1.055172413793103630e+02 3.084439662676099966e-38
1.839601993842505316e-04 1.055172413793103630e+02 3.841653024751340319e-38
2.862638133696820790e-04 1.055172413793103630e+02 4.804674859737630278e-38
4.454603284799867622e-04 1.055172413793103630e+02 5.987756989260661167e-38
6.931889221822052369e-04 1.055172413793103630e+02 7.466684432391590217e-38
1.078683894199378591e-03 1.055172413793103630e+02 9.354714300687750330e-38
1.678559634135780602e-03 1.055172413793103630e+02 1.169850934669327488e-37
2.612037187633452825e-03 1.055172413793103630e+02 1.469141904457957766e-37
4.064638593011800881e-03 1.055172413793103630e+02 1.846806341444382204e-37
6.325058069624781357e-03 1.055172413793103630e+02 2.336502402820043210e-37
9.842537944925084520e-03 1.055172413793103630e+02 2.986412193657143195e-37
1.531615237850883840e-02 1.055172413793103630e+02 3.883979464494789104e-37
2.383374338959553390e-02 1.055172413793103630e+02 5.160513602432711268e-37
3.708812173729460204e-02 1.055172413793103630e+02 7.331945474807368707e-37
5.771350104410632315e-02 1.055172413793103630e+02 1.325736378175978369e-36
8.980902905683313397e-02 1.055172413793103630e+02 4.480925059841575090e-36
1.397534641671989708e-01 1.055172413793103630e+02 1.299183850473720974e-35
2.174729083684102948e-01 1.055172413793103630e+02 3.718610834068484343e-36
3.384135495749319711e-01 1.055172413793103630e+02 0.000000000000000000e+00
9.999999999999999547e-08 1.117241379310344911e+02 8.649420566861863820e-40
1.556118194739193901e-07 1.117241379310344911e+02 1.080271245809234730e-39
2.421503835998362755e-07 1.117241379310344911e+02 1.344429978335894251e-39
3.768146177827805384e-07 1.117241379310344911e+02 1.681829659897679334e-39
5.863680827754797925e-07 1.117241379310344911e+02 2.095506183902354811e-39
9.124580424212617751e-07 1.117241379310344911e+02 2.604045638939041476e-39
1.419892561747829683e-06 1.117241379310344911e+02 3.259017847304735227e-39
2.209520649910642183e-06 1.117241379310344911e+02 4.065482307139839485e-39
3.438275284977918907e-06 1.117241379310344911e+02 5.062348361630217832e-39
5.350362729476215747e-06 1.117241379310344911e+02 6.328017463063991810e-39
8.325796791792394115e-06 1.117241379310344911e+02 7.892354284636782929e-39
1.295592387340935367e-05 1.117241379310344911e+02 9.821483057854694473e-39
2.016094886906814347e-05 1.117241379310344911e+02 1.229313917156702965e-38
3.137281935836351674e-05 1.117241379310344911e+02 1.530627383276502066e-38
4.881981502381546709e-05 1.117241379310344911e+02 1.908722853424235445e-38
7.596940242236094136e-05 1.117241379310344911e+02 2.377966863249312287e-38
1.182173693528996479e-04 1.117241379310344911e+02 2.971920754823375558e-38
1.839601993842505316e-04 1.117241379310344911e+02 3.713312407925707998e-38
2.862638133696820790e-04 1.117241379310344911e+02 4.630742981302386855e-38
4.454603284799867622e-04 1.117241379310344911e+02 5.771786893089722425e-38
6.931889221822052369e-04 1.117241379310344911e+02 7.196683593689441640e-38
1.078683894199378591e-03 1.117241379310344911e+02 8.983800076458729014e-38
1.678559634135780602e-03 1.117241379310344911e+02 1.123731362489952260e-37
2.612037187633452825e-03 1.117241379310344911e+02 1.411011998457427805e-37
4.064638593011800881e-03 1.117241379310344911e+02 1.774453288499865382e-37
6.325058069624781357e-03 1.117241379310344911e+02 2.243494318369725804e-37
9.842537944925084520e-03 1.117241379310344911e+02 2.870475888366554770e-37
1.531615237850883840e-02 1.117241379310344911e+02 3.725625746980216240e-37
2.383374338959553390e-02 1.117241379310344911e+02 4.958071976906288834e-37
3.708812173729460204e-02 1.117241379310344911e+02 7.239904315754420060e-37
5.771350104410632315e-02 1.117241379310344911e+02 1.387632091875314785e-36
8.980902905683313397e-02 1.117241379310344911e+02 4.956680740575138381e-36
1.397534641671989708e-01 1.117241379310344911e+02 1.115507682737852790e-35
2.174729083684102948e-01 1.117241379310344911e+02 1.988465397667222538e-36
3.384135495749319711e-01 1.117241379310344911e+02 0.000000000000000000e+00
9.999999999999999547e-08 1.179310344827586192e+02 8.200140875852651342e-40
1.556118194739193901e-07 1.179310344827586192e+02 1.026118680286814745e-39
2.421503835998362755e-07 1.179310344827586192e+02 1.279888716842223972e-39
3.768146177827805384e-07 1.179310344827586192e+02 1.596829974784783854e-39
5.863680827754797925e-07 1.179310344827586192e+02 1.989685524929499614e-39
9.124580424212617751e-07 1.179310344827586192e+02 2.485966776613522194e-39
1.419892561747829683e-06 1.179310344827586192e+02 3.102979973718229688e-39
2.209520649910642183e-06 1.179310344827586192e+02 3.871584124715757700e-39
3.438275284977918907e-06 1.179310344827586192e+02 4.815502538837266048e-39
5.350362729476215747e-06 1.179310344827586192e+02 6.012926745663161750e-39
8.325796791792394115e-06 1.179310344827586192e+02 7.491707481112664094e-39
1.295592387340935367e-05 1.179310344827586192e+02 9.364040420489190938e-39
2.016094886906814347e-05 1.179310344827586192e+02 1.165050625952608021e-38
3.137281935836351674e-05 1.179310344827586192e+02 1.456211974828976191e-38
4.881981502381546709e-05 1.179310344827586192e+02 1.816578723892878359e-38
7.596940242236094136e-05 1.179310344827586192e+02 2.268172674927513167e-38
1.182173693528996479e-04 1.179310344827586192e+02 2.818449983156332554e-38
1.839601993842505316e-04 1.179310344827586192e+02 3.513513912469034559e-38
2.862638133696820790e-04 1.179310344827586192e+02 4.395874235923308120e-38
4.454603284799867622e-04 1.179310344827586192e+02 5.488822356246340708e-38
6.931889221822052369e-04 1.179310344827586192e+02 6.847002813380936920e-38
1.078683894199378591e-03 1.179310344827586192e+02 8.556260425652262732e-38
1.678559634135780602e-03 1.179310344827586192e+02 1.070419326444180210e-37
2.612037187633452825e-03 1.179310344827586192e+02 1.339221664922600898e-37
4.064638593011800881e-03 1.179310344827586192e+02 1.679853463283863705e-37
6.325058069624781357e-03 1.179310344827586192e+02 2.126357420665655184e-37
9.842537944925084520e-03 1.179310344827586192e+02 2.707549426315213889e-37
1.531615237850883840e-02 1.179310344827586192e+02 3.518670020026790521e-37
2.383374338959553390e-02 1.179310344827586192e+02 4.716501088790355955e-37
3.708812173729460204e-02 1.179310344827586192e+02 7.053945252686596163e-37
5.771350104410632315e-02 1.179310344827586192e+02 1.450060474108865893e-36
8.980902905683313397e-02 1.179310344827586192e+02 5.246348885930121006e-36
1.397534641671989708e-01 1.179310344827586192e+02 9.274987312879794952e-36
2.174729083684102948e-01 1.179310344827586192e+02 1.043222399488789671e-36
3.384135495749319711e-01 1.179310344827586192e+02 0.000000000000000000e+00
9.999999999999999547e-08 1.241379310344827616e+02 7.718912832733224059e-40
1.556118194739193901e-07 1.241379310344827616e+02 9.597372192323629763e-40
2.421503835998362755e-07 1.241379310344827616e+02 1.195161892482916220e-39
3.768146177827805384e-07 1.241379310344827616e+02 1.491526201208959199e-39
5.863680827754797925e-07 1.241379310344827616e+02 1.866382773751908897e-39
9.124580424212617751e-07 1.241379310344827616e+02 2.329101853192547729e-39
1.419892561747829683e-06 1.241379310344827616e+02 2.909940338130905805e-39
2.209520649910642183e-06 1.241379310344827616e+02 3.626903548875533189e-39
3.438275284977918907e-06 1.241379310344827616e+02 4.519437418104848445e-39
5.350362729476215747e-06 1.241379310344827616e+02 5.614322441358428848e-39
8.325796791792394115e-06 1.241379310344827616e+02 7.039045242364539052e-39
1.295592387340935367e-05 1.241379310344827616e+02 8.757117926850302713e-39
2.016094886906814347e-05 1.241379310344827616e+02 1.092242704437545451e-38
3.137281935836351674e-05 1.241379310344827616e+02 1.360989240367058674e-38
4.881981502381546709e-05 1.241379310344827616e+02 1.697547204558853326e-38
7.596940242236094136e-05 1.241379310344827616e+02 2.120014853853292101e-38
1.182173693528996479e-04 1.241379310344827616e+02 2.641397854598947692e-38
1.839601993842505316e-04 1.241379310344827616e+02 3.295499579451469876e-38
2.862638133696820790e-04 1.241379310344827616e+02 4.105492341433357466e-38
4.454603284799867622e-04 1.241379310344827616e+02 5.129327729164629522e-38
6.931889221822052369e-04 1.241379310344827616e+02 6.397312155142439293e-38
1.078683894199378591e-03 1.241379310344827616e+02 7.988332405649599198e-38
1.678559634135780602e-03 1.241379310344827616e+02 9.978966549047748907e-38
2.612037187633452825e-03 1.241379310344827616e+02 1.252038075927839751e-37
4.064638593011800881e-03 1.241379310344827616e+02 1.567995206630855200e-37
6.325058069624781357e-03 1.241379310344827616e+02 1.987342121282545592e-37
9.842537944925084520e-03 1.241379310344827616e+02 2.527045091897012040e-37
1.531615237850883840e-02 1.241379310344827616e+02 3.277926686181940630e-37
2.383374338959553390e-02 1.241379310344827616e+02 4.429612192722650113e-37
3.708812173729460204e-02 1.241379310344827616e+02 6.784024659956452775e-37
5.771350104410632315e-02 1.241379310344827616e+02 1.486305464236628078e-36
8.980902905683313397e-02 1.241379310344827616e+02 5.336126493915173157e-36
1.397534641671989708e-01 1.241379310344827616e+02 7.528764770563834434e-36
2.174729083684102948e-01 1.241379310344827616e+02 5.091632542912897189e-37
3.384135495749319711e-01 1.241379310344827616e+02 0.000000000000000000e+00
9.999999999999999547e-08 1.303448275862068897e+02 7.106649490337294969e-40
1.556118194739193901e-07 1.303448275862068897e+02 8.846468777190866246e-40
2.421503835998362755e-07 1.303448275862068897e+02 1.104161055650609753e-39
3.768146177827805384e-07 1.303448275862068897e+02 1.376258090220587170e-39
5.863680827754797925e-07 1.303448275862068897e+02 1.713250255316739905e-39
9.124580424212617751e-07 1.303448275862068897e+02 2.144913632281308749e-39
1.419892561747829683e-06 1.303448275862068897e+02 2.666841611654884530e-39
2.209520649910642183e-06 1.303448275862068897e+02 3.334913328020666021e-39
3.438275284977918907e-06 1.303448275862068897e+02 4.160063380794825327e-39
5.350362729476215747e-06 1.303448275862068897e+02 5.184242757335220667e-39
8.325796791792394115e-06 1.303448275862068897e+02 6.463200038892568064e-39
1.295592387340935367e-05 1.303448275862068897e+02 8.071204564428798203e-39
2.016094886906814347e-05 1.303448275862068897e+02 1.008315540503451911e-38
3.137281935836351674e-05 1.303448275862068897e+02 1.254662616126161920e-38
4.881981502381546709e-05 1.303448275862068897e+02 1.564276239609606846e-38
7.596940242236094136e-05 1.303448275862068897e+02 1.956466531258063582e-38
1.182173693528996479e-04 1.303448275862068897e+02 2.434353832427025099e-38
1.839601993842505316e-04 1.303448275862068897e+02 3.037734411408077324e-38
2.862638133696820790e-04 1.303448275862068897e+02 3.785813665715924059e-38
4.454603284799867622e-04 1.303448275862068897e+02 4.731340370276181220e-38
6.931889221822052369e-04 1.303448275862068897e+02 5.889192977735100368e-38
1.078683894199378591e-03 1.303448275862068897e+02 7.341790338570330551e-38
1.678559634135780602e-03 1.303448275862068897e+02 9.179211892722578947e-38
2.612037187633452825e-03 1.303448275862068897e+02 1.147094284382640252e-37
4.064638593011800881e-03 1.303448275862068897e+02 1.442116337901846977e-37
6.325058069624781357e-03 1.303448275862068897e+02 1.818398107243679403e-37
9.842537944925084520e-03 1.303448275862068897e+02 2.320697547496841505e-37
1.531615237850883840e-02 1.303448275862068897e+02 3.018793817495567255e-37
2.383374338959553390e-02 1.303448275862068897e+02 4.110504674860595000e-37
3.708812173729460204e-02 1.303448275862068897e+02 6.452778111814760366e-37
5.771350104410632315e-02 1.303448275862068897e+02 1.517954178640059534e-36
8.980902905683313397e-02 1.303448275862068897e+02 5.120147115432020175e-36
1.397534641671989708e-01 1.303448275862068897e+02 6.089546853952698216e-36
2.174729083684102948e-01 1.303448275862068897e+02 2.514706744207076367e-37
3.384135495749319711e-01 1.303448275862068897e+02 0.000000000000000000e+00
9.999999999999999547e-08 1.365517241379310462e+02 6.392083067261965076e-40
1.556118194739193901e-07 1.365517241379310462e+02 7.979483582691373817e-40
2.421503835998362755e-07 1.365517241379310462e+02 9.954830618484382722e-40
3.768146177827805384e-07 1.365517241379310462e+02 1.243515142715083427e-39
5.863680827754797925e-07 1.365517241379310462e+02 1.552157619348290248e-39
9.124580424212617751e-07 1.365517241379310462e+02 1.932004498934262040e-39
1.419892561747829683e-06 1.365517241379310462e+02 2.416180496777271031e-39
2.209520649910642183e-06 1.365517241379310462e+02 3.008681842706336956e-39
3.438275284977918907e-06 1.365517241379310462e+02 3.757292981466539126e-39
5.350362729476215747e-06 1.365517241379310462e+02 4.679509629975804529e-39
8.325796791792394115e-06 1.365517241379310462e+02 5.848601908482218989e-39
1.295592387340935367e-05 1.365517241379310462e+02 7.280327092142721594e-39
2.016094886906814347e-05 1.365517241379310462e+02 9.083240202803408818e-39
3.137281935836351674e-05 1.365517241379310462e+02 1.130494680663266695e-38
4.881981502381546709e-05 1.365517241379310462e+02 1.410589869019945043e-38
7.596940242236094136e-05 1.365517241379310462e+02 1.762097290045232490e-38
1.182173693528996479e-04 1.365517241379310462e+02 2.194076136021739756e-38
1.839601993842505316e-04 1.365517241379310462e+02 2.735245739645094425e-38
2.862638133696820790e-04 1.365517241379310462e+02 3.412219080135669378e-38
4.454603284799867622e-04 1.365517241379310462e+02 4.249131201291443259e-38
6.931889221822052369e-04 1.365517241379310462e+02 5.318845625506817223e-38
1.078683894199378591e-03 1.365517241379310462e+02 6.635326492087543380e-38
1.678559634135780602e-03 1.365517241379310462e+02 8.285185960520552371e-38
2.612037187633452825e-03 1.365517241379310462e+02 1.032018656659622659e-37
4.064638593011800881e-03 1.365517241379310462e+02 1.301675251776910634e-37
6.325058069624781357e-03 1.365517241379310462e+02 1.637571436478817928e-37
9.842537944925084520e-03 1.365517241379310462e+02 2.086536573597153848e-37
1.531615237850883840e-02 1.365517241379310462e+02 2.725641120714987609e-37
2.383374338959553390e-02 1.365517241379310462e+02 3.741130064779160009e-37
3.708812173729460204e-02 1.365517241379310462e+02 6.067579503596982443e-37
5.771350104410632315e-02 1.365517241379310462e+02 1.492096977049308923e-36
8.980902905683313397e-02 1.365517241379310462e+02 4.755958795376127852e-36
1.397534641671989708e-01 1.365517241379310462e+02 4.838498748179473208e-36
2.174729083684102948e-01 1.365517241379310462e+02 1.205001986532764856e-37
3.384135495749319711e-01 1.365517241379310462e+02 0.000000000000000000e+00
9.999999999999999547e-08 1.427586206896551744e+02 5.628780408008379430e-40
1.556118194739193901e-07 1.427586206896551744e+02 7.029901241479005766e-40
2.421503835998362755e-07 1.427586206896551744e+02 8.792228897497448480e-40
3.768146177827805384e-07 1.427586206896551744e+02 1.093833798406055558e-39
5.863680827754797925e-07 1.427586206896551744e+02 1.364115316982270627e-39
9.124580424212617751e-07 1.427586206896551744e+02 1.697828288636803734e-39
1.419892561747829683e-06 1.427586206896551744e+02 2.124864596373485968e-39
2.209520649910642183e-06 1.427586206896551744e+02 2.651554935587446228e-39
3.438275284977918907e-06 1.427586206896551744e+02 3.301839289861916431e-39
5.350362729476215747e-06 1.427586206896551744e+02 4.117491610412323869e-39
8.325796791792394115e-06 1.427586206896551744e+02 5.149253613846652152e-39
1.295592387340935367e-05 1.427586206896551744e+02 6.397258814307727688e-39
2.016094886906814347e-05 1.427586206896551744e+02 7.969335518061936524e-39
3.137281935836351674e-05 1.427586206896551744e+02 9.970163253738131416e-39
4.881981502381546709e-05 1.427586206896551744e+02 1.237916641446747814e-38
7.596940242236094136e-05 1.427586206896551744e+02 1.546280403981626091e-38
1.182173693528996479e-04 1.427586206896551744e+02 1.930949858167703138e-38
1.839601993842505316e-04 1.427586206896551744e+02 2.408365172344735066e-38
2.862638133696820790e-04 1.427586206896551744e+02 2.998035656214002899e-38
4.454603284799867622e-04 1.427586206896551744e+02 3.741722676727016917e-38
6.931889221822052369e-04 1.427586206896551744e+02 4.666442946496790617e-38
1.078683894199378591e-03 1.427586206896551744e+02 5.809479386745195308e-38
1.678559634135780602e-03 1.427586206896551744e+02 7.270470428830054188e-38
2.612037187633452825e-03 1.427586206896551744e+02 9.079613710420234208e-38
4.064638593011800881e-03 1.427586206896551744e+02 1.140008962694608443e-37
6.325058069624781357e-03 1.427586206896551744e+02 1.440000349776223676e-37
9.842537944925084520e-03 1.427586206896551744e+02 1.835459634358390337e-37
1.531615237850883840e-02 1.427586206896551744e+02 2.387144984139142979e-37
2.383374338959553390e-02 1.427586206896551744e+02 3.304726454808861592e-37
3.708812173729460204e-02 1.427586206896551744e+02 5.513105347536603405e-37
5.771350104410632315e-02 1.427586206896551744e+02 1.405104187387256633e-36
8.980902905683313397e-02 1.427586206896551744e+02 4.209957277995542587e-36
1.397534641671989708e-01 1.427586206896551744e+02 3.804433668719029685e-36
2.174729083684102948e-01 1.427586206896551744e+02 5.959272050319018826e-38
3.384135495749319711e-01 1.427586206896551744e+02 0.000000000000000000e+00
9.999999999999999547e-08 1.489655172413793025e+02 4.792390442073282485e-40
1.556118194739193901e-07 1.489655172413793025e+02 5.994512469151464670e-40
2.421503835998362755e-07 1.489655172413793025e+02 7.471631871986101968e-40
3.768146177827805384e-07 1.489655172413793025e+02 9.317564306670954409e-40
5.863680827754797925e-07 1.489655172413793025e+02 1.162528025315508380e-39
9.124580424212617751e-07 1.489655172413793025e+02 1.449054476766072431e-39
1.419892561747829683e-06 1.489655172413793025e+02 1.809596114693127189e-39
2.209520649910642183e-06 1.489655172413793025e+02 2.256562461859878369e-39
3.438275284977918907e-06 1.489655172413793025e+02 2.815346382014091496e-39
5.350362729476215747e-06 1.489655172413793025e+02 3.505526112265033409e-39
8.325796791792394115e-06 1.489655172413793025e+02 4.360817766062719819e-39
1.295592387340935367e-05 1.489655172413793025e+02 5.449439073626450111e-39
2.016094886906814347e-05 1.489655172413793025e+02 6.801768115896093747e-39
3.137281935836351674e-05 1.489655172413793025e+02 8.491619639795393574e-39
4.881981502381546709e-05 1.489655172413793025e+02 1.057842469298300726e-38
7.596940242236094136e-05 1.489655172413793025e+02 1.317684937398366650e-38
1.182173693528996479e-04 1.489655172413793025e+02 1.643338617380643470e-38
1.839601993842505316e-04 1.489655172413793025e+02 2.047174759241722677e-38
2.862638133696820790e-04 1.489655172413793025e+02 2.556356702514548273e-38
4.454603284799867622e-04 1.489655172413793025e+02 3.182524826496530757e-38
6.931889221822052369e-04 1.489655172413793025e+02 3.981892117695341795e-38
1.078683894199378591e-03 1.489655172413793025e+02 4.959831074422878081e-38
1.678559634135780602e-03 1.489655172413793025e+02 6.198518727435373871e-38
2.612037187633452825e-03 1.489655172413793025e+02 7.736217084427415313e-38
4.064638593011800881e-03 1.489655172413793025e+02 9.689924014644411662e-38
6.325058069624781357e-03 1.489655172413793025e+02 1.224195845695305617e-37
9.842537944925084520e-03 1.489655172413793025e+02 1.562910969953315861e-37
1.531615237850883840e-02 1.489655172413793025e+02 2.031590987700914235e-37
2.383374338959553390e-02 1.489655172413793025e+02 2.856483747151730196e-37
3.708812173729460204e-02 1.489655172413793025e+02 4.872377389974797306e-37
5.771350104410632315e-02 1.489655172413793025e+02 1.288591806224153981e-36
8.980902905683313397e-02 1.489655172413793025e+02 3.576750661558692931e-36
1.397534641671989708e-01 1.489655172413793025e+02 2.931022148259008661e-36
2.174729083684102948e-01 1.489655172413793025e+02 3.024005392851074935e-38
3.384135495749319711e-01 1.489655172413793025e+02 0.000000000000000000e+00
9.999999999999999547e-08 1.551724137931034591e+02 3.907114502732835414e-40
1.556118194739193901e-07 1.551724137931034591e+02 4.877377300737357831e-40
2.421503835998362755e-07 1.551724137931034591e+02 6.072605460461699674e-40
3.768146177827805384e-07 1.551724137931034591e+02 7.586905737934661691e-40
5.863680827754797925e-07 1.551724137931034591e+02 9.455658501624029624e-40
9.124580424212617751e-07 1.551724137931034591e+02 1.178348803284426296e-39
1.419892561747829683e-06 1.551724137931034591e+02 1.473385554509080571e-39
2.209520649910642183e-06 1.551724137931034591e+02 1.839548109061047439e-39
3.438275284977918907e-06 1.551724137931034591e+02 2.290074982970152127e-39
5.350362729476215747e-06 1.551724137931034591e+02 2.855469359509434785e-39
8.325796791792394115e-06 1.551724137931034591e+02 3.563901643877339620e-39
1.295592387340935367e-05 1.551724137931034591e+02 4.441487455675521573e-39
2.016094886906814347e-05 1.551724137931034591e+02 5.521706908915325462e-39
3.137281935836351674e-05 1.551724137931034591e+02 6.908537500540292829e-39
4.881981502381546709e-05 1.551724137931034591e+02 8.619705535930895443e-39
7.596940242236094136e-05 1.551724137931034591e+02 1.073827138946516376e-38
1.182173693528996479e-04 1.551724137931034591e+02 1.336719041645465849e-38
1.839601993842505316e-04 1.551724137931034591e+02 1.666289380231464420e-38
2.862638133696820790e-04 1.551724137931034591e+02 2.080889415285215277e-38
4.454603284799867622e-04 1.551724137931034591e+02 2.595757279375924248e-38
6.931889221822052369e-04 1.551724137931034591e+02 3.237779299679872855e-38
1.078683894199378591e-03 1.551724137931034591e+02 4.031128399716415248e-38
1.678559634135780602e-03 1.551724137931034591e+02 5.037138844918718130e-38
2.612037187633452825e-03 1.551724137931034591e+02 6.287230785459927220e-38
4.064638593011800881e-03 1.551724137931034591e+02 7.871997167417788478e-38
6.325058069624781357e-03 1.551724137931034591e+02 9.962308453313434705e-38
9.842537944925084520e-03 1.551724137931034591e+02 1.265060827761945776e-37
1.531615237850883840e-02 1.551724137931034591e+02 1.653750336854225108e-37
2.383374338959553390e-02 1.551724137931034591e+02 2.346583688137034402e-37
3.708812173729460204e-02 1.551724137931034591e+02 4.088548109043184234e-37
5.771350104410632315e-02 1.551724137931034591e+02 1.109673346785026157e-36
8.980902905683313397e-02 1.551724137931034591e+02 2.891265984298965358e-36
1.397534641671989708e-01 1.551724137931034591e+02 2.170273286865777380e-36
2.174729083684102948e-01 1.551724137931034591e+02 1.607101828513260425e-38
3.384135495749319711e-01 1.551724137931034591e+02 0.000000000000000000e+00
9.999999999999999547e-08 1.613793103448276156e+02 2.973299812311995583e-40
1.556118194739193901e-07 1.613793103448276156e+02 3.704805102572481574e-40
2.421503835998362755e-07 1.613793103448276156e+02 4.622998289451454807e-40
3.768146177827805384e-07 1.613793103448276156e+02 5.777736313295906068e-40
5.863680827754797925e-07 1.613793103448276156e+02 7.183358499825409710e-40
9.124580424212617751e-07 1.613793103448276156e+02 8.979116815107264711e-40
1.419892561747829683e-06 1.613793103448276156e+02 1.119153426285342088e-39
2.209520649910642183e-06 1.613793103448276156e+02 1.393017688664334223e-39
3.438275284977918907e-06 1.613793103448276156e+02 1.744397109093529224e-39
5.350362729476215747e-06 1.613793103448276156e+02 2.169077737229069361e-39
8.325796791792394115e-06 1.613793103448276156e+02 2.714532320771065153e-39
1.295592387340935367e-05 1.613793103448276156e+02 3.381096998045804936e-39
2.016094886906814347e-05 1.613793103448276156e+02 4.216359015759395101e-39
3.137281935836351674e-05 1.613793103448276156e+02 5.252901237106563680e-39
4.881981502381546709e-05 1.613793103448276156e+02 6.567883881924079547e-39
7.596940242236094136e-05 1.613793103448276156e+02 8.161415062799729668e-39
1.182173693528996479e-04 1.613793103448276156e+02 1.019599534235380889e-38
1.839601993842505316e-04 1.613793103448276156e+02 1.268071950967360744e-38
2.862638133696820790e-04 1.613793103448276156e+02 1.582304863481024844e-38
4.454603284799867622e-04 1.613793103448276156e+02 1.969680988672933546e-38
6.931889221822052369e-04 1.613793103448276156e+02 2.452361918848745190e-38
1.078683894199378591e-03 1.613793103448276156e+02 3.065413019817727248e-38
1.678559634135780602e-03 1.613793103448276156e+02 3.818240275333187519e-38
2.612037187633452825e-03 1.613793103448276156e+02 4.777022760239121359e-38
4.064638593011800881e-03 1.613793103448276156e+02 5.981715127700257266e-38
6.325058069624781357e-03 1.613793103448276156e+02 7.539399017420109942e-38
9.842537944925084520e-03 1.613793103448276156e+02 9.637804396118910568e-38
1.531615237850883840e-02 1.613793103448276156e+02 1.262331625140159658e-37
2.383374338959553390e-02 1.613793103448276156e+02 1.800421568209248337e-37
3.708812173729460204e-02 1.613793103448276156e+02 3.193232725765233666e-37
5.771350104410632315e-02 1.613793103448276156e+02 8.742735740131468736e-37
8.980902905683313397e-02 1.613793103448276156e+02 2.181115825801010978e-36
1.397534641671989708e-01 1.613793103448276156e+02 1.540662524413396725e-36
2.174729083684102948e-01 1.613793103448276156e+02 8.555297929897098978e-39
3.384135495749319711e-01 1.613793103448276156e+02 0.000000000000000000e+00
9.999999999999999547e-08 1.675862068965517437e+02 1.997763418095824142e-40
1.556118194739193901e-07 1.675862068965517437e+02 2.499221802531739627e-40
2.421503835998362755e-07 1.675862068965517437e+02 3.117441844623592650e-40
3.768146177827805384e-07 1.675862068965517437e+02 3.887421032909343208e-40
5.863680827754797925e-07 1.675862068965517437e+02 4.843232700294224847e-40
9.124580424212617751e-07 1.675862068965517437e+02 6.026763194680776459e-40
1.419892561747829683e-06 1.675862068965517437e+02 7.524628159812848991e-40
2.209520649910642183e-06 1.675862068965517437e+02 9.391008488047738711e-40
3.438275284977918907e-06 1.675862068965517437e+02 1.172798126161542643e-39
5.350362729476215747e-06 1.675862068965517437e+02 1.461466644068376418e-39
8.325796791792394115e-06 1.675862068965517437e+02 1.819839516181868457e-39
1.295592387340935367e-05 1.675862068965517437e+02 2.275585587178710350e-39
2.016094886906814347e-05 1.675862068965517437e+02 2.835336759909571410e-39
3.137281935836351674e-05 1.675862068965517437e+02 3.529222736300915665e-39
4.881981502381546709e-05 1.675862068965517437e+02 4.408955225018622758e-39
7.596940242236094136e-05 1.675862068965517437e+02 5.501223740423731123e-39
1.182173693528996479e-04 1.675862068965517437e+02 6.859147661976837115e-39
1.839601993842505316e-04 1.675862068965517437e+02 8.545055097096060715e-39
2.862638133696820790e-04 1.675862068965517437e+02 1.063272804216115321e-38
4.454603284799867622e-04 1.675862068965517437e+02 1.328481675415020209e-38
6.931889221822052369e-04 1.675862068965517437e+02 1.647407390794173466e-38
1.078683894199378591e-03 1.675862068965517437e+02 2.055893128328525802e-38
1.678559634135780602e-03 1.675862068965517437e+02 2.567936218391301706e-38
2.612037187633452825e-03 1.675862068965517437e+02 3.214551608539047088e-38
4.064638593011800881e-03 1.675862068965517437e+02 4.025960843662974289e-38
6.325058069624781357e-03 1.675862068965517437e+02 5.066693503647936846e-38
9.842537944925084520e-03 1.675862068965517437e+02 6.484264592808084736e-38
1.531615237850883840e-02 1.675862068965517437e+02 8.505682127028267510e-38
2.383374338959553390e-02 1.675862068965517437e+02 1.224256771298899586e-37
3.708812173729460204e-02 1.675862068965517437e+02 2.193927428946049215e-37
5.771350104410632315e-02 1.675862068965517437e+02 6.084141395488589489e-37
8.980902905683313397e-02 1.675862068965517437e+02 1.449737112820481753e-36
1.397534641671989708e-01 1.675862068965517437e+02 9.824321769777081765e-37
2.174729083684102948e-01 1.675862068965517437e+02 4.428156838131252461e-39
3.384135495749319711e-01 1.675862068965517437e+02 0.000000000000000000e+00
9.999999999999999547e-08 1.737931034482758719e+02 1.005974239552493854e-40
1.556118194739193901e-07 1.737931034482758719e+02 1.253048455809900508e-40
2.421503835998362755e-07 1.737931034482758719e+02 1.565299228622075525e-40
3.768146177827805384e-07 1.737931034482758719e+02 1.957485274951631954e-40
5.863680827754797925e-07 1.737931034482758719e+02 2.440581541140084744e-40
9.124580424212617751e-07 1.737931034482758719e+02 3.042743037861545068e-40
1.419892561747829683e-06 1.737931034482758719e+02 3.788878133616037400e-40
2.209520649910642183e-06 1.737931034482758719e+02 4.718371482783932574e-40
3.438275284977918907e-06 1.737931034482758719e+02 5.917478927112747700e-40
5.350362729476215747e-06 1.737931034482758719e+02 7.356020636528296969e-40
8.325796791792394115e-06 1.737931034482758719e+02 9.172846543067116775e-40
1.295592387340935367e-05 1.737931034482758719e+02 1.141702434873248526e-39
2.016094886906814347e-05 1.737931034482758719e+02 1.426267000971558811e-39
3.137281935836351674e-05 1.737931034482758719e+02 1.776934246483053669e-39
4.881981502381546709e-05 1.737931034482758719e+02 2.215469763342919364e-39
7.596940242236094136e-05 1.737931034482758719e+02 2.766504773521345674e-39
1.182173693528996479e-04 1.737931034482758719e+02 3.441989624337543282e-39
1.839601993842505316e-04 1.737931034482758719e+02 4.295002483931786322e-39
2.862638133696820790e-04 1.737931034482758719e+02 5.348540687622959223e-39
4.454603284799867622e-04 1.737931034482758719e+02 6.675556588959351834e-39
6.931889221822052369e-04 1.737931034482758719e+02 8.314007443426297728e-39
1.078683894199378591e-03 1.737931034482758719e+02 1.035804143259421644e-38
1.678559634135780602e-03 1.737931034482758719e+02 1.292730247949198000e-38
2.612037187633452825e-03 1.737931034482758719e+02 1.616208445968400739e-38
4.064638593011800881e-03 1.737931034482758719e+02 2.019290740484049595e-38
6.325058069624781357e-03 1.737931034482758719e+02 2.545381207424045340e-38
9.842537944925084520e-03 1.737931034482758719e+02 3.246362909536151294e-38
1.531615237850883840e-02 1.737931034482758719e+02 4.260989070937646342e-38
2.383374338959553390e-02 1.737931034482758719e+02 6.169699614892831495e-38
3.708812173729460204e-02 1.737931034482758719e+02 1.113013997486963349e-37
5.771350104410632315e-02 1.737931034482758719e+02 3.102140913622038591e-37
8.980902905683313397e-02 1.737931034482758719e+02 7.244725561740812201e-37
1.397534641671989708e-01 1.737931034482758719e+02 4.792852847664768407e-37
2.174729083684102948e-01 1.737931034482758719e+02 1.910304277534165489e-39
3.384135495749319711e-01 1.737931034482758719e+02 0.000000000000000000e+00
9.999999999999999547e-08 1.800000000000000000e+02 1.141615162424104776e-55
1.556118194739193901e-07 1.800000000000000000e+02 1.420259468162955368e-55
2.421503835998362755e-07 1.800000000000000000e+02 1.771073958557963217e-55
3.768146177827805384e-07 1.800000000000000000e+02 2.218386200190110436e-55
5.863680827754797925e-07 1.800000000000000000e+02 2.763208708441279082e-55
9.124580424212617751e-07 1.800000000000000000e+02 3.441097154505671136e-55
1.419892561747829683e-06 1.800000000000000000e+02 4.295169240207889804e-55
2.209520649910642183e-06 1.800000000000000000e+02 5.359251814687739408e-55
3.438275284977918907e-06 1.800000000000000000e+02 6.685661914395801499e-55
5.350362729476215747e-06 1.800000000000000000e+02 0.000000000000000000e+00
8.325796791792394115e-06 1.800000000000000000e+02 1.040242309258664706e-54
1.295592387340935367e-05 1.800000000000000000e+02 1.294954355945031855e-54
2.016094886906814347e-05 1.800000000000000000e+02 1.613714491165360449e-54
3.137281935836351674e-05 1.800000000000000000e+02 2.008835440232272403e-54
4.881981502381546709e-05 1.800000000000000000e+02 2.503211469636487805e-54
7.596940242236094136e-05 1.800000000000000000e+02 3.129363831081341551e-54
1.182173693528996479e-04 1.800000000000000000e+02 3.905483507802619289e-54
1.839601993842505316e-04 1.800000000000000000e+02 4.866654928577867334e-54
2.862638133696820790e-04 1.800000000000000000e+02 6.054033647670980957e-54
4.454603284799867622e-04 1.800000000000000000e+02 0.000000000000000000e+00
6.931889221822052369e-04 1.800000000000000000e+02 9.400268694506184331e-54
1.078683894199378591e-03 1.800000000000000000e+02 1.173019155105742151e-53
1.678559634135780602e-03 1.800000000000000000e+02 1.465666323545867572e-53
2.612037187633452825e-03 1.800000000000000000e+02 1.830292596736942113e-53
4.064638593011800881e-03 1.800000000000000000e+02 2.289338543939131061e-53
6.325058069624781357e-03 1.800000000000000000e+02 2.896101843062466260e-53
9.842537944925084520e-03 1.800000000000000000e+02 3.677417449680121602e-53
1.531615237850883840e-02 1.800000000000000000e+02 4.840177272717239893e-53
2.383374338959553390e-02 1.800000000000000000e+02 6.974232425429910924e-53
3.708812173729460204e-02 1.800000000000000000e+02 1.268704329580331126e-52
5.771350104410632315e-02 1.800000000000000000e+02 3.550761351214342669e-52
8.980902905683313397e-02 1.800000000000000000e+02 0.000000000000000000e+00
1.397534641671989708e-01 1.800000000000000000e+02 0.000000000000000000e+00
2.174729083684102948e-01 1.800000000000000000e+02 0.000000000000000000e+00
3.384135495749319711e-01 1.800000000000000000e+02 0.000000000000000000e+00
