# atom 16: Tchi 0.7880462815669912 [GeV]; m_chi = 0.06666666666666667 [GeV]; mS = 0.2 [GeV]; gchi =0.01; gN = 0.01
# Tchi^prime [GeV], theta [degree] ,dsigma/dTchip dtheta [cm^2/GeV]
9.999999999999999547e-08 0.000000000000000000e+00 0.000000000000000000e+00
1.592885535214725096e-07 0.000000000000000000e+00 0.000000000000000000e+00
2.537284328296300856e-07 0.000000000000000000e+00 0.000000000000000000e+00
4.041603505270179570e-07 0.000000000000000000e+00 0.000000000000000000e+00
6.437811762617998739e-07 0.000000000000000000e+00 0.000000000000000000e+00
1.025469723510942276e-06 0.000000000000000000e+00 0.000000000000000000e+00
1.633455889381223358e-06 0.000000000000000000e+00 0.000000000000000000e+00
2.601908258606654861e-06 0.000000000000000000e+00 0.000000000000000000e+00
4.144542029090266371e-06 0.000000000000000000e+00 0.000000000000000000e+00
6.601781048227371505e-06 0.000000000000000000e+00 0.000000000000000000e+00
1.051588153837608446e-05 0.000000000000000000e+00 0.000000000000000000e+00
1.675059559251080012e-05 0.000000000000000000e+00 0.000000000000000000e+00
2.668178142554203833e-05 0.000000000000000000e+00 0.000000000000000000e+00
4.250102368650674752e-05 0.000000000000000000e+00 0.000000000000000000e+00
6.769926586205501733e-05 0.000000000000000000e+00 0.000000000000000000e+00
1.078371813363233488e-04 0.000000000000000000e+00 0.000000000000000000e+00
1.717722863089567891e-04 0.000000000000000000e+00 0.000000000000000000e+00
2.736135902122996313e-04 0.000000000000000000e+00 0.000000000000000000e+00
4.358351300873408870e-04 0.000000000000000000e+00 0.000000000000000000e+00
6.942354744545533056e-04 0.000000000000000000e+00 0.000000000000000000e+00
1.105837645291589616e-03 0.000000000000000000e+00 0.000000000000000000e+00
1.761472789480881531e-03 0.000000000000000000e+00 0.000000000000000000e+00
2.805824527038428690e-03 0.000000000000000000e+00 0.000000000000000000e+00
4.469357303470210090e-03 0.000000000000000000e+00 0.000000000000000000e+00
7.119174600403985892e-03 0.000000000000000000e+00 0.000000000000000000e+00
1.134003024365157902e-02 0.000000000000000000e+00 0.000000000000000000e+00
1.806337014401007690e-02 0.000000000000000000e+00 0.000000000000000000e+00
2.877288101962317823e-02 0.000000000000000000e+00 0.000000000000000000e+00
4.583190598261207421e-02 0.000000000000000000e+00 0.000000000000000000e+00
7.300498009102399100e-02 0.000000000000000000e+00 0.000000000000000000e+00
1.162885767856308566e-01 0.000000000000000000e+00 0.000000000000000000e+00
1.852343918725382621e-01 0.000000000000000000e+00 0.000000000000000000e+00
2.950571834380621983e-01 0.000000000000000000e+00 0.000000000000000000e+00
4.699923195596870107e-01 0.000000000000000000e+00 0.000000000000000000e+00
7.486439674886415929e-01 0.000000000000000000e+00 0.000000000000000000e+00
9.999999999999999547e-08 6.206896551724137900e+00 7.857078243455849769e-42
1.592885535214725096e-07 6.206896551724137900e+00 9.921776538623054812e-42
2.537284328296300856e-07 6.206896551724137900e+00 1.250525864397273737e-41
4.041603505270179570e-07 6.206896551724137900e+00 1.581343437130209411e-41
6.437811762617998739e-07 6.206896551724137900e+00 1.991364313983851932e-41
1.025469723510942276e-06 6.206896551724137900e+00 2.517847139507721766e-41
1.633455889381223358e-06 6.206896551724137900e+00 3.182685462942014394e-41
2.601908258606654861e-06 6.206896551724137900e+00 4.013460281108469260e-41
4.144542029090266371e-06 6.206896551724137900e+00 5.077356711307768892e-41
6.601781048227371505e-06 6.206896551724137900e+00 6.427432078184910485e-41
1.051588153837608446e-05 6.206896551724137900e+00 8.116727858022179893e-41
1.675059559251080012e-05 6.206896551724137900e+00 1.027276385695380236e-40
2.668178142554203833e-05 6.206896551724137900e+00 1.302941461383464495e-40
4.250102368650674752e-05 6.206896551724137900e+00 1.649630226066039525e-40
6.769926586205501733e-05 6.206896551724137900e+00 2.088189050450815907e-40
1.078371813363233488e-04 6.206896551724137900e+00 2.656690046938315519e-40
1.717722863089567891e-04 6.206896551724137900e+00 3.381620029928825938e-40
2.736135902122996313e-04 6.206896551724137900e+00 4.313245947766249056e-40
4.358351300873408870e-04 6.206896551724137900e+00 5.516028764779104773e-40
6.942354744545533056e-04 6.206896551724137900e+00 7.105333251743832059e-40
1.105837645291589616e-03 6.206896551724137900e+00 9.141926724484759352e-40
1.761472789480881531e-03 6.206896551724137900e+00 1.188177805876081262e-39
2.805824527038428690e-03 6.206896551724137900e+00 1.560766482559293903e-39
4.469357303470210090e-03 6.206896551724137900e+00 2.065269373782748014e-39
7.119174600403985892e-03 6.206896551724137900e+00 2.776940198933323435e-39
1.134003024365157902e-02 6.206896551724137900e+00 3.816538266213339216e-39
1.806337014401007690e-02 6.206896551724137900e+00 5.374916405926332921e-39
2.877288101962317823e-02 6.206896551724137900e+00 7.861311375875463930e-39
4.583190598261207421e-02 6.206896551724137900e+00 1.199075367184815167e-38
7.300498009102399100e-02 6.206896551724137900e+00 1.961660182261543877e-38
1.162885767856308566e-01 6.206896551724137900e+00 3.540760473157808313e-38
1.852343918725382621e-01 6.206896551724137900e+00 7.524842195938443111e-38
2.950571834380621983e-01 6.206896551724137900e+00 2.128843895508656495e-37
4.699923195596870107e-01 6.206896551724137900e+00 0.000000000000000000e+00
7.486439674886415929e-01 6.206896551724137900e+00 0.000000000000000000e+00
9.999999999999999547e-08 1.241379310344827580e+01 1.560101977154026957e-41
1.592885535214725096e-07 1.241379310344827580e+01 1.967730159771546701e-41
2.537284328296300856e-07 1.241379310344827580e+01 2.480234764087852995e-41
4.041603505270179570e-07 1.241379310344827580e+01 3.144238246981903274e-41
6.437811762617998739e-07 1.241379310344827580e+01 3.961942602966638107e-41
1.025469723510942276e-06 1.241379310344827580e+01 5.024134000765741361e-41
1.633455889381223358e-06 1.241379310344827580e+01 6.313037882031603187e-41
2.601908258606654861e-06 1.241379310344827580e+01 8.008222836919833716e-41
4.144542029090266371e-06 1.241379310344827580e+01 1.008867069094883260e-40
6.601781048227371505e-06 1.241379310344827580e+01 1.276579470255948304e-40
1.051588153837608446e-05 1.241379310344827580e+01 1.615766011630637821e-40
1.675059559251080012e-05 1.241379310344827580e+01 2.045154635298596620e-40
2.668178142554203833e-05 1.241379310344827580e+01 2.587197462581521309e-40
4.250102368650674752e-05 1.241379310344827580e+01 3.273328685044290512e-40
6.769926586205501733e-05 1.241379310344827580e+01 4.155470972378131837e-40
1.078371813363233488e-04 1.241379310344827580e+01 5.280576874969138454e-40
1.717722863089567891e-04 1.241379310344827580e+01 6.725934814024777183e-40
2.736135902122996313e-04 1.241379310344827580e+01 8.575008515989657083e-40
4.358351300873408870e-04 1.241379310344827580e+01 1.096318144752273852e-39
6.942354744545533056e-04 1.241379310344827580e+01 1.406756533816095276e-39
1.105837645291589616e-03 1.241379310344827580e+01 1.814757760597053336e-39
1.761472789480881531e-03 1.241379310344827580e+01 2.358491324642932820e-39
2.805824527038428690e-03 1.241379310344827580e+01 3.087741043266288027e-39
4.469357303470210090e-03 1.241379310344827580e+01 4.085730617786668651e-39
7.119174600403985892e-03 1.241379310344827580e+01 5.493471169188438565e-39
1.134003024365157902e-02 1.241379310344827580e+01 7.531122619965192742e-39
1.806337014401007690e-02 1.241379310344827580e+01 1.057574797298294758e-38
2.877288101962317823e-02 1.241379310344827580e+01 1.536659966563007717e-38
4.583190598261207421e-02 1.241379310344827580e+01 2.339141443515424969e-38
7.300498009102399100e-02 1.241379310344827580e+01 3.803091293694299444e-38
1.162885767856308566e-01 1.241379310344827580e+01 6.852921507709461927e-38
1.852343918725382621e-01 1.241379310344827580e+01 1.448151086027683623e-37
2.950571834380621983e-01 1.241379310344827580e+01 4.057322085570259507e-37
4.699923195596870107e-01 1.241379310344827580e+01 1.756510232217047361e-36
7.486439674886415929e-01 1.241379310344827580e+01 0.000000000000000000e+00
9.999999999999999547e-08 1.862068965517241281e+01 2.316964283317396843e-41
1.592885535214725096e-07 1.862068965517241281e+01 2.932017693214242537e-41
2.537284328296300856e-07 1.862068965517241281e+01 3.698941194588613656e-41
4.041603505270179570e-07 1.862068965517241281e+01 4.661208242287466643e-41
6.437811762617998739e-07 1.862068965517241281e+01 5.899546066290070193e-41
1.025469723510942276e-06 1.862068965517241281e+01 7.441478173745986536e-41
1.633455889381223358e-06 1.862068965517241281e+01 9.392253640890283418e-41
2.601908258606654861e-06 1.862068965517241281e+01 1.183367231753348120e-40
4.144542029090266371e-06 1.862068965517241281e+01 1.499450846526062137e-40
6.601781048227371505e-06 1.862068965517241281e+01 1.896720653276810740e-40
1.051588153837608446e-05 1.862068965517241281e+01 2.395343295632219379e-40
1.675059559251080012e-05 1.862068965517241281e+01 3.032299110748353130e-40
2.668178142554203833e-05 1.862068965517241281e+01 3.845291192923916404e-40
4.250102368650674752e-05 1.862068965517241281e+01 4.864706402229919330e-40
6.769926586205501733e-05 1.862068965517241281e+01 6.168482371834229672e-40
1.078371813363233488e-04 1.862068965517241281e+01 7.827028199245110683e-40
1.717722863089567891e-04 1.862068965517241281e+01 9.960185666537379420e-40
2.736135902122996313e-04 1.862068965517241281e+01 1.273579770309886818e-39
4.358351300873408870e-04 1.862068965517241281e+01 1.623232584981782388e-39
6.942354744545533056e-04 1.862068965517241281e+01 2.087209836048634607e-39
1.105837645291589616e-03 1.862068965517241281e+01 2.693807704521504136e-39
1.761472789480881531e-03 1.862068965517241281e+01 3.496817117666827936e-39
2.805824527038428690e-03 1.862068965517241281e+01 4.561904289560827631e-39
4.469357303470210090e-03 1.862068965517241281e+01 6.024315755816180782e-39
7.119174600403985892e-03 1.862068965517241281e+01 8.093099964735976270e-39
1.134003024365157902e-02 1.862068965517241281e+01 1.103626598198913143e-38
1.806337014401007690e-02 1.862068965517241281e+01 1.548129046264133015e-38
2.877288101962317823e-02 1.862068965517241281e+01 2.233205598131358316e-38
4.583190598261207421e-02 1.862068965517241281e+01 3.371640325470381341e-38
7.300498009102399100e-02 1.862068965517241281e+01 5.436353793574580335e-38
1.162885767856308566e-01 1.862068965517241281e+01 9.634469814796199884e-38
1.852343918725382621e-01 1.862068965517241281e+01 1.999704246190657190e-37
2.950571834380621983e-01 1.862068965517241281e+01 5.354927321735384010e-37
4.699923195596870107e-01 1.862068965517241281e+01 2.198949203476019304e-36
7.486439674886415929e-01 1.862068965517241281e+01 0.000000000000000000e+00
9.999999999999999547e-08 2.482758620689655160e+01 3.049664092677294286e-41
1.592885535214725096e-07 2.482758620689655160e+01 3.848472480652666325e-41
2.537284328296300856e-07 2.482758620689655160e+01 4.863273242301633556e-41
4.041603505270179570e-07 2.482758620689655160e+01 6.135854701000784945e-41
6.437811762617998739e-07 2.482758620689655160e+01 7.742784918195155111e-41
1.025469723510942276e-06 2.482758620689655160e+01 9.781912838428719854e-41
1.633455889381223358e-06 2.482758620689655160e+01 1.233079737857294184e-40
2.601908258606654861e-06 2.482758620689655160e+01 1.557971871871237315e-40
4.144542029090266371e-06 2.482758620689655160e+01 1.967848761496045566e-40
6.601781048227371505e-06 2.482758620689655160e+01 2.491916757705909975e-40
1.051588153837608446e-05 2.482758620689655160e+01 3.155604124557791974e-40
1.675059559251080012e-05 2.482758620689655160e+01 4.002794430652830742e-40
2.668178142554203833e-05 2.482758620689655160e+01 5.046557193083446823e-40
4.250102368650674752e-05 2.482758620689655160e+01 6.393731416300144145e-40
6.769926586205501733e-05 2.482758620689655160e+01 8.094977814928726580e-40
1.078371813363233488e-04 2.482758620689655160e+01 1.028398488478724843e-39
1.717722863089567891e-04 2.482758620689655160e+01 1.307456104034878351e-39
2.736135902122996313e-04 2.482758620689655160e+01 1.665783789697604847e-39
4.358351300873408870e-04 2.482758620689655160e+01 2.131152440497360173e-39
6.942354744545533056e-04 2.482758620689655160e+01 2.736981545490376549e-39
1.105837645291589616e-03 2.482758620689655160e+01 3.524799206969611565e-39
1.761472789480881531e-03 2.482758620689655160e+01 4.562503566112287672e-39
2.805824527038428690e-03 2.482758620689655160e+01 5.961717757006817141e-39
4.469357303470210090e-03 2.482758620689655160e+01 7.843781725429960336e-39
7.119174600403985892e-03 2.482758620689655160e+01 1.047868670906492291e-38
1.134003024365157902e-02 2.482758620689655160e+01 1.426831368905670169e-38
1.806337014401007690e-02 2.482758620689655160e+01 1.983885951413068164e-38
2.877288101962317823e-02 2.482758620689655160e+01 2.845941491077011142e-38
4.583190598261207421e-02 2.482758620689655160e+01 4.255080279456798024e-38
7.300498009102399100e-02 2.482758620689655160e+01 6.749651653882696347e-38
1.162885767856308566e-01 2.482758620689655160e+01 1.173953522144952986e-37
1.852343918725382621e-01 2.482758620689655160e+01 2.342691004456988972e-37
2.950571834380621983e-01 2.482758620689655160e+01 5.965644124152172149e-37
4.699923195596870107e-01 2.482758620689655160e+01 2.331568767525237184e-36
7.486439674886415929e-01 2.482758620689655160e+01 4.326754170062303244e-36
9.999999999999999547e-08 3.103448275862069039e+01 3.741863792317864871e-41
1.592885535214725096e-07 3.103448275862069039e+01 4.719510365734116260e-41
2.537284328296300856e-07 3.103448275862069039e+01 5.954995704162866768e-41
4.041603505270179570e-07 3.103448275862069039e+01 7.533497824877370879e-41
6.437811762617998739e-07 3.103448275862069039e+01 9.507316687546476339e-41
1.025469723510942276e-06 3.103448275862069039e+01 1.196857438558669544e-40
1.633455889381223358e-06 3.103448275862069039e+01 1.517590472592182270e-40
2.601908258606654861e-06 3.103448275862069039e+01 1.911832466429051528e-40
4.144542029090266371e-06 3.103448275862069039e+01 2.419162115309993481e-40
6.601781048227371505e-06 3.103448275862069039e+01 3.053536534676400583e-40
1.051588153837608446e-05 3.103448275862069039e+01 3.872645129159989908e-40
1.675059559251080012e-05 3.103448275862069039e+01 4.906051768955000962e-40
2.668178142554203833e-05 3.103448275862069039e+01 6.187069085484458123e-40
4.250102368650674752e-05 3.103448275862069039e+01 7.850557632719071152e-40
6.769926586205501733e-05 3.103448275862069039e+01 9.926439613705752798e-40
1.078371813363233488e-04 3.103448275862069039e+01 1.260588247942658731e-39
1.717722863089567891e-04 3.103448275862069039e+01 1.600045832050275097e-39
2.736135902122996313e-04 3.103448275862069039e+01 2.044090459127525321e-39
4.358351300873408870e-04 3.103448275862069039e+01 2.602678947696377829e-39
6.942354744545533056e-04 3.103448275862069039e+01 3.341934440261330355e-39
1.105837645291589616e-03 3.103448275862069039e+01 4.298207799337281436e-39
1.761472789480881531e-03 3.103448275862069039e+01 5.566973713709013135e-39
2.805824527038428690e-03 3.103448275862069039e+01 7.237501182332328591e-39
4.469357303470210090e-03 3.103448275862069039e+01 9.551168125416392361e-39
7.119174600403985892e-03 3.103448275862069039e+01 1.268684767442998232e-38
1.134003024365157902e-02 3.103448275862069039e+01 1.715393811058413659e-38
1.806337014401007690e-02 3.103448275862069039e+01 2.369856910170172310e-38
2.877288101962317823e-02 3.103448275862069039e+01 3.365819109893209303e-38
4.583190598261207421e-02 3.103448275862069039e+01 4.962807118005564578e-38
7.300498009102399100e-02 3.103448275862069039e+01 7.722586994073768309e-38
1.162885767856308566e-01 3.103448275862069039e+01 1.305246415161875741e-37
1.852343918725382621e-01 3.103448275862069039e+01 2.508576908504344492e-37
2.950571834380621983e-01 3.103448275862069039e+01 6.091205026442625884e-37
4.699923195596870107e-01 3.103448275862069039e+01 2.330149591765826486e-36
7.486439674886415929e-01 3.103448275862069039e+01 1.618052431675796686e-37
9.999999999999999547e-08 3.724137931034482563e+01 4.399867436526340496e-41
1.592885535214725096e-07 3.724137931034482563e+01 5.549683225257333296e-41
2.537284328296300856e-07 3.724137931034482563e+01 6.995036184962901779e-41
4.041603505270179570e-07 3.724137931034482563e+01 8.828792909191499604e-41
6.437811762617998739e-07 3.724137931034482563e+01 1.118155423646860655e-40
1.025469723510942276e-06 3.724137931034482563e+01 1.406385852138498457e-40
1.633455889381223358e-06 3.724137931034482563e+01 1.780217358128948820e-40
2.601908258606654861e-06 3.724137931034482563e+01 2.246688458386841779e-40
4.144542029090266371e-06 3.724137931034482563e+01 2.839184890493289094e-40
6.601781048227371505e-06 3.724137931034482563e+01 3.591220797785318953e-40
1.051588153837608446e-05 3.724137931034482563e+01 4.535601189554610197e-40
1.675059559251080012e-05 3.724137931034482563e+01 5.740601005243583808e-40
2.668178142554203833e-05 3.724137931034482563e+01 7.251028284303988348e-40
4.250102368650674752e-05 3.724137931034482563e+01 9.195560359429040647e-40
6.769926586205501733e-05 3.724137931034482563e+01 1.165234920916032692e-39
1.078371813363233488e-04 3.724137931034482563e+01 1.476553597341683090e-39
1.717722863089567891e-04 3.724137931034482563e+01 1.877866069261371027e-39
2.736135902122996313e-04 3.724137931034482563e+01 2.387069496129131716e-39
4.358351300873408870e-04 3.724137931034482563e+01 3.042512897109655524e-39
6.942354744545533056e-04 3.724137931034482563e+01 3.900989046422927305e-39
1.105837645291589616e-03 3.724137931034482563e+01 5.018656156614986658e-39
1.761472789480881531e-03 3.724137931034482563e+01 6.476795147572062261e-39
2.805824527038428690e-03 3.724137931034482563e+01 8.425107051153166602e-39
4.469357303470210090e-03 3.724137931034482563e+01 1.104413504753800361e-38
7.119174600403985892e-03 3.724137931034482563e+01 1.457815174027438203e-38
1.134003024365157902e-02 3.724137931034482563e+01 1.965516803945395951e-38
1.806337014401007690e-02 3.724137931034482563e+01 2.694345648852976709e-38
2.877288101962317823e-02 3.724137931034482563e+01 3.775431093878660867e-38
4.583190598261207421e-02 3.724137931034482563e+01 5.491167961187119176e-38
7.300498009102399100e-02 3.724137931034482563e+01 8.372120820407714505e-38
1.162885767856308566e-01 3.724137931034482563e+01 1.374489531172746610e-37
1.852343918725382621e-01 3.724137931034482563e+01 2.547864072822864337e-37
2.950571834380621983e-01 3.724137931034482563e+01 5.953163210668399586e-37
4.699923195596870107e-01 3.724137931034482563e+01 2.577634662371674761e-36
7.486439674886415929e-01 3.724137931034482563e+01 0.000000000000000000e+00
9.999999999999999547e-08 4.344827586206896797e+01 4.988836867512786034e-41
1.592885535214725096e-07 4.344827586206896797e+01 6.310892652443086142e-41
2.537284328296300856e-07 4.344827586206896797e+01 7.972824583732652550e-41
4.041603505270179570e-07 4.344827586206896797e+01 1.003758430193830211e-40
6.437811762617998739e-07 4.344827586206896797e+01 1.269273868475290081e-40
1.025469723510942276e-06 4.344827586206896797e+01 1.598947495546201429e-40
1.633455889381223358e-06 4.344827586206896797e+01 2.019008213322758778e-40
2.601908258606654861e-06 4.344827586206896797e+01 2.553937071885580313e-40
4.144542029090266371e-06 4.344827586206896797e+01 3.227720307145409260e-40
6.601781048227371505e-06 4.344827586206896797e+01 4.076263737419991053e-40
1.051588153837608446e-05 4.344827586206896797e+01 5.146379204306758593e-40
1.675059559251080012e-05 4.344827586206896797e+01 6.512325726454141727e-40
2.668178142554203833e-05 4.344827586206896797e+01 8.236660860148716734e-40
4.250102368650674752e-05 4.344827586206896797e+01 1.044934366064020633e-39
6.769926586205501733e-05 4.344827586206896797e+01 1.324028291176935435e-39
1.078371813363233488e-04 4.344827586206896797e+01 1.679821556563241437e-39
1.717722863089567891e-04 4.344827586206896797e+01 2.131074178434799629e-39
2.736135902122996313e-04 4.344827586206896797e+01 2.706569328452094728e-39
4.358351300873408870e-04 4.344827586206896797e+01 3.454838118094690289e-39
6.942354744545533056e-04 4.344827586206896797e+01 4.412362876188527209e-39
1.105837645291589616e-03 4.344827586206896797e+01 5.668408635986047384e-39
1.761472789480881531e-03 4.344827586206896797e+01 7.267982867488431720e-39
2.805824527038428690e-03 4.344827586206896797e+01 9.447019993800501790e-39
4.469357303470210090e-03 4.344827586206896797e+01 1.233807971093481828e-38
7.119174600403985892e-03 4.344827586206896797e+01 1.628309147860252338e-38
1.134003024365157902e-02 4.344827586206896797e+01 2.166996789694657659e-38
1.806337014401007690e-02 4.344827586206896797e+01 2.945017835462312842e-38
2.877288101962317823e-02 4.344827586206896797e+01 4.082731797122082864e-38
4.583190598261207421e-02 4.344827586206896797e+01 5.834274103426567008e-38
7.300498009102399100e-02 4.344827586206896797e+01 8.724152994729865200e-38
1.162885767856308566e-01 4.344827586206896797e+01 1.394846575064697710e-37
1.852343918725382621e-01 4.344827586206896797e+01 2.512900095869483238e-37
2.950571834380621983e-01 4.344827586206896797e+01 5.687308430863055142e-37
4.699923195596870107e-01 4.344827586206896797e+01 3.861572753361926413e-36
7.486439674886415929e-01 4.344827586206896797e+01 0.000000000000000000e+00
9.999999999999999547e-08 4.965517241379310320e+01 5.525682489466103910e-41
1.592885535214725096e-07 4.965517241379310320e+01 6.996036608823063343e-41
2.537284328296300856e-07 4.965517241379310320e+01 8.810874645931308020e-41
4.041603505270179570e-07 4.965517241379310320e+01 1.113129563332669071e-40
6.437811762617998739e-07 4.965517241379310320e+01 1.404215174953340590e-40
1.025469723510942276e-06 4.965517241379310320e+01 1.776556824836250128e-40
1.633455889381223358e-06 4.965517241379310320e+01 2.241176794970986088e-40
2.601908258606654861e-06 4.965517241379310320e+01 2.827559896321981230e-40
4.144542029090266371e-06 4.965517241379310320e+01 3.571061904012052890e-40
6.601781048227371505e-06 4.965517241379310320e+01 4.513092670254780702e-40
1.051588153837608446e-05 4.965517241379310320e+01 5.706328416516042554e-40
1.675059559251080012e-05 4.965517241379310320e+01 7.205658931648871366e-40
2.668178142554203833e-05 4.965517241379310320e+01 9.142046118138304092e-40
4.250102368650674752e-05 4.965517241379310320e+01 1.154203389090322668e-39
6.769926586205501733e-05 4.965517241379310320e+01 1.461470828519818363e-39
1.078371813363233488e-04 4.965517241379310320e+01 1.852620224384567076e-39
1.717722863089567891e-04 4.965517241379310320e+01 2.351694458616303686e-39
2.736135902122996313e-04 4.965517241379310320e+01 2.983321420505327031e-39
4.358351300873408870e-04 4.965517241379310320e+01 3.812740589802647911e-39
6.942354744545533056e-04 4.965517241379310320e+01 4.862513822205171610e-39
1.105837645291589616e-03 4.965517241379310320e+01 6.208459788629322759e-39
1.761472789480881531e-03 4.965517241379310320e+01 8.005784483278120609e-39
2.805824527038428690e-03 4.965517241379310320e+01 1.033018828491471437e-38
4.469357303470210090e-03 4.965517241379310320e+01 1.343515004508934575e-38
7.119174600403985892e-03 4.965517241379310320e+01 1.755469440015073304e-38
1.134003024365157902e-02 4.965517241379310320e+01 2.333410194461180429e-38
1.806337014401007690e-02 4.965517241379310320e+01 3.141129371476638082e-38
2.877288101962317823e-02 4.965517241379310320e+01 4.310056399983206858e-38
4.583190598261207421e-02 4.965517241379310320e+01 6.046089717379030987e-38
7.300498009102399100e-02 4.965517241379310320e+01 8.850662546531889229e-38
1.162885767856308566e-01 4.965517241379310320e+01 1.378995471859264834e-37
1.852343918725382621e-01 4.965517241379310320e+01 2.427619014126849794e-37
2.950571834380621983e-01 4.965517241379310320e+01 5.407326435615558846e-37
4.699923195596870107e-01 4.965517241379310320e+01 6.757385756988393904e-36
7.486439674886415929e-01 4.965517241379310320e+01 0.000000000000000000e+00
9.999999999999999547e-08 5.586206896551724554e+01 6.005553879914295294e-41
1.592885535214725096e-07 5.586206896551724554e+01 7.578679511289901886e-41
2.537284328296300856e-07 5.586206896551724554e+01 9.556102534480821661e-41
4.041603505270179570e-07 5.586206896551724554e+01 1.209169732889444266e-40
6.437811762617998739e-07 5.586206896551724554e+01 1.528527611112816214e-40
1.025469723510942276e-06 5.586206896551724554e+01 1.925753738269115155e-40
1.633455889381223358e-06 5.586206896551724554e+01 2.434629130230956422e-40
2.601908258606654861e-06 5.586206896551724554e+01 3.070319067332470379e-40
4.144542029090266371e-06 5.586206896551724554e+01 3.880852880343886828e-40
6.601781048227371505e-06 5.586206896551724554e+01 4.887321479151449298e-40
1.051588153837608446e-05 5.586206896551724554e+01 6.194133624159517102e-40
1.675059559251080012e-05 5.586206896551724554e+01 7.802142316234926463e-40
2.668178142554203833e-05 5.586206896551724554e+01 9.887722222078276974e-40
4.250102368650674752e-05 5.586206896551724554e+01 1.251428936829789649e-39
6.769926586205501733e-05 5.586206896551724554e+01 1.582436803652298788e-39
1.078371813363233488e-04 5.586206896551724554e+01 2.004050031219530601e-39
1.717722863089567891e-04 5.586206896551724554e+01 2.543647678448371416e-39
2.736135902122996313e-04 5.586206896551724554e+01 3.229025469413562419e-39
4.358351300873408870e-04 5.586206896551724554e+01 4.107597307668402909e-39
6.942354744545533056e-04 5.586206896551724554e+01 5.229905793494863837e-39
1.105837645291589616e-03 5.586206896551724554e+01 6.692522278750627571e-39
1.761472789480881531e-03 5.586206896551724554e+01 8.585214570606161997e-39
2.805824527038428690e-03 5.586206896551724554e+01 1.107464830803127259e-38
4.469357303470210090e-03 5.586206896551724554e+01 1.429974850374950331e-38
7.119174600403985892e-03 5.586206896551724554e+01 1.861653077849675531e-38
1.134003024365157902e-02 5.586206896551724554e+01 2.456116789084359905e-38
1.806337014401007690e-02 5.586206896551724554e+01 3.269432175168432990e-38
2.877288101962317823e-02 5.586206896551724554e+01 4.420925819754115297e-38
4.583190598261207421e-02 5.586206896551724554e+01 6.116844709694533087e-38
7.300498009102399100e-02 5.586206896551724554e+01 8.786583721918668587e-38
1.162885767856308566e-01 5.586206896551724554e+01 1.345234576070126069e-37
1.852343918725382621e-01 5.586206896551724554e+01 2.318955219591583929e-37
2.950571834380621983e-01 5.586206896551724554e+01 5.178696323967574661e-37
4.699923195596870107e-01 5.586206896551724554e+01 8.564773858531317460e-36
7.486439674886415929e-01 5.586206896551724554e+01 0.000000000000000000e+00
9.999999999999999547e-08 6.206896551724138078e+01 6.406873040984242043e-41
1.592885535214725096e-07 6.206896551724138078e+01 8.113372902109748261e-41
2.537284328296300856e-07 6.206896551724138078e+01 1.021759685286640368e-40
4.041603505270179570e-07 6.206896551724138078e+01 1.291630953280109480e-40
6.437811762617998739e-07 6.206896551724138078e+01 1.631313473956284377e-40
1.025469723510942276e-06 6.206896551724138078e+01 2.056734014972300136e-40
1.633455889381223358e-06 6.206896551724138078e+01 2.599440639169422681e-40
2.601908258606654861e-06 6.206896551724138078e+01 3.278956303792637070e-40
4.144542029090266371e-06 6.206896551724138078e+01 4.136017172057230792e-40
6.601781048227371505e-06 6.206896551724138078e+01 5.241931388685260066e-40
1.051588153837608446e-05 6.206896551724138078e+01 6.603734661324740941e-40
1.675059559251080012e-05 6.206896551724138078e+01 8.359763492425451974e-40
2.668178142554203833e-05 6.206896551724138078e+01 1.053261999272844161e-39
4.250102368650674752e-05 6.206896551724138078e+01 1.332866912789545143e-39
6.769926586205501733e-05 6.206896551724138078e+01 1.685824819426584479e-39
1.078371813363233488e-04 6.206896551724138078e+01 2.133256101230129068e-39
1.717722863089567891e-04 6.206896551724138078e+01 2.706639884803892924e-39
2.736135902122996313e-04 6.206896551724138078e+01 3.434824103576642760e-39
4.358351300873408870e-04 6.206896551724138078e+01 4.355640591420862694e-39
6.942354744545533056e-04 6.206896551724138078e+01 5.544439368505399190e-39
1.105837645291589616e-03 6.206896551724138078e+01 7.065384655189655004e-39
1.761472789480881531e-03 6.206896551724138078e+01 9.062678031491970323e-39
2.805824527038428690e-03 6.206896551724138078e+01 1.156233825091861353e-38
4.469357303470210090e-03 6.206896551724138078e+01 1.497518256313337673e-38
7.119174600403985892e-03 6.206896551724138078e+01 1.937010698007128437e-38
1.134003024365157902e-02 6.206896551724138078e+01 2.528015780412725835e-38
1.806337014401007690e-02 6.206896551724138078e+01 3.337542996732227426e-38
2.877288101962317823e-02 6.206896551724138078e+01 4.467948274175872753e-38
4.583190598261207421e-02 6.206896551724138078e+01 6.082883357243721750e-38
7.300498009102399100e-02 6.206896551724138078e+01 8.612366343535983889e-38
1.162885767856308566e-01 6.206896551724138078e+01 1.294623786610544738e-37
1.852343918725382621e-01 6.206896551724138078e+01 2.202314042923388820e-37
2.950571834380621983e-01 6.206896551724138078e+01 5.125937103951823425e-37
4.699923195596870107e-01 6.206896551724138078e+01 7.122242586315462839e-36
7.486439674886415929e-01 6.206896551724138078e+01 0.000000000000000000e+00
9.999999999999999547e-08 6.827586206896552312e+01 6.743284518223444596e-41
1.592885535214725096e-07 6.827586206896552312e+01 8.526051207924716295e-41
2.537284328296300856e-07 6.827586206896552312e+01 1.074041501150564967e-40
4.041603505270179570e-07 6.827586206896552312e+01 1.355669117673595499e-40
6.437811762617998739e-07 6.827586206896552312e+01 1.709167882465717860e-40
1.025469723510942276e-06 6.827586206896552312e+01 2.157021863407440603e-40
1.633455889381223358e-06 6.827586206896552312e+01 2.731133599484329475e-40
2.601908258606654861e-06 6.827586206896552312e+01 3.439831354112977292e-40
4.144542029090266371e-06 6.827586206896552312e+01 4.352430697464228021e-40
6.601781048227371505e-06 6.827586206896552312e+01 5.486327286562102542e-40
1.051588153837608446e-05 6.827586206896552312e+01 6.932108661796313838e-40
1.675059559251080012e-05 6.827586206896552312e+01 8.762315151873761040e-40
2.668178142554203833e-05 6.827586206896552312e+01 1.108686363611711118e-39
4.250102368650674752e-05 6.827586206896552312e+01 1.397457997809339099e-39
6.769926586205501733e-05 6.827586206896552312e+01 1.769759136315353180e-39
1.078371813363233488e-04 6.827586206896552312e+01 2.238350082426971437e-39
1.717722863089567891e-04 6.827586206896552312e+01 2.830568002257908499e-39
2.736135902122996313e-04 6.827586206896552312e+01 3.583488994649554285e-39
4.358351300873408870e-04 6.827586206896552312e+01 4.552644996527359826e-39
6.942354744545533056e-04 6.827586206896552312e+01 5.789130431760182127e-39
1.105837645291589616e-03 6.827586206896552312e+01 7.363223837147677779e-39
1.761472789480881531e-03 6.827586206896552312e+01 9.375649206606272937e-39
2.805824527038428690e-03 6.827586206896552312e+01 1.197316350275282310e-38
4.469357303470210090e-03 6.827586206896552312e+01 1.539150310743097428e-38
7.119174600403985892e-03 6.827586206896552312e+01 1.980215945845467110e-38
1.134003024365157902e-02 6.827586206896552312e+01 2.570547750791512870e-38
1.806337014401007690e-02 6.827586206896552312e+01 3.357810214759602854e-38
2.877288101962317823e-02 6.827586206896552312e+01 4.445872094210844155e-38
4.583190598261207421e-02 6.827586206896552312e+01 5.984723405633053838e-38
7.300498009102399100e-02 6.827586206896552312e+01 8.342348918963248806e-38
1.162885767856308566e-01 6.827586206896552312e+01 1.237283102898334064e-37
1.852343918725382621e-01 6.827586206896552312e+01 2.079313252458221798e-37
2.950571834380621983e-01 6.827586206896552312e+01 5.729057890669904203e-37
4.699923195596870107e-01 6.827586206896552312e+01 4.613726608141479750e-36
7.486439674886415929e-01 6.827586206896552312e+01 0.000000000000000000e+00
9.999999999999999547e-08 7.448275862068965125e+01 6.992505888755516702e-41
1.592885535214725096e-07 7.448275862068965125e+01 8.848764536018688595e-41
2.537284328296300856e-07 7.448275862068965125e+01 1.115865283763532598e-40
4.041603505270179570e-07 7.448275862068965125e+01 1.404663498458893371e-40
6.437811762617998739e-07 7.448275862068965125e+01 1.780094338667680084e-40
1.025469723510942276e-06 7.448275862068965125e+01 2.244274536811488573e-40
1.633455889381223358e-06 7.448275862068965125e+01 2.826093553114643293e-40
2.601908258606654861e-06 7.448275862068965125e+01 3.565022121306066046e-40
4.144542029090266371e-06 7.448275862068965125e+01 4.509155758396489211e-40
6.601781048227371505e-06 7.448275862068965125e+01 5.684173678867997614e-40
1.051588153837608446e-05 7.448275862068965125e+01 7.194624988294646608e-40
1.675059559251080012e-05 7.448275862068965125e+01 9.090849481695727950e-40
2.668178142554203833e-05 7.448275862068965125e+01 1.149094469192598206e-39
4.250102368650674752e-05 7.448275862068965125e+01 1.448388251785604544e-39
6.769926586205501733e-05 7.448275862068965125e+01 1.832162311163160754e-39
1.078371813363233488e-04 7.448275862068965125e+01 2.312044654387531395e-39
1.717722863089567891e-04 7.448275862068965125e+01 2.926138949659301707e-39
2.736135902122996313e-04 7.448275862068965125e+01 3.699682117839506061e-39
4.358351300873408870e-04 7.448275862068965125e+01 4.699591589885665836e-39
6.942354744545533056e-04 7.448275862068965125e+01 5.949924974433511406e-39
1.105837645291589616e-03 7.448275862068965125e+01 7.558567996728854550e-39
1.761472789480881531e-03 7.448275862068965125e+01 9.596825904459316974e-39
2.805824527038428690e-03 7.448275862068965125e+01 1.220499772080472120e-38
4.469357303470210090e-03 7.448275862068965125e+01 1.563194579847207927e-38
7.119174600403985892e-03 7.448275862068965125e+01 2.004984882847014569e-38
1.134003024365157902e-02 7.448275862068965125e+01 2.577867034564770124e-38
1.806337014401007690e-02 7.448275862068965125e+01 3.333431316260613041e-38
2.877288101962317823e-02 7.448275862068965125e+01 4.367913904795522743e-38
4.583190598261207421e-02 7.448275862068965125e+01 5.803453847897249980e-38
7.300498009102399100e-02 7.448275862068965125e+01 8.013353166961479558e-38
1.162885767856308566e-01 7.448275862068965125e+01 1.171147746988496354e-37
1.852343918725382621e-01 7.448275862068965125e+01 1.968906839118172693e-37
2.950571834380621983e-01 7.448275862068965125e+01 7.239072166870934963e-37
4.699923195596870107e-01 7.448275862068965125e+01 2.629421495844722105e-36
7.486439674886415929e-01 7.448275862068965125e+01 0.000000000000000000e+00
9.999999999999999547e-08 8.068965517241380780e+01 7.157553624244603023e-41
1.592885535214725096e-07 8.068965517241380780e+01 9.044122130773186321e-41
2.537284328296300856e-07 8.068965517241380780e+01 1.138800364529352164e-40
4.041603505270179570e-07 8.068965517241380780e+01 1.435529051830294283e-40
6.437811762617998739e-07 8.068965517241380780e+01 1.813005043104540663e-40
1.025469723510942276e-06 8.068965517241380780e+01 2.294774394501977911e-40
1.633455889381223358e-06 8.068965517241380780e+01 2.895944481883274478e-40
2.601908258606654861e-06 8.068965517241380780e+01 3.646560473140448856e-40
4.144542029090266371e-06 8.068965517241380780e+01 4.618478956820868156e-40
6.601781048227371505e-06 8.068965517241380780e+01 5.831512165220314337e-40
1.051588153837608446e-05 8.068965517241380780e+01 7.362105126434201692e-40
1.675059559251080012e-05 8.068965517241380780e+01 9.273022023652324004e-40
2.668178142554203833e-05 8.068965517241380780e+01 1.170708726157637045e-39
4.250102368650674752e-05 8.068965517241380780e+01 1.478942770788411190e-39
6.769926586205501733e-05 8.068965517241380780e+01 1.869348176164862928e-39
1.078371813363233488e-04 8.068965517241380780e+01 2.368925529169874633e-39
1.717722863089567891e-04 8.068965517241380780e+01 2.983539160820139602e-39
2.736135902122996313e-04 8.068965517241380780e+01 3.782256558485380771e-39
4.358351300873408870e-04 8.068965517241380780e+01 4.772324545243852617e-39
6.942354744545533056e-04 8.068965517241380780e+01 6.048138005656643338e-39
1.105837645291589616e-03 8.068965517241380780e+01 7.658127187361131891e-39
1.761472789480881531e-03 8.068965517241380780e+01 9.704992725860466079e-39
2.805824527038428690e-03 8.068965517241380780e+01 1.231539163305801960e-38
4.469357303470210090e-03 8.068965517241380780e+01 1.561168740183829952e-38
7.119174600403985892e-03 8.068965517241380780e+01 1.998749508675386990e-38
1.134003024365157902e-02 8.068965517241380780e+01 2.553245891893442789e-38
1.806337014401007690e-02 8.068965517241380780e+01 3.276989633796196749e-38
2.877288101962317823e-02 8.068965517241380780e+01 4.242467462211603626e-38
4.583190598261207421e-02 8.068965517241380780e+01 5.593837584915125795e-38
7.300498009102399100e-02 8.068965517241380780e+01 7.599537138525756403e-38
1.162885767856308566e-01 8.068965517241380780e+01 1.107639573848207789e-37
1.852343918725382621e-01 8.068965517241380780e+01 1.864878916768593978e-37
2.950571834380621983e-01 8.068965517241380780e+01 1.030054709140127037e-36
4.699923195596870107e-01 8.068965517241380780e+01 1.198754467063049389e-36
7.486439674886415929e-01 8.068965517241380780e+01 0.000000000000000000e+00
9.999999999999999547e-08 8.689655172413793593e+01 7.242929203892129590e-41
1.592885535214725096e-07 8.689655172413793593e+01 9.145334085526920145e-41
2.537284328296300856e-07 8.689655172413793593e+01 1.153424081542139921e-40
4.041603505270179570e-07 8.689655172413793593e+01 1.455137157861810040e-40
6.437811762617998739e-07 8.689655172413793593e+01 1.837164934850549778e-40
1.025469723510942276e-06 8.689655172413793593e+01 2.320635033592034862e-40
1.633455889381223358e-06 8.689655172413793593e+01 2.922073106325285426e-40
2.601908258606654861e-06 8.689655172413793593e+01 3.692354399145357522e-40
4.144542029090266371e-06 8.689655172413793593e+01 4.657647914002530027e-40
6.601781048227371505e-06 8.689655172413793593e+01 5.894862741437179994e-40
1.051588153837608446e-05 8.689655172413793593e+01 7.442637531718862676e-40
1.675059559251080012e-05 8.689655172413793593e+01 9.365800542407439999e-40
2.668178142554203833e-05 8.689655172413793593e+01 1.185432385547685545e-39
4.250102368650674752e-05 8.689655172413793593e+01 1.496264067544639389e-39
6.769926586205501733e-05 8.689655172413793593e+01 1.885125495258495393e-39
1.078371813363233488e-04 8.689655172413793593e+01 2.383910783614890464e-39
1.717722863089567891e-04 8.689655172413793593e+01 3.011842063618109788e-39
2.736135902122996313e-04 8.689655172413793593e+01 3.802527859378142460e-39
4.358351300873408870e-04 8.689655172413793593e+01 4.812842084935229020e-39
6.942354744545533056e-04 8.689655172413793593e+01 6.069545311111039409e-39
1.105837645291589616e-03 8.689655172413793593e+01 7.664201252613122468e-39
1.761472789480881531e-03 8.689655172413793593e+01 9.655900379677720591e-39
2.805824527038428690e-03 8.689655172413793593e+01 1.223801258703954287e-38
4.469357303470210090e-03 8.689655172413793593e+01 1.552753490426737068e-38
7.119174600403985892e-03 8.689655172413793593e+01 1.963221240987608356e-38
1.134003024365157902e-02 8.689655172413793593e+01 2.498951976840934706e-38
1.806337014401007690e-02 8.689655172413793593e+01 3.180680339216045700e-38
2.877288101962317823e-02 8.689655172413793593e+01 4.089194450435402171e-38
4.583190598261207421e-02 8.689655172413793593e+01 5.333285415865548281e-38
7.300498009102399100e-02 8.689655172413793593e+01 7.203043938499744350e-38
1.162885767856308566e-01 8.689655172413793593e+01 1.038316366370631465e-37
1.852343918725382621e-01 8.689655172413793593e+01 1.785191836013917560e-37
2.950571834380621983e-01 8.689655172413793593e+01 1.407629713416799411e-36
4.699923195596870107e-01 8.689655172413793593e+01 4.054313910040377695e-37
7.486439674886415929e-01 8.689655172413793593e+01 0.000000000000000000e+00
9.999999999999999547e-08 9.310344827586206407e+01 7.239272256958375755e-41
1.592885535214725096e-07 9.310344827586206407e+01 9.145170050425534653e-41
2.537284328296300856e-07 9.310344827586206407e+01 1.153566589199090658e-40
4.041603505270179570e-07 9.310344827586206407e+01 1.457663859885459751e-40
6.437811762617998739e-07 9.310344827586206407e+01 1.834622345662565119e-40
1.025469723510942276e-06 9.310344827586206407e+01 2.315445346954078931e-40
1.633455889381223358e-06 9.310344827586206407e+01 2.922211187537101179e-40
2.601908258606654861e-06 9.310344827586206407e+01 3.693379524804271254e-40
4.144542029090266371e-06 9.310344827586206407e+01 4.670798700455901454e-40
6.601781048227371505e-06 9.310344827586206407e+01 5.887570338255383889e-40
1.051588153837608446e-05 9.310344827586206407e+01 7.442999731678797877e-40
1.675059559251080012e-05 9.310344827586206407e+01 9.367269001693914318e-40
2.668178142554203833e-05 9.310344827586206407e+01 1.179868041703227344e-39
4.250102368650674752e-05 9.310344827586206407e+01 1.491866864638164365e-39
6.769926586205501733e-05 9.310344827586206407e+01 1.879636054720251311e-39
1.078371813363233488e-04 9.310344827586206407e+01 2.378094459337148220e-39
1.717722863089567891e-04 9.310344827586206407e+01 2.993148766629958239e-39
2.736135902122996313e-04 9.310344827586206407e+01 3.773192576073627325e-39
4.358351300873408870e-04 9.310344827586206407e+01 4.771402017558674366e-39
6.942354744545533056e-04 9.310344827586206407e+01 6.019077192073945039e-39
1.105837645291589616e-03 9.310344827586206407e+01 7.576212570176441719e-39
1.761472789480881531e-03 9.310344827586206407e+01 9.561972163879762312e-39
2.805824527038428690e-03 9.310344827586206407e+01 1.203414606759789657e-38
4.469357303470210090e-03 9.310344827586206407e+01 1.517125405754983153e-38
7.119174600403985892e-03 9.310344827586206407e+01 1.915333247489583350e-38
1.134003024365157902e-02 9.310344827586206407e+01 2.415307253373902517e-38
1.806337014401007690e-02 9.310344827586206407e+01 3.056304296342982220e-38
2.877288101962317823e-02 9.310344827586206407e+01 3.894100845178444999e-38
4.583190598261207421e-02 9.310344827586206407e+01 5.053493653669905329e-38
7.300498009102399100e-02 9.310344827586206407e+01 6.760721406731665568e-38
1.162885767856308566e-01 9.310344827586206407e+01 9.730878811583951008e-38
1.852343918725382621e-01 9.310344827586206407e+01 1.748160862027156951e-37
2.950571834380621983e-01 9.310344827586206407e+01 1.635554927933151760e-36
4.699923195596870107e-01 9.310344827586206407e+01 1.028987000941802480e-37
7.486439674886415929e-01 9.310344827586206407e+01 0.000000000000000000e+00
9.999999999999999547e-08 9.931034482758620641e+01 7.153322754212587522e-41
1.592885535214725096e-07 9.931034482758620641e+01 9.034977456702358452e-41
2.537284328296300856e-07 9.931034482758620641e+01 1.138102556799643884e-40
4.041603505270179570e-07 9.931034482758620641e+01 1.436196286564509887e-40
6.437811762617998739e-07 9.931034482758620641e+01 1.814804486854030715e-40
1.025469723510942276e-06 9.931034482758620641e+01 2.294967623588141065e-40
1.633455889381223358e-06 9.931034482758620641e+01 2.895154802768316842e-40
2.601908258606654861e-06 9.931034482758620641e+01 3.647218932714216504e-40
4.144542029090266371e-06 9.931034482758620641e+01 4.601630785039658532e-40
6.601781048227371505e-06 9.931034482758620641e+01 5.824766145249186919e-40
1.051588153837608446e-05 9.931034482758620641e+01 7.333150291690410476e-40
1.675059559251080012e-05 9.931034482758620641e+01 9.227943921996219103e-40
2.668178142554203833e-05 9.931034482758620641e+01 1.168140358710573330e-39
4.250102368650674752e-05 9.931034482758620641e+01 1.472563313404817044e-39
6.769926586205501733e-05 9.931034482758620641e+01 1.857221503914048319e-39
1.078371813363233488e-04 9.931034482758620641e+01 2.341509295788000916e-39
1.717722863089567891e-04 9.931034482758620641e+01 2.947546188619945736e-39
2.736135902122996313e-04 9.931034482758620641e+01 3.712931285436864742e-39
4.358351300873408870e-04 9.931034482758620641e+01 4.685864906920343002e-39
6.942354744545533056e-04 9.931034482758620641e+01 5.892103006631855943e-39
1.105837645291589616e-03 9.931034482758620641e+01 7.402176926131112572e-39
1.761472789480881531e-03 9.931034482758620641e+01 9.319501787784005712e-39
2.805824527038428690e-03 9.931034482758620641e+01 1.170295416929540452e-38
4.469357303470210090e-03 9.931034482758620641e+01 1.467648572224207226e-38
7.119174600403985892e-03 9.931034482758620641e+01 1.843668891341491309e-38
1.134003024365157902e-02 9.931034482758620641e+01 2.316568555585115959e-38
1.806337014401007690e-02 9.931034482758620641e+01 2.911508613824089518e-38
2.877288101962317823e-02 9.931034482758620641e+01 3.687548637156069714e-38
4.583190598261207421e-02 9.931034482758620641e+01 4.739215534515374623e-38
7.300498009102399100e-02 9.931034482758620641e+01 6.308798569248154294e-38
1.162885767856308566e-01 9.931034482758620641e+01 9.068097308550051098e-38
1.852343918725382621e-01 9.931034482758620641e+01 1.799603596492756133e-37
2.950571834380621983e-01 9.931034482758620641e+01 1.578521048140722182e-36
4.699923195596870107e-01 9.931034482758620641e+01 2.053780481734921567e-38
7.486439674886415929e-01 9.931034482758620641e+01 0.000000000000000000e+00
9.999999999999999547e-08 1.055172413793103630e+02 6.988087116469419774e-41
1.592885535214725096e-07 1.055172413793103630e+02 8.824358646230385345e-41
2.537284328296300856e-07 1.055172413793103630e+02 1.111333967487794361e-40
4.041603505270179570e-07 1.055172413793103630e+02 1.404209231843533780e-40
6.437811762617998739e-07 1.055172413793103630e+02 1.776146629007527192e-40
1.025469723510942276e-06 1.055172413793103630e+02 2.236578313078539943e-40
1.633455889381223358e-06 1.055172413793103630e+02 2.824900414981997814e-40
2.601908258606654861e-06 1.055172413793103630e+02 3.552840171017287042e-40
4.144542029090266371e-06 1.055172413793103630e+02 4.499747861162843718e-40
6.601781048227371505e-06 1.055172413793103630e+02 5.669575741937222886e-40
1.051588153837608446e-05 1.055172413793103630e+02 7.156925053717244153e-40
1.675059559251080012e-05 1.055172413793103630e+02 9.001390067088284401e-40
2.668178142554203833e-05 1.055172413793103630e+02 1.137327587892541412e-39
4.250102368650674752e-05 1.055172413793103630e+02 1.433575965525554348e-39
6.769926586205501733e-05 1.055172413793103630e+02 1.807898184197107096e-39
1.078371813363233488e-04 1.055172413793103630e+02 2.272378853711013716e-39
1.717722863089567891e-04 1.055172413793103630e+02 2.865887539807171256e-39
2.736135902122996313e-04 1.055172413793103630e+02 3.608817953147530036e-39
4.358351300873408870e-04 1.055172413793103630e+02 4.529879435141565154e-39
6.942354744545533056e-04 1.055172413793103630e+02 5.702657020174570181e-39
1.105837645291589616e-03 1.055172413793103630e+02 7.168041727652735963e-39
1.761472789480881531e-03 1.055172413793103630e+02 8.995510742581302046e-39
2.805824527038428690e-03 1.055172413793103630e+02 1.123411397642013749e-38
4.469357303470210090e-03 1.055172413793103630e+02 1.408572603636558105e-38
7.119174600403985892e-03 1.055172413793103630e+02 1.754504561831555117e-38
1.134003024365157902e-02 1.055172413793103630e+02 2.194004265073137995e-38
1.806337014401007690e-02 1.055172413793103630e+02 2.743880577321520674e-38
2.877288101962317823e-02 1.055172413793103630e+02 3.451525958793856280e-38
4.583190598261207421e-02 1.055172413793103630e+02 4.409593091282170565e-38
7.300498009102399100e-02 1.055172413793103630e+02 5.857971135476717186e-38
1.162885767856308566e-01 1.055172413793103630e+02 8.400477967684673929e-38
1.852343918725382621e-01 1.055172413793103630e+02 1.945678118261300542e-37
2.950571834380621983e-01 1.055172413793103630e+02 1.329437001608134278e-36
4.699923195596870107e-01 1.055172413793103630e+02 5.147583768362284152e-39
7.486439674886415929e-01 1.055172413793103630e+02 0.000000000000000000e+00
9.999999999999999547e-08 1.117241379310344911e+02 6.738650084468267749e-41
1.592885535214725096e-07 1.117241379310344911e+02 8.488161215590008235e-41
2.537284328296300856e-07 1.117241379310344911e+02 1.075375129607422443e-40
4.041603505270179570e-07 1.117241379310344911e+02 1.352981040521790877e-40
6.437811762617998739e-07 1.117241379310344911e+02 1.712142019098434245e-40
1.025469723510942276e-06 1.117241379310344911e+02 2.155045141454282665e-40
1.633455889381223358e-06 1.117241379310344911e+02 2.723379536149803658e-40
2.601908258606654861e-06 1.117241379310344911e+02 3.425271162761079056e-40
4.144542029090266371e-06 1.117241379310344911e+02 4.327535420572840816e-40
6.601781048227371505e-06 1.117241379310344911e+02 5.456624664976164954e-40
1.051588153837608446e-05 1.117241379310344911e+02 6.873669748220686306e-40
1.675059559251080012e-05 1.117241379310344911e+02 8.680001665689967207e-40
2.668178142554203833e-05 1.117241379310344911e+02 1.093667163892392332e-39
4.250102368650674752e-05 1.117241379310344911e+02 1.381896686606800047e-39
6.769926586205501733e-05 1.117241379310344911e+02 1.738796820296148598e-39
1.078371813363233488e-04 1.117241379310344911e+02 2.185624637994035518e-39
1.717722863089567891e-04 1.117241379310344911e+02 2.753588833687857329e-39
2.736135902122996313e-04 1.117241379310344911e+02 3.471252214411595862e-39
4.358351300873408870e-04 1.117241379310344911e+02 4.355898518033640088e-39
6.942354744545533056e-04 1.117241379310344911e+02 5.455562033531148560e-39
1.105837645291589616e-03 1.117241379310344911e+02 6.837759272097431638e-39
1.761472789480881531e-03 1.117241379310344911e+02 8.537284594205374581e-39
2.805824527038428690e-03 1.117241379310344911e+02 1.067842528213165731e-38
4.469357303470210090e-03 1.117241379310344911e+02 1.333105864792121277e-38
7.119174600403985892e-03 1.117241379310344911e+02 1.656730628698987409e-38
1.134003024365157902e-02 1.117241379310344911e+02 2.057540598826823679e-38
1.806337014401007690e-02 1.117241379310344911e+02 2.557396365838777045e-38
2.877288101962317823e-02 1.117241379310344911e+02 3.201714179084324229e-38
4.583190598261207421e-02 1.117241379310344911e+02 4.078898874295867843e-38
7.300498009102399100e-02 1.117241379310344911e+02 5.386555777890895896e-38
1.162885767856308566e-01 1.117241379310344911e+02 7.777886946029809621e-38
1.852343918725382621e-01 1.117241379310344911e+02 2.136089171421909251e-37
2.950571834380621983e-01 1.117241379310344911e+02 1.037930817750797743e-36
4.699923195596870107e-01 1.117241379310344911e+02 1.649618680037385338e-39
7.486439674886415929e-01 1.117241379310344911e+02 0.000000000000000000e+00
9.999999999999999547e-08 1.179310344827586192e+02 6.410979813042370426e-41
1.592885535214725096e-07 1.179310344827586192e+02 8.084072294943494579e-41
2.537284328296300856e-07 1.179310344827586192e+02 1.017554969196076047e-40
4.041603505270179570e-07 1.179310344827586192e+02 1.286168200031036696e-40
6.437811762617998739e-07 1.179310344827586192e+02 1.623761050390069951e-40
1.025469723510942276e-06 1.179310344827586192e+02 2.047892314033579332e-40
1.633455889381223358e-06 1.179310344827586192e+02 2.586330403034615239e-40
2.601908258606654861e-06 1.179310344827586192e+02 3.264027374650380753e-40
4.144542029090266371e-06 1.179310344827586192e+02 4.113152975017138005e-40
6.601781048227371505e-06 1.179310344827586192e+02 5.181168120259829925e-40
1.051588153837608446e-05 1.179310344827586192e+02 6.541880829833652910e-40
1.675059559251080012e-05 1.179310344827586192e+02 8.232040321927455987e-40
2.668178142554203833e-05 1.179310344827586192e+02 1.038729171336576440e-39
4.250102368650674752e-05 1.179310344827586192e+02 1.306816505868667910e-39
6.769926586205501733e-05 1.179310344827586192e+02 1.649678294086069539e-39
1.078371813363233488e-04 1.179310344827586192e+02 2.075276904090039212e-39
1.717722863089567891e-04 1.179310344827586192e+02 2.610086088746780324e-39
2.736135902122996313e-04 1.179310344827586192e+02 3.273409451276007124e-39
4.358351300873408870e-04 1.179310344827586192e+02 4.107775386814832140e-39
6.942354744545533056e-04 1.179310344827586192e+02 5.152409410030596303e-39
1.105837645291589616e-03 1.179310344827586192e+02 6.450575343754615221e-39
1.761472789480881531e-03 1.179310344827586192e+02 8.057668879185022811e-39
2.805824527038428690e-03 1.179310344827586192e+02 1.001680326451719635e-38
4.469357303470210090e-03 1.179310344827586192e+02 1.243462136596303041e-38
7.119174600403985892e-03 1.179310344827586192e+02 1.542266784768494383e-38
1.134003024365157902e-02 1.179310344827586192e+02 1.906442777359945361e-38
1.806337014401007690e-02 1.179310344827586192e+02 2.359956987209860551e-38
2.877288101962317823e-02 1.179310344827586192e+02 2.933066068481461271e-38
4.583190598261207421e-02 1.179310344827586192e+02 3.726393569827423136e-38
7.300498009102399100e-02 1.179310344827586192e+02 4.911221876784518731e-38
1.162885767856308566e-01 1.179310344827586192e+02 7.141073595210665564e-38
1.852343918725382621e-01 1.179310344827586192e+02 2.410539833298051631e-37
2.950571834380621983e-01 1.179310344827586192e+02 7.761695670360358946e-37
4.699923195596870107e-01 1.179310344827586192e+02 6.591692312457157832e-40
7.486439674886415929e-01 1.179310344827586192e+02 0.000000000000000000e+00
9.999999999999999547e-08 1.241379310344827616e+02 6.000500631151394686e-41
1.592885535214725096e-07 1.241379310344827616e+02 7.571307759700419278e-41
2.537284328296300856e-07 1.241379310344827616e+02 9.569086838983396370e-41
4.041603505270179570e-07 1.241379310344827616e+02 1.207239193744866279e-40
6.437811762617998739e-07 1.241379310344827616e+02 1.521249159799092173e-40
1.025469723510942276e-06 1.241379310344827616e+02 1.917341582051351540e-40
1.633455889381223358e-06 1.241379310344827616e+02 2.419828557550147446e-40
2.601908258606654861e-06 1.241379310344827616e+02 3.053747108260769818e-40
4.144542029090266371e-06 1.241379310344827616e+02 3.845759593165441360e-40
6.601781048227371505e-06 1.241379310344827616e+02 4.850483636486374545e-40
1.051588153837608446e-05 1.241379310344827616e+02 6.123399092556344862e-40
1.675059559251080012e-05 1.241379310344827616e+02 7.705089526897333630e-40
2.668178142554203833e-05 1.241379310344827616e+02 9.741784317867631444e-40
4.250102368650674752e-05 1.241379310344827616e+02 1.224314703593412441e-39
6.769926586205501733e-05 1.241379310344827616e+02 1.539031939059937095e-39
1.078371813363233488e-04 1.241379310344827616e+02 1.939258074379112085e-39
1.717722863089567891e-04 1.241379310344827616e+02 2.435572551333197266e-39
2.736135902122996313e-04 1.241379310344827616e+02 3.053743308318936245e-39
4.358351300873408870e-04 1.241379310344827616e+02 3.828289365599284479e-39
6.942354744545533056e-04 1.241379310344827616e+02 4.789985249209157334e-39
1.105837645291589616e-03 1.241379310344827616e+02 5.980753728506020958e-39
1.761472789480881531e-03 1.241379310344827616e+02 7.449765063332002542e-39
2.805824527038428690e-03 1.241379310344827616e+02 9.261533048283490419e-39
4.469357303470210090e-03 1.241379310344827616e+02 1.148047215132934291e-38
7.119174600403985892e-03 1.241379310344827616e+02 1.415233330312353945e-38
1.134003024365157902e-02 1.241379310344827616e+02 1.747652238622898569e-38
1.806337014401007690e-02 1.241379310344827616e+02 2.154335779721328162e-38
2.877288101962317823e-02 1.241379310344827616e+02 2.667518898898333307e-38
4.583190598261207421e-02 1.241379310344827616e+02 3.367771102528344666e-38
7.300498009102399100e-02 1.241379310344827616e+02 4.427855004564942802e-38
1.162885767856308566e-01 1.241379310344827616e+02 6.575451456942023495e-38
1.852343918725382621e-01 1.241379310344827616e+02 2.693367708695925986e-37
2.950571834380621983e-01 1.241379310344827616e+02 5.686617892785803086e-37
4.699923195596870107e-01 1.241379310344827616e+02 2.927735223767280386e-40
7.486439674886415929e-01 1.241379310344827616e+02 0.000000000000000000e+00
9.999999999999999547e-08 1.303448275862068897e+02 5.525079494291589977e-41
1.592885535214725096e-07 1.303448275862068897e+02 6.982739265826940918e-41
2.537284328296300856e-07 1.303448275862068897e+02 8.803011319070570275e-41
4.041603505270179570e-07 1.303448275862068897e+02 1.109466495004851497e-40
6.437811762617998739e-07 1.303448275862068897e+02 1.402133944208017909e-40
1.025469723510942276e-06 1.303448275862068897e+02 1.764857963048972048e-40
1.633455889381223358e-06 1.303448275862068897e+02 2.227543359736743115e-40
2.601908258606654861e-06 1.303448275862068897e+02 2.810786834460543355e-40
4.144542029090266371e-06 1.303448275862068897e+02 3.547026732058629481e-40
6.601781048227371505e-06 1.303448275862068897e+02 4.468245841460970555e-40
1.051588153837608446e-05 1.303448275862068897e+02 5.641386140393447145e-40
1.675059559251080012e-05 1.303448275862068897e+02 7.106637394947811306e-40
2.668178142554203833e-05 1.303448275862068897e+02 8.915656485614902595e-40
4.250102368650674752e-05 1.303448275862068897e+02 1.121024915216827167e-39
6.769926586205501733e-05 1.303448275862068897e+02 1.413005561369620839e-39
1.078371813363233488e-04 1.303448275862068897e+02 1.779399609439257620e-39
1.717722863089567891e-04 1.303448275862068897e+02 2.235314539136232035e-39
2.736135902122996313e-04 1.303448275862068897e+02 2.802257465769532995e-39
4.358351300873408870e-04 1.303448275862068897e+02 3.503384797330125435e-39
6.942354744545533056e-04 1.303448275862068897e+02 4.394112794650654376e-39
1.105837645291589616e-03 1.303448275862068897e+02 5.463718890116483267e-39
1.761472789480881531e-03 1.303448275862068897e+02 6.802055079124259176e-39
2.805824527038428690e-03 1.303448275862068897e+02 8.422286149176913273e-39
4.469357303470210090e-03 1.303448275862068897e+02 1.042927443893800530e-38
7.119174600403985892e-03 1.303448275862068897e+02 1.281073739126725630e-38
1.134003024365157902e-02 1.303448275862068897e+02 1.574014696119000654e-38
1.806337014401007690e-02 1.303448275862068897e+02 1.936298775859829558e-38
2.877288101962317823e-02 1.303448275862068897e+02 2.391495617350867194e-38
4.583190598261207421e-02 1.303448275862068897e+02 3.014206720544911983e-38
7.300498009102399100e-02 1.303448275862068897e+02 3.954098002399926198e-38
1.162885767856308566e-01 1.303448275862068897e+02 5.954649211508387941e-38
1.852343918725382621e-01 1.303448275862068897e+02 2.917618815961537124e-37
2.950571834380621983e-01 1.303448275862068897e+02 4.056833440459103616e-37
4.699923195596870107e-01 1.303448275862068897e+02 1.328340433291117527e-40
7.486439674886415929e-01 1.303448275862068897e+02 0.000000000000000000e+00
9.999999999999999547e-08 1.365517241379310462e+02 4.989587036225585640e-41
1.592885535214725096e-07 1.365517241379310462e+02 6.297874812748671845e-41
2.537284328296300856e-07 1.365517241379310462e+02 7.941098451773404559e-41
4.041603505270179570e-07 1.365517241379310462e+02 1.002769954276128868e-40
6.437811762617998739e-07 1.365517241379310462e+02 1.264040291532689408e-40
1.025469723510942276e-06 1.365517241379310462e+02 1.594399195411899046e-40
1.633455889381223358e-06 1.365517241379310462e+02 2.014134642410086641e-40
2.601908258606654861e-06 1.365517241379310462e+02 2.535965300490302504e-40
4.144542029090266371e-06 1.365517241379310462e+02 3.198025054905180661e-40
6.601781048227371505e-06 1.365517241379310462e+02 4.036855224656562973e-40
1.051588153837608446e-05 1.365517241379310462e+02 5.079836616759052572e-40
1.675059559251080012e-05 1.365517241379310462e+02 6.391895017668411499e-40
2.668178142554203833e-05 1.365517241379310462e+02 8.059898479645579397e-40
4.250102368650674752e-05 1.365517241379310462e+02 1.012853658999508280e-39
6.769926586205501733e-05 1.365517241379310462e+02 1.273608666213026431e-39
1.078371813363233488e-04 1.365517241379310462e+02 1.598206330343900019e-39
1.717722863089567891e-04 1.365517241379310462e+02 2.008932526233616124e-39
2.736135902122996313e-04 1.365517241379310462e+02 2.524302457661801826e-39
4.358351300873408870e-04 1.365517241379310462e+02 3.147654494975785732e-39
6.942354744545533056e-04 1.365517241379310462e+02 3.931891891566492010e-39
1.105837645291589616e-03 1.365517241379310462e+02 4.889457253380226765e-39
1.761472789480881531e-03 1.365517241379310462e+02 6.073438304974394535e-39
2.805824527038428690e-03 1.365517241379310462e+02 7.524349167175369326e-39
4.469357303470210090e-03 1.365517241379310462e+02 9.268868504751925107e-39
7.119174600403985892e-03 1.365517241379310462e+02 1.137887570706066153e-38
1.134003024365157902e-02 1.365517241379310462e+02 1.392659418232189652e-38
1.806337014401007690e-02 1.365517241379310462e+02 1.706637059904501376e-38
2.877288101962317823e-02 1.365517241379310462e+02 2.102657105109344879e-38
4.583190598261207421e-02 1.365517241379310462e+02 2.644167744072193653e-38
7.300498009102399100e-02 1.365517241379310462e+02 3.465581887356357367e-38
1.162885767856308566e-01 1.365517241379310462e+02 5.395207956182093386e-38
1.852343918725382621e-01 1.365517241379310462e+02 3.017033413425818689e-37
2.950571834380621983e-01 1.365517241379310462e+02 2.820649519060927856e-37
4.699923195596870107e-01 1.365517241379310462e+02 6.153976048391213886e-41
7.486439674886415929e-01 1.365517241379310462e+02 0.000000000000000000e+00
9.999999999999999547e-08 1.427586206896551744e+02 4.388757388634806178e-41
1.592885535214725096e-07 1.427586206896551744e+02 5.540805016783513719e-41
2.537284328296300856e-07 1.427586206896551744e+02 6.987288316322949068e-41
4.041603505270179570e-07 1.427586206896551744e+02 8.811841657692182288e-41
6.437811762617998739e-07 1.427586206896551744e+02 1.111966780199535714e-40
1.025469723510942276e-06 1.427586206896551744e+02 1.398543487654109397e-40
1.633455889381223358e-06 1.427586206896551744e+02 1.766869129685282530e-40
2.601908258606654861e-06 1.427586206896551744e+02 2.229786264153947663e-40
4.144542029090266371e-06 1.427586206896551744e+02 2.815408231094868313e-40
6.601781048227371505e-06 1.427586206896551744e+02 3.541435699833195541e-40
1.051588153837608446e-05 1.427586206896551744e+02 4.464786379042503588e-40
1.675059559251080012e-05 1.427586206896551744e+02 5.627891023182774233e-40
2.668178142554203833e-05 1.427586206896551744e+02 7.086684061434961324e-40
4.250102368650674752e-05 1.427586206896551744e+02 8.909137385345618820e-40
6.769926586205501733e-05 1.427586206896551744e+02 1.120893311647327515e-39
1.078371813363233488e-04 1.427586206896551744e+02 1.411678501358975612e-39
1.717722863089567891e-04 1.427586206896551744e+02 1.764569722909971886e-39
2.736135902122996313e-04 1.427586206896551744e+02 2.213202209857648829e-39
4.358351300873408870e-04 1.427586206896551744e+02 2.760777825707706947e-39
6.942354744545533056e-04 1.427586206896551744e+02 3.447210988387770716e-39
1.105837645291589616e-03 1.427586206896551744e+02 4.277934914233330703e-39
1.761472789480881531e-03 1.427586206896551744e+02 5.305605721473924237e-39
2.805824527038428690e-03 1.427586206896551744e+02 6.564194828882279705e-39
4.469357303470210090e-03 1.427586206896551744e+02 8.062823974516914127e-39
7.119174600403985892e-03 1.427586206896551744e+02 9.883426582840960855e-39
1.134003024365157902e-02 1.427586206896551744e+02 1.206153313614437067e-38
1.806337014401007690e-02 1.427586206896551744e+02 1.472084160537536264e-38
2.877288101962317823e-02 1.427586206896551744e+02 1.812569020599276315e-38
4.583190598261207421e-02 1.427586206896551744e+02 2.272814819241992555e-38
7.300498009102399100e-02 1.427586206896551744e+02 2.979861507375962165e-38
1.162885767856308566e-01 1.427586206896551744e+02 4.772819121825656145e-38
1.852343918725382621e-01 1.427586206896551744e+02 2.912874243782207579e-37
2.950571834380621983e-01 1.427586206896551744e+02 1.912563084380508497e-37
4.699923195596870107e-01 1.427586206896551744e+02 2.927483814260983413e-41
7.486439674886415929e-01 1.427586206896551744e+02 0.000000000000000000e+00
9.999999999999999547e-08 1.489655172413793025e+02 3.739207946802310575e-41
1.592885535214725096e-07 1.489655172413793025e+02 4.715265214036536250e-41
2.537284328296300856e-07 1.489655172413793025e+02 5.954816486931798918e-41
4.041603505270179570e-07 1.489655172413793025e+02 7.488524466289113417e-41
6.437811762617998739e-07 1.489655172413793025e+02 9.463056387278856637e-41
1.025469723510942276e-06 1.489655172413793025e+02 1.192622278506175804e-40
1.633455889381223358e-06 1.489655172413793025e+02 1.507222542780333299e-40
2.601908258606654861e-06 1.489655172413793025e+02 1.900468719219905730e-40
4.144542029090266371e-06 1.489655172413793025e+02 2.395653200009286380e-40
6.601781048227371505e-06 1.489655172413793025e+02 3.019815661139220764e-40
1.051588153837608446e-05 1.489655172413793025e+02 3.800187305431213622e-40
1.675059559251080012e-05 1.489655172413793025e+02 4.790904859261030940e-40
2.668178142554203833e-05 1.489655172413793025e+02 6.028910712112320168e-40
4.250102368650674752e-05 1.489655172413793025e+02 7.580403329403438731e-40
6.769926586205501733e-05 1.489655172413793025e+02 9.521857466851430255e-40
1.078371813363233488e-04 1.489655172413793025e+02 1.197226889425717725e-39
1.717722863089567891e-04 1.489655172413793025e+02 1.497980656160443860e-39
2.736135902122996313e-04 1.489655172413793025e+02 1.876444229717166973e-39
4.358351300873408870e-04 1.489655172413793025e+02 2.347299487210860677e-39
6.942354744545533056e-04 1.489655172413793025e+02 2.926374809294976256e-39
1.105837645291589616e-03 1.489655172413793025e+02 3.632791112675723448e-39
1.761472789480881531e-03 1.489655172413793025e+02 4.501275602739948338e-39
2.805824527038428690e-03 1.489655172413793025e+02 5.555164356681949024e-39
4.469357303470210090e-03 1.489655172413793025e+02 6.792334391359627271e-39
7.119174600403985892e-03 1.489655172413793025e+02 8.317082980120379674e-39
1.134003024365157902e-02 1.489655172413793025e+02 1.013705093384406492e-38
1.806337014401007690e-02 1.489655172413793025e+02 1.236168782954344666e-38
2.877288101962317823e-02 1.489655172413793025e+02 1.515362783936272630e-38
4.583190598261207421e-02 1.489655172413793025e+02 1.898862930574540755e-38
7.300498009102399100e-02 1.489655172413793025e+02 2.496121755276057497e-38
1.162885767856308566e-01 1.489655172413793025e+02 4.128326773739513423e-38
1.852343918725382621e-01 1.489655172413793025e+02 2.641010700304190131e-37
2.950571834380621983e-01 1.489655172413793025e+02 1.274945996397578440e-37
4.699923195596870107e-01 1.489655172413793025e+02 1.440815491762204674e-41
7.486439674886415929e-01 1.489655172413793025e+02 0.000000000000000000e+00
9.999999999999999547e-08 1.551724137931034591e+02 3.041386986768944276e-41
1.592885535214725096e-07 1.551724137931034591e+02 3.839825818121145812e-41
2.537284328296300856e-07 1.551724137931034591e+02 4.856826793226728562e-41
4.041603505270179570e-07 1.551724137931034591e+02 6.099981091589827905e-41
6.437811762617998739e-07 1.551724137931034591e+02 7.699795393774497433e-41
1.025469723510942276e-06 1.551724137931034591e+02 9.728941087133975156e-41
1.633455889381223358e-06 1.551724137931034591e+02 1.229370566585455714e-40
2.601908258606654861e-06 1.551724137931034591e+02 1.547342503928300741e-40
4.144542029090266371e-06 1.551724137931034591e+02 1.949165718757446022e-40
6.601781048227371505e-06 1.551724137931034591e+02 2.454181668841309197e-40
1.051588153837608446e-05 1.551724137931034591e+02 3.099580734115530902e-40
1.675059559251080012e-05 1.551724137931034591e+02 3.902194863043542166e-40
2.668178142554203833e-05 1.551724137931034591e+02 4.899248600961197722e-40
4.250102368650674752e-05 1.551724137931034591e+02 6.176397359872887520e-40
6.769926586205501733e-05 1.551724137931034591e+02 7.748838969965032767e-40
1.078371813363233488e-04 1.551724137931034591e+02 9.725905446752275270e-40
1.717722863089567891e-04 1.551724137931034591e+02 1.219154448855092913e-39
2.736135902122996313e-04 1.551724137931034591e+02 1.526318753797976532e-39
4.358351300873408870e-04 1.551724137931034591e+02 1.903260653428399737e-39
6.942354744545533056e-04 1.551724137931034591e+02 2.371816124438743126e-39
1.105837645291589616e-03 1.551724137931034591e+02 2.946441113571461662e-39
1.761472789480881531e-03 1.551724137931034591e+02 3.635148094737300029e-39
2.805824527038428690e-03 1.551724137931034591e+02 4.479531741272145154e-39
4.469357303470210090e-03 1.551724137931034591e+02 5.494324832615312109e-39
7.119174600403985892e-03 1.551724137931034591e+02 6.701064163171388546e-39
1.134003024365157902e-02 1.551724137931034591e+02 8.158869565488709838e-39
1.806337014401007690e-02 1.551724137931034591e+02 9.944995344366851035e-39
2.877288101962317823e-02 1.551724137931034591e+02 1.218422017208997522e-38
4.583190598261207421e-02 1.551724137931034591e+02 1.521247864420859863e-38
7.300498009102399100e-02 1.551724137931034591e+02 2.001324819656822973e-38
1.162885767856308566e-01 1.551724137931034591e+02 3.455351314516726747e-38
1.852343918725382621e-01 1.551724137931034591e+02 2.226976791730566112e-37
2.950571834380621983e-01 1.551724137931034591e+02 8.094198091874349765e-38
4.699923195596870107e-01 1.551724137931034591e+02 7.200084511900554981e-42
7.486439674886415929e-01 1.551724137931034591e+02 0.000000000000000000e+00
9.999999999999999547e-08 1.613793103448276156e+02 2.312990737653751118e-41
1.592885535214725096e-07 1.613793103448276156e+02 2.919633762078901751e-41
2.537284328296300856e-07 1.613793103448276156e+02 3.685059055353571157e-41
4.041603505270179570e-07 1.613793103448276156e+02 4.654356617469072552e-41
6.437811762617998739e-07 1.613793103448276156e+02 5.872449468286036494e-41
1.025469723510942276e-06 1.613793103448276156e+02 7.396522010889793683e-41
1.633455889381223358e-06 1.613793103448276156e+02 9.335310880695327468e-41
2.601908258606654861e-06 1.613793103448276156e+02 1.178353741344574565e-40
4.144542029090266371e-06 1.613793103448276156e+02 1.482722030166685274e-40
6.601781048227371505e-06 1.613793103448276156e+02 1.867217448338960804e-40
1.051588153837608446e-05 1.613793103448276156e+02 2.350227675057985596e-40
1.675059559251080012e-05 1.613793103448276156e+02 2.961456342356305780e-40
2.668178142554203833e-05 1.613793103448276156e+02 3.722543015496163518e-40
4.250102368650674752e-05 1.613793103448276156e+02 4.696203464614853622e-40
6.769926586205501733e-05 1.613793103448276156e+02 5.887967321758211086e-40
1.078371813363233488e-04 1.613793103448276156e+02 7.375143749860704455e-40
1.717722863089567891e-04 1.613793103448276156e+02 9.239901751135267266e-40
2.736135902122996313e-04 1.613793103448276156e+02 1.155605103406887185e-39
4.358351300873408870e-04 1.613793103448276156e+02 1.445560446501273873e-39
6.942354744545533056e-04 1.613793103448276156e+02 1.796839964700383920e-39
1.105837645291589616e-03 1.613793103448276156e+02 2.228939466400688938e-39
1.761472789480881531e-03 1.613793103448276156e+02 2.750804679632398719e-39
2.805824527038428690e-03 1.613793103448276156e+02 3.394545193305882076e-39
4.469357303470210090e-03 1.613793103448276156e+02 4.148949951051079381e-39
7.119174600403985892e-03 1.613793103448276156e+02 5.061139309947569479e-39
1.134003024365157902e-02 1.613793103448276156e+02 6.162980463174017383e-39
1.806337014401007690e-02 1.613793103448276156e+02 7.478937280958443465e-39
2.877288101962317823e-02 1.613793103448276156e+02 9.154086852126125069e-39
4.583190598261207421e-02 1.613793103448276156e+02 1.144236829899043281e-38
7.300498009102399100e-02 1.613793103448276156e+02 1.508035314302558442e-38
1.162885767856308566e-01 1.613793103448276156e+02 2.681717335063943376e-38
1.852343918725382621e-01 1.613793103448276156e+02 1.731568628710657140e-37
2.950571834380621983e-01 1.613793103448276156e+02 5.132318427028743625e-38
4.699923195596870107e-01 1.613793103448276156e+02 3.710593893853681299e-42
7.486439674886415929e-01 1.613793103448276156e+02 0.000000000000000000e+00
9.999999999999999547e-08 1.675862068965517437e+02 1.557063519387727988e-41
1.592885535214725096e-07 1.675862068965517437e+02 1.969062965226810304e-41
2.537284328296300856e-07 1.675862068965517437e+02 2.480838342268040162e-41
4.041603505270179570e-07 1.675862068965517437e+02 3.126805644854058241e-41
6.437811762617998739e-07 1.675862068965517437e+02 3.944479200360443954e-41
1.025469723510942276e-06 1.675862068965517437e+02 4.991353616100935979e-41
1.633455889381223358e-06 1.675862068965517437e+02 6.266727469966117450e-41
2.601908258606654861e-06 1.675862068965517437e+02 7.917507813801444088e-41
4.144542029090266371e-06 1.675862068965517437e+02 9.974260711774880617e-41
6.601781048227371505e-06 1.675862068965517437e+02 1.258866551572937150e-40
1.051588153837608446e-05 1.675862068965517437e+02 1.583073805873141582e-40
1.675059559251080012e-05 1.675862068965517437e+02 1.992277330727935108e-40
2.668178142554203833e-05 1.675862068965517437e+02 2.515555801533550146e-40
4.250102368650674752e-05 1.675862068965517437e+02 3.160282189692621789e-40
6.769926586205501733e-05 1.675862068965517437e+02 3.961847657062746007e-40
1.078371813363233488e-04 1.675862068965517437e+02 4.966801938507685830e-40
1.717722863089567891e-04 1.675862068965517437e+02 6.231057301670176089e-40
2.736135902122996313e-04 1.675862068965517437e+02 7.785157551023258649e-40
4.358351300873408870e-04 1.675862068965517437e+02 9.699381421907566331e-40
6.942354744545533056e-04 1.675862068965517437e+02 1.207316853328455552e-39
1.105837645291589616e-03 1.675862068965517437e+02 1.497844296711034677e-39
1.761472789480881531e-03 1.675862068965517437e+02 1.848908304020970527e-39
2.805824527038428690e-03 1.675862068965517437e+02 2.273457117151953547e-39
4.469357303470210090e-03 1.675862068965517437e+02 2.779191271791619206e-39
7.119174600403985892e-03 1.675862068965517437e+02 3.390636789866258522e-39
1.134003024365157902e-02 1.675862068965517437e+02 4.119873749931409407e-39
1.806337014401007690e-02 1.675862068965517437e+02 4.985308149941004212e-39
2.877288101962317823e-02 1.675862068965517437e+02 6.128209466388283062e-39
4.583190598261207421e-02 1.675862068965517437e+02 7.624711192958112968e-39
7.300498009102399100e-02 1.675862068965517437e+02 1.007651055786625113e-38
1.162885767856308566e-01 1.675862068965517437e+02 1.824316473397354156e-38
1.852343918725382621e-01 1.675862068965517437e+02 1.172487597357093968e-37
2.950571834380621983e-01 1.675862068965517437e+02 2.928762358352564540e-38
4.699923195596870107e-01 1.675862068965517437e+02 1.860143949517935624e-42
7.486439674886415929e-01 1.675862068965517437e+02 0.000000000000000000e+00
9.999999999999999547e-08 1.737931034482758719e+02 7.829426822723916113e-42
1.592885535214725096e-07 1.737931034482758719e+02 9.873529224257634272e-42
2.537284328296300856e-07 1.737931034482758719e+02 1.246475885252599136e-41
4.041603505270179570e-07 1.737931034482758719e+02 1.575302657118844604e-41
6.437811762617998739e-07 1.737931034482758719e+02 1.985338316500118962e-41
1.025469723510942276e-06 1.737931034482758719e+02 2.504273598341395429e-41
1.633455889381223358e-06 1.737931034482758719e+02 3.160613383688590289e-41
2.601908258606654861e-06 1.737931034482758719e+02 3.982931116857837505e-41
4.144542029090266371e-06 1.737931034482758719e+02 5.011482093332103224e-41
6.601781048227371505e-06 1.737931034482758719e+02 6.316553670256668001e-41
1.051588153837608446e-05 1.737931034482758719e+02 7.951684702561495586e-41
1.675059559251080012e-05 1.737931034482758719e+02 1.003343942038293206e-40
2.668178142554203833e-05 1.737931034482758719e+02 1.261262072911219149e-40
4.250102368650674752e-05 1.737931034482758719e+02 1.586272746682898814e-40
6.769926586205501733e-05 1.737931034482758719e+02 1.994476623644211332e-40
1.078371813363233488e-04 1.737931034482758719e+02 2.499351809193711660e-40
1.717722863089567891e-04 1.737931034482758719e+02 3.135938150093105553e-40
2.736135902122996313e-04 1.737931034482758719e+02 3.911189490968789930e-40
4.358351300873408870e-04 1.737931034482758719e+02 4.865554506044066082e-40
6.942354744545533056e-04 1.737931034482758719e+02 6.063155854322889840e-40
1.105837645291589616e-03 1.737931034482758719e+02 7.513657643218286339e-40
1.761472789480881531e-03 1.737931034482758719e+02 9.280850902502835087e-40
2.805824527038428690e-03 1.737931034482758719e+02 1.138355110716309486e-39
4.469357303470210090e-03 1.737931034482758719e+02 1.400337300655003559e-39
7.119174600403985892e-03 1.737931034482758719e+02 1.701738580562184881e-39
1.134003024365157902e-02 1.737931034482758719e+02 2.061688597901781374e-39
1.806337014401007690e-02 1.737931034482758719e+02 2.507412764400423132e-39
2.877288101962317823e-02 1.737931034482758719e+02 3.059278028704589405e-39
4.583190598261207421e-02 1.737931034482758719e+02 3.823953218338522221e-39
7.300498009102399100e-02 1.737931034482758719e+02 5.034318637164054378e-39
1.162885767856308566e-01 1.737931034482758719e+02 9.360979732636154978e-39
1.852343918725382621e-01 1.737931034482758719e+02 5.940062200862687484e-38
2.950571834380621983e-01 1.737931034482758719e+02 1.360694667841443537e-38
4.699923195596870107e-01 1.737931034482758719e+02 7.808261107064449328e-43
7.486439674886415929e-01 1.737931034482758719e+02 0.000000000000000000e+00
9.999999999999999547e-08 1.800000000000000000e+02 8.872079863898399111e-57
1.592885535214725096e-07 1.800000000000000000e+02 1.122622305430618068e-56
2.537284328296300856e-07 1.800000000000000000e+02 1.413347715969758595e-56
4.041603505270179570e-07 1.800000000000000000e+02 1.780750379968597785e-56
6.437811762617998739e-07 1.800000000000000000e+02 2.242170683789354094e-56
1.025469723510942276e-06 1.800000000000000000e+02 2.833782975772927757e-56
1.633455889381223358e-06 1.800000000000000000e+02 3.571761286956444004e-56
2.601908258606654861e-06 1.800000000000000000e+02 4.516190128268472463e-56
4.144542029090266371e-06 1.800000000000000000e+02 5.676761354151517168e-56
6.601781048227371505e-06 1.800000000000000000e+02 7.164266940893603726e-56
1.051588153837608446e-05 1.800000000000000000e+02 9.022185069307417387e-56
1.675059559251080012e-05 1.800000000000000000e+02 1.132599609453160351e-55
2.668178142554203833e-05 1.800000000000000000e+02 1.428570233047363627e-55
4.250102368650674752e-05 1.800000000000000000e+02 1.790678841464969155e-55
6.769926586205501733e-05 1.800000000000000000e+02 2.259254401657298720e-55
1.078371813363233488e-04 1.800000000000000000e+02 2.827542160572828601e-55
1.717722863089567891e-04 1.800000000000000000e+02 3.541309703877599414e-55
2.736135902122996313e-04 1.800000000000000000e+02 4.429485066842251422e-55
4.358351300873408870e-04 1.800000000000000000e+02 5.529093468179465593e-55
6.942354744545533056e-04 1.800000000000000000e+02 6.862591488121798280e-55
1.105837645291589616e-03 1.800000000000000000e+02 8.531392013751168713e-55
1.761472789480881531e-03 1.800000000000000000e+02 1.050594756092198441e-54
2.805824527038428690e-03 1.800000000000000000e+02 1.292721508273353920e-54
4.469357303470210090e-03 1.800000000000000000e+02 1.581661327244324350e-54
7.119174600403985892e-03 1.800000000000000000e+02 1.920277356757278640e-54
1.134003024365157902e-02 1.800000000000000000e+02 2.330621740704979662e-54
1.806337014401007690e-02 1.800000000000000000e+02 0.000000000000000000e+00
2.877288101962317823e-02 1.800000000000000000e+02 3.457727348880169635e-54
4.583190598261207421e-02 1.800000000000000000e+02 4.319127513271529060e-54
7.300498009102399100e-02 1.800000000000000000e+02 5.703113731933341731e-54
1.162885767856308566e-01 1.800000000000000000e+02 1.058554975377741935e-53
1.852343918725382621e-01 1.800000000000000000e+02 6.694196755587321154e-53
2.950571834380621983e-01 1.800000000000000000e+02 1.505628208818163144e-53
4.699923195596870107e-01 1.800000000000000000e+02 8.294466953701327486e-58
7.486439674886415929e-01 1.800000000000000000e+02 0.000000000000000000e+00
