# atom 16: Tchi 0.4893900918477494 [GeV]; m_chi = 0.05 [GeV]; mS = 0.2 [GeV]; gchi =0.01; gN = 0.01
# Tchi^prime [GeV], theta [degree] ,dsigma/dTchip dtheta [cm^2/GeV]
9.999999999999999547e-08 0.000000000000000000e+00 0.000000000000000000e+00
1.570722177858955235e-07 0.000000000000000000e+00 0.000000000000000000e+00
2.467168160017974759e-07 0.000000000000000000e+00 0.000000000000000000e+00
3.875235745447704705e-07 0.000000000000000000e+00 0.000000000000000000e+00
6.086918729806477832e-07 0.000000000000000000e+00 0.000000000000000000e+00
9.560858243732097832e-07 0.000000000000000000e+00 0.000000000000000000e+00
1.501745208279559457e-06 0.000000000000000000e+00 0.000000000000000000e+00
2.358824504138120291e-06 0.000000000000000000e+00 0.000000000000000000e+00
3.705057962326890850e-06 0.000000000000000000e+00 0.000000000000000000e+00
5.819616711679756959e-06 0.000000000000000000e+00 0.000000000000000000e+00
9.141001035673980586e-06 0.000000000000000000e+00 0.000000000000000000e+00
1.435797305456480187e-05 0.000000000000000000e+00 0.000000000000000000e+00
2.255238670590617512e-05 0.000000000000000000e+00 0.000000000000000000e+00
3.542353396261829838e-05 0.000000000000000000e+00 0.000000000000000000e+00
5.564053041322448024e-05 0.000000000000000000e+00 0.000000000000000000e+00
8.739581510788721876e-05 0.000000000000000000e+00 0.000000000000000000e+00
1.372745450420190597e-04 0.000000000000000000e+00 0.000000000000000000e+00
2.156201723529972160e-04 0.000000000000000000e+00 0.000000000000000000e+00
3.386793867086227393e-04 0.000000000000000000e+00 0.000000000000000000e+00
5.319712238869027301e-04 0.000000000000000000e+00 0.000000000000000000e+00
8.355789993419287772e-04 0.000000000000000000e+00 0.000000000000000000e+00
1.312462465619559752e-03 0.000000000000000000e+00 0.000000000000000000e+00
2.061513902356088782e-03 0.000000000000000000e+00 0.000000000000000000e+00
3.238065606395263037e-03 0.000000000000000000e+00 0.000000000000000000e+00
5.086101461327346106e-03 0.000000000000000000e+00 0.000000000000000000e+00
7.988852364147688845e-03 0.000000000000000000e+00 0.000000000000000000e+00
1.254826758400772076e-02 0.000000000000000000e+00 0.000000000000000000e+00
1.970984218790949871e-02 0.000000000000000000e+00 0.000000000000000000e+00
3.095868624664952287e-02 0.000000000000000000e+00 0.000000000000000000e+00
4.862749508498932782e-02 0.000000000000000000e+00 0.000000000000000000e+00
7.638028498372008424e-02 0.000000000000000000e+00 0.000000000000000000e+00
1.199722075751162159e-01 0.000000000000000000e+00 0.000000000000000000e+00
1.884430071649332017e-01 0.000000000000000000e+00 0.000000000000000000e+00
2.959916106163946181e-01 0.000000000000000000e+00 0.000000000000000000e+00
4.649205872553618946e-01 0.000000000000000000e+00 0.000000000000000000e+00
9.999999999999999547e-08 6.206896551724137900e+00 6.657712092284283680e-41
1.570722177858955235e-07 6.206896551724137900e+00 8.331140395367733365e-41
2.467168160017974759e-07 6.206896551724137900e+00 1.044373136843657959e-40
3.875235745447704705e-07 6.206896551724137900e+00 1.311851085478223854e-40
6.086918729806477832e-07 6.206896551724137900e+00 1.646979204151661834e-40
9.560858243732097832e-07 6.206896551724137900e+00 2.054455652613624240e-40
1.501745208279559457e-06 6.206896551724137900e+00 2.585003380177684318e-40
2.358824504138120291e-06 6.206896551724137900e+00 3.236044315062394673e-40
3.705057962326890850e-06 6.206896551724137900e+00 4.056231581736532666e-40
5.819616711679756959e-06 6.206896551724137900e+00 5.102012805110162968e-40
9.141001035673980586e-06 6.206896551724137900e+00 6.385768914216559544e-40
1.435797305456480187e-05 6.206896551724137900e+00 8.036794726080665455e-40
2.255238670590617512e-05 6.206896551724137900e+00 1.008313077056088653e-39
3.542353396261829838e-05 6.206896551724137900e+00 1.263478440497692147e-39
5.564053041322448024e-05 6.206896551724137900e+00 1.589492167619518776e-39
8.739581510788721876e-05 6.206896551724137900e+00 1.993919934318787932e-39
1.372745450420190597e-04 6.206896551724137900e+00 2.515250418774341546e-39
2.156201723529972160e-04 6.206896551724137900e+00 3.160478142428402232e-39
3.386793867086227393e-04 6.206896551724137900e+00 3.989587502405931069e-39
5.319712238869027301e-04 6.206896551724137900e+00 5.043353480541323084e-39
8.355789993419287772e-04 6.206896551724137900e+00 6.390019120609899875e-39
1.312462465619559752e-03 6.206896551724137900e+00 8.103073969857661400e-39
2.061513902356088782e-03 6.206896551724137900e+00 1.034838030190694245e-38
3.238065606395263037e-03 6.206896551724137900e+00 1.325997959223278876e-38
5.086101461327346106e-03 6.206896551724137900e+00 1.715525373406716011e-38
7.988852364147688845e-03 6.206896551724137900e+00 2.236986197824092444e-38
1.254826758400772076e-02 6.206896551724137900e+00 2.957758011748650891e-38
1.970984218790949871e-02 6.206896551724137900e+00 3.989645534251596441e-38
3.095868624664952287e-02 6.206896551724137900e+00 5.516576621963929087e-38
4.862749508498932782e-02 6.206896551724137900e+00 8.005225603274207468e-38
7.638028498372008424e-02 6.206896551724137900e+00 1.242645452426262035e-37
1.199722075751162159e-01 6.206896551724137900e+00 2.166563923741228270e-37
1.884430071649332017e-01 6.206896551724137900e+00 0.000000000000000000e+00
2.959916106163946181e-01 6.206896551724137900e+00 0.000000000000000000e+00
4.649205872553618946e-01 6.206896551724137900e+00 0.000000000000000000e+00
9.999999999999999547e-08 1.241379310344827580e+01 1.322954156800044414e-40
1.570722177858955235e-07 1.241379310344827580e+01 1.660469422842146103e-40
2.467168160017974759e-07 1.241379310344827580e+01 2.079019121967555534e-40
3.875235745447704705e-07 1.241379310344827580e+01 2.605964131760663439e-40
6.086918729806477832e-07 1.241379310344827580e+01 3.260982309717373958e-40
9.560858243732097832e-07 1.241379310344827580e+01 4.101601784478368670e-40
1.501745208279559457e-06 1.241379310344827580e+01 5.143797161174233889e-40
2.358824504138120291e-06 1.241379310344827580e+01 6.438588304258526993e-40
3.705057962326890850e-06 1.241379310344827580e+01 8.075137127254385831e-40
5.819616711679756959e-06 1.241379310344827580e+01 1.013226246105154200e-39
9.141001035673980586e-06 1.241379310344827580e+01 1.270450996419480371e-39
1.435797305456480187e-05 1.241379310344827580e+01 1.590275394937789675e-39
2.255238670590617512e-05 1.241379310344827580e+01 2.002199096184991579e-39
3.542353396261829838e-05 1.241379310344827580e+01 2.515406850166535711e-39
5.564053041322448024e-05 1.241379310344827580e+01 3.158294427035816394e-39
8.739581510788721876e-05 1.241379310344827580e+01 3.970610166500608475e-39
1.372745450420190597e-04 1.241379310344827580e+01 4.985118196394372995e-39
2.156201723529972160e-04 1.241379310344827580e+01 6.271829055402772069e-39
3.386793867086227393e-04 1.241379310344827580e+01 7.936991149325289257e-39
5.319712238869027301e-04 1.241379310344827580e+01 1.002231673573789820e-38
8.355789993419287772e-04 1.241379310344827580e+01 1.271636634324786098e-38
1.312462465619559752e-03 1.241379310344827580e+01 1.615880304769276684e-38
2.061513902356088782e-03 1.241379310344827580e+01 2.057764639523816771e-38
3.238065606395263037e-03 1.241379310344827580e+01 2.644518379957265911e-38
5.086101461327346106e-03 1.241379310344827580e+01 3.412132989919736315e-38
7.988852364147688845e-03 1.241379310344827580e+01 4.447307905845395697e-38
1.254826758400772076e-02 1.241379310344827580e+01 5.869373312191489604e-38
1.970984218790949871e-02 1.241379310344827580e+01 7.954825035074083695e-38
3.095868624664952287e-02 1.241379310344827580e+01 1.105432541325325331e-37
4.862749508498932782e-02 1.241379310344827580e+01 1.614571244154104428e-37
7.638028498372008424e-02 1.241379310344827580e+01 2.543873840393819342e-37
1.199722075751162159e-01 1.241379310344827580e+01 4.557886345938326264e-37
1.884430071649332017e-01 1.241379310344827580e+01 0.000000000000000000e+00
2.959916106163946181e-01 1.241379310344827580e+01 0.000000000000000000e+00
4.649205872553618946e-01 1.241379310344827580e+01 0.000000000000000000e+00
9.999999999999999547e-08 1.862068965517241281e+01 1.965776936668880960e-40
1.570722177858955235e-07 1.862068965517241281e+01 2.464545733420262390e-40
2.467168160017974759e-07 1.862068965517241281e+01 3.092451944670292281e-40
3.875235745447704705e-07 1.862068965517241281e+01 3.871213557822902742e-40
6.086918729806477832e-07 1.862068965517241281e+01 4.853225499790832091e-40
9.560858243732097832e-07 1.862068965517241281e+01 6.082397141320028790e-40
1.501745208279559457e-06 1.862068965517241281e+01 7.608128525435569148e-40
2.358824504138120291e-06 1.862068965517241281e+01 9.550680345727063127e-40
3.705057962326890850e-06 1.862068965517241281e+01 1.198575328187194416e-39
5.819616711679756959e-06 1.862068965517241281e+01 1.503599554003805713e-39
9.141001035673980586e-06 1.862068965517241281e+01 1.888087883015144526e-39
1.435797305456480187e-05 1.862068965517241281e+01 2.364063296536256106e-39
2.255238670590617512e-05 1.862068965517241281e+01 2.969743186168059232e-39
3.542353396261829838e-05 1.862068965517241281e+01 3.727496723703185536e-39
5.564053041322448024e-05 1.862068965517241281e+01 4.685320061867373892e-39
8.739581510788721876e-05 1.862068965517241281e+01 5.902208170750154160e-39
1.372745450420190597e-04 1.862068965517241281e+01 7.423479350030604292e-39
2.156201723529972160e-04 1.862068965517241281e+01 9.344258991396833853e-39
3.386793867086227393e-04 1.862068965517241281e+01 1.178516400995199620e-38
5.319712238869027301e-04 1.862068965517241281e+01 1.489217530932703877e-38
8.355789993419287772e-04 1.862068965517241281e+01 1.887904078067433262e-38
1.312462465619559752e-03 1.862068965517241281e+01 2.388177048584774153e-38
2.061513902356088782e-03 1.862068965517241281e+01 3.047145243581596906e-38
3.238065606395263037e-03 1.862068965517241281e+01 3.918118675704146645e-38
5.086101461327346106e-03 1.862068965517241281e+01 5.044580602266323504e-38
7.988852364147688845e-03 1.862068965517241281e+01 6.588269687708757365e-38
1.254826758400772076e-02 1.862068965517241281e+01 8.724449902162936692e-38
1.970984218790949871e-02 1.862068965517241281e+01 1.181945257551999434e-37
3.095868624664952287e-02 1.862068965517241281e+01 1.651126434985520269e-37
4.862749508498932782e-02 1.862068965517241281e+01 2.437280616637935762e-37
7.638028498372008424e-02 1.862068965517241281e+01 3.907354710982409339e-37
1.199722075751162159e-01 1.862068965517241281e+01 7.130613275763032401e-37
1.884430071649332017e-01 1.862068965517241281e+01 0.000000000000000000e+00
2.959916106163946181e-01 1.862068965517241281e+01 0.000000000000000000e+00
4.649205872553618946e-01 1.862068965517241281e+01 0.000000000000000000e+00
9.999999999999999547e-08 2.482758620689655160e+01 2.575667266370394485e-40
1.570722177858955235e-07 2.482758620689655160e+01 3.233504921799539374e-40
2.467168160017974759e-07 2.482758620689655160e+01 4.058327488055035021e-40
3.875235745447704705e-07 2.482758620689655160e+01 5.099891669205508340e-40
6.086918729806477832e-07 2.482758620689655160e+01 6.381092240371597313e-40
9.560858243732097832e-07 2.482758620689655160e+01 7.983593195532166509e-40
1.501745208279559457e-06 2.482758620689655160e+01 1.002811603012087139e-39
2.358824504138120291e-06 2.482758620689655160e+01 1.257638557651235014e-39
3.705057962326890850e-06 2.482758620689655160e+01 1.575867072872071954e-39
5.819616711679756959e-06 2.482758620689655160e+01 1.975368226926970803e-39
9.141001035673980586e-06 2.482758620689655160e+01 2.478604169537208092e-39
1.435797305456480187e-05 2.482758620689655160e+01 3.112402373606177974e-39
2.255238670590617512e-05 2.482758620689655160e+01 3.908010343177402908e-39
3.542353396261829838e-05 2.482758620689655160e+01 4.904540854453682598e-39
5.564053041322448024e-05 2.482758620689655160e+01 6.155990450585748822e-39
8.739581510788721876e-05 2.482758620689655160e+01 7.747369595787780880e-39
1.372745450420190597e-04 2.482758620689655160e+01 9.732228889037254515e-39
2.156201723529972160e-04 2.482758620689655160e+01 1.226264473381818296e-38
3.386793867086227393e-04 2.482758620689655160e+01 1.548991564337315763e-38
5.319712238869027301e-04 2.482758620689655160e+01 1.951942293578895059e-38
8.355789993419287772e-04 2.482758620689655160e+01 2.472269718541528934e-38
1.312462465619559752e-03 2.482758620689655160e+01 3.140033451553599183e-38
2.061513902356088782e-03 2.482758620689655160e+01 3.994003485439787239e-38
3.238065606395263037e-03 2.482758620689655160e+01 5.128607537604413697e-38
5.086101461327346106e-03 2.482758620689655160e+01 6.614053597345173012e-38
7.988852364147688845e-03 2.482758620689655160e+01 8.661431184558711629e-38
1.254826758400772076e-02 2.482758620689655160e+01 1.144813551027155186e-37
1.970984218790949871e-02 2.482758620689655160e+01 1.553532963776194530e-37
3.095868624664952287e-02 2.482758620689655160e+01 2.175846384344542848e-37
4.862749508498932782e-02 2.482758620689655160e+01 3.237187286821860921e-37
7.638028498372008424e-02 2.482758620689655160e+01 5.234236894554758933e-37
1.199722075751162159e-01 2.482758620689655160e+01 9.617740056658268097e-37
1.884430071649332017e-01 2.482758620689655160e+01 0.000000000000000000e+00
2.959916106163946181e-01 2.482758620689655160e+01 0.000000000000000000e+00
4.649205872553618946e-01 2.482758620689655160e+01 0.000000000000000000e+00
9.999999999999999547e-08 3.103448275862069039e+01 3.171327445762556933e-40
1.570722177858955235e-07 3.103448275862069039e+01 3.975815490215431175e-40
2.467168160017974759e-07 3.103448275862069039e+01 4.980565362565614836e-40
3.875235745447704705e-07 3.103448275862069039e+01 6.245350420872934093e-40
6.086918729806477832e-07 3.103448275862069039e+01 7.833897391468617606e-40
9.560858243732097832e-07 3.103448275862069039e+01 9.809032474185837154e-40
1.501745208279559457e-06 3.103448275862069039e+01 1.230992129758111648e-39
2.358824504138120291e-06 3.103448275862069039e+01 1.541819017686401287e-39
3.705057962326890850e-06 3.103448275862069039e+01 1.930701041842256506e-39
5.819616711679756959e-06 3.103448275862069039e+01 2.422671117374002976e-39
9.141001035673980586e-06 3.103448275862069039e+01 3.044866581927550635e-39
1.435797305456480187e-05 3.103448275862069039e+01 3.810941194435165847e-39
2.255238670590617512e-05 3.103448275862069039e+01 4.793173054542618673e-39
3.542353396261829838e-05 3.103448275862069039e+01 6.017559826819977559e-39
5.564053041322448024e-05 3.103448275862069039e+01 7.564388873006577203e-39
8.739581510788721876e-05 3.103448275862069039e+01 9.503332240969069636e-39
1.372745450420190597e-04 3.103448275862069039e+01 1.195117845850994890e-38
2.156201723529972160e-04 3.103448275862069039e+01 1.506151597371015457e-38
3.386793867086227393e-04 3.103448275862069039e+01 1.894886861083728687e-38
5.319712238869027301e-04 3.103448275862069039e+01 2.396098692509664882e-38
8.355789993419287772e-04 3.103448275862069039e+01 3.030335290801631980e-38
1.312462465619559752e-03 3.103448275862069039e+01 3.844878398832479625e-38
2.061513902356088782e-03 3.103448275862069039e+01 4.899451278897298015e-38
3.238065606395263037e-03 3.103448275862069039e+01 6.295639609757621223e-38
5.086101461327346106e-03 3.103448275862069039e+01 8.090391246521273634e-38
7.988852364147688845e-03 3.103448275862069039e+01 1.057283967966449594e-37
1.254826758400772076e-02 3.103448275862069039e+01 1.395600468895262523e-37
1.970984218790949871e-02 3.103448275862069039e+01 1.897736277077253028e-37
3.095868624664952287e-02 3.103448275862069039e+01 2.676728586896792182e-37
4.862749508498932782e-02 3.103448275862069039e+01 3.982731939936468114e-37
7.638028498372008424e-02 3.103448275862069039e+01 6.421281587167341014e-37
1.199722075751162159e-01 3.103448275862069039e+01 1.170172458324435462e-36
1.884430071649332017e-01 3.103448275862069039e+01 2.561258351407225964e-36
2.959916106163946181e-01 3.103448275862069039e+01 0.000000000000000000e+00
4.649205872553618946e-01 3.103448275862069039e+01 0.000000000000000000e+00
9.999999999999999547e-08 3.724137931034482563e+01 3.714381352926942985e-40
1.570722177858955235e-07 3.724137931034482563e+01 4.673321858722493523e-40
2.467168160017974759e-07 3.724137931034482563e+01 5.852746409807641817e-40
3.875235745447704705e-07 3.724137931034482563e+01 7.343191200912273979e-40
6.086918729806477832e-07 3.724137931034482563e+01 9.196170728117626840e-40
9.560858243732097832e-07 3.724137931034482563e+01 1.152637244725775027e-39
1.501745208279559457e-06 3.724137931034482563e+01 1.447054766864932377e-39
2.358824504138120291e-06 3.724137931034482563e+01 1.812355050055483656e-39
3.705057962326890850e-06 3.724137931034482563e+01 2.271751647836576777e-39
5.819616711679756959e-06 3.724137931034482563e+01 2.840843781843543911e-39
9.141001035673980586e-06 3.724137931034482563e+01 3.572451542982312374e-39
1.435797305456480187e-05 3.724137931034482563e+01 4.473512351224347118e-39
2.255238670590617512e-05 3.724137931034482563e+01 5.629891645569216176e-39
3.542353396261829838e-05 3.724137931034482563e+01 7.051745173355750466e-39
5.564053041322448024e-05 3.724137931034482563e+01 8.850604303266301411e-39
8.739581510788721876e-05 3.724137931034482563e+01 1.112835564576454483e-38
1.372745450420190597e-04 3.724137931034482563e+01 1.400214861882393701e-38
2.156201723529972160e-04 3.724137931034482563e+01 1.763781944994483485e-38
3.386793867086227393e-04 3.724137931034482563e+01 2.221858321289098456e-38
5.319712238869027301e-04 3.724137931034482563e+01 2.803926620169806941e-38
8.355789993419287772e-04 3.724137931034482563e+01 3.544695690381602478e-38
1.312462465619559752e-03 3.724137931034482563e+01 4.507497307194569912e-38
2.061513902356088782e-03 3.724137931034482563e+01 5.734629848906845306e-38
3.238065606395263037e-03 3.724137931034482563e+01 7.322167028101378456e-38
5.086101461327346106e-03 3.724137931034482563e+01 9.447966484498041075e-38
7.988852364147688845e-03 3.724137931034482563e+01 1.231938037076099614e-37
1.254826758400772076e-02 3.724137931034482563e+01 1.632702798046157862e-37
1.970984218790949871e-02 3.724137931034482563e+01 2.217553206456107811e-37
3.095868624664952287e-02 3.724137931034482563e+01 3.112928745383274187e-37
4.862749508498932782e-02 3.724137931034482563e+01 4.617179474305466009e-37
7.638028498372008424e-02 3.724137931034482563e+01 7.416296710842487064e-37
1.199722075751162159e-01 3.724137931034482563e+01 1.323149447908025376e-36
1.884430071649332017e-01 3.724137931034482563e+01 2.814652643629781581e-36
2.959916106163946181e-01 3.724137931034482563e+01 0.000000000000000000e+00
4.649205872553618946e-01 3.724137931034482563e+01 0.000000000000000000e+00
9.999999999999999547e-08 4.344827586206896797e+01 4.228097498102533619e-40
1.570722177858955235e-07 4.344827586206896797e+01 5.301866456901599959e-40
2.467168160017974759e-07 4.344827586206896797e+01 6.652761752900562419e-40
3.875235745447704705e-07 4.344827586206896797e+01 8.337545653609841574e-40
6.086918729806477832e-07 4.344827586206896797e+01 1.047945467331091186e-39
9.560858243732097832e-07 4.344827586206896797e+01 1.308519626896659474e-39
1.501745208279559457e-06 4.344827586206896797e+01 1.641075030071371637e-39
2.358824504138120291e-06 4.344827586206896797e+01 2.060672160348813436e-39
3.705057962326890850e-06 4.344827586206896797e+01 2.579381587772898002e-39
5.819616711679756959e-06 4.344827586206896797e+01 3.234071791202501815e-39
9.141001035673980586e-06 4.344827586206896797e+01 4.059289437999618258e-39
1.435797305456480187e-05 4.344827586206896797e+01 5.085858621264382071e-39
2.255238670590617512e-05 4.344827586206896797e+01 6.397458754489543077e-39
3.542353396261829838e-05 4.344827586206896797e+01 8.005791506990692013e-39
5.564053041322448024e-05 4.344827586206896797e+01 1.006024912805654649e-38
8.739581510788721876e-05 4.344827586206896797e+01 1.263537367585603460e-38
1.372745450420190597e-04 4.344827586206896797e+01 1.589864979124664355e-38
2.156201723529972160e-04 4.344827586206896797e+01 2.002589391418556271e-38
3.386793867086227393e-04 4.344827586206896797e+01 2.518408826032344771e-38
5.319712238869027301e-04 4.344827586206896797e+01 3.180686500524119892e-38
8.355789993419287772e-04 4.344827586206896797e+01 4.017410589660851953e-38
1.312462465619559752e-03 4.344827586206896797e+01 5.095232536701764049e-38
2.061513902356088782e-03 4.344827586206896797e+01 6.487898411079239977e-38
3.238065606395263037e-03 4.344827586206896797e+01 8.270167709559128324e-38
5.086101461327346106e-03 4.344827586206896797e+01 1.068568749136582587e-37
7.988852364147688845e-03 4.344827586206896797e+01 1.390561979682487007e-37
1.254826758400772076e-02 4.344827586206896797e+01 1.835978548419817934e-37
1.970984218790949871e-02 4.344827586206896797e+01 2.487588723233984746e-37
3.095868624664952287e-02 4.344827586206896797e+01 3.484876680832142395e-37
4.862749508498932782e-02 4.344827586206896797e+01 5.143688006115688418e-37
7.638028498372008424e-02 4.344827586206896797e+01 8.154305546634685801e-37
1.199722075751162159e-01 4.344827586206896797e+01 1.425023316169381105e-36
1.884430071649332017e-01 4.344827586206896797e+01 2.954590567122596109e-36
2.959916106163946181e-01 4.344827586206896797e+01 1.500025969492250824e-35
4.649205872553618946e-01 4.344827586206896797e+01 0.000000000000000000e+00
9.999999999999999547e-08 4.965517241379310320e+01 4.695450762088797172e-40
1.570722177858955235e-07 4.965517241379310320e+01 5.881333070109794070e-40
2.467168160017974759e-07 4.965517241379310320e+01 7.362883572081159955e-40
3.875235745447704705e-07 4.965517241379310320e+01 9.227426321948212232e-40
6.086918729806477832e-07 4.965517241379310320e+01 1.159343393838520060e-39
9.560858243732097832e-07 4.965517241379310320e+01 1.451194622294302726e-39
1.501745208279559457e-06 4.965517241379310320e+01 1.820332255310482719e-39
2.358824504138120291e-06 4.965517241379310320e+01 2.278339981452711630e-39
3.705057962326890850e-06 4.965517241379310320e+01 2.865085301488672560e-39
5.819616711679756959e-06 4.965517241379310320e+01 3.585384962751945828e-39
9.141001035673980586e-06 4.965517241379310320e+01 4.492319225561055032e-39
1.435797305456480187e-05 4.965517241379310320e+01 5.642044692606948378e-39
2.255238670590617512e-05 4.965517241379310320e+01 7.087772261207194749e-39
3.542353396261829838e-05 4.965517241379310320e+01 8.879060690211346570e-39
5.564053041322448024e-05 4.965517241379310320e+01 1.112417762590854166e-38
8.739581510788721876e-05 4.965517241379310320e+01 1.400381882534720937e-38
1.372745450420190597e-04 4.965517241379310320e+01 1.760598115919541865e-38
2.156201723529972160e-04 4.965517241379310320e+01 2.212282992942456984e-38
3.386793867086227393e-04 4.965517241379310320e+01 2.789833092960069175e-38
5.319712238869027301e-04 4.965517241379310320e+01 3.520322510270509995e-38
8.355789993419287772e-04 4.965517241379310320e+01 4.426727933952103771e-38
1.312462465619559752e-03 4.965517241379310320e+01 5.619269604428611034e-38
2.061513902356088782e-03 4.965517241379310320e+01 7.136417645274700292e-38
3.238065606395263037e-03 4.965517241379310320e+01 9.111726192159106062e-38
5.086101461327346106e-03 4.965517241379310320e+01 1.174127563457668963e-37
7.988852364147688845e-03 4.965517241379310320e+01 1.523971918146618773e-37
1.254826758400772076e-02 4.965517241379310320e+01 2.008218848176371407e-37
1.970984218790949871e-02 4.965517241379310320e+01 2.712580486238542541e-37
3.095868624664952287e-02 4.965517241379310320e+01 3.778310624171002891e-37
4.862749508498932782e-02 4.965517241379310320e+01 5.528129993426114944e-37
7.638028498372008424e-02 4.965517241379310320e+01 8.652335079651811591e-37
1.199722075751162159e-01 4.965517241379310320e+01 1.477539172675347033e-36
1.884430071649332017e-01 4.965517241379310320e+01 2.985623398768042381e-36
2.959916106163946181e-01 4.965517241379310320e+01 2.265937203353570220e-35
4.649205872553618946e-01 4.965517241379310320e+01 0.000000000000000000e+00
9.999999999999999547e-08 5.586206896551724554e+01 5.099496990925430277e-40
1.570722177858955235e-07 5.586206896551724554e+01 6.372875637801422567e-40
2.467168160017974759e-07 5.586206896551724554e+01 8.004446214258425643e-40
3.875235745447704705e-07 5.586206896551724554e+01 1.001394295102885642e-39
6.086918729806477832e-07 5.586206896551724554e+01 1.256130270891401448e-39
9.560858243732097832e-07 5.586206896551724554e+01 1.576859839812621010e-39
1.501745208279559457e-06 5.586206896551724554e+01 1.974268245819460670e-39
2.358824504138120291e-06 5.586206896551724554e+01 2.474244648507265885e-39
3.705057962326890850e-06 5.586206896551724554e+01 3.107316338053002362e-39
5.819616711679756959e-06 5.586206896551724554e+01 3.887848665102376845e-39
9.141001035673980586e-06 5.586206896551724554e+01 4.872895804649652563e-39
1.435797305456480187e-05 5.586206896551724554e+01 6.109459127356654761e-39
2.255238670590617512e-05 5.586206896551724554e+01 7.675261135443059689e-39
3.542353396261829838e-05 5.586206896551724554e+01 9.643013953184983270e-39
5.564053041322448024e-05 5.586206896551724554e+01 1.207728790222328410e-38
8.739581510788721876e-05 5.586206896551724554e+01 1.519458474179550719e-38
1.372745450420190597e-04 5.586206896551724554e+01 1.909247563342163989e-38
2.156201723529972160e-04 5.586206896551724554e+01 2.394805321602017552e-38
3.386793867086227393e-04 5.586206896551724554e+01 3.019993843981175553e-38
5.319712238869027301e-04 5.586206896551724554e+01 3.803532885321695913e-38
8.355789993419287772e-04 5.586206896551724554e+01 4.797045508907169636e-38
1.312462465619559752e-03 5.586206896551724554e+01 6.065816836158710377e-38
2.061513902356088782e-03 5.586206896551724554e+01 7.697176649260476999e-38
3.238065606395263037e-03 5.586206896551724554e+01 9.848530711283566010e-38
5.086101461327346106e-03 5.586206896551724554e+01 1.263220175504222221e-37
7.988852364147688845e-03 5.586206896551724554e+01 1.638212475825122616e-37
1.254826758400772076e-02 5.586206896551724554e+01 2.156563049305853486e-37
1.970984218790949871e-02 5.586206896551724554e+01 2.893564007730691996e-37
3.095868624664952287e-02 5.586206896551724554e+01 4.007624411388448591e-37
4.862749508498932782e-02 5.586206896551724554e+01 5.799912100230452046e-37
7.638028498372008424e-02 5.586206896551724554e+01 8.878739465999538413e-37
1.199722075751162159e-01 5.586206896551724554e+01 1.486418914025429508e-36
1.884430071649332017e-01 5.586206896551724554e+01 2.971375929029760617e-36
2.959916106163946181e-01 5.586206896551724554e+01 3.179232338853559255e-35
4.649205872553618946e-01 5.586206896551724554e+01 0.000000000000000000e+00
9.999999999999999547e-08 6.206896551724138078e+01 5.431616904375467833e-40
1.570722177858955235e-07 6.206896551724138078e+01 6.799190098490910321e-40
2.467168160017974759e-07 6.206896551724138078e+01 8.530447989769474389e-40
3.875235745447704705e-07 6.206896551724138078e+01 1.069591402642853187e-39
6.086918729806477832e-07 6.206896551724138078e+01 1.340600953065964924e-39
9.560858243732097832e-07 6.206896551724138078e+01 1.678996014805936112e-39
1.501745208279559457e-06 6.206896551724138078e+01 2.109768482080940658e-39
2.358824504138120291e-06 6.206896551724138078e+01 2.645017292136961780e-39
3.705057962326890850e-06 6.206896551724138078e+01 3.304294013397236790e-39
5.819616711679756959e-06 6.206896551724138078e+01 4.147102811832759318e-39
9.141001035673980586e-06 6.206896551724138078e+01 5.203525495157325710e-39
1.435797305456480187e-05 6.206896551724138078e+01 6.540771192122325589e-39
2.255238670590617512e-05 6.206896551724138078e+01 8.186482142381469067e-39
3.542353396261829838e-05 6.206896551724138078e+01 1.027950956544840398e-38
5.564053041322448024e-05 6.206896551724138078e+01 1.291124688014210807e-38
8.739581510788721876e-05 6.206896551724138078e+01 1.622044661636261597e-38
1.372745450420190597e-04 6.206896551724138078e+01 2.029100872568856260e-38
2.156201723529972160e-04 6.206896551724138078e+01 2.551972445783636468e-38
3.386793867086227393e-04 6.206896551724138078e+01 3.212870071403821509e-38
5.319712238869027301e-04 6.206896551724138078e+01 4.044701784369775973e-38
8.355789993419287772e-04 6.206896551724138078e+01 5.108559364880158388e-38
1.312462465619559752e-03 6.206896551724138078e+01 6.443977189847584645e-38
2.061513902356088782e-03 6.206896551724138078e+01 8.166903697367920223e-38
3.238065606395263037e-03 6.206896551724138078e+01 1.039584219182612908e-37
5.086101461327346106e-03 6.206896551724138078e+01 1.333854218876978926e-37
7.988852364147688845e-03 6.206896551724138078e+01 1.723891341118338847e-37
1.254826758400772076e-02 6.206896551724138078e+01 2.266583181460821215e-37
1.970984218790949871e-02 6.206896551724138078e+01 3.018486113398893797e-37
3.095868624664952287e-02 6.206896551724138078e+01 4.146368696286266949e-37
4.862749508498932782e-02 6.206896551724138078e+01 5.922007194620800183e-37
7.638028498372008424e-02 6.206896551724138078e+01 8.945121447245085413e-37
1.199722075751162159e-01 6.206896551724138078e+01 1.476035172430734788e-36
1.884430071649332017e-01 6.206896551724138078e+01 2.988251664847712599e-36
2.959916106163946181e-01 6.206896551724138078e+01 3.764787542534931213e-35
4.649205872553618946e-01 6.206896551724138078e+01 0.000000000000000000e+00
9.999999999999999547e-08 6.827586206896552312e+01 5.715858696442372119e-40
1.570722177858955235e-07 6.827586206896552312e+01 7.157242706576998119e-40
2.467168160017974759e-07 6.827586206896552312e+01 8.975723483477461566e-40
3.875235745447704705e-07 6.827586206896552312e+01 1.126750410702789140e-39
6.086918729806477832e-07 6.827586206896552312e+01 1.408559288232959038e-39
9.560858243732097832e-07 6.827586206896552312e+01 1.766835938901998662e-39
1.501745208279559457e-06 6.827586206896552312e+01 2.215186466800519184e-39
2.358824504138120291e-06 6.827586206896552312e+01 2.773689732157766974e-39
3.705057962326890850e-06 6.827586206896552312e+01 3.478312640983802040e-39
5.819616711679756959e-06 6.827586206896552312e+01 4.366811705841566363e-39
9.141001035673980586e-06 6.827586206896552312e+01 5.465886561464788815e-39
1.435797305456480187e-05 6.827586206896552312e+01 6.853303526389259726e-39
2.255238670590617512e-05 6.827586206896552312e+01 8.600856464061564718e-39
3.542353396261829838e-05 6.827586206896552312e+01 1.080870094765958162e-38
5.564053041322448024e-05 6.827586206896552312e+01 1.352149679323360548e-38
8.739581510788721876e-05 6.827586206896552312e+01 1.704853567930859682e-38
1.372745450420190597e-04 6.827586206896552312e+01 2.135219544250479963e-38
2.156201723529972160e-04 6.827586206896552312e+01 2.680650873009236605e-38
3.386793867086227393e-04 6.827586206896552312e+01 3.367874678642836663e-38
5.319712238869027301e-04 6.827586206896552312e+01 4.241815981828462354e-38
8.355789993419287772e-04 6.827586206896552312e+01 5.343338513909774324e-38
1.312462465619559752e-03 6.827586206896552312e+01 6.738221508529094884e-38
2.061513902356088782e-03 6.827586206896552312e+01 8.507392215997595573e-38
3.238065606395263037e-03 6.827586206896552312e+01 1.083269722321016149e-37
5.086101461327346106e-03 6.827586206896552312e+01 1.386703277630771964e-37
7.988852364147688845e-03 6.827586206896552312e+01 1.786400535784372096e-37
1.254826758400772076e-02 6.827586206896552312e+01 2.332336951438113379e-37
1.970984218790949871e-02 6.827586206896552312e+01 3.096214939655698613e-37
3.095868624664952287e-02 6.827586206896552312e+01 4.213976507711261210e-37
4.862749508498932782e-02 6.827586206896552312e+01 5.942290833473453067e-37
7.638028498372008424e-02 6.827586206896552312e+01 8.861140207009214880e-37
1.199722075751162159e-01 6.827586206896552312e+01 1.438275618186674370e-36
1.884430071649332017e-01 6.827586206896552312e+01 3.096993316571847955e-36
2.959916106163946181e-01 6.827586206896552312e+01 3.645122883982137421e-35
4.649205872553618946e-01 6.827586206896552312e+01 0.000000000000000000e+00
9.999999999999999547e-08 7.448275862068965125e+01 5.924832486509109881e-40
1.570722177858955235e-07 7.448275862068965125e+01 7.422178545608087572e-40
2.467168160017974759e-07 7.448275862068965125e+01 9.304546732717634305e-40
3.875235745447704705e-07 7.448275862068965125e+01 1.165658625074649929e-39
6.086918729806477832e-07 7.448275862068965125e+01 1.466017128797978167e-39
9.560858243732097832e-07 7.448275862068965125e+01 1.836134355913223225e-39
1.501745208279559457e-06 7.448275862068965125e+01 2.297270882020903460e-39
2.358824504138120291e-06 7.448275862068965125e+01 2.882841111536245972e-39
3.705057962326890850e-06 7.448275862068965125e+01 3.611284261115694467e-39
5.819616711679756959e-06 7.448275862068965125e+01 4.526372702966401004e-39
9.141001035673980586e-06 7.448275862068965125e+01 5.664488835269011764e-39
1.435797305456480187e-05 7.448275862068965125e+01 7.118799412230951683e-39
2.255238670590617512e-05 7.448275862068965125e+01 8.926233864927425204e-39
3.542353396261829838e-05 7.448275862068965125e+01 1.117977840578188204e-38
5.564053041322448024e-05 7.448275862068965125e+01 1.401493207025638095e-38
8.739581510788721876e-05 7.448275862068965125e+01 1.758969328752774612e-38
1.372745450420190597e-04 7.448275862068965125e+01 2.212765736224120824e-38
2.156201723529972160e-04 7.448275862068965125e+01 2.771700927227467852e-38
3.386793867086227393e-04 7.448275862068965125e+01 3.487933923065109395e-38
5.319712238869027301e-04 7.448275862068965125e+01 4.376462220175899843e-38
8.355789993419287772e-04 7.448275862068965125e+01 5.512485900627772057e-38
1.312462465619559752e-03 7.448275862068965125e+01 6.946423152371196060e-38
2.061513902356088782e-03 7.448275862068965125e+01 8.786915987722384984e-38
3.238065606395263037e-03 7.448275862068965125e+01 1.116098099766047457e-37
5.086101461327346106e-03 7.448275862068965125e+01 1.419784149768189005e-37
7.988852364147688845e-03 7.448275862068965125e+01 1.825778258745296177e-37
1.254826758400772076e-02 7.448275862068965125e+01 2.374427098787264666e-37
1.970984218790949871e-02 7.448275862068965125e+01 3.131037640020249189e-37
3.095868624664952287e-02 7.448275862068965125e+01 4.212103370391604416e-37
4.862749508498932782e-02 7.448275862068965125e+01 5.889084395307716769e-37
7.638028498372008424e-02 7.448275862068965125e+01 8.623264278202347016e-37
1.199722075751162159e-01 7.448275862068965125e+01 1.390729940874898139e-36
1.884430071649332017e-01 7.448275862068965125e+01 3.417049413124821373e-36
2.959916106163946181e-01 7.448275862068965125e+01 3.028774307325392723e-35
4.649205872553618946e-01 7.448275862068965125e+01 0.000000000000000000e+00
9.999999999999999547e-08 8.068965517241380780e+01 6.066396547507933412e-40
1.570722177858955235e-07 8.068965517241380780e+01 7.614067664007334496e-40
2.467168160017974759e-07 8.068965517241380780e+01 9.531424395787623833e-40
3.875235745447704705e-07 8.068965517241380780e+01 1.193413941510175237e-39
6.086918729806477832e-07 8.068965517241380780e+01 1.496343356803479806e-39
9.560858243732097832e-07 8.068965517241380780e+01 1.876237550612786325e-39
1.501745208279559457e-06 8.068965517241380780e+01 2.352609677092102984e-39
2.358824504138120291e-06 8.068965517241380780e+01 2.953064827598229792e-39
3.705057962326890850e-06 8.068965517241380780e+01 3.697022922470560692e-39
5.819616711679756959e-06 8.068965517241380780e+01 4.640407844293508710e-39
9.141001035673980586e-06 8.068965517241380780e+01 5.798928193419852750e-39
1.435797305456480187e-05 8.068965517241380780e+01 7.270055706444628063e-39
2.255238670590617512e-05 8.068965517241380780e+01 9.117844200524063055e-39
3.542353396261829838e-05 8.068965517241380780e+01 1.145669269092469884e-38
5.564053041322448024e-05 8.068965517241380780e+01 1.435714692564193070e-38
8.739581510788721876e-05 8.068965517241380780e+01 1.799767029318557483e-38
1.372745450420190597e-04 8.068965517241380780e+01 2.261223836935332467e-38
2.156201723529972160e-04 8.068965517241380780e+01 2.830592795271099605e-38
3.386793867086227393e-04 8.068965517241380780e+01 3.553837733562608542e-38
5.319712238869027301e-04 8.068965517241380780e+01 4.455947186952386026e-38
8.355789993419287772e-04 8.068965517241380780e+01 5.623492222408647231e-38
1.312462465619559752e-03 8.068965517241380780e+01 7.078878830271950867e-38
2.061513902356088782e-03 8.068965517241380780e+01 8.931099186615567913e-38
3.238065606395263037e-03 8.068965517241380780e+01 1.130605356388512699e-37
5.086101461327346106e-03 8.068965517241380780e+01 1.438833122669418242e-37
7.988852364147688845e-03 8.068965517241380780e+01 1.835156876981559546e-37
1.254826758400772076e-02 8.068965517241380780e+01 2.372966741250322606e-37
1.970984218790949871e-02 8.068965517241380780e+01 3.108811336619088014e-37
3.095868624664952287e-02 8.068965517241380780e+01 4.165754466875115513e-37
4.862749508498932782e-02 8.068965517241380780e+01 5.760339347113920670e-37
7.638028498372008424e-02 8.068965517241380780e+01 8.342727178780528006e-37
1.199722075751162159e-01 8.068965517241380780e+01 1.332752315702733477e-36
1.884430071649332017e-01 8.068965517241380780e+01 3.961868057538300771e-36
2.959916106163946181e-01 8.068965517241380780e+01 2.300788423142308070e-35
4.649205872553618946e-01 8.068965517241380780e+01 0.000000000000000000e+00
9.999999999999999547e-08 8.689655172413793593e+01 6.139916455189714451e-40
1.570722177858955235e-07 8.689655172413793593e+01 7.699172217397702873e-40
2.467168160017974759e-07 8.689655172413793593e+01 9.658481679396907625e-40
3.875235745447704705e-07 8.689655172413793593e+01 1.210104921271848453e-39
6.086918729806477832e-07 8.689655172413793593e+01 1.509905409424063791e-39
9.560858243732097832e-07 8.689655172413793593e+01 1.898887454207708174e-39
1.501745208279559457e-06 8.689655172413793593e+01 2.376733044861778089e-39
2.358824504138120291e-06 8.689655172413793593e+01 2.977053886248852776e-39
3.705057962326890850e-06 8.689655172413793593e+01 3.733212045238656475e-39
5.819616711679756959e-06 8.689655172413793593e+01 4.685438451492969466e-39
9.141001035673980586e-06 8.689655172413793593e+01 5.866496345318707536e-39
1.435797305456480187e-05 8.689655172413793593e+01 7.363821031591521248e-39
2.255238670590617512e-05 8.689655172413793593e+01 9.208986658957352042e-39
3.542353396261829838e-05 8.689655172413793593e+01 1.159362060348807873e-38
5.564053041322448024e-05 8.689655172413793593e+01 1.447996510622425142e-38
8.739581510788721876e-05 8.689655172413793593e+01 1.817988320376368971e-38
1.372745450420190597e-04 8.689655172413793593e+01 2.272800425863506940e-38
2.156201723529972160e-04 8.689655172413793593e+01 2.852969597471497641e-38
3.386793867086227393e-04 8.689655172413793593e+01 3.583319033114347317e-38
5.319712238869027301e-04 8.689655172413793593e+01 4.495254486970850450e-38
8.355789993419287772e-04 8.689655172413793593e+01 5.652881104639264943e-38
1.312462465619559752e-03 8.689655172413793593e+01 7.111294870037038414e-38
2.061513902356088782e-03 8.689655172413793593e+01 8.965491579984382813e-38
3.238065606395263037e-03 8.689655172413793593e+01 1.131309652759543128e-37
5.086101461327346106e-03 8.689655172413793593e+01 1.433770192429099092e-37
7.988852364147688845e-03 8.689655172413793593e+01 1.827979361857982567e-37
1.254826758400772076e-02 8.689655172413793593e+01 2.355572713099210189e-37
1.970984218790949871e-02 8.689655172413793593e+01 3.067449625317792093e-37
3.095868624664952287e-02 8.689655172413793593e+01 4.060912150820596094e-37
4.862749508498932782e-02 8.689655172413793593e+01 5.534663408053279150e-37
7.638028498372008424e-02 8.689655172413793593e+01 7.971637384094627673e-37
1.199722075751162159e-01 8.689655172413793593e+01 1.273096085768307530e-36
1.884430071649332017e-01 8.689655172413793593e+01 4.773213642305911865e-36
2.959916106163946181e-01 8.689655172413793593e+01 1.676301299977127283e-35
4.649205872553618946e-01 8.689655172413793593e+01 0.000000000000000000e+00
9.999999999999999547e-08 9.310344827586206407e+01 6.147476510231637335e-40
1.570722177858955235e-07 9.310344827586206407e+01 7.692856423105222436e-40
2.467168160017974759e-07 9.310344827586206407e+01 9.637586010754821937e-40
3.875235745447704705e-07 9.310344827586206407e+01 1.208928422509516960e-39
6.086918729806477832e-07 9.310344827586206407e+01 1.516517981355190095e-39
9.560858243732097832e-07 9.310344827586206407e+01 1.900444283444248372e-39
1.501745208279559457e-06 9.310344827586206407e+01 2.382338229522745867e-39
2.358824504138120291e-06 9.310344827586206407e+01 2.977394318635031351e-39
3.705057962326890850e-06 9.310344827586206407e+01 3.735367698928466524e-39
5.819616711679756959e-06 9.310344827586206407e+01 4.694130996660691926e-39
9.141001035673980586e-06 9.310344827586206407e+01 5.876685775102030159e-39
1.435797305456480187e-05 9.310344827586206407e+01 7.354245931722337271e-39
2.255238670590617512e-05 9.310344827586206407e+01 9.221528036371138552e-39
3.542353396261829838e-05 9.310344827586206407e+01 1.154273983769967394e-38
5.564053041322448024e-05 9.310344827586206407e+01 1.445182787780908208e-38
8.739581510788721876e-05 9.310344827586206407e+01 1.817069560684336160e-38
1.372745450420190597e-04 9.310344827586206407e+01 2.274135324590160412e-38
2.156201723529972160e-04 9.310344827586206407e+01 2.848670919454782354e-38
3.386793867086227393e-04 9.310344827586206407e+01 3.573778297744939858e-38
5.319712238869027301e-04 9.310344827586206407e+01 4.477193498200371946e-38
8.355789993419287772e-04 9.310344827586206407e+01 5.626491595527372834e-38
1.312462465619559752e-03 9.310344827586206407e+01 7.054534449235903172e-38
2.061513902356088782e-03 9.310344827586206407e+01 8.885002619745419961e-38
3.238065606395263037e-03 9.310344827586206407e+01 1.120294774147621596e-37
5.086101461327346106e-03 9.310344827586206407e+01 1.416891397047191828e-37
7.988852364147688845e-03 9.310344827586206407e+01 1.798323233180311552e-37
1.254826758400772076e-02 9.310344827586206407e+01 2.301479879128716900e-37
1.970984218790949871e-02 9.310344827586206407e+01 2.986195930532001245e-37
3.095868624664952287e-02 9.310344827586206407e+01 3.919175577265451940e-37
4.862749508498932782e-02 9.310344827586206407e+01 5.297872352709371589e-37
7.638028498372008424e-02 9.310344827586206407e+01 7.563819808059232996e-37
1.199722075751162159e-01 9.310344827586206407e+01 1.215405258298915914e-36
1.884430071649332017e-01 9.310344827586206407e+01 5.872213920483531576e-36
2.959916106163946181e-01 9.310344827586206407e+01 1.190468346949808143e-35
4.649205872553618946e-01 9.310344827586206407e+01 0.000000000000000000e+00
9.999999999999999547e-08 9.931034482758620641e+01 6.058638708015035884e-40
1.570722177858955235e-07 9.931034482758620641e+01 7.606147460425548226e-40
2.467168160017974759e-07 9.931034482758620641e+01 9.530108259278234467e-40
3.875235745447704705e-07 9.931034482758620641e+01 1.195258492827947961e-39
6.086918729806477832e-07 9.931034482758620641e+01 1.498549314223188438e-39
9.560858243732097832e-07 9.931034482758620641e+01 1.874742304660210643e-39
1.501745208279559457e-06 9.931034482758620641e+01 2.351542841192852512e-39
2.358824504138120291e-06 9.931034482758620641e+01 2.948365817427944938e-39
3.705057962326890850e-06 9.931034482758620641e+01 3.689072175150645793e-39
5.819616711679756959e-06 9.931034482758620641e+01 4.625737704261167546e-39
9.141001035673980586e-06 9.931034482758620641e+01 5.795396290692526859e-39
1.435797305456480187e-05 9.931034482758620641e+01 7.261080883483209983e-39
2.255238670590617512e-05 9.931034482758620641e+01 9.099250014246676890e-39
3.542353396261829838e-05 9.931034482758620641e+01 1.142472666786391592e-38
5.564053041322448024e-05 9.931034482758620641e+01 1.434247898602591120e-38
8.739581510788721876e-05 9.931034482758620641e+01 1.791399607411199017e-38
1.372745450420190597e-04 9.931034482758620641e+01 2.242547823812244194e-38
2.156201723529972160e-04 9.931034482758620641e+01 2.814845230940127419e-38
3.386793867086227393e-04 9.931034482758620641e+01 3.519298673974336062e-38
5.319712238869027301e-04 9.931034482758620641e+01 4.414531636874317977e-38
8.355789993419287772e-04 9.931034482758620641e+01 5.538691756148582409e-38
1.312462465619559752e-03 9.931034482758620641e+01 6.936045696242265939e-38
2.061513902356088782e-03 9.931034482758620641e+01 8.706045225624453849e-38
3.238065606395263037e-03 9.931034482758620641e+01 1.091625005117905812e-37
5.086101461327346106e-03 9.931034482758620641e+01 1.381092688745931795e-37
7.988852364147688845e-03 9.931034482758620641e+01 1.745765140079724849e-37
1.254826758400772076e-02 9.931034482758620641e+01 2.226811477572559873e-37
1.970984218790949871e-02 9.931034482758620641e+01 2.859580592473441890e-37
3.095868624664952287e-02 9.931034482758620641e+01 3.733866700686919184e-37
4.862749508498932782e-02 9.931034482758620641e+01 5.014770390561406496e-37
7.638028498372008424e-02 9.931034482758620641e+01 7.112061568040667269e-37
1.199722075751162159e-01 9.931034482758620641e+01 1.175921224546724192e-36
1.884430071649332017e-01 9.931034482758620641e+01 6.859349441402033798e-36
2.959916106163946181e-01 9.931034482758620641e+01 8.016486095095957501e-36
4.649205872553618946e-01 9.931034482758620641e+01 0.000000000000000000e+00
9.999999999999999547e-08 1.055172413793103630e+02 5.935593140938815412e-40
1.570722177858955235e-07 1.055172413793103630e+02 7.416935237015191193e-40
2.467168160017974759e-07 1.055172413793103630e+02 9.300328066109725545e-40
3.875235745447704705e-07 1.055172413793103630e+02 1.167851604614389812e-39
6.086918729806477832e-07 1.055172413793103630e+02 1.459105831397662513e-39
9.560858243732097832e-07 1.055172413793103630e+02 1.828972888639540350e-39
1.501745208279559457e-06 1.055172413793103630e+02 2.295800418602929831e-39
2.358824504138120291e-06 1.055172413793103630e+02 2.876090134960559230e-39
3.705057962326890850e-06 1.055172413793103630e+02 3.605428916193471122e-39
5.819616711679756959e-06 1.055172413793103630e+02 4.510438339557194858e-39
9.141001035673980586e-06 1.055172413793103630e+02 5.657867272296708783e-39
1.435797305456480187e-05 1.055172413793103630e+02 7.093674491964098175e-39
2.255238670590617512e-05 1.055172413793103630e+02 8.879093908255758782e-39
3.542353396261829838e-05 1.055172413793103630e+02 1.114340600400125203e-38
5.564053041322448024e-05 1.055172413793103630e+02 1.395008393474672673e-38
8.739581510788721876e-05 1.055172413793103630e+02 1.746442510860074991e-38
1.372745450420190597e-04 1.055172413793103630e+02 2.186977234335201249e-38
2.156201723529972160e-04 1.055172413793103630e+02 2.741752906131612433e-38
3.386793867086227393e-04 1.055172413793103630e+02 3.431319834919669382e-38
5.319712238869027301e-04 1.055172413793103630e+02 4.299388241295069103e-38
8.355789993419287772e-04 1.055172413793103630e+02 5.374315163582912860e-38
1.312462465619559752e-03 1.055172413793103630e+02 6.724350140242240009e-38
2.061513902356088782e-03 1.055172413793103630e+02 8.421409481734364955e-38
3.238065606395263037e-03 1.055172413793103630e+02 1.057969795202105699e-37
5.086101461327346106e-03 1.055172413793103630e+02 1.328971674994133238e-37
7.988852364147688845e-03 1.055172413793103630e+02 1.676613461072962786e-37
1.254826758400772076e-02 1.055172413793103630e+02 2.126714397951511231e-37
1.970984218790949871e-02 1.055172413793103630e+02 2.720258549450787093e-37
3.095868624664952287e-02 1.055172413793103630e+02 3.532123271747201074e-37
4.862749508498932782e-02 1.055172413793103630e+02 4.706867285880282444e-37
7.638028498372008424e-02 1.055172413793103630e+02 6.632225459731264802e-37
1.199722075751162159e-01 1.055172413793103630e+02 1.147510860368115652e-36
1.884430071649332017e-01 1.055172413793103630e+02 7.466356122938700758e-36
2.959916106163946181e-01 1.055172413793103630e+02 5.074461516136156945e-36
4.649205872553618946e-01 1.055172413793103630e+02 0.000000000000000000e+00
9.999999999999999547e-08 1.117241379310344911e+02 5.706015617692838213e-40
1.570722177858955235e-07 1.117241379310344911e+02 7.149177156121965552e-40
2.467168160017974759e-07 1.117241379310344911e+02 8.979088000163813033e-40
3.875235745447704705e-07 1.117241379310344911e+02 1.124770074743472091e-39
6.086918729806477832e-07 1.117241379310344911e+02 1.408435133676474165e-39
9.560858243732097832e-07 1.117241379310344911e+02 1.766314893606451940e-39
1.501745208279559457e-06 1.117241379310344911e+02 2.215501220349562438e-39
2.358824504138120291e-06 1.117241379310344911e+02 2.765052731700615681e-39
3.705057962326890850e-06 1.117241379310344911e+02 3.483057053963066479e-39
5.819616711679756959e-06 1.117241379310344911e+02 4.353178676669305730e-39
9.141001035673980586e-06 1.117241379310344911e+02 5.454764349213034790e-39
1.435797305456480187e-05 1.117241379310344911e+02 6.827566854946841758e-39
2.255238670590617512e-05 1.117241379310344911e+02 8.553711604421112001e-39
3.542353396261829838e-05 1.117241379310344911e+02 1.072295890551890112e-38
5.564053041322448024e-05 1.117241379310344911e+02 1.343285966004259724e-38
8.739581510788721876e-05 1.117241379310344911e+02 1.683784067431140541e-38
1.372745450420190597e-04 1.117241379310344911e+02 2.104114937770110521e-38
2.156201723529972160e-04 1.117241379310344911e+02 2.626246888575986120e-38
3.386793867086227393e-04 1.117241379310344911e+02 3.283331129509521024e-38
5.319712238869027301e-04 1.117241379310344911e+02 4.112645854227279628e-38
8.355789993419287772e-04 1.117241379310344911e+02 5.147163052373194157e-38
1.312462465619559752e-03 1.117241379310344911e+02 6.453534059934952868e-38
2.061513902356088782e-03 1.117241379310344911e+02 8.069727502203204628e-38
3.238065606395263037e-03 1.117241379310344911e+02 1.010458604900004989e-37
5.086101461327346106e-03 1.117241379310344911e+02 1.265459882891143414e-37
7.988852364147688845e-03 1.117241379310344911e+02 1.590738148977563511e-37
1.254826758400772076e-02 1.117241379310344911e+02 2.007704216723194645e-37
1.970984218790949871e-02 1.117241379310344911e+02 2.553697252795027959e-37
3.095868624664952287e-02 1.117241379310344911e+02 3.298997056647920140e-37
4.862749508498932782e-02 1.117241379310344911e+02 4.371920847235600704e-37
7.638028498372008424e-02 1.117241379310344911e+02 6.140139775882825851e-37
1.199722075751162159e-01 1.117241379310344911e+02 1.130510083962759593e-36
1.884430071649332017e-01 1.117241379310344911e+02 7.746901306243055867e-36
2.959916106163946181e-01 1.117241379310344911e+02 2.992454799636828141e-36
4.649205872553618946e-01 1.117241379310344911e+02 0.000000000000000000e+00
9.999999999999999547e-08 1.179310344827586192e+02 5.423479016058789767e-40
1.570722177858955235e-07 1.179310344827586192e+02 6.800699226358660601e-40
2.467168160017974759e-07 1.179310344827586192e+02 8.525123023899740653e-40
3.875235745447704705e-07 1.179310344827586192e+02 1.068275623105231054e-39
6.086918729806477832e-07 1.179310344827586192e+02 1.340892741610530504e-39
9.560858243732097832e-07 1.179310344827586192e+02 1.681624599346145566e-39
1.501745208279559457e-06 1.179310344827586192e+02 2.102685441805284865e-39
2.358824504138120291e-06 1.179310344827586192e+02 2.635381231926411188e-39
3.705057962326890850e-06 1.179310344827586192e+02 3.301139815538052276e-39
5.819616711679756959e-06 1.179310344827586192e+02 4.135568059221719950e-39
9.141001035673980586e-06 1.179310344827586192e+02 5.181490270117911277e-39
1.435797305456480187e-05 1.179310344827586192e+02 6.496008516274467332e-39
2.255238670590617512e-05 1.179310344827586192e+02 8.148031675506097822e-39
3.542353396261829838e-05 1.179310344827586192e+02 1.017826081406642486e-38
5.564053041322448024e-05 1.179310344827586192e+02 1.272145398834185366e-38
8.739581510788721876e-05 1.179310344827586192e+02 1.594618161974634067e-38
1.372745450420190597e-04 1.179310344827586192e+02 1.994844927220443332e-38
2.156201723529972160e-04 1.179310344827586192e+02 2.494952647944116757e-38
3.386793867086227393e-04 1.179310344827586192e+02 3.120121176882227165e-38
5.319712238869027301e-04 1.179310344827586192e+02 3.902954194245316922e-38
8.355789993419287772e-04 1.179310344827586192e+02 4.879434011628472899e-38
1.312462465619559752e-03 1.179310344827586192e+02 6.093406253486135050e-38
2.061513902356088782e-03 1.179310344827586192e+02 7.611681695931905698e-38
3.238065606395263037e-03 1.179310344827586192e+02 9.504749610659132366e-38
5.086101461327346106e-03 1.179310344827586192e+02 1.189530095922904378e-37
7.988852364147688845e-03 1.179310344827586192e+02 1.489884499863456863e-37
1.254826758400772076e-02 1.179310344827586192e+02 1.871221075944008424e-37
1.970984218790949871e-02 1.179310344827586192e+02 2.370106680050960953e-37
3.095868624664952287e-02 1.179310344827586192e+02 3.038380199969293351e-37
4.862749508498932782e-02 1.179310344827586192e+02 4.017172015560831446e-37
7.638028498372008424e-02 1.179310344827586192e+02 5.626783145664707674e-37
1.199722075751162159e-01 1.179310344827586192e+02 1.127069112008262093e-36
1.884430071649332017e-01 1.179310344827586192e+02 7.401669495687476453e-36
2.959916106163946181e-01 1.179310344827586192e+02 1.649317546205588143e-36
4.649205872553618946e-01 1.179310344827586192e+02 0.000000000000000000e+00
9.999999999999999547e-08 1.241379310344827616e+02 5.092954274394557219e-40
1.570722177858955235e-07 1.241379310344827616e+02 6.367302220016890033e-40
2.467168160017974759e-07 1.241379310344827616e+02 7.983944553120489907e-40
3.875235745447704705e-07 1.241379310344827616e+02 1.001864115529702634e-39
6.086918729806477832e-07 1.241379310344827616e+02 1.255112599860226826e-39
9.560858243732097832e-07 1.241379310344827616e+02 1.571807617096154353e-39
1.501745208279559457e-06 1.241379310344827616e+02 1.969554834909139059e-39
2.358824504138120291e-06 1.241379310344827616e+02 2.468404776092593592e-39
3.705057962326890850e-06 1.241379310344827616e+02 3.098295464113563083e-39
5.819616711679756959e-06 1.241379310344827616e+02 3.877692333568316559e-39
9.141001035673980586e-06 1.241379310344827616e+02 4.852754571193657689e-39
1.435797305456480187e-05 1.241379310344827616e+02 6.082443851436753700e-39
2.255238670590617512e-05 1.241379310344827616e+02 7.608283655368842347e-39
3.542353396261829838e-05 1.241379310344827616e+02 9.533066922327175951e-39
5.564053041322448024e-05 1.241379310344827616e+02 1.193261965736871873e-38
8.739581510788721876e-05 1.241379310344827616e+02 1.491552420013958264e-38
1.372745450420190597e-04 1.241379310344827616e+02 1.869208180776936853e-38
2.156201723529972160e-04 1.241379310344827616e+02 2.339706956689158792e-38
3.386793867086227393e-04 1.241379310344827616e+02 2.924196672040181652e-38
5.319712238869027301e-04 1.241379310344827616e+02 3.641519913622545146e-38
8.355789993419287772e-04 1.241379310344827616e+02 4.551575898145641547e-38
1.312462465619559752e-03 1.241379310344827616e+02 5.676498476975053131e-38
2.061513902356088782e-03 1.241379310344827616e+02 7.061153876612846476e-38
3.238065606395263037e-03 1.241379310344827616e+02 8.816167400394160021e-38
5.086101461327346106e-03 1.241379310344827616e+02 1.103211887186000318e-37
7.988852364147688845e-03 1.241379310344827616e+02 1.374545365147987891e-37
1.254826758400772076e-02 1.241379310344827616e+02 1.722694749420499044e-37
1.970984218790949871e-02 1.241379310344827616e+02 2.174100096230460122e-37
3.095868624664952287e-02 1.241379310344827616e+02 2.774421815848826145e-37
4.862749508498932782e-02 1.241379310344827616e+02 3.640992272792883219e-37
7.638028498372008424e-02 1.241379310344827616e+02 5.114623931291693053e-37
1.199722075751162159e-01 1.241379310344827616e+02 1.115883970026160655e-36
1.884430071649332017e-01 1.241379310344827616e+02 6.706075994182820187e-36
2.959916106163946181e-01 1.241379310344827616e+02 8.716792691826316654e-37
4.649205872553618946e-01 1.241379310344827616e+02 0.000000000000000000e+00
9.999999999999999547e-08 1.303448275862068897e+02 4.689134188691632147e-40
1.570722177858955235e-07 1.303448275862068897e+02 5.868728185585300236e-40
2.467168160017974759e-07 1.303448275862068897e+02 7.343734131088936113e-40
3.875235745447704705e-07 1.303448275862068897e+02 9.209021263996591201e-40
6.086918729806477832e-07 1.303448275862068897e+02 1.152991767387763670e-39
9.560858243732097832e-07 1.303448275862068897e+02 1.441944851188140338e-39
1.501745208279559457e-06 1.303448275862068897e+02 1.814072649704646582e-39
2.358824504138120291e-06 1.303448275862068897e+02 2.275450442954585900e-39
3.705057962326890850e-06 1.303448275862068897e+02 2.845058787684607418e-39
5.819616711679756959e-06 1.303448275862068897e+02 3.568841031175163690e-39
9.141001035673980586e-06 1.303448275862068897e+02 4.463789008978382952e-39
1.435797305456480187e-05 1.303448275862068897e+02 5.605288933127645360e-39
2.255238670590617512e-05 1.303448275862068897e+02 7.013885057327067376e-39
3.542353396261829838e-05 1.303448275862068897e+02 8.750074597927542351e-39
5.564053041322448024e-05 1.303448275862068897e+02 1.097328170758050600e-38
8.739581510788721876e-05 1.303448275862068897e+02 1.372962624035641736e-38
1.372745450420190597e-04 1.303448275862068897e+02 1.718560120833129432e-38
2.156201723529972160e-04 1.303448275862068897e+02 2.141946906297272512e-38
3.386793867086227393e-04 1.303448275862068897e+02 2.678369226731053017e-38
5.319712238869027301e-04 1.303448275862068897e+02 3.342868820612780076e-38
8.355789993419287772e-04 1.303448275862068897e+02 4.173520510935898378e-38
1.312462465619559752e-03 1.303448275862068897e+02 5.192845751868763755e-38
2.061513902356088782e-03 1.303448275862068897e+02 6.465997808229579670e-38
3.238065606395263037e-03 1.303448275862068897e+02 8.037579571037959563e-38
5.086101461327346106e-03 1.303448275862068897e+02 1.002972334769206774e-37
7.988852364147688845e-03 1.303448275862068897e+02 1.247616601203098970e-37
1.254826758400772076e-02 1.303448275862068897e+02 1.559958056434872978e-37
1.970984218790949871e-02 1.303448275862068897e+02 1.957367792302207468e-37
3.095868624664952287e-02 1.303448275862068897e+02 2.490605062381015494e-37
4.862749508498932782e-02 1.303448275862068897e+02 3.264855726632538221e-37
7.638028498372008424e-02 1.303448275862068897e+02 4.594781060569762306e-37
1.199722075751162159e-01 1.303448275862068897e+02 1.097724603256946165e-36
1.884430071649332017e-01 1.303448275862068897e+02 5.814614444724745047e-36
2.959916106163946181e-01 1.303448275862068897e+02 4.533002802697935590e-37
4.649205872553618946e-01 1.303448275862068897e+02 0.000000000000000000e+00
9.999999999999999547e-08 1.365517241379310462e+02 4.220865676255392683e-40
1.570722177858955235e-07 1.365517241379310462e+02 5.294130750209134324e-40
2.467168160017974759e-07 1.365517241379310462e+02 6.637816642942176866e-40
3.875235745447704705e-07 1.365517241379310462e+02 8.315424071256025935e-40
6.086918729806477832e-07 1.365517241379310462e+02 1.043256725576818237e-39
9.560858243732097832e-07 1.365517241379310462e+02 1.307376478798699814e-39
1.501745208279559457e-06 1.365517241379310462e+02 1.634123056343587174e-39
2.358824504138120291e-06 1.365517241379310462e+02 2.050297094242955898e-39
3.705057962326890850e-06 1.365517241379310462e+02 2.567558980393070042e-39
5.819616711679756959e-06 1.365517241379310462e+02 3.224220574614737429e-39
9.141001035673980586e-06 1.365517241379310462e+02 4.035375415930060970e-39
1.435797305456480187e-05 1.365517241379310462e+02 5.049144303973267813e-39
2.255238670590617512e-05 1.365517241379310462e+02 6.314271154074987363e-39
3.542353396261829838e-05 1.365517241379310462e+02 7.907912508418330970e-39
5.564053041322448024e-05 1.365517241379310462e+02 9.884621659405157053e-39
8.739581510788721876e-05 1.365517241379310462e+02 1.237973883483817648e-38
1.372745450420190597e-04 1.365517241379310462e+02 1.550448361664008783e-38
2.156201723529972160e-04 1.365517241379310462e+02 1.933462892447842049e-38
3.386793867086227393e-04 1.365517241379310462e+02 2.416276196485949031e-38
5.319712238869027301e-04 1.365517241379310462e+02 3.007170121287623778e-38
8.355789993419287772e-04 1.365517241379310462e+02 3.750683908776336271e-38
1.312462465619559752e-03 1.365517241379310462e+02 4.665551908157994499e-38
2.061513902356088782e-03 1.365517241379310462e+02 5.797945005786755385e-38
3.238065606395263037e-03 1.365517241379310462e+02 7.225554567416852648e-38
5.086101461327346106e-03 1.365517241379310462e+02 8.935108196851636491e-38
7.988852364147688845e-03 1.365517241379310462e+02 1.113140164564823003e-37
1.254826758400772076e-02 1.365517241379310462e+02 1.384301237966611153e-37
1.970984218790949871e-02 1.365517241379310462e+02 1.732268040021200195e-37
3.095868624664952287e-02 1.365517241379310462e+02 2.203513305252417857e-37
4.862749508498932782e-02 1.365517241379310462e+02 2.870508129828581656e-37
7.638028498372008424e-02 1.365517241379310462e+02 4.072650671930915844e-37
1.199722075751162159e-01 1.365517241379310462e+02 1.064605641762718947e-36
1.884430071649332017e-01 1.365517241379310462e+02 4.878802021253927455e-36
2.959916106163946181e-01 1.365517241379310462e+02 2.269631339848740252e-37
4.649205872553618946e-01 1.365517241379310462e+02 0.000000000000000000e+00
9.999999999999999547e-08 1.427586206896551744e+02 3.723174729738295508e-40
1.570722177858955235e-07 1.427586206896551744e+02 4.665072856033631844e-40
2.467168160017974759e-07 1.427586206896551744e+02 5.846216018915053701e-40
3.875235745447704705e-07 1.427586206896551744e+02 7.338444706068246529e-40
6.086918729806477832e-07 1.427586206896551744e+02 9.167684030636457540e-40
9.560858243732097832e-07 1.427586206896551744e+02 1.148967882694156984e-39
1.501745208279559457e-06 1.427586206896551744e+02 1.439851804989755216e-39
2.358824504138120291e-06 1.427586206896551744e+02 1.804066023166811520e-39
3.705057962326890850e-06 1.427586206896551744e+02 2.262350026110378970e-39
5.819616711679756959e-06 1.427586206896551744e+02 2.830705728426709123e-39
9.141001035673980586e-06 1.427586206896551744e+02 3.540606120245584277e-39
1.435797305456480187e-05 1.427586206896551744e+02 4.432679623176725266e-39
2.255238670590617512e-05 1.427586206896551744e+02 5.568850552202140408e-39
3.542353396261829838e-05 1.427586206896551744e+02 6.940650809573140940e-39
5.564053041322448024e-05 1.427586206896551744e+02 8.685236611389425894e-39
8.739581510788721876e-05 1.427586206896551744e+02 1.085356424198074054e-38
1.372745450420190597e-04 1.427586206896551744e+02 1.359864375440886822e-38
2.156201723529972160e-04 1.427586206896551744e+02 1.695585659906177651e-38
3.386793867086227393e-04 1.427586206896551744e+02 2.116081708130190595e-38
5.319712238869027301e-04 1.427586206896551744e+02 2.637522770280643309e-38
8.355789993419287772e-04 1.427586206896551744e+02 3.291828700356675364e-38
1.312462465619559752e-03 1.427586206896551744e+02 4.094841714727685917e-38
2.061513902356088782e-03 1.427586206896551744e+02 5.078905139979840611e-38
3.238065606395263037e-03 1.427586206896551744e+02 6.303718613301474722e-38
5.086101461327346106e-03 1.427586206896551744e+02 7.811128115668518548e-38
7.988852364147688845e-03 1.427586206896551744e+02 9.691976059338190514e-38
1.254826758400772076e-02 1.427586206896551744e+02 1.200710983727394376e-37
1.970984218790949871e-02 1.427586206896551744e+02 1.501371898336164711e-37
3.095868624664952287e-02 1.427586206896551744e+02 1.898484452290847244e-37
4.862749508498932782e-02 1.427586206896551744e+02 2.468820636731278420e-37
7.638028498372008424e-02 1.427586206896551744e+02 3.519970300839317271e-37
1.199722075751162159e-01 1.427586206896551744e+02 1.013356862141378912e-36
1.884430071649332017e-01 1.427586206896551744e+02 3.981879902180766013e-36
2.959916106163946181e-01 1.427586206896551744e+02 1.192602424434406203e-37
4.649205872553618946e-01 1.427586206896551744e+02 0.000000000000000000e+00
9.999999999999999547e-08 1.489655172413793025e+02 3.165258418612051394e-40
1.570722177858955235e-07 1.489655172413793025e+02 3.971021652455638856e-40
2.467168160017974759e-07 1.489655172413793025e+02 4.974927355840679694e-40
3.875235745447704705e-07 1.489655172413793025e+02 6.236430125590879135e-40
6.086918729806477832e-07 1.489655172413793025e+02 7.816145061267319953e-40
9.560858243732097832e-07 1.489655172413793025e+02 9.768195460670644682e-40
1.501745208279559457e-06 1.489655172413793025e+02 1.226460090124743282e-39
2.358824504138120291e-06 1.489655172413793025e+02 1.534989059531948834e-39
3.705057962326890850e-06 1.489655172413793025e+02 1.926953903026783415e-39
5.819616711679756959e-06 1.489655172413793025e+02 2.411201911280391152e-39
9.141001035673980586e-06 1.489655172413793025e+02 3.017025007423838676e-39
1.435797305456480187e-05 1.489655172413793025e+02 3.781926449029822967e-39
2.255238670590617512e-05 1.489655172413793025e+02 4.725300138596413963e-39
3.542353396261829838e-05 1.489655172413793025e+02 5.908235601949205425e-39
5.564053041322448024e-05 1.489655172413793025e+02 7.410104448589191404e-39
8.739581510788721876e-05 1.489655172413793025e+02 9.252155521636084904e-39
1.372745450420190597e-04 1.489655172413793025e+02 1.155822915466004825e-38
2.156201723529972160e-04 1.489655172413793025e+02 1.443126244663892897e-38
3.386793867086227393e-04 1.489655172413793025e+02 1.800973242412043389e-38
5.319712238869027301e-04 1.489655172413793025e+02 2.243897323596713050e-38
8.355789993419287772e-04 1.489655172413793025e+02 2.793374340816404256e-38
1.312462465619559752e-03 1.489655172413793025e+02 3.476964265388364511e-38
2.061513902356088782e-03 1.489655172413793025e+02 4.301509637836235876e-38
3.238065606395263037e-03 1.489655172413793025e+02 5.331948403203598024e-38
5.086101461327346106e-03 1.489655172413793025e+02 6.593743038022220520e-38
7.988852364147688845e-03 1.489655172413793025e+02 8.161395062775383833e-38
1.254826758400772076e-02 1.489655172413793025e+02 1.014643927735580208e-37
1.970984218790949871e-02 1.489655172413793025e+02 1.260112746589056443e-37
3.095868624664952287e-02 1.489655172413793025e+02 1.592530748547447367e-37
4.862749508498932782e-02 1.489655172413793025e+02 2.071943452803468341e-37
7.638028498372008424e-02 1.489655172413793025e+02 2.986028134063200254e-37
1.199722075751162159e-01 1.489655172413793025e+02 9.198524129477783905e-37
1.884430071649332017e-01 1.489655172413793025e+02 3.134409269317776802e-36
2.959916106163946181e-01 1.489655172413793025e+02 6.093973420257650807e-38
4.649205872553618946e-01 1.489655172413793025e+02 0.000000000000000000e+00
9.999999999999999547e-08 1.551724137931034591e+02 2.580457961367838354e-40
1.570722177858955235e-07 1.551724137931034591e+02 3.235034841951133834e-40
2.467168160017974759e-07 1.551724137931034591e+02 4.055258365560694039e-40
3.875235745447704705e-07 1.551724137931034591e+02 5.076874244990006565e-40
6.086918729806477832e-07 1.551724137931034591e+02 6.366398638423249572e-40
9.560858243732097832e-07 1.551724137931034591e+02 7.973657000950625437e-40
1.501745208279559457e-06 1.551724137931034591e+02 9.951422195218252900e-40
2.358824504138120291e-06 1.551724137931034591e+02 1.253050452222276500e-39
3.705057962326890850e-06 1.551724137931034591e+02 1.567101214117013038e-39
5.819616711679756959e-06 1.551724137931034591e+02 1.962656953189247592e-39
9.141001035673980586e-06 1.551724137931034591e+02 2.459263542661259294e-39
1.435797305456480187e-05 1.551724137931034591e+02 3.078983217218759891e-39
2.255238670590617512e-05 1.551724137931034591e+02 3.857942462636891332e-39
3.542353396261829838e-05 1.551724137931034591e+02 4.809245059572230328e-39
5.564053041322448024e-05 1.551724137931034591e+02 6.024613415033701415e-39
8.739581510788721876e-05 1.551724137931034591e+02 7.539466080546378832e-39
1.372745450420190597e-04 1.551724137931034591e+02 9.410091439989078641e-39
2.156201723529972160e-04 1.551724137931034591e+02 1.174646170687747234e-38
3.386793867086227393e-04 1.551724137931034591e+02 1.463422073499322766e-38
5.319712238869027301e-04 1.551724137931034591e+02 1.821817851998184752e-38
8.355789993419287772e-04 1.551724137931034591e+02 2.270522347060541786e-38
1.312462465619559752e-03 1.551724137931034591e+02 2.815635749133734364e-38
2.061513902356088782e-03 1.551724137931034591e+02 3.494007414057664082e-38
3.238065606395263037e-03 1.551724137931034591e+02 4.314495727225675724e-38
5.086101461327346106e-03 1.551724137931034591e+02 5.338815526138929135e-38
7.988852364147688845e-03 1.551724137931034591e+02 6.604076892567373213e-38
1.254826758400772076e-02 1.551724137931034591e+02 8.162243732140726813e-38
1.970984218790949871e-02 1.551724137931034591e+02 1.016866208863992491e-37
3.095868624664952287e-02 1.551724137931034591e+02 1.278706820001779589e-37
4.862749508498932782e-02 1.551724137931034591e+02 1.662794224655029826e-37
7.638028498372008424e-02 1.551724137931034591e+02 2.405040865550887065e-37
1.199722075751162159e-01 1.551724137931034591e+02 7.894115234049214220e-37
1.884430071649332017e-01 1.551724137931034591e+02 2.377382866885433493e-36
2.959916106163946181e-01 1.551724137931034591e+02 3.223349052854056051e-38
4.649205872553618946e-01 1.551724137931034591e+02 0.000000000000000000e+00
9.999999999999999547e-08 1.613793103448276156e+02 1.965694126810899956e-40
1.570722177858955235e-07 1.613793103448276156e+02 2.465498698660832006e-40
2.467168160017974759e-07 1.613793103448276156e+02 3.083660731735547599e-40
3.875235745447704705e-07 1.613793103448276156e+02 3.859886016429724131e-40
6.086918729806477832e-07 1.613793103448276156e+02 4.840515844334593471e-40
9.560858243732097832e-07 1.613793103448276156e+02 6.074181950986577439e-40
1.501745208279559457e-06 1.613793103448276156e+02 7.596370201602877212e-40
2.358824504138120291e-06 1.613793103448276156e+02 9.520891068533342356e-40
3.705057962326890850e-06 1.613793103448276156e+02 1.193686567221008096e-39
5.819616711679756959e-06 1.613793103448276156e+02 1.492184433010508876e-39
9.141001035673980586e-06 1.613793103448276156e+02 1.867792545234400647e-39
1.435797305456480187e-05 1.613793103448276156e+02 2.338322579025350724e-39
2.255238670590617512e-05 1.613793103448276156e+02 2.927027493742857160e-39
3.542353396261829838e-05 1.613793103448276156e+02 3.662776396536853691e-39
5.564053041322448024e-05 1.613793103448276156e+02 4.583940421979134152e-39
8.739581510788721876e-05 1.613793103448276156e+02 5.726740006086521227e-39
1.372745450420190597e-04 1.613793103448276156e+02 7.145183274658629944e-39
2.156201723529972160e-04 1.613793103448276156e+02 8.915467517651963939e-39
3.386793867086227393e-04 1.613793103448276156e+02 1.112749166652841609e-38
5.319712238869027301e-04 1.613793103448276156e+02 1.382154934142493780e-38
8.355789993419287772e-04 1.613793103448276156e+02 1.720981859147666154e-38
1.312462465619559752e-03 1.613793103448276156e+02 2.140579241021544431e-38
2.061513902356088782e-03 1.613793103448276156e+02 2.645391848604289362e-38
3.238065606395263037e-03 1.613793103448276156e+02 3.278199464018453723e-38
5.086101461327346106e-03 1.613793103448276156e+02 4.048731640703182198e-38
7.988852364147688845e-03 1.613793103448276156e+02 4.994507225131168108e-38
1.254826758400772076e-02 1.613793103448276156e+02 6.178172475947013646e-38
1.970984218790949871e-02 1.613793103448276156e+02 7.651084026870675778e-38
3.095868624664952287e-02 1.613793103448276156e+02 9.636856024171541366e-38
4.862749508498932782e-02 1.613793103448276156e+02 1.249327981997662832e-37
7.638028498372008424e-02 1.613793103448276156e+02 1.823332727552210968e-37
1.199722075751162159e-01 1.613793103448276156e+02 6.297039002300359169e-37
1.884430071649332017e-01 1.613793103448276156e+02 1.710003057988154727e-36
2.959916106163946181e-01 1.613793103448276156e+02 1.808902065923475024e-38
4.649205872553618946e-01 1.613793103448276156e+02 0.000000000000000000e+00
9.999999999999999547e-08 1.675862068965517437e+02 1.321747872796994889e-40
1.570722177858955235e-07 1.675862068965517437e+02 1.652313947784469213e-40
2.467168160017974759e-07 1.675862068965517437e+02 2.075757894980302433e-40
3.875235745447704705e-07 1.675862068965517437e+02 2.597104440357943440e-40
6.086918729806477832e-07 1.675862068965517437e+02 3.254625867563399710e-40
9.560858243732097832e-07 1.675862068965517437e+02 4.091103135719407625e-40
1.501745208279559457e-06 1.675862068965517437e+02 5.112295530345512627e-40
2.358824504138120291e-06 1.675862068965517437e+02 6.408003237130577648e-40
3.705057962326890850e-06 1.675862068965517437e+02 8.023567923621712094e-40
5.819616711679756959e-06 1.675862068965517437e+02 1.002375784202408332e-39
9.141001035673980586e-06 1.675862068965517437e+02 1.255162710470485672e-39
1.435797305456480187e-05 1.675862068965517437e+02 1.575774844206419432e-39
2.255238670590617512e-05 1.675862068965517437e+02 1.967422155907690325e-39
3.542353396261829838e-05 1.675862068965517437e+02 2.465183390059201522e-39
5.564053041322448024e-05 1.675862068965517437e+02 3.085201984164430897e-39
8.739581510788721876e-05 1.675862068965517437e+02 3.854641576839589892e-39
1.372745450420190597e-04 1.675862068965517437e+02 4.801637012257809905e-39
2.156201723529972160e-04 1.675862068965517437e+02 5.993341812130517587e-39
3.386793867086227393e-04 1.675862068965517437e+02 7.480450318022630861e-39
5.319712238869027301e-04 1.675862068965517437e+02 9.315043788851565185e-39
8.355789993419287772e-04 1.675862068965517437e+02 1.158744155926676658e-38
1.312462465619559752e-03 1.675862068965517437e+02 1.436237889851715466e-38
2.061513902356088782e-03 1.675862068965517437e+02 1.778891453015420920e-38
3.238065606395263037e-03 1.675862068965517437e+02 2.196939899119676537e-38
5.086101461327346106e-03 1.675862068965517437e+02 2.715487960579815867e-38
7.988852364147688845e-03 1.675862068965517437e+02 3.349291651663109490e-38
1.254826758400772076e-02 1.675862068965517437e+02 4.125299526645225149e-38
1.970984218790949871e-02 1.675862068965517437e+02 5.126753142834540826e-38
3.095868624664952287e-02 1.675862068965517437e+02 6.431166736514179726e-38
4.862749508498932782e-02 1.675862068965517437e+02 8.347517002888417954e-38
7.638028498372008424e-02 1.675862068965517437e+02 1.227192812074890226e-37
1.199722075751162159e-01 1.675862068965517437e+02 4.349782321031945549e-37
1.884430071649332017e-01 1.675862068965517437e+02 1.106758120183630824e-36
2.959916106163946181e-01 1.675862068965517437e+02 9.461213361690074976e-39
4.649205872553618946e-01 1.675862068965517437e+02 0.000000000000000000e+00
9.999999999999999547e-08 1.737931034482758719e+02 6.640898174352137885e-41
1.570722177858955235e-07 1.737931034482758719e+02 8.331353950333386861e-41
2.467168160017974759e-07 1.737931034482758719e+02 1.042362853925968599e-40
3.875235745447704705e-07 1.737931034482758719e+02 1.310328700711005643e-40
6.086918729806477832e-07 1.737931034482758719e+02 1.638954922098627286e-40
9.560858243732097832e-07 1.737931034482758719e+02 2.054320396628633896e-40
1.501745208279559457e-06 1.737931034482758719e+02 2.574070141017320738e-40
2.358824504138120291e-06 1.737931034482758719e+02 3.221196638974029556e-40
3.705057962326890850e-06 1.737931034482758719e+02 4.036075288366694774e-40
5.819616711679756959e-06 1.737931034482758719e+02 5.050031709220224751e-40
9.141001035673980586e-06 1.737931034482758719e+02 6.322738433897520502e-40
1.435797305456480187e-05 1.737931034482758719e+02 7.910971011174948243e-40
2.255238670590617512e-05 1.737931034482758719e+02 9.917449587553416892e-40
3.542353396261829838e-05 1.737931034482758719e+02 1.239646973343202844e-39
5.564053041322448024e-05 1.737931034482758719e+02 1.550150962156319589e-39
8.739581510788721876e-05 1.737931034482758719e+02 1.935556865429612197e-39
1.372745450420190597e-04 1.737931034482758719e+02 2.420488415013004899e-39
2.156201723529972160e-04 1.737931034482758719e+02 3.017615251597126720e-39
3.386793867086227393e-04 1.737931034482758719e+02 3.758290714542428583e-39
5.319712238869027301e-04 1.737931034482758719e+02 4.678297946592009613e-39
8.355789993419287772e-04 1.737931034482758719e+02 5.828933132213039096e-39
1.312462465619559752e-03 1.737931034482758719e+02 7.198077579865712902e-39
2.061513902356088782e-03 1.737931034482758719e+02 8.930755664347564870e-39
3.238065606395263037e-03 1.737931034482758719e+02 1.106038583960366836e-38
5.086101461327346106e-03 1.737931034482758719e+02 1.362085460426748502e-38
7.988852364147688845e-03 1.737931034482758719e+02 1.675646280959503318e-38
1.254826758400772076e-02 1.737931034482758719e+02 2.071055632025282373e-38
1.970984218790949871e-02 1.737931034482758719e+02 2.561840681654302170e-38
3.095868624664952287e-02 1.737931034482758719e+02 3.221454319333127062e-38
4.862749508498932782e-02 1.737931034482758719e+02 4.184230018863581062e-38
7.638028498372008424e-02 1.737931034482758719e+02 6.178136066644389983e-38
1.199722075751162159e-01 1.737931034482758719e+02 2.248537808010366676e-37
1.884430071649332017e-01 1.737931034482758719e+02 5.429990307260372172e-37
2.959916106163946181e-01 1.737931034482758719e+02 4.124475132131065084e-39
4.649205872553618946e-01 1.737931034482758719e+02 0.000000000000000000e+00
9.999999999999999547e-08 1.800000000000000000e+02 7.529262907117397762e-56
1.570722177858955235e-07 1.800000000000000000e+02 9.420326413567123736e-56
2.467168160017974759e-07 1.800000000000000000e+02 1.182670925880360794e-55
3.875235745447704705e-07 1.800000000000000000e+02 1.480331391230611391e-55
6.086918729806477832e-07 1.800000000000000000e+02 1.851246487489891238e-55
9.560858243732097832e-07 1.800000000000000000e+02 2.327419164658048589e-55
1.501745208279559457e-06 1.800000000000000000e+02 2.912027191121128426e-55
2.358824504138120291e-06 1.800000000000000000e+02 3.652294123653854654e-55
3.705057962326890850e-06 1.800000000000000000e+02 4.576640439997153845e-55
5.819616711679756959e-06 1.800000000000000000e+02 5.730880545391430613e-55
9.141001035673980586e-06 1.800000000000000000e+02 7.159165114840655332e-55
1.435797305456480187e-05 1.800000000000000000e+02 8.972289135718004134e-55
2.255238670590617512e-05 1.800000000000000000e+02 1.120853736830163075e-54
3.542353396261829838e-05 1.800000000000000000e+02 1.402589933035698555e-54
5.564053041322448024e-05 1.800000000000000000e+02 1.753803230162118838e-54
8.739581510788721876e-05 1.800000000000000000e+02 2.193181684168637510e-54
1.372745450420190597e-04 1.800000000000000000e+02 2.741300282355547360e-54
2.156201723529972160e-04 1.800000000000000000e+02 3.418214975570678706e-54
3.386793867086227393e-04 1.800000000000000000e+02 4.259757086531529031e-54
5.319712238869027301e-04 1.800000000000000000e+02 5.300266498599144148e-54
8.355789993419287772e-04 1.800000000000000000e+02 6.584397322924112852e-54
1.312462465619559752e-03 1.800000000000000000e+02 8.161258946437310320e-54
2.061513902356088782e-03 1.800000000000000000e+02 1.013602457278329452e-53
3.238065606395263037e-03 1.800000000000000000e+02 1.250523192405016626e-53
5.086101461327346106e-03 1.800000000000000000e+02 1.542426275510664449e-53
7.988852364147688845e-03 1.800000000000000000e+02 1.902122599995562508e-53
1.254826758400772076e-02 1.800000000000000000e+02 2.346603724957812825e-53
1.970984218790949871e-02 1.800000000000000000e+02 2.904349726158109590e-53
3.095868624664952287e-02 1.800000000000000000e+02 3.637153693147675410e-53
4.862749508498932782e-02 1.800000000000000000e+02 4.721729725617269138e-53
7.638028498372008424e-02 1.800000000000000000e+02 7.013571671529344758e-53
1.199722075751162159e-01 1.800000000000000000e+02 2.548587500148626362e-52
1.884430071649332017e-01 1.800000000000000000e+02 6.109957003377954692e-52
2.959916106163946181e-01 1.800000000000000000e+02 4.431141462332491815e-54
4.649205872553618946e-01 1.800000000000000000e+02 0.000000000000000000e+00
