# atom 16: Tchi 0.7880462815669912 [GeV]; m_chi = 0.001 [GeV]; mS = 0.3 [GeV]; gchi =0.01; gN = 0.01
# Tchi^prime [GeV], theta [degree] ,dsigma/dTchip dtheta [cm^2/GeV]
9.999999999999999547e-08 0.000000000000000000e+00 0.000000000000000000e+00
1.592885535214725096e-07 0.000000000000000000e+00 0.000000000000000000e+00
2.537284328296300856e-07 0.000000000000000000e+00 0.000000000000000000e+00
4.041603505270179570e-07 0.000000000000000000e+00 0.000000000000000000e+00
6.437811762617998739e-07 0.000000000000000000e+00 0.000000000000000000e+00
1.025469723510942276e-06 0.000000000000000000e+00 0.000000000000000000e+00
1.633455889381223358e-06 0.000000000000000000e+00 0.000000000000000000e+00
2.601908258606654861e-06 0.000000000000000000e+00 0.000000000000000000e+00
4.144542029090266371e-06 0.000000000000000000e+00 0.000000000000000000e+00
6.601781048227371505e-06 0.000000000000000000e+00 0.000000000000000000e+00
1.051588153837608446e-05 0.000000000000000000e+00 0.000000000000000000e+00
1.675059559251080012e-05 0.000000000000000000e+00 0.000000000000000000e+00
2.668178142554203833e-05 0.000000000000000000e+00 0.000000000000000000e+00
4.250102368650674752e-05 0.000000000000000000e+00 0.000000000000000000e+00
6.769926586205501733e-05 0.000000000000000000e+00 0.000000000000000000e+00
1.078371813363233488e-04 0.000000000000000000e+00 0.000000000000000000e+00
1.717722863089567891e-04 0.000000000000000000e+00 0.000000000000000000e+00
2.736135902122996313e-04 0.000000000000000000e+00 0.000000000000000000e+00
4.358351300873408870e-04 0.000000000000000000e+00 0.000000000000000000e+00
6.942354744545533056e-04 0.000000000000000000e+00 0.000000000000000000e+00
1.105837645291589616e-03 0.000000000000000000e+00 0.000000000000000000e+00
1.761472789480881531e-03 0.000000000000000000e+00 0.000000000000000000e+00
2.805824527038428690e-03 0.000000000000000000e+00 0.000000000000000000e+00
4.469357303470210090e-03 0.000000000000000000e+00 0.000000000000000000e+00
7.119174600403985892e-03 0.000000000000000000e+00 0.000000000000000000e+00
1.134003024365157902e-02 0.000000000000000000e+00 0.000000000000000000e+00
1.806337014401007690e-02 0.000000000000000000e+00 0.000000000000000000e+00
2.877288101962317823e-02 0.000000000000000000e+00 0.000000000000000000e+00
4.583190598261207421e-02 0.000000000000000000e+00 0.000000000000000000e+00
7.300498009102399100e-02 0.000000000000000000e+00 0.000000000000000000e+00
1.162885767856308566e-01 0.000000000000000000e+00 0.000000000000000000e+00
1.852343918725382621e-01 0.000000000000000000e+00 0.000000000000000000e+00
2.950571834380621983e-01 0.000000000000000000e+00 0.000000000000000000e+00
4.699923195596870107e-01 0.000000000000000000e+00 0.000000000000000000e+00
7.486439674886415929e-01 0.000000000000000000e+00 0.000000000000000000e+00
9.999999999999999547e-08 6.206896551724137900e+00 2.983601566672514356e-44
1.592885535214725096e-07 6.206896551724137900e+00 3.753940903377538438e-44
2.537284328296300856e-07 6.206896551724137900e+00 4.708369744562267158e-44
4.041603505270179570e-07 6.206896551724137900e+00 5.914452454250681944e-44
6.437811762617998739e-07 6.206896551724137900e+00 7.421478203619812311e-44
1.025469723510942276e-06 6.206896551724137900e+00 9.259632290191763287e-44
1.633455889381223358e-06 6.206896551724137900e+00 1.157079963383645985e-43
2.601908258606654861e-06 6.206896551724137900e+00 1.439297011437816697e-43
4.144542029090266371e-06 6.206896551724137900e+00 1.783023034648932895e-43
6.601781048227371505e-06 6.206896551724137900e+00 2.201843898174001288e-43
1.051588153837608446e-05 6.206896551724137900e+00 2.705242300667070890e-43
1.675059559251080012e-05 6.206896551724137900e+00 3.301671578538792332e-43
2.668178142554203833e-05 6.206896551724137900e+00 3.981089598980745886e-43
4.250102368650674752e-05 6.206896551724137900e+00 4.765691369357118412e-43
6.769926586205501733e-05 6.206896551724137900e+00 5.613679368703448802e-43
1.078371813363233488e-04 6.206896551724137900e+00 6.555687760595004384e-43
1.717722863089567891e-04 6.206896551724137900e+00 7.484226722480858994e-43
2.736135902122996313e-04 6.206896551724137900e+00 8.404417797308746870e-43
4.358351300873408870e-04 6.206896551724137900e+00 9.280931000649268991e-43
6.942354744545533056e-04 6.206896551724137900e+00 1.002839209064066630e-42
1.105837645291589616e-03 6.206896551724137900e+00 1.078984560636717707e-42
1.761472789480881531e-03 6.206896551724137900e+00 1.160079312686191416e-42
2.805824527038428690e-03 6.206896551724137900e+00 1.277618091853726449e-42
4.469357303470210090e-03 6.206896551724137900e+00 1.506757999160074736e-42
7.119174600403985892e-03 6.206896551724137900e+00 2.025542265325229076e-42
1.134003024365157902e-02 6.206896551724137900e+00 3.252355607745027037e-42
1.806337014401007690e-02 6.206896551724137900e+00 6.341244441454453941e-42
2.877288101962317823e-02 6.206896551724137900e+00 1.444125914389907126e-41
4.583190598261207421e-02 6.206896551724137900e+00 3.672340905875295394e-41
7.300498009102399100e-02 6.206896551724137900e+00 1.021288757540708491e-40
1.162885767856308566e-01 6.206896551724137900e+00 3.155798757621911834e-40
1.852343918725382621e-01 6.206896551724137900e+00 1.144997245140654140e-39
2.950571834380621983e-01 6.206896551724137900e+00 5.428880675512102769e-39
4.699923195596870107e-01 6.206896551724137900e+00 0.000000000000000000e+00
7.486439674886415929e-01 6.206896551724137900e+00 0.000000000000000000e+00
9.999999999999999547e-08 1.241379310344827580e+01 5.927849466068440803e-44
1.592885535214725096e-07 1.241379310344827580e+01 7.459703674744717967e-44
2.537284328296300856e-07 1.241379310344827580e+01 9.356358067824746482e-44
4.041603505270179570e-07 1.241379310344827580e+01 1.174623500869556073e-43
6.437811762617998739e-07 1.241379310344827580e+01 1.476054198360788673e-43
1.025469723510942276e-06 1.241379310344827580e+01 1.844509324949001918e-43
1.633455889381223358e-06 1.241379310344827580e+01 2.300632706078560488e-43
2.601908258606654861e-06 1.241379310344827580e+01 2.866253453834752118e-43
4.144542029090266371e-06 1.241379310344827580e+01 3.550539126655010287e-43
6.601781048227371505e-06 1.241379310344827580e+01 4.388333845131307358e-43
1.051588153837608446e-05 1.241379310344827580e+01 5.387941007330149932e-43
1.675059559251080012e-05 1.241379310344827580e+01 6.566076343704438078e-43
2.668178142554203833e-05 1.241379310344827580e+01 7.963398665382063769e-43
4.250102368650674752e-05 1.241379310344827580e+01 9.528925469208562671e-43
6.769926586205501733e-05 1.241379310344827580e+01 1.127993170712837863e-42
1.078371813363233488e-04 1.241379310344827580e+01 1.316423531493446688e-42
1.717722863089567891e-04 1.241379310344827580e+01 1.517282060625171660e-42
2.736135902122996313e-04 1.241379310344827580e+01 1.717933213227323338e-42
4.358351300873408870e-04 1.241379310344827580e+01 1.921658352459481634e-42
6.942354744545533056e-04 1.241379310344827580e+01 2.143618831768291841e-42
1.105837645291589616e-03 1.241379310344827580e+01 2.407667216537888310e-42
1.761472789480881531e-03 1.241379310344827580e+01 2.811683879061981768e-42
2.805824527038428690e-03 1.241379310344827580e+01 3.585555225635695192e-42
4.469357303470210090e-03 1.241379310344827580e+01 5.241659473506653801e-42
7.119174600403985892e-03 1.241379310344827580e+01 9.130125913987573747e-42
1.134003024365157902e-02 1.241379310344827580e+01 1.861412278333879271e-41
1.806337014401007690e-02 1.241379310344827580e+01 4.245515400132469585e-41
2.877288101962317823e-02 1.241379310344827580e+01 1.047480066343210161e-40
4.583190598261207421e-02 1.241379310344827580e+01 2.740620571578456067e-40
7.300498009102399100e-02 1.241379310344827580e+01 7.665816189046535608e-40
1.162885767856308566e-01 1.241379310344827580e+01 2.329703668248479568e-39
1.852343918725382621e-01 1.241379310344827580e+01 8.134293750329609227e-39
2.950571834380621983e-01 1.241379310344827580e+01 3.651542697103807730e-38
4.699923195596870107e-01 1.241379310344827580e+01 0.000000000000000000e+00
7.486439674886415929e-01 1.241379310344827580e+01 0.000000000000000000e+00
9.999999999999999547e-08 1.862068965517241281e+01 8.806742310202023061e-44
1.592885535214725096e-07 1.862068965517241281e+01 1.106178505282270537e-43
2.537284328296300856e-07 1.862068965517241281e+01 1.395149597325184779e-43
4.041603505270179570e-07 1.862068965517241281e+01 1.749164485763890601e-43
6.437811762617998739e-07 1.862068965517241281e+01 2.193266485013275962e-43
1.025469723510942276e-06 1.862068965517241281e+01 2.745621459672657113e-43
1.633455889381223358e-06 1.862068965517241281e+01 3.430481276724495987e-43
2.601908258606654861e-06 1.862068965517241281e+01 4.261878417193382257e-43
4.144542029090266371e-06 1.862068965517241281e+01 5.300700342405326834e-43
6.601781048227371505e-06 1.862068965517241281e+01 6.531983294920310497e-43
1.051588153837608446e-05 1.862068965517241281e+01 8.029083767950391162e-43
1.675059559251080012e-05 1.862068965517241281e+01 9.837209162160496742e-43
2.668178142554203833e-05 1.862068965517241281e+01 1.194374767887026010e-42
4.250102368650674752e-05 1.862068965517241281e+01 1.431161205777381509e-42
6.769926586205501733e-05 1.862068965517241281e+01 1.701336166315107530e-42
1.078371813363233488e-04 1.862068965517241281e+01 2.001297212031615235e-42
1.717722863089567891e-04 1.862068965517241281e+01 2.328459917075314272e-42
2.736135902122996313e-04 1.862068965517241281e+01 2.667570779356310639e-42
4.358351300873408870e-04 1.862068965517241281e+01 3.044691034263807825e-42
6.942354744545533056e-04 1.862068965517241281e+01 3.520523010212107304e-42
1.105837645291589616e-03 1.862068965517241281e+01 4.215510890309130067e-42
1.761472789480881531e-03 1.862068965517241281e+01 5.410567278698817156e-42
2.805824527038428690e-03 1.862068965517241281e+01 7.843679343891758046e-42
4.469357303470210090e-03 1.862068965517241281e+01 1.328423376548412917e-41
7.119174600403985892e-03 1.862068965517241281e+01 2.592274778177879127e-41
1.134003024365157902e-02 1.862068965517241281e+01 5.674678216115460919e-41
1.806337014401007690e-02 1.862068965517241281e+01 1.338467913544696953e-40
2.877288101962317823e-02 1.862068965517241281e+01 3.340508888362644483e-40
4.583190598261207421e-02 1.862068965517241281e+01 8.691547700134662829e-40
7.300498009102399100e-02 1.862068965517241281e+01 2.370044143112409438e-39
1.162885767856308566e-01 1.862068965517241281e+01 6.946205052217089283e-39
1.852343918725382621e-01 1.862068965517241281e+01 2.306474012388466364e-38
2.950571834380621983e-01 1.862068965517241281e+01 9.533639204137216369e-38
4.699923195596870107e-01 1.862068965517241281e+01 5.756695943675161470e-37
7.486439674886415929e-01 1.862068965517241281e+01 0.000000000000000000e+00
9.999999999999999547e-08 2.482758620689655160e+01 1.160359136565344785e-43
1.592885535214725096e-07 2.482758620689655160e+01 1.458018023983202373e-43
2.537284328296300856e-07 2.482758620689655160e+01 1.832909517656223577e-43
4.041603505270179570e-07 2.482758620689655160e+01 2.300303659450509818e-43
6.437811762617998739e-07 2.482758620689655160e+01 2.891009388272802907e-43
1.025469723510942276e-06 2.482758620689655160e+01 3.619149111784143269e-43
1.633455889381223358e-06 2.482758620689655160e+01 4.514709400885050132e-43
2.601908258606654861e-06 2.482758620689655160e+01 5.628600674314739044e-43
4.144542029090266371e-06 2.482758620689655160e+01 6.993196106891824271e-43
6.601781048227371505e-06 2.482758620689655160e+01 8.653252692866513440e-43
1.051588153837608446e-05 2.482758620689655160e+01 1.063474022687632137e-42
1.675059559251080012e-05 2.482758620689655160e+01 1.304092346781899589e-42
2.668178142554203833e-05 2.482758620689655160e+01 1.583364720048651772e-42
4.250102368650674752e-05 2.482758620689655160e+01 1.914380010752480512e-42
6.769926586205501733e-05 2.482758620689655160e+01 2.282303677207294948e-42
1.078371813363233488e-04 2.482758620689655160e+01 2.703024393790577056e-42
1.717722863089567891e-04 2.482758620689655160e+01 3.173774032204643029e-42
2.736135902122996313e-04 2.482758620689655160e+01 3.712880732426165217e-42
4.358351300873408870e-04 2.482758620689655160e+01 4.371716563685067835e-42
6.942354744545533056e-04 2.482758620689655160e+01 5.268281672079418165e-42
1.105837645291589616e-03 2.482758620689655160e+01 6.694875633805064715e-42
1.761472789480881531e-03 2.482758620689655160e+01 9.358078488469587798e-42
2.805824527038428690e-03 2.482758620689655160e+01 1.489702193747742407e-41
4.469357303470210090e-03 2.482758620689655160e+01 2.729185281115731439e-41
7.119174600403985892e-03 2.482758620689655160e+01 5.615037884939993451e-41
1.134003024365157902e-02 2.482758620689655160e+01 1.259540021998665705e-40
1.806337014401007690e-02 2.482758620689655160e+01 3.007463764257743376e-40
2.877288101962317823e-02 2.482758620689655160e+01 7.414616893001663054e-40
4.583190598261207421e-02 2.482758620689655160e+01 1.898868100863197793e-39
7.300498009102399100e-02 2.482758620689655160e+01 5.026608081565948353e-39
1.162885767856308566e-01 2.482758620689655160e+01 1.408183560346206257e-38
1.852343918725382621e-01 2.482758620689655160e+01 4.377951547868380310e-38
2.950571834380621983e-01 2.482758620689655160e+01 1.655509948899347414e-37
4.699923195596870107e-01 2.482758620689655160e+01 9.070701387308741617e-37
7.486439674886415929e-01 2.482758620689655160e+01 0.000000000000000000e+00
9.999999999999999547e-08 3.103448275862069039e+01 1.422652919018336570e-43
1.592885535214725096e-07 3.103448275862069039e+01 1.790836232419481103e-43
2.537284328296300856e-07 3.103448275862069039e+01 2.258892204120485684e-43
4.041603505270179570e-07 3.103448275862069039e+01 2.830177077154054596e-43
6.437811762617998739e-07 3.103448275862069039e+01 3.553134887297988582e-43
1.025469723510942276e-06 3.103448275862069039e+01 4.444880723027829041e-43
1.633455889381223358e-06 3.103448275862069039e+01 5.564600793971935029e-43
2.601908258606654861e-06 3.103448275862069039e+01 6.952522998915840910e-43
4.144542029090266371e-06 3.103448275862069039e+01 8.633398341075767340e-43
6.601781048227371505e-06 3.103448275862069039e+01 1.066788677927176425e-42
1.051588153837608446e-05 3.103448275862069039e+01 1.314266094351011914e-42
1.675059559251080012e-05 3.103448275862069039e+01 1.620532157108192128e-42
2.668178142554203833e-05 3.103448275862069039e+01 1.972656411152834328e-42
4.250102368650674752e-05 3.103448275862069039e+01 2.394671761050949176e-42
6.769926586205501733e-05 3.103448275862069039e+01 2.873065543140009156e-42
1.078371813363233488e-04 3.103448275862069039e+01 3.435547845953406988e-42
1.717722863089567891e-04 3.103448275862069039e+01 4.092223278810637912e-42
2.736135902122996313e-04 3.103448275862069039e+01 4.886775166244290614e-42
4.358351300873408870e-04 3.103448275862069039e+01 5.920578441654800773e-42
6.942354744545533056e-04 3.103448275862069039e+01 7.431889992867257408e-42
1.105837645291589616e-03 3.103448275862069039e+01 1.001225660105339634e-41
1.761472789480881531e-03 3.103448275862069039e+01 1.491173344658183519e-41
2.805824527038428690e-03 3.103448275862069039e+01 2.526459815201480559e-41
4.469357303470210090e-03 3.103448275862069039e+01 4.843683892262108735e-41
7.119174600403985892e-03 3.103448275862069039e+01 1.027024750127451692e-40
1.134003024365157902e-02 3.103448275862069039e+01 2.321430435200629442e-40
1.806337014401007690e-02 3.103448275862069039e+01 5.490929223911185453e-40
2.877288101962317823e-02 3.103448275862069039e+01 1.342861485525025379e-39
4.583190598261207421e-02 3.103448275862069039e+01 3.353753944306062924e-39
7.300498009102399100e-02 3.103448275862069039e+01 8.609846536261514870e-39
1.162885767856308566e-01 3.103448275862069039e+01 2.288480763125062018e-38
1.852343918725382621e-01 3.103448275862069039e+01 6.647543390027395344e-38
2.950571834380621983e-01 3.103448275862069039e+01 2.301614031293624498e-37
4.699923195596870107e-01 3.103448275862069039e+01 1.168529154157099410e-36
7.486439674886415929e-01 3.103448275862069039e+01 6.415741902637864257e-37
9.999999999999999547e-08 3.724137931034482563e+01 1.675893168062553808e-43
1.592885535214725096e-07 3.724137931034482563e+01 2.108176527795612698e-43
2.537284328296300856e-07 3.724137931034482563e+01 2.645634327801741706e-43
4.041603505270179570e-07 3.724137931034482563e+01 3.331810566933185598e-43
6.437811762617998739e-07 3.724137931034482563e+01 4.171688252684979527e-43
1.025469723510942276e-06 3.724137931034482563e+01 5.232649502331723017e-43
1.633455889381223358e-06 3.724137931034482563e+01 6.552618465391035834e-43
2.601908258606654861e-06 3.724137931034482563e+01 8.195575311042708260e-43
4.144542029090266371e-06 3.724137931034482563e+01 1.016304309785837599e-42
6.601781048227371505e-06 3.724137931034482563e+01 1.267395249204434574e-42
1.051588153837608446e-05 3.724137931034482563e+01 1.561418985051884509e-42
1.675059559251080012e-05 3.724137931034482563e+01 1.922680735575662347e-42
2.668178142554203833e-05 3.724137931034482563e+01 2.356431786720797055e-42
4.250102368650674752e-05 3.724137931034482563e+01 2.873706313836602657e-42
6.769926586205501733e-05 3.724137931034482563e+01 3.479139837880210420e-42
1.078371813363233488e-04 3.724137931034482563e+01 4.193798778552226649e-42
1.717722863089567891e-04 3.724137931034482563e+01 5.072162704196067049e-42
2.736135902122996313e-04 3.724137931034482563e+01 6.175680870149171002e-42
4.358351300873408870e-04 3.724137931034482563e+01 7.694940387608411221e-42
6.942354744545533056e-04 3.724137931034482563e+01 1.008050840694521981e-41
1.105837645291589616e-03 3.724137931034482563e+01 1.425127696317354674e-41
1.761472789480881531e-03 3.724137931034482563e+01 2.234388589457043636e-41
2.805824527038428690e-03 3.724137931034482563e+01 3.942502860959052782e-41
4.469357303470210090e-03 3.724137931034482563e+01 7.783927589321703312e-41
7.119174600403985892e-03 3.724137931034482563e+01 1.663353041848926161e-40
1.134003024365157902e-02 3.724137931034482563e+01 3.763411242020991713e-40
1.806337014401007690e-02 3.724137931034482563e+01 8.831257207726144690e-40
2.877288101962317823e-02 3.724137931034482563e+01 2.125112178453782999e-39
4.583190598261207421e-02 3.724137931034482563e+01 5.156990333915096110e-39
7.300498009102399100e-02 3.724137931034482563e+01 1.274033783483690361e-38
1.162885767856308566e-01 3.724137931034482563e+01 3.209533159228352597e-38
1.852343918725382621e-01 3.724137931034482563e+01 8.741312483276783248e-38
2.950571834380621983e-01 3.724137931034482563e+01 2.806450983859977669e-37
4.699923195596870107e-01 3.724137931034482563e+01 1.387807157081297626e-36
7.486439674886415929e-01 3.724137931034482563e+01 1.212613046997165780e-41
9.999999999999999547e-08 4.344827586206896797e+01 1.903354381902364049e-43
1.592885535214725096e-07 4.344827586206896797e+01 2.398515744158704893e-43
2.537284328296300856e-07 4.344827586206896797e+01 3.021451600761192743e-43
4.041603505270179570e-07 4.344827586206896797e+01 3.791361197126252018e-43
6.437811762617998739e-07 4.344827586206896797e+01 4.761536044764560536e-43
1.025469723510942276e-06 4.344827586206896797e+01 5.976838946315311130e-43
1.633455889381223358e-06 4.344827586206896797e+01 7.473402332562032162e-43
2.601908258606654861e-06 4.344827586206896797e+01 9.344589194586676093e-43
4.144542029090266371e-06 4.344827586206896797e+01 1.165773269332818915e-42
6.601781048227371505e-06 4.344827586206896797e+01 1.445495403098342922e-42
1.051588153837608446e-05 4.344827586206896797e+01 1.792138487031430999e-42
1.675059559251080012e-05 4.344827586206896797e+01 2.215846855689452458e-42
2.668178142554203833e-05 4.344827586206896797e+01 2.723838928057500391e-42
4.250102368650674752e-05 4.344827586206896797e+01 3.346575225159850263e-42
6.769926586205501733e-05 4.344827586206896797e+01 4.084671202557398127e-42
1.078371813363233488e-04 4.344827586206896797e+01 4.985855873653980445e-42
1.717722863089567891e-04 4.344827586206896797e+01 6.095033351004225495e-42
2.736135902122996313e-04 4.344827586206896797e+01 7.602239561772256699e-42
4.358351300873408870e-04 4.344827586206896797e+01 9.772787157673249850e-42
6.942354744545533056e-04 4.344827586206896797e+01 1.323272506901725654e-41
1.105837645291589616e-03 4.344827586206896797e+01 1.944088020709527939e-41
1.761472789480881531e-03 4.344827586206896797e+01 3.157725233938326602e-41
2.805824527038428690e-03 4.344827586206896797e+01 5.747299210124566756e-41
4.469357303470210090e-03 4.344827586206896797e+01 1.148373185491118675e-40
7.119174600403985892e-03 4.344827586206896797e+01 2.467580267670835922e-40
1.134003024365157902e-02 4.344827586206896797e+01 5.567073534607934685e-40
1.806337014401007690e-02 4.344827586206896797e+01 1.293513329054276869e-39
2.877288101962317823e-02 4.344827586206896797e+01 3.043885915204008424e-39
4.583190598261207421e-02 4.344827586206896797e+01 7.201852619007342793e-39
7.300498009102399100e-02 4.344827586206896797e+01 1.702628354523928127e-38
1.162885767856308566e-01 4.344827586206896797e+01 4.098983199929618142e-38
1.852343918725382621e-01 4.344827586206896797e+01 1.047331291740952449e-37
2.950571834380621983e-01 4.344827586206896797e+01 3.165341410625253434e-37
4.699923195596870107e-01 4.344827586206896797e+01 1.858109343221035200e-36
7.486439674886415929e-01 4.344827586206896797e+01 0.000000000000000000e+00
9.999999999999999547e-08 4.965517241379310320e+01 2.114078290866786325e-43
1.592885535214725096e-07 4.965517241379310320e+01 2.658651202893130777e-43
2.537284328296300856e-07 4.965517241379310320e+01 3.356458292455491347e-43
4.041603505270179570e-07 4.965517241379310320e+01 4.218835298193389492e-43
6.437811762617998739e-07 4.965517241379310320e+01 5.286220405739276306e-43
1.025469723510942276e-06 4.965517241379310320e+01 6.651763241471775526e-43
1.633455889381223358e-06 4.965517241379310320e+01 8.315256601977500087e-43
2.601908258606654861e-06 4.965517241379310320e+01 1.044076969915157751e-42
4.144542029090266371e-06 4.965517241379310320e+01 1.299371855180056580e-42
6.601781048227371505e-06 4.965517241379310320e+01 1.621309765918009086e-42
1.051588153837608446e-05 4.965517241379310320e+01 2.012936750860329346e-42
1.675059559251080012e-05 4.965517241379310320e+01 2.494481051310201230e-42
2.668178142554203833e-05 4.965517241379310320e+01 3.083132776099896661e-42
4.250102368650674752e-05 4.965517241379310320e+01 3.808081985246244213e-42
6.769926586205501733e-05 4.965517241379310320e+01 4.680056330125070411e-42
1.078371813363233488e-04 4.965517241379310320e+01 5.791970425435771984e-42
1.717722863089567891e-04 4.965517241379310320e+01 7.214816594865430392e-42
2.736135902122996313e-04 4.965517241379310320e+01 9.186854097018009258e-42
4.358351300873408870e-04 4.965517241379310320e+01 1.203956350587720216e-41
6.942354744545533056e-04 4.965517241379310320e+01 1.684662172263718575e-41
1.105837645291589616e-03 4.965517241379310320e+01 2.550787280439335627e-41
1.761472789480881531e-03 4.965517241379310320e+01 4.265924214459166347e-41
2.805824527038428690e-03 4.965517241379310320e+01 7.900522806339765116e-41
4.469357303470210090e-03 4.965517241379310320e+01 1.591937427812166785e-40
7.119174600403985892e-03 4.965517241379310320e+01 3.430238125532953852e-40
1.134003024365157902e-02 4.965517241379310320e+01 7.709428711354513354e-40
1.806337014401007690e-02 4.965517241379310320e+01 1.763729491707602806e-39
2.877288101962317823e-02 4.965517241379310320e+01 4.065497257650612948e-39
4.583190598261207421e-02 4.965517241379310320e+01 9.328454095695976729e-39
7.300498009102399100e-02 4.965517241379310320e+01 2.119121783570025958e-38
1.162885767856308566e-01 4.965517241379310320e+01 4.848026082329010256e-38
1.852343918725382621e-01 4.965517241379310320e+01 1.177103667149002528e-37
2.950571834380621983e-01 4.965517241379310320e+01 3.371097624412141236e-37
4.699923195596870107e-01 4.965517241379310320e+01 3.065900923320778305e-36
7.486439674886415929e-01 4.965517241379310320e+01 0.000000000000000000e+00
9.999999999999999547e-08 5.586206896551724554e+01 2.297823214522183216e-43
1.592885535214725096e-07 5.586206896551724554e+01 2.888112948617053485e-43
2.537284328296300856e-07 5.586206896551724554e+01 3.649193121185706291e-43
4.041603505270179570e-07 5.586206896551724554e+01 4.580781992512496648e-43
6.437811762617998739e-07 5.586206896551724554e+01 5.766090213700240248e-43
1.025469723510942276e-06 5.586206896551724554e+01 7.250313766788344579e-43
1.633455889381223358e-06 5.586206896551724554e+01 9.075665278063635656e-43
2.601908258606654861e-06 5.586206896551724554e+01 1.140034031038246789e-42
4.144542029090266371e-06 5.586206896551724554e+01 1.425222091943983768e-42
6.601781048227371505e-06 5.586206896551724554e+01 1.777817278108505001e-42
1.051588153837608446e-05 5.586206896551724554e+01 2.213218755755567005e-42
1.675059559251080012e-05 5.586206896551724554e+01 2.757587442581249160e-42
2.668178142554203833e-05 5.586206896551724554e+01 3.416725345993547137e-42
4.250102368650674752e-05 5.586206896551724554e+01 4.258434019358344760e-42
6.769926586205501733e-05 5.586206896551724554e+01 5.279907994762344113e-42
1.078371813363233488e-04 5.586206896551724554e+01 6.577756100705992500e-42
1.717722863089567891e-04 5.586206896551724554e+01 8.326879810358427424e-42
2.736135902122996313e-04 5.586206896551724554e+01 1.080812121007513405e-41
4.358351300873408870e-04 5.586206896551724554e+01 1.457567462559732481e-41
6.942354744545533056e-04 5.586206896551724554e+01 2.085499823776535643e-41
1.105837645291589616e-03 5.586206896551724554e+01 3.243507155058738486e-41
1.761472789480881531e-03 5.586206896551724554e+01 5.532303241961826696e-41
2.805824527038428690e-03 5.586206896551724554e+01 1.035138730338823225e-40
4.469357303470210090e-03 5.586206896551724554e+01 2.102261442146368491e-40
7.119174600403985892e-03 5.586206896551724554e+01 4.524030237798438469e-40
1.134003024365157902e-02 5.586206896551724554e+01 1.004938962341622247e-39
1.806337014401007690e-02 5.586206896551724554e+01 2.275602397259834595e-39
2.877288101962317823e-02 5.586206896551724554e+01 5.122952891848091231e-39
4.583190598261207421e-02 5.586206896551724554e+01 1.139880822815127603e-38
7.300498009102399100e-02 5.586206896551724554e+01 2.499301839986056196e-38
1.162885767856308566e-01 5.586206896551724554e+01 5.469488658799036968e-38
1.852343918725382621e-01 5.586206896551724554e+01 1.266350914787663246e-37
2.950571834380621983e-01 5.586206896551724554e+01 3.480402028685452240e-37
4.699923195596870107e-01 5.586206896551724554e+01 5.251552911509081923e-36
7.486439674886415929e-01 5.586206896551724554e+01 0.000000000000000000e+00
9.999999999999999547e-08 6.206896551724138078e+01 2.458832968778526033e-43
1.592885535214725096e-07 6.206896551724138078e+01 3.091231786815641380e-43
2.537284328296300856e-07 6.206896551724138078e+01 3.902624237404274009e-43
4.041603505270179570e-07 6.206896551724138078e+01 4.914716258588061384e-43
6.437811762617998739e-07 6.206896551724138078e+01 6.155376190480396831e-43
1.025469723510942276e-06 6.206896551724138078e+01 7.770315987909512236e-43
1.633455889381223358e-06 6.206896551724138078e+01 9.739410317028931725e-43
2.601908258606654861e-06 6.206896551724138078e+01 1.221295633713155116e-42
4.144542029090266371e-06 6.206896551724138078e+01 1.534816879087301560e-42
6.601781048227371505e-06 6.206896551724138078e+01 1.916762458093960593e-42
1.051588153837608446e-05 6.206896551724138078e+01 2.398609820739867572e-42
1.675059559251080012e-05 6.206896551724138078e+01 2.997066262649014104e-42
2.668178142554203833e-05 6.206896551724138078e+01 3.748221123322815636e-42
4.250102368650674752e-05 6.206896551724138078e+01 4.681937335625831608e-42
6.769926586205501733e-05 6.206896551724138078e+01 5.855983495164897121e-42
1.078371813363233488e-04 6.206896551724138078e+01 7.405201677850104011e-42
1.717722863089567891e-04 6.206896551724138078e+01 9.503268321813126858e-42
2.736135902122996313e-04 6.206896551724138078e+01 1.252571473253517422e-41
4.358351300873408870e-04 6.206896551724138078e+01 1.723448256828909992e-41
6.942354744545533056e-04 6.206896551724138078e+01 2.522363140096847944e-41
1.105837645291589616e-03 6.206896551724138078e+01 3.998040872180380569e-41
1.761472789480881531e-03 6.206896551724138078e+01 6.915288527016377336e-41
2.805824527038428690e-03 6.206896551724138078e+01 1.310532773492305252e-40
4.469357303470210090e-03 6.206896551724138078e+01 2.654653343868094714e-40
7.119174600403985892e-03 6.206896551724138078e+01 5.695428064439884794e-40
1.134003024365157902e-02 6.206896551724138078e+01 1.255164853282223737e-39
1.806337014401007690e-02 6.206896551724138078e+01 2.788018890569820846e-39
2.877288101962317823e-02 6.206896551724138078e+01 6.150289959622787841e-39
4.583190598261207421e-02 6.206896551724138078e+01 1.332885848155473650e-38
7.300498009102399100e-02 6.206896551724138078e+01 2.803678377950114315e-38
1.162885767856308566e-01 6.206896551724138078e+01 5.914993146961382306e-38
1.852343918725382621e-01 6.206896551724138078e+01 1.317432210272954326e-37
2.950571834380621983e-01 6.206896551724138078e+01 3.519115288008495843e-37
4.699923195596870107e-01 6.206896551724138078e+01 6.730014670145046802e-36
7.486439674886415929e-01 6.206896551724138078e+01 0.000000000000000000e+00
9.999999999999999547e-08 6.827586206896552312e+01 2.587496053612950970e-43
1.592885535214725096e-07 6.827586206896552312e+01 3.265089559847043832e-43
2.537284328296300856e-07 6.827586206896552312e+01 4.112337531424410342e-43
4.041603505270179570e-07 6.827586206896552312e+01 5.156966918023736649e-43
6.437811762617998739e-07 6.827586206896552312e+01 6.516650546543797826e-43
1.025469723510942276e-06 6.827586206896552312e+01 8.202629731979728837e-43
1.633455889381223358e-06 6.827586206896552312e+01 1.030482432230096915e-42
2.601908258606654861e-06 6.827586206896552312e+01 1.294325332665774500e-42
4.144542029090266371e-06 6.827586206896552312e+01 1.627805691698783794e-42
6.601781048227371505e-06 6.827586206896552312e+01 2.040288229841138267e-42
1.051588153837608446e-05 6.827586206896552312e+01 2.557693222616247629e-42
1.675059559251080012e-05 6.827586206896552312e+01 3.212242253139121970e-42
2.668178142554203833e-05 6.827586206896552312e+01 4.023054365535140441e-42
4.250102368650674752e-05 6.827586206896552312e+01 5.052775792365283498e-42
6.769926586205501733e-05 6.827586206896552312e+01 6.392134645996360372e-42
1.078371813363233488e-04 6.827586206896552312e+01 8.170090298209945970e-42
1.717722863089567891e-04 6.827586206896552312e+01 1.064664572590669138e-41
2.736135902122996313e-04 6.827586206896552312e+01 1.427552316525458031e-41
4.358351300873408870e-04 6.827586206896552312e+01 1.996880372621478051e-41
6.942354744545533056e-04 6.827586206896552312e+01 2.978823412715481803e-41
1.105837645291589616e-03 6.827586206896552312e+01 4.793031399747692341e-41
1.761472789480881531e-03 6.827586206896552312e+01 8.400511669611197680e-41
2.805824527038428690e-03 6.827586206896552312e+01 1.598223010931608650e-40
4.469357303470210090e-03 6.827586206896552312e+01 3.239595082977214627e-40
7.119174600403985892e-03 6.827586206896552312e+01 6.893254929492400747e-40
1.134003024365157902e-02 6.827586206896552312e+01 1.504477203425298029e-39
1.806337014401007690e-02 6.827586206896552312e+01 3.296354014192893368e-39
2.877288101962317823e-02 6.827586206896552312e+01 7.117964721417106149e-39
4.583190598261207421e-02 6.827586206896552312e+01 1.498531496947737331e-38
7.300498009102399100e-02 6.827586206896552312e+01 3.054454434285452300e-38
1.162885767856308566e-01 6.827586206896552312e+01 6.210968556691640047e-38
1.852343918725382621e-01 6.827586206896552312e+01 1.337641858717147286e-37
2.950571834380621983e-01 6.827586206896552312e+01 3.575123745605902084e-37
4.699923195596870107e-01 6.827586206896552312e+01 6.122787757864840441e-36
7.486439674886415929e-01 6.827586206896552312e+01 0.000000000000000000e+00
9.999999999999999547e-08 7.448275862068965125e+01 2.688507074952330055e-43
1.592885535214725096e-07 7.448275862068965125e+01 3.383927821836472546e-43
2.537284328296300856e-07 7.448275862068965125e+01 4.271016022098148336e-43
4.041603505270179570e-07 7.448275862068965125e+01 5.382123683172418155e-43
6.437811762617998739e-07 7.448275862068965125e+01 6.772983610484165990e-43
1.025469723510942276e-06 7.448275862068965125e+01 8.535692676670261397e-43
1.633455889381223358e-06 7.448275862068965125e+01 1.073162519756647484e-42
2.601908258606654861e-06 7.448275862068965125e+01 1.351259869884171919e-42
4.144542029090266371e-06 7.448275862068965125e+01 1.702691506710285929e-42
6.601781048227371505e-06 7.448275862068965125e+01 2.140248329998330215e-42
1.051588153837608446e-05 7.448275862068965125e+01 2.695491142682132652e-42
1.675059559251080012e-05 7.448275862068965125e+01 3.392991168244314521e-42
2.668178142554203833e-05 7.448275862068965125e+01 4.274507334757020349e-42
4.250102368650674752e-05 7.448275862068965125e+01 5.415636594967901298e-42
6.769926586205501733e-05 7.448275862068965125e+01 6.922386639350561720e-42
1.078371813363233488e-04 7.448275862068965125e+01 8.918337675006551471e-42
1.717722863089567891e-04 7.448275862068965125e+01 1.173279831770963651e-41
2.736135902122996313e-04 7.448275862068965125e+01 1.595321447061797268e-41
4.358351300873408870e-04 7.448275862068965125e+01 2.269677633709005629e-41
6.942354744545533056e-04 7.448275862068965125e+01 3.432692505787273343e-41
1.105837645291589616e-03 7.448275862068965125e+01 5.598310734423292015e-41
1.761472789480881531e-03 7.448275862068965125e+01 9.908688095409607523e-41
2.805824527038428690e-03 7.448275862068965125e+01 1.886729395915378267e-40
4.469357303470210090e-03 7.448275862068965125e+01 3.827642482835820044e-40
7.119174600403985892e-03 7.448275862068965125e+01 8.091027995065456443e-40
1.134003024365157902e-02 7.448275862068965125e+01 1.751236949485656211e-39
1.806337014401007690e-02 7.448275862068965125e+01 3.773776677781605042e-39
2.877288101962317823e-02 7.448275862068965125e+01 7.975018778173486948e-39
4.583190598261207421e-02 7.448275862068965125e+01 1.633266949843432722e-38
7.300498009102399100e-02 7.448275862068965125e+01 3.237032668566134867e-38
1.162885767856308566e-01 7.448275862068965125e+01 6.365740908085430299e-38
1.852343918725382621e-01 7.448275862068965125e+01 1.328208949352557300e-37
2.950571834380621983e-01 7.448275862068965125e+01 3.750142549467689432e-37
4.699923195596870107e-01 7.448275862068965125e+01 4.388328968346145325e-36
7.486439674886415929e-01 7.448275862068965125e+01 0.000000000000000000e+00
9.999999999999999547e-08 8.068965517241380780e+01 2.751065735005743985e-43
1.592885535214725096e-07 8.068965517241380780e+01 3.471685010017825319e-43
2.537284328296300856e-07 8.068965517241380780e+01 4.386186864348521812e-43
4.041603505270179570e-07 8.068965517241380780e+01 5.528615555832669759e-43
6.437811762617998739e-07 8.068965517241380780e+01 6.978071759528395453e-43
1.025469723510942276e-06 8.068965517241380780e+01 8.780767879145676451e-43
1.633455889381223358e-06 8.068965517241380780e+01 1.108369500267024561e-42
2.601908258606654861e-06 8.068965517241380780e+01 1.395479410414927735e-42
4.144542029090266371e-06 8.068965517241380780e+01 1.760360197977369340e-42
6.601781048227371505e-06 8.068965517241380780e+01 2.222402533877184594e-42
1.051588153837608446e-05 8.068965517241380780e+01 2.809823573515370032e-42
1.675059559251080012e-05 8.068965517241380780e+01 3.541165200920633404e-42
2.668178142554203833e-05 8.068965517241380780e+01 4.484464356528466540e-42
4.250102368650674752e-05 8.068965517241380780e+01 5.712348123030614043e-42
6.769926586205501733e-05 8.068965517241380780e+01 7.360546171592827686e-42
1.078371813363233488e-04 8.068965517241380780e+01 9.583859057595278254e-42
1.717722863089567891e-04 8.068965517241380780e+01 1.276002463591903532e-41
2.736135902122996313e-04 8.068965517241380780e+01 1.758509648992689163e-41
4.358351300873408870e-04 8.068965517241380780e+01 2.530942772051038283e-41
6.942354744545533056e-04 8.068965517241380780e+01 3.878398631875313051e-41
1.105837645291589616e-03 8.068965517241380780e+01 6.389109069522279461e-41
1.761472789480881531e-03 8.068965517241380780e+01 1.137875143060708372e-40
2.805824527038428690e-03 8.068965517241380780e+01 2.171381873134194572e-40
4.469357303470210090e-03 8.068965517241380780e+01 4.404005165469728542e-40
7.119174600403985892e-03 8.068965517241380780e+01 9.235539198827747979e-40
1.134003024365157902e-02 8.068965517241380780e+01 1.977299098827381736e-39
1.806337014401007690e-02 8.068965517241380780e+01 4.207304383502330461e-39
2.877288101962317823e-02 8.068965517241380780e+01 8.678320483404563112e-39
4.583190598261207421e-02 8.068965517241380780e+01 1.730966510178926971e-38
7.300498009102399100e-02 8.068965517241380780e+01 3.341475451167840943e-38
1.162885767856308566e-01 8.068965517241380780e+01 6.419446065912321529e-38
1.852343918725382621e-01 8.068965517241380780e+01 1.306892331491777504e-37
2.950571834380621983e-01 8.068965517241380780e+01 4.257157854796399581e-37
4.699923195596870107e-01 8.068965517241380780e+01 2.880795161192199718e-36
7.486439674886415929e-01 8.068965517241380780e+01 0.000000000000000000e+00
9.999999999999999547e-08 8.689655172413793593e+01 2.788436980110900267e-43
1.592885535214725096e-07 8.689655172413793593e+01 3.519247356697458360e-43
2.537284328296300856e-07 8.689655172413793593e+01 4.450908434238589623e-43
4.041603505270179570e-07 8.689655172413793593e+01 5.599308935992557231e-43
6.437811762617998739e-07 8.689655172413793593e+01 7.083062571563309377e-43
1.025469723510942276e-06 8.689655172413793593e+01 8.936529253226197081e-43
1.633455889381223358e-06 8.689655172413793593e+01 1.123864625441047144e-42
2.601908258606654861e-06 8.689655172413793593e+01 1.422481490791099433e-42
4.144542029090266371e-06 8.689655172413793593e+01 1.795263729881078955e-42
6.601781048227371505e-06 8.689655172413793593e+01 2.269344651008742983e-42
1.051588153837608446e-05 8.689655172413793593e+01 2.876257778896647187e-42
1.675059559251080012e-05 8.689655172413793593e+01 3.645121712462679650e-42
2.668178142554203833e-05 8.689655172413793593e+01 4.655399999555906891e-42
4.250102368650674752e-05 8.689655172413793593e+01 5.968312825891914310e-42
6.769926586205501733e-05 8.689655172413793593e+01 7.724388956361227970e-42
1.078371813363233488e-04 8.689655172413793593e+01 1.018320343275709154e-41
1.717722863089567891e-04 8.689655172413793593e+01 1.371663460319929087e-41
2.736135902122996313e-04 8.689655172413793593e+01 1.905181591453630778e-41
4.358351300873408870e-04 8.689655172413793593e+01 2.771139262778320822e-41
6.942354744545533056e-04 8.689655172413793593e+01 4.296849922549417783e-41
1.105837645291589616e-03 8.689655172413793593e+01 7.147606929903116297e-41
1.761472789480881531e-03 8.689655172413793593e+01 1.273823034872249866e-40
2.805824527038428690e-03 8.689655172413793593e+01 2.436283300225476144e-40
4.469357303470210090e-03 8.689655172413793593e+01 4.921313384678069485e-40
7.119174600403985892e-03 8.689655172413793593e+01 1.030225073193326284e-39
1.134003024365157902e-02 8.689655172413793593e+01 2.174630823509427570e-39
1.806337014401007690e-02 8.689655172413793593e+01 4.550683368582529756e-39
2.877288101962317823e-02 8.689655172413793593e+01 9.247449128964546827e-39
4.583190598261207421e-02 8.689655172413793593e+01 1.796571833826561652e-38
7.300498009102399100e-02 8.689655172413793593e+01 3.387009462062278787e-38
1.162885767856308566e-01 8.689655172413793593e+01 6.343025986635261640e-38
1.852343918725382621e-01 8.689655172413793593e+01 1.268615443774499430e-37
2.950571834380621983e-01 8.689655172413793593e+01 5.206846052126404450e-37
4.699923195596870107e-01 8.689655172413793593e+01 1.679806330421043907e-36
7.486439674886415929e-01 8.689655172413793593e+01 0.000000000000000000e+00
9.999999999999999547e-08 9.310344827586206407e+01 2.796407812887711289e-43
1.592885535214725096e-07 9.310344827586206407e+01 3.518442541156188295e-43
2.537284328296300856e-07 9.310344827586206407e+01 4.452300139103918981e-43
4.041603505270179570e-07 9.310344827586206407e+01 5.619665106130801559e-43
6.437811762617998739e-07 9.310344827586206407e+01 7.113404664333351489e-43
1.025469723510942276e-06 9.310344827586206407e+01 8.960658506564910044e-43
1.633455889381223358e-06 9.310344827586206407e+01 1.133111044067826114e-42
2.601908258606654861e-06 9.310344827586206407e+01 1.434428879583058557e-42
4.144542029090266371e-06 9.310344827586206407e+01 1.817439278017581978e-42
6.601781048227371505e-06 9.310344827586206407e+01 2.303762346786144197e-42
1.051588153837608446e-05 9.310344827586206407e+01 2.918337399884322102e-42
1.675059559251080012e-05 9.310344827586206407e+01 3.725588445772859632e-42
2.668178142554203833e-05 9.310344827586206407e+01 4.784911878097615479e-42
4.250102368650674752e-05 9.310344827586206407e+01 6.151957881012778619e-42
6.769926586205501733e-05 9.310344827586206407e+01 8.026247450018780444e-42
1.078371813363233488e-04 9.310344827586206407e+01 1.063788503620911259e-41
1.717722863089567891e-04 9.310344827586206407e+01 1.445467887004361349e-41
2.736135902122996313e-04 9.310344827586206407e+01 2.031773641459163417e-41
4.358351300873408870e-04 9.310344827586206407e+01 2.988610094735321916e-41
6.942354744545533056e-04 9.310344827586206407e+01 4.663907450051605943e-41
1.105837645291589616e-03 9.310344827586206407e+01 7.818146936043745509e-41
1.761472789480881531e-03 9.310344827586206407e+01 1.399736322018795346e-40
2.805824527038428690e-03 9.310344827586206407e+01 2.670340711143793430e-40
4.469357303470210090e-03 9.310344827586206407e+01 5.380182016695363652e-40
7.119174600403985892e-03 9.310344827586206407e+01 1.116368954752023820e-39
1.134003024365157902e-02 9.310344827586206407e+01 2.333490017053963167e-39
1.806337014401007690e-02 9.310344827586206407e+01 4.817248447747037646e-39
2.877288101962317823e-02 9.310344827586206407e+01 9.618043174828329729e-39
4.583190598261207421e-02 9.310344827586206407e+01 1.828935882627474920e-38
7.300498009102399100e-02 9.310344827586206407e+01 3.365055735545874757e-38
1.162885767856308566e-01 9.310344827586206407e+01 6.176458600218423679e-38
1.852343918725382621e-01 9.310344827586206407e+01 1.228174963706159134e-37
2.950571834380621983e-01 9.310344827586206407e+01 6.882587411467706590e-37
4.699923195596870107e-01 9.310344827586206407e+01 8.080106673276264920e-37
7.486439674886415929e-01 9.310344827586206407e+01 0.000000000000000000e+00
9.999999999999999547e-08 9.931034482758620641e+01 2.764734619236706589e-43
1.592885535214725096e-07 9.931034482758620641e+01 3.483681942738934230e-43
2.537284328296300856e-07 9.931034482758620641e+01 4.408346480196577094e-43
4.041603505270179570e-07 9.931034482758620641e+01 5.566890339337779682e-43
6.437811762617998739e-07 9.931034482758620641e+01 7.038713521580510895e-43
1.025469723510942276e-06 9.931034482758620641e+01 8.908636718526419032e-43
1.633455889381223358e-06 9.931034482758620641e+01 1.124807717048655177e-42
2.601908258606654861e-06 9.931034482758620641e+01 1.429817763430061561e-42
4.144542029090266371e-06 9.931034482758620641e+01 1.814756112263372249e-42
6.601781048227371505e-06 9.931034482758620641e+01 2.297842770229612728e-42
1.051588153837608446e-05 9.931034482758620641e+01 2.932438762995525409e-42
1.675059559251080012e-05 9.931034482758620641e+01 3.753210672759990504e-42
2.668178142554203833e-05 9.931034482758620641e+01 4.827082108767262190e-42
4.250102368650674752e-05 9.931034482758620641e+01 6.268530798310103815e-42
6.769926586205501733e-05 9.931034482758620641e+01 8.220246501339894693e-42
1.078371813363233488e-04 9.931034482758620641e+01 1.095113846416030111e-41
1.717722863089567891e-04 9.931034482758620641e+01 1.497822637714271170e-41
2.736135902122996313e-04 9.931034482758620641e+01 2.132290084719259571e-41
4.358351300873408870e-04 9.931034482758620641e+01 3.161528487061874289e-41
6.942354744545533056e-04 9.931034482758620641e+01 4.975544387074277791e-41
1.105837645291589616e-03 9.931034482758620641e+01 8.361282716482089455e-41
1.761472789480881531e-03 9.931034482758620641e+01 1.499163206188728962e-40
2.805824527038428690e-03 9.931034482758620641e+01 2.872578863029144830e-40
4.469357303470210090e-03 9.931034482758620641e+01 5.745751921924793124e-40
7.119174600403985892e-03 9.931034482758620641e+01 1.184757569791633697e-39
1.134003024365157902e-02 9.931034482758620641e+01 2.458952999358799762e-39
1.806337014401007690e-02 9.931034482758620641e+01 4.994512785584416139e-39
2.877288101962317823e-02 9.931034482758620641e+01 9.787654124626288533e-39
4.583190598261207421e-02 9.931034482758620641e+01 1.831628940229540445e-38
7.300498009102399100e-02 9.931034482758620641e+01 3.302036405865980573e-38
1.162885767856308566e-01 9.931034482758620641e+01 5.946079415308510512e-38
1.852343918725382621e-01 9.931034482758620641e+01 1.171358407709042759e-37
2.950571834380621983e-01 9.931034482758620641e+01 8.868229507576625662e-37
4.699923195596870107e-01 9.931034482758620641e+01 3.176419466396528537e-37
7.486439674886415929e-01 9.931034482758620641e+01 0.000000000000000000e+00
9.999999999999999547e-08 1.055172413793103630e+02 2.702149327585623134e-43
1.592885535214725096e-07 1.055172413793103630e+02 3.410212284314929780e-43
2.537284328296300856e-07 1.055172413793103630e+02 4.320688920355697040e-43
4.041603505270179570e-07 1.055172413793103630e+02 5.463802690179635523e-43
6.437811762617998739e-07 1.055172413793103630e+02 6.907508304590017834e-43
1.025469723510942276e-06 1.055172413793103630e+02 8.744868677356792513e-43
1.633455889381223358e-06 1.055172413793103630e+02 1.108290366828739065e-42
2.601908258606654861e-06 1.055172413793103630e+02 1.403017888664343429e-42
4.144542029090266371e-06 1.055172413793103630e+02 1.779666571286048333e-42
6.601781048227371505e-06 1.055172413793103630e+02 2.272106043071400738e-42
1.051588153837608446e-05 1.055172413793103630e+02 2.905052999479468192e-42
1.675059559251080012e-05 1.055172413793103630e+02 3.726387191254099015e-42
2.668178142554203833e-05 1.055172413793103630e+02 4.808608636100566807e-42
4.250102368650674752e-05 1.055172413793103630e+02 6.275708366661137171e-42
6.769926586205501733e-05 1.055172413793103630e+02 8.281112234656581872e-42
1.078371813363233488e-04 1.055172413793103630e+02 1.115801694683631083e-41
1.717722863089567891e-04 1.055172413793103630e+02 1.535606301956971705e-41
2.736135902122996313e-04 1.055172413793103630e+02 2.200990461627099075e-41
4.358351300873408870e-04 1.055172413793103630e+02 3.286132186471107672e-41
6.942354744545533056e-04 1.055172413793103630e+02 5.196291253233368047e-41
1.105837645291589616e-03 1.055172413793103630e+02 8.768868907052138175e-41
1.761472789480881531e-03 1.055172413793103630e+02 1.575360226770152424e-40
2.805824527038428690e-03 1.055172413793103630e+02 3.009579358704667512e-40
4.469357303470210090e-03 1.055172413793103630e+02 6.009017341817264006e-40
7.119174600403985892e-03 1.055172413793103630e+02 1.233609543876111372e-39
1.134003024365157902e-02 1.055172413793103630e+02 2.525886621339099569e-39
1.806337014401007690e-02 1.055172413793103630e+02 5.080482317529411515e-39
2.877288101962317823e-02 1.055172413793103630e+02 9.781057667349016326e-39
4.583190598261207421e-02 1.055172413793103630e+02 1.794225708259009452e-38
7.300498009102399100e-02 1.055172413793103630e+02 3.193007473877908189e-38
1.162885767856308566e-01 1.055172413793103630e+02 5.669496375199480878e-38
1.852343918725382621e-01 1.055172413793103630e+02 1.116940837990260365e-37
2.950571834380621983e-01 1.055172413793103630e+02 1.068008601813177679e-36
4.699923195596870107e-01 1.055172413793103630e+02 1.052001196619563855e-37
7.486439674886415929e-01 1.055172413793103630e+02 0.000000000000000000e+00
9.999999999999999547e-08 1.117241379310344911e+02 2.611232228842301331e-43
1.592885535214725096e-07 1.117241379310344911e+02 3.299931267416908061e-43
2.537284328296300856e-07 1.117241379310344911e+02 4.170509101140901670e-43
4.041603505270179570e-07 1.117241379310344911e+02 5.284819903180351561e-43
6.437811762617998739e-07 1.117241379310344911e+02 6.688580372503179548e-43
1.025469723510942276e-06 1.117241379310344911e+02 8.472768748343586199e-43
1.633455889381223358e-06 1.117241379310344911e+02 1.072598197710371650e-42
2.601908258606654861e-06 1.117241379310344911e+02 1.363051936908715569e-42
4.144542029090266371e-06 1.117241379310344911e+02 1.737587506152896905e-42
6.601781048227371505e-06 1.117241379310344911e+02 2.219435905317311036e-42
1.051588153837608446e-05 1.117241379310344911e+02 2.836878173478471714e-42
1.675059559251080012e-05 1.117241379310344911e+02 3.650014881850868944e-42
2.668178142554203833e-05 1.117241379310344911e+02 4.739644441479859282e-42
4.250102368650674752e-05 1.117241379310344911e+02 6.191741811031651305e-42
6.769926586205501733e-05 1.117241379310344911e+02 8.234234705872169815e-42
1.078371813363233488e-04 1.117241379310344911e+02 1.116218509406776306e-41
1.717722863089567891e-04 1.117241379310344911e+02 1.548804276302508578e-41
2.736135902122996313e-04 1.117241379310344911e+02 2.225159854366136044e-41
4.358351300873408870e-04 1.117241379310344911e+02 3.356032816816577702e-41
6.942354744545533056e-04 1.117241379310344911e+02 5.329827880533484405e-41
1.105837645291589616e-03 1.117241379310344911e+02 9.026651108191117641e-41
1.761472789480881531e-03 1.117241379310344911e+02 1.622366986165725360e-40
2.805824527038428690e-03 1.117241379310344911e+02 3.094393193381831986e-40
4.469357303470210090e-03 1.117241379310344911e+02 6.170272908951535634e-40
7.119174600403985892e-03 1.117241379310344911e+02 1.252927079490382988e-39
1.134003024365157902e-02 1.117241379310344911e+02 2.548333869301643511e-39
1.806337014401007690e-02 1.117241379310344911e+02 5.046430050913298217e-39
2.877288101962317823e-02 1.117241379310344911e+02 9.617555241014060029e-39
4.583190598261207421e-02 1.117241379310344911e+02 1.737464937701117792e-38
7.300498009102399100e-02 1.117241379310344911e+02 3.043343540147560584e-38
1.162885767856308566e-01 1.117241379310344911e+02 5.334356809252978754e-38
1.852343918725382621e-01 1.117241379310344911e+02 1.061690807622152818e-37
2.950571834380621983e-01 1.117241379310344911e+02 1.150365065970183484e-36
4.699923195596870107e-01 1.117241379310344911e+02 3.077864833851258799e-38
7.486439674886415929e-01 1.117241379310344911e+02 0.000000000000000000e+00
9.999999999999999547e-08 1.179310344827586192e+02 2.486773651094636905e-43
1.592885535214725096e-07 1.179310344827586192e+02 3.142224537657454777e-43
2.537284328296300856e-07 1.179310344827586192e+02 3.979332508866980099e-43
4.041603505270179570e-07 1.179310344827586192e+02 5.031193435506294097e-43
6.437811762617998739e-07 1.179310344827586192e+02 6.375156200230945394e-43
1.025469723510942276e-06 1.179310344827586192e+02 8.095099513021856533e-43
1.633455889381223358e-06 1.179310344827586192e+02 1.025990460804648919e-42
2.601908258606654861e-06 1.179310344827586192e+02 1.304954481290175267e-42
4.144542029090266371e-06 1.179310344827586192e+02 1.660303892627122193e-42
6.601781048227371505e-06 1.179310344827586192e+02 2.129955279967785844e-42
1.051588153837608446e-05 1.179310344827586192e+02 2.735560312473571443e-42
1.675059559251080012e-05 1.179310344827586192e+02 3.532518658079451215e-42
2.668178142554203833e-05 1.179310344827586192e+02 4.594664449137940193e-42
4.250102368650674752e-05 1.179310344827586192e+02 6.036034076820904311e-42
6.769926586205501733e-05 1.179310344827586192e+02 8.072567982563562712e-42
1.078371813363233488e-04 1.179310344827586192e+02 1.095605959238147898e-41
1.717722863089567891e-04 1.179310344827586192e+02 1.531061812889393778e-41
2.736135902122996313e-04 1.179310344827586192e+02 2.214992345489082800e-41
4.358351300873408870e-04 1.179310344827586192e+02 3.355574597679759009e-41
6.942354744545533056e-04 1.179310344827586192e+02 5.355965629775474321e-41
1.105837645291589616e-03 1.179310344827586192e+02 9.079241632237217565e-41
1.761472789480881531e-03 1.179310344827586192e+02 1.634637828652935063e-40
2.805824527038428690e-03 1.179310344827586192e+02 3.114630984813921209e-40
4.469357303470210090e-03 1.179310344827586192e+02 6.173891736977080979e-40
7.119174600403985892e-03 1.179310344827586192e+02 1.249826594599493469e-39
1.134003024365157902e-02 1.179310344827586192e+02 2.525506563493475162e-39
1.806337014401007690e-02 1.179310344827586192e+02 4.938480297657330169e-39
2.877288101962317823e-02 1.179310344827586192e+02 9.265212670256005821e-39
4.583190598261207421e-02 1.179310344827586192e+02 1.656854252776989852e-38
7.300498009102399100e-02 1.179310344827586192e+02 2.850159899685785381e-38
1.162885767856308566e-01 1.179310344827586192e+02 4.960026345335892886e-38
1.852343918725382621e-01 1.179310344827586192e+02 1.008681959958527102e-37
2.950571834380621983e-01 1.179310344827586192e+02 1.113041717860207526e-36
4.699923195596870107e-01 1.179310344827586192e+02 9.314222308965447742e-39
7.486439674886415929e-01 1.179310344827586192e+02 0.000000000000000000e+00
9.999999999999999547e-08 1.241379310344827616e+02 2.330153577343935136e-43
1.592885535214725096e-07 1.241379310344827616e+02 2.950369746108944700e-43
2.537284328296300856e-07 1.241379310344827616e+02 3.739146022080383593e-43
4.041603505270179570e-07 1.241379310344827616e+02 4.720479821789249088e-43
6.437811762617998739e-07 1.241379310344827616e+02 5.987043265334659346e-43
1.025469723510942276e-06 1.241379310344827616e+02 7.594232082688565273e-43
1.633455889381223358e-06 1.241379310344827616e+02 9.677718082171192113e-43
2.601908258606654861e-06 1.241379310344827616e+02 1.230987310969688448e-42
4.144542029090266371e-06 1.241379310344827616e+02 1.571132308243241076e-42
6.601781048227371505e-06 1.241379310344827616e+02 2.013339652164804731e-42
1.051588153837608446e-05 1.241379310344827616e+02 2.590131497467870811e-42
1.675059559251080012e-05 1.241379310344827616e+02 3.358117177654063414e-42
2.668178142554203833e-05 1.241379310344827616e+02 4.380214097239958063e-42
4.250102368650674752e-05 1.241379310344827616e+02 5.785196740214594547e-42
6.769926586205501733e-05 1.241379310344827616e+02 7.761453149470967969e-42
1.078371813363233488e-04 1.241379310344827616e+02 1.058048711464561808e-41
1.717722863089567891e-04 1.241379310344827616e+02 1.487861310171869224e-41
2.736135902122996313e-04 1.241379310344827616e+02 2.166438996722056173e-41
4.358351300873408870e-04 1.241379310344827616e+02 3.291855359253567181e-41
6.942354744545533056e-04 1.241379310344827616e+02 5.267237767376243883e-41
1.105837645291589616e-03 1.241379310344827616e+02 8.940228457772231412e-41
1.761472789480881531e-03 1.241379310344827616e+02 1.614444608655141315e-40
2.805824527038428690e-03 1.241379310344827616e+02 3.063620685932774383e-40
4.469357303470210090e-03 1.241379310344827616e+02 6.047149750450197334e-40
7.119174600403985892e-03 1.241379310344827616e+02 1.220583139546236075e-39
1.134003024365157902e-02 1.241379310344827616e+02 2.446924090702779920e-39
1.806337014401007690e-02 1.241379310344827616e+02 4.729516499252465268e-39
2.877288101962317823e-02 1.241379310344827616e+02 8.776283013957694337e-39
4.583190598261207421e-02 1.241379310344827616e+02 1.548200464238347648e-38
7.300498009102399100e-02 1.241379310344827616e+02 2.642407437959369226e-38
1.162885767856308566e-01 1.241379310344827616e+02 4.540625604881708484e-38
1.852343918725382621e-01 1.241379310344827616e+02 9.629879038284161162e-38
2.950571834380621983e-01 1.241379310344827616e+02 9.874341929554329861e-37
4.699923195596870107e-01 1.241379310344827616e+02 3.340337947995610211e-39
7.486439674886415929e-01 1.241379310344827616e+02 0.000000000000000000e+00
9.999999999999999547e-08 1.303448275862068897e+02 2.151901339634624569e-43
1.592885535214725096e-07 1.303448275862068897e+02 2.719028704985828369e-43
2.537284328296300856e-07 1.303448275862068897e+02 3.437191399786877391e-43
4.041603505270179570e-07 1.303448275862068897e+02 4.366085972595706789e-43
6.437811762617998739e-07 1.303448275862068897e+02 5.542538232579666336e-43
1.025469723510942276e-06 1.303448275862068897e+02 7.013833440082693757e-43
1.633455889381223358e-06 1.303448275862068897e+02 8.937641523137285260e-43
2.601908258606654861e-06 1.303448275862068897e+02 1.142364571220092483e-42
4.144542029090266371e-06 1.303448275862068897e+02 1.458387559339177985e-42
6.601781048227371505e-06 1.303448275862068897e+02 1.870735492092141561e-42
1.051588153837608446e-05 1.303448275862068897e+02 2.413622309379284368e-42
1.675059559251080012e-05 1.303448275862068897e+02 3.121628266582124847e-42
2.668178142554203833e-05 1.303448275862068897e+02 4.104231816880449605e-42
4.250102368650674752e-05 1.303448275862068897e+02 5.444299825096737895e-42
6.769926586205501733e-05 1.303448275862068897e+02 7.295295167741406328e-42
1.078371813363233488e-04 1.303448275862068897e+02 1.005577766679998284e-41
1.717722863089567891e-04 1.303448275862068897e+02 1.412150667052834010e-41
2.736135902122996313e-04 1.303448275862068897e+02 2.072408267733523167e-41
4.358351300873408870e-04 1.303448275862068897e+02 3.155572046627917620e-41
6.942354744545533056e-04 1.303448275862068897e+02 5.066390598796696835e-41
1.105837645291589616e-03 1.303448275862068897e+02 8.614688225325400015e-41
1.761472789480881531e-03 1.303448275862068897e+02 1.554779181292294107e-40
2.805824527038428690e-03 1.303448275862068897e+02 2.945062091924917884e-40
4.469357303470210090e-03 1.303448275862068897e+02 5.812779690895957733e-40
7.119174600403985892e-03 1.303448275862068897e+02 1.163822657030323350e-39
1.134003024365157902e-02 1.303448275862068897e+02 2.309973075731169208e-39
1.806337014401007690e-02 1.303448275862068897e+02 4.452253070787879534e-39
2.877288101962317823e-02 1.303448275862068897e+02 8.174124128474801950e-39
4.583190598261207421e-02 1.303448275862068897e+02 1.423576212588883631e-38
7.300498009102399100e-02 1.303448275862068897e+02 2.397244004629281939e-38
1.162885767856308566e-01 1.303448275862068897e+02 4.100453072137320394e-38
1.852343918725382621e-01 1.303448275862068897e+02 9.226759295831811117e-38
2.950571834380621983e-01 1.303448275862068897e+02 8.241919998313556999e-37
4.699923195596870107e-01 1.303448275862068897e+02 1.458064222914938587e-39
7.486439674886415929e-01 1.303448275862068897e+02 0.000000000000000000e+00
9.999999999999999547e-08 1.365517241379310462e+02 1.943746329168798024e-43
1.592885535214725096e-07 1.365517241379310462e+02 2.453013819069914556e-43
2.537284328296300856e-07 1.365517241379310462e+02 3.115536517020843212e-43
4.041603505270179570e-07 1.365517241379310462e+02 3.944521626584458944e-43
6.437811762617998739e-07 1.365517241379310462e+02 5.012907486284142582e-43
1.025469723510942276e-06 1.365517241379310462e+02 6.368387874906442298e-43
1.633455889381223358e-06 1.365517241379310462e+02 8.099982367533605480e-43
2.601908258606654861e-06 1.365517241379310462e+02 1.033155576288595809e-42
4.144542029090266371e-06 1.365517241379310462e+02 1.324652164916637039e-42
6.601781048227371505e-06 1.365517241379310462e+02 1.699214330717692997e-42
1.051588153837608446e-05 1.365517241379310462e+02 2.200134288212841972e-42
1.675059559251080012e-05 1.365517241379310462e+02 2.860749424499031037e-42
2.668178142554203833e-05 1.365517241379310462e+02 3.763982464023679933e-42
4.250102368650674752e-05 1.365517241379310462e+02 4.988599186591198471e-42
6.769926586205501733e-05 1.365517241379310462e+02 6.717562369309091316e-42
1.078371813363233488e-04 1.365517241379310462e+02 9.299655778807815356e-42
1.717722863089567891e-04 1.365517241379310462e+02 1.313900129797884835e-41
2.736135902122996313e-04 1.365517241379310462e+02 1.926005750585274308e-41
4.358351300873408870e-04 1.365517241379310462e+02 2.949210511436160980e-41
6.942354744545533056e-04 1.365517241379310462e+02 4.755621243857767353e-41
1.105837645291589616e-03 1.365517241379310462e+02 8.077308248163658013e-41
1.761472789480881531e-03 1.365517241379310462e+02 1.456674110880308372e-40
2.805824527038428690e-03 1.365517241379310462e+02 2.759132548511454635e-40
4.469357303470210090e-03 1.365517241379310462e+02 5.418542004604290626e-40
7.119174600403985892e-03 1.365517241379310462e+02 1.081307356128379178e-39
1.134003024365157902e-02 1.365517241379310462e+02 2.136674336663735738e-39
1.806337014401007690e-02 1.365517241379310462e+02 4.075448779160808070e-39
2.877288101962317823e-02 1.365517241379310462e+02 7.409532867159894015e-39
4.583190598261207421e-02 1.365517241379310462e+02 1.283451876290568337e-38
7.300498009102399100e-02 1.365517241379310462e+02 2.141371473339713537e-38
1.162885767856308566e-01 1.365517241379310462e+02 3.648314844816145582e-38
1.852343918725382621e-01 1.365517241379310462e+02 8.706062402661196107e-38
2.950571834380621983e-01 1.365517241379310462e+02 6.678428002303677152e-37
4.699923195596870107e-01 1.365517241379310462e+02 7.309215107158720231e-40
7.486439674886415929e-01 1.365517241379310462e+02 0.000000000000000000e+00
9.999999999999999547e-08 1.427586206896551744e+02 1.708807148172028495e-43
1.592885535214725096e-07 1.427586206896551744e+02 2.167173947178590379e-43
2.537284328296300856e-07 1.427586206896551744e+02 2.745370116853622365e-43
4.041603505270179570e-07 1.427586206896551744e+02 3.477858538100979019e-43
6.437811762617998739e-07 1.427586206896551744e+02 4.421037018711615645e-43
1.025469723510942276e-06 1.427586206896551744e+02 5.609783055067233159e-43
1.633455889381223358e-06 1.427586206896551744e+02 7.156413311804496767e-43
2.601908258606654861e-06 1.427586206896551744e+02 9.156608548821368690e-43
4.144542029090266371e-06 1.427586206896551744e+02 1.172568006411203961e-42
6.601781048227371505e-06 1.427586206896551744e+02 1.511843284975309594e-42
1.051588153837608446e-05 1.427586206896551744e+02 1.948462079195978046e-42
1.675059559251080012e-05 1.427586206896551744e+02 2.538993726812403809e-42
2.668178142554203833e-05 1.427586206896551744e+02 3.345175709425315679e-42
4.250102368650674752e-05 1.427586206896551744e+02 4.453099038373541394e-42
6.769926586205501733e-05 1.427586206896551744e+02 6.041763267535078490e-42
1.078371813363233488e-04 1.427586206896551744e+02 8.344444337084166741e-42
1.717722863089567891e-04 1.427586206896551744e+02 1.188509133317822573e-41
2.736135902122996313e-04 1.427586206896551744e+02 1.743772156227524716e-41
4.358351300873408870e-04 1.427586206896551744e+02 2.671533936230151544e-41
6.942354744545533056e-04 1.427586206896551744e+02 4.314940726872788501e-41
1.105837645291589616e-03 1.427586206896551744e+02 7.336802271112024106e-41
1.761472789480881531e-03 1.427586206896551744e+02 1.326200231146780080e-40
2.805824527038428690e-03 1.427586206896551744e+02 2.498232828744750313e-40
4.469357303470210090e-03 1.427586206896551744e+02 4.901104709613085098e-40
7.119174600403985892e-03 1.427586206896551744e+02 9.764958751219741569e-40
1.134003024365157902e-02 1.427586206896551744e+02 1.917947388453682368e-39
1.806337014401007690e-02 1.427586206896551744e+02 3.631258862634961019e-39
2.877288101962317823e-02 1.427586206896551744e+02 6.538538191694314901e-39
4.583190598261207421e-02 1.427586206896551744e+02 1.124487402461699488e-38
7.300498009102399100e-02 1.427586206896551744e+02 1.866289813761653912e-38
1.162885767856308566e-01 1.427586206896551744e+02 3.158129483520150973e-38
1.852343918725382621e-01 1.427586206896551744e+02 8.123221709402027511e-38
2.950571834380621983e-01 1.427586206896551744e+02 5.215689937937742223e-37
4.699923195596870107e-01 1.427586206896551744e+02 3.933358522731252079e-40
7.486439674886415929e-01 1.427586206896551744e+02 0.000000000000000000e+00
9.999999999999999547e-08 1.489655172413793025e+02 1.457289984478073621e-43
1.592885535214725096e-07 1.489655172413793025e+02 1.845631897857897654e-43
2.537284328296300856e-07 1.489655172413793025e+02 2.338274840755600578e-43
4.041603505270179570e-07 1.489655172413793025e+02 2.963212105503630232e-43
6.437811762617998739e-07 1.489655172413793025e+02 3.778548221984535525e-43
1.025469723510942276e-06 1.489655172413793025e+02 4.800219858588319872e-43
1.633455889381223358e-06 1.489655172413793025e+02 6.114159203319887287e-43
2.601908258606654861e-06 1.489655172413793025e+02 7.807342631414048730e-43
4.144542029090266371e-06 1.489655172413793025e+02 1.002132394138247256e-42
6.601781048227371505e-06 1.489655172413793025e+02 1.291311343177328118e-42
1.051588153837608446e-05 1.489655172413793025e+02 1.675574857584074099e-42
1.675059559251080012e-05 1.489655172413793025e+02 2.189584251009788021e-42
2.668178142554203833e-05 1.489655172413793025e+02 2.889486253864766340e-42
4.250102368650674752e-05 1.489655172413793025e+02 3.852818652864193086e-42
6.769926586205501733e-05 1.489655172413793025e+02 5.229503498478955207e-42
1.078371813363233488e-04 1.489655172413793025e+02 7.251610663147537731e-42
1.717722863089567891e-04 1.489655172413793025e+02 1.032420546120404919e-41
2.736135902122996313e-04 1.489655172413793025e+02 1.522807847650330730e-41
4.358351300873408870e-04 1.489655172413793025e+02 2.339922226520568746e-41
6.942354744545533056e-04 1.489655172413793025e+02 3.770980304814850807e-41
1.105837645291589616e-03 1.489655172413793025e+02 6.426430470032475482e-41
1.761472789480881531e-03 1.489655172413793025e+02 1.158170297906531831e-40
2.805824527038428690e-03 1.489655172413793025e+02 2.193780305749646391e-40
4.469357303470210090e-03 1.489655172413793025e+02 4.278413912085936030e-40
7.119174600403985892e-03 1.489655172413793025e+02 8.476359021590485453e-40
1.134003024365157902e-02 1.489655172413793025e+02 1.657625733271587757e-39
1.806337014401007690e-02 1.489655172413793025e+02 3.133457742636005879e-39
2.877288101962317823e-02 1.489655172413793025e+02 5.597395182069838113e-39
4.583190598261207421e-02 1.489655172413793025e+02 9.552351934345955022e-39
7.300498009102399100e-02 1.489655172413793025e+02 1.575797479173852943e-38
1.162885767856308566e-01 1.489655172413793025e+02 2.651048132867349003e-38
1.852343918725382621e-01 1.489655172413793025e+02 7.326751575681866613e-38
2.950571834380621983e-01 1.489655172413793025e+02 3.966168030470817195e-37
4.699923195596870107e-01 1.489655172413793025e+02 2.232458045405754135e-40
7.486439674886415929e-01 1.489655172413793025e+02 0.000000000000000000e+00
9.999999999999999547e-08 1.551724137931034591e+02 1.189125047020022843e-43
1.592885535214725096e-07 1.551724137931034591e+02 1.507025940532551693e-43
2.537284328296300856e-07 1.551724137931034591e+02 1.909753957162363465e-43
4.041603505270179570e-07 1.551724137931034591e+02 2.427141729641713539e-43
6.437811762617998739e-07 1.551724137931034591e+02 3.077031689512633180e-43
1.025469723510942276e-06 1.551724137931034591e+02 3.917226431232117650e-43
1.633455889381223358e-06 1.551724137931034591e+02 5.005489434605999503e-43
2.601908258606654861e-06 1.551724137931034591e+02 6.386733163035731512e-43
4.144542029090266371e-06 1.551724137931034591e+02 8.224558482996782502e-43
6.601781048227371505e-06 1.551724137931034591e+02 1.057219263245612292e-42
1.051588153837608446e-05 1.551724137931034591e+02 1.374899490074639967e-42
1.675059559251080012e-05 1.551724137931034591e+02 1.793573014611893305e-42
2.668178142554203833e-05 1.551724137931034591e+02 2.366630352578722315e-42
4.250102368650674752e-05 1.551724137931034591e+02 3.172251845973862846e-42
6.769926586205501733e-05 1.551724137931034591e+02 4.314472714040483907e-42
1.078371813363233488e-04 1.551724137931034591e+02 5.987386315570469066e-42
1.717722863089567891e-04 1.551724137931034591e+02 8.536525613837158839e-42
2.736135902122996313e-04 1.551724137931034591e+02 1.263103882637236184e-41
4.358351300873408870e-04 1.551724137931034591e+02 1.945040633079780378e-41
6.942354744545533056e-04 1.551724137931034591e+02 3.140526266865030331e-41
1.105837645291589616e-03 1.551724137931034591e+02 5.351442093035383102e-41
1.761472789480881531e-03 1.551724137931034591e+02 9.667732333911182320e-41
2.805824527038428690e-03 1.551724137931034591e+02 1.826608566591916472e-40
4.469357303470210090e-03 1.551724137931034591e+02 3.556790969709696889e-40
7.119174600403985892e-03 1.551724137931034591e+02 7.015845588610226868e-40
1.134003024365157902e-02 1.551724137931034591e+02 1.363982768970056035e-39
1.806337014401007690e-02 1.551724137931034591e+02 2.562600386313585211e-39
2.877288101962317823e-02 1.551724137931034591e+02 4.571226211483111497e-39
4.583190598261207421e-02 1.551724137931034591e+02 7.746480962117213368e-39
7.300498009102399100e-02 1.551724137931034591e+02 1.271488449522611673e-38
1.162885767856308566e-01 1.551724137931034591e+02 2.138815439889755725e-38
1.852343918725382621e-01 1.551724137931034591e+02 6.209009992574685487e-38
2.950571834380621983e-01 1.551724137931034591e+02 2.968213923718812985e-37
4.699923195596870107e-01 1.551724137931034591e+02 1.307390485249273642e-40
7.486439674886415929e-01 1.551724137931034591e+02 0.000000000000000000e+00
9.999999999999999547e-08 1.613793103448276156e+02 9.047748406975157498e-44
1.592885535214725096e-07 1.613793103448276156e+02 1.143894559217167798e-43
2.537284328296300856e-07 1.613793103448276156e+02 1.451673417722187366e-43
4.041603505270179570e-07 1.613793103448276156e+02 1.839956629097493696e-43
6.437811762617998739e-07 1.613793103448276156e+02 2.340509288646562390e-43
1.025469723510942276e-06 1.613793103448276156e+02 2.982045424474595583e-43
1.633455889381223358e-06 1.613793103448276156e+02 3.801905387393328001e-43
2.601908258606654861e-06 1.613793103448276156e+02 4.869313356371262508e-43
4.144542029090266371e-06 1.613793103448276156e+02 6.236503846080565226e-43
6.601781048227371505e-06 1.613793103448276156e+02 8.064572683404546553e-43
1.051588153837608446e-05 1.613793103448276156e+02 1.048880144424780973e-42
1.675059559251080012e-05 1.613793103448276156e+02 1.372796293775327521e-42
2.668178142554203833e-05 1.613793103448276156e+02 1.820762252169594677e-42
4.250102368650674752e-05 1.613793103448276156e+02 2.430702174165001362e-42
6.769926586205501733e-05 1.613793103448276156e+02 3.318160311770061066e-42
1.078371813363233488e-04 1.613793103448276156e+02 4.609400514832463439e-42
1.717722863089567891e-04 1.613793103448276156e+02 6.591826070326618923e-42
2.736135902122996313e-04 1.613793103448276156e+02 9.747605968196380089e-42
4.358351300873408870e-04 1.613793103448276156e+02 1.498781501774188024e-41
6.942354744545533056e-04 1.613793103448276156e+02 2.425060264585440281e-41
1.105837645291589616e-03 1.613793103448276156e+02 4.143561333822948679e-41
1.761472789480881531e-03 1.613793103448276156e+02 7.476560661305464378e-41
2.805824527038428690e-03 1.613793103448276156e+02 1.410165378210376846e-40
4.469357303470210090e-03 1.613793103448276156e+02 2.748846459573672790e-40
7.119174600403985892e-03 1.613793103448276156e+02 5.416117780294083406e-40
1.134003024365157902e-02 1.613793103448276156e+02 1.048828028583309284e-39
1.806337014401007690e-02 1.613793103448276156e+02 1.959447288049474470e-39
2.877288101962317823e-02 1.613793103448276156e+02 3.486440407715985324e-39
4.583190598261207421e-02 1.613793103448276156e+02 5.870063187855639494e-39
7.300498009102399100e-02 1.613793103448276156e+02 9.642431456809427344e-39
1.162885767856308566e-01 1.613793103448276156e+02 1.614309407871372643e-38
1.852343918725382621e-01 1.613793103448276156e+02 5.062179025229150868e-38
2.950571834380621983e-01 1.613793103448276156e+02 2.082113389375980836e-37
4.699923195596870107e-01 1.613793103448276156e+02 7.670928906495871434e-41
7.486439674886415929e-01 1.613793103448276156e+02 0.000000000000000000e+00
9.999999999999999547e-08 1.675862068965517437e+02 6.095092647812083958e-44
1.592885535214725096e-07 1.675862068965517437e+02 7.711618254607635304e-44
2.537284328296300856e-07 1.675862068965517437e+02 9.774794091438108603e-44
4.041603505270179570e-07 1.675862068965517437e+02 1.238698713951749666e-43
6.437811762617998739e-07 1.675862068965517437e+02 1.576578496975816288e-43
1.025469723510942276e-06 1.675862068965517437e+02 2.013920332331114950e-43
1.633455889381223358e-06 1.675862068965517437e+02 2.564457793585396382e-43
2.601908258606654861e-06 1.675862068965517437e+02 3.283758239966144002e-43
4.144542029090266371e-06 1.675862068965517437e+02 4.226060332076998552e-43
6.601781048227371505e-06 1.675862068965517437e+02 5.443629489411670845e-43
1.051588153837608446e-05 1.675862068965517437e+02 7.083821470240984951e-43
1.675059559251080012e-05 1.675862068965517437e+02 9.293481409860332542e-43
2.668178142554203833e-05 1.675862068965517437e+02 1.230868364931832649e-42
4.250102368650674752e-05 1.675862068965517437e+02 1.646149472800545213e-42
6.769926586205501733e-05 1.675862068965517437e+02 2.248783282329920492e-42
1.078371813363233488e-04 1.675862068965517437e+02 3.138796417751132690e-42
1.717722863089567891e-04 1.675862068965517437e+02 4.468871757145681701e-42
2.736135902122996313e-04 1.675862068965517437e+02 6.626419251345789944e-42
4.358351300873408870e-04 1.675862068965517437e+02 1.021508656702093845e-41
6.942354744545533056e-04 1.675862068965517437e+02 1.655143258547963480e-41
1.105837645291589616e-03 1.675862068965517437e+02 2.821723812955940769e-41
1.761472789480881531e-03 1.675862068965517437e+02 5.071291562958514883e-41
2.805824527038428690e-03 1.675862068965517437e+02 9.590429901191278819e-41
4.469357303470210090e-03 1.675862068965517437e+02 1.867237192786344581e-40
7.119174600403985892e-03 1.675862068965517437e+02 3.666282820455420986e-40
1.134003024365157902e-02 1.675862068965517437e+02 7.123058896283006582e-40
1.806337014401007690e-02 1.675862068965517437e+02 1.324399405781360258e-39
2.877288101962317823e-02 1.675862068965517437e+02 2.340818038193788963e-39
4.583190598261207421e-02 1.675862068965517437e+02 3.954523366402471407e-39
7.300498009102399100e-02 1.675862068965517437e+02 6.445133284583141363e-39
1.162885767856308566e-01 1.675862068965517437e+02 1.081638970027353337e-38
1.852343918725382621e-01 1.675862068965517437e+02 3.464852423165990089e-38
2.950571834380621983e-01 1.675862068965517437e+02 1.328164011491576191e-37
4.699923195596870107e-01 1.675862068965517437e+02 4.238409744437592054e-41
7.486439674886415929e-01 1.675862068965517437e+02 0.000000000000000000e+00
9.999999999999999547e-08 1.737931034482758719e+02 3.062160359913139156e-44
1.592885535214725096e-07 1.737931034482758719e+02 3.874616690973509092e-44
2.537284328296300856e-07 1.737931034482758719e+02 4.903357386520064068e-44
4.041603505270179570e-07 1.737931034482758719e+02 6.254852800733280013e-44
6.437811762617998739e-07 1.737931034482758719e+02 7.945895190027861470e-44
1.025469723510942276e-06 1.737931034482758719e+02 1.009103520664786203e-43
1.633455889381223358e-06 1.737931034482758719e+02 1.292859121490681479e-43
2.601908258606654861e-06 1.737931034482758719e+02 1.653249136981223447e-43
4.144542029090266371e-06 1.737931034482758719e+02 2.126804792098417455e-43
6.601781048227371505e-06 1.737931034482758719e+02 2.739718336831350340e-43
1.051588153837608446e-05 1.737931034482758719e+02 3.577287572362391655e-43
1.675059559251080012e-05 1.737931034482758719e+02 4.685129741675663705e-43
2.668178142554203833e-05 1.737931034482758719e+02 6.195252303692563955e-43
4.250102368650674752e-05 1.737931034482758719e+02 8.320397019885713629e-43
6.769926586205501733e-05 1.737931034482758719e+02 1.134182133137791431e-42
1.078371813363233488e-04 1.737931034482758719e+02 1.581696094918710529e-42
1.717722863089567891e-04 1.737931034482758719e+02 2.263074066072726284e-42
2.736135902122996313e-04 1.737931034482758719e+02 3.354456353290082888e-42
4.358351300873408870e-04 1.737931034482758719e+02 5.169882019591405280e-42
6.942354744545533056e-04 1.737931034482758719e+02 8.394960525316340162e-42
1.105837645291589616e-03 1.737931034482758719e+02 1.428868534706743227e-41
1.761472789480881531e-03 1.737931034482758719e+02 2.567201162839147372e-41
2.805824527038428690e-03 1.737931034482758719e+02 4.857456783361388757e-41
4.469357303470210090e-03 1.737931034482758719e+02 9.458874750093663073e-41
7.119174600403985892e-03 1.737931034482758719e+02 1.854667608394356392e-40
1.134003024365157902e-02 1.737931034482758719e+02 3.592223868092564074e-40
1.806337014401007690e-02 1.737931034482758719e+02 6.672304852806133170e-40
2.877288101962317823e-02 1.737931034482758719e+02 1.182145663404658908e-39
4.583190598261207421e-02 1.737931034482758719e+02 1.980893157735361621e-39
7.300498009102399100e-02 1.737931034482758719e+02 3.236130039022729590e-39
1.162885767856308566e-01 1.737931034482758719e+02 5.428717294961605030e-39
1.852343918725382621e-01 1.737931034482758719e+02 1.789731508599200378e-38
2.950571834380621983e-01 1.737931034482758719e+02 6.417332331836020765e-38
4.699923195596870107e-01 1.737931034482758719e+02 1.901832208439953422e-41
7.486439674886415929e-01 1.737931034482758719e+02 0.000000000000000000e+00
9.999999999999999547e-08 1.800000000000000000e+02 0.000000000000000000e+00
1.592885535214725096e-07 1.800000000000000000e+02 4.390466626778080793e-59
2.537284328296300856e-07 1.800000000000000000e+02 5.573929591674183480e-59
4.041603505270179570e-07 1.800000000000000000e+02 0.000000000000000000e+00
6.437811762617998739e-07 1.800000000000000000e+02 0.000000000000000000e+00
1.025469723510942276e-06 1.800000000000000000e+02 0.000000000000000000e+00
1.633455889381223358e-06 1.800000000000000000e+02 0.000000000000000000e+00
2.601908258606654861e-06 1.800000000000000000e+02 0.000000000000000000e+00
4.144542029090266371e-06 1.800000000000000000e+02 0.000000000000000000e+00
6.601781048227371505e-06 1.800000000000000000e+02 3.114258320842717333e-58
1.051588153837608446e-05 1.800000000000000000e+02 0.000000000000000000e+00
1.675059559251080012e-05 1.800000000000000000e+02 0.000000000000000000e+00
2.668178142554203833e-05 1.800000000000000000e+02 0.000000000000000000e+00
4.250102368650674752e-05 1.800000000000000000e+02 0.000000000000000000e+00
6.769926586205501733e-05 1.800000000000000000e+02 1.286481718865170432e-57
1.078371813363233488e-04 1.800000000000000000e+02 0.000000000000000000e+00
1.717722863089567891e-04 1.800000000000000000e+02 0.000000000000000000e+00
2.736135902122996313e-04 1.800000000000000000e+02 3.810871728140730105e-57
4.358351300873408870e-04 1.800000000000000000e+02 5.876060301471305352e-57
6.942354744545533056e-04 1.800000000000000000e+02 0.000000000000000000e+00
1.105837645291589616e-03 1.800000000000000000e+02 1.625932655776331244e-56
1.761472789480881531e-03 1.800000000000000000e+02 0.000000000000000000e+00
2.805824527038428690e-03 1.800000000000000000e+02 0.000000000000000000e+00
4.469357303470210090e-03 1.800000000000000000e+02 0.000000000000000000e+00
7.119174600403985892e-03 1.800000000000000000e+02 0.000000000000000000e+00
1.134003024365157902e-02 1.800000000000000000e+02 0.000000000000000000e+00
1.806337014401007690e-02 1.800000000000000000e+02 0.000000000000000000e+00
2.877288101962317823e-02 1.800000000000000000e+02 1.336101270685117514e-54
4.583190598261207421e-02 1.800000000000000000e+02 2.243233147912678897e-54
7.300498009102399100e-02 1.800000000000000000e+02 0.000000000000000000e+00
1.162885767856308566e-01 1.800000000000000000e+02 0.000000000000000000e+00
1.852343918725382621e-01 1.800000000000000000e+02 0.000000000000000000e+00
2.950571834380621983e-01 1.800000000000000000e+02 0.000000000000000000e+00
4.699923195596870107e-01 1.800000000000000000e+02 0.000000000000000000e+00
7.486439674886415929e-01 1.800000000000000000e+02 0.000000000000000000e+00
