# atom 16: Tchi 0.38566204211634714 [GeV]; m_chi = 0.001 [GeV]; mS = 0.3 [GeV]; gchi =0.01; gN = 0.01
# Tchi^prime [GeV], theta [degree] ,dsigma/dTchip dtheta [cm^2/GeV]
9.999999999999999547e-08 0.000000000000000000e+00 0.000000000000000000e+00
1.559756411351295628e-07 0.000000000000000000e+00 0.000000000000000000e+00
2.432840062751472363e-07 0.000000000000000000e+00 0.000000000000000000e+00
3.794637885668897843e-07 0.000000000000000000e+00 0.000000000000000000e+00
5.918710770928588534e-07 0.000000000000000000e+00 0.000000000000000000e+00
9.231747071889816819e-07 0.000000000000000000e+00 0.000000000000000000e+00
1.439927668335369316e-06 0.000000000000000000e+00 0.000000000000000000e+00
2.245936412568214596e-06 0.000000000000000000e+00 0.000000000000000000e+00
3.503113718990601611e-06 0.000000000000000000e+00 0.000000000000000000e+00
5.464004082888272330e-06 0.000000000000000000e+00 0.000000000000000000e+00
8.522515399934638803e-06 0.000000000000000000e+00 0.000000000000000000e+00
1.329304803588820585e-05 0.000000000000000000e+00 0.000000000000000000e+00
2.073391690037733594e-05 0.000000000000000000e+00 0.000000000000000000e+00
3.233985981778859909e-05 0.000000000000000000e+00 0.000000000000000000e+00
5.044230369299780830e-05 0.000000000000000000e+00 0.000000000000000000e+00
7.867770658848247285e-05 0.000000000000000000e+00 0.000000000000000000e+00
1.227180572818016297e-04 0.000000000000000000e+00 0.000000000000000000e+00
1.914102766338656478e-04 0.000000000000000000e+00 0.000000000000000000e+00
2.985534061781970464e-04 0.000000000000000000e+00 0.000000000000000000e+00
4.656705894172099235e-04 0.000000000000000000e+00 0.000000000000000000e+00
7.263326874212300711e-04 0.000000000000000000e+00 0.000000000000000000e+00
1.132902065979278982e-03 0.000000000000000000e+00 0.000000000000000000e+00
1.767051260844308995e-03 0.000000000000000000e+00 0.000000000000000000e+00
2.756169533288302127e-03 0.000000000000000000e+00 0.000000000000000000e+00
4.298953100317537586e-03 0.000000000000000000e+00 0.000000000000000000e+00
6.705319660318808696e-03 0.000000000000000000e+00 0.000000000000000000e+00
1.045866533034215534e-02 0.000000000000000000e+00 0.000000000000000000e+00
1.631297030317869351e-02 0.000000000000000000e+00 0.000000000000000000e+00
2.544426001856620392e-02 0.000000000000000000e+00 0.000000000000000000e+00
3.968684769604807761e-02 0.000000000000000000e+00 0.000000000000000000e+00
6.190181514023338633e-02 0.000000000000000000e+00 0.000000000000000000e+00
9.655175303926173680e-02 0.000000000000000000e+00 0.000000000000000000e+00
1.505972158301954467e-01 0.000000000000000000e+00 0.000000000000000000e+00
2.348949729228022032e-01 0.000000000000000000e+00 0.000000000000000000e+00
3.663789400105297855e-01 0.000000000000000000e+00 0.000000000000000000e+00
9.999999999999999547e-08 6.206896551724137900e+00 2.968491070401243322e-43
1.559756411351295628e-07 6.206896551724137900e+00 3.688139888843400632e-43
2.432840062751472363e-07 6.206896551724137900e+00 4.585399083744823100e-43
3.794637885668897843e-07 6.206896551724137900e+00 5.701981067750207271e-43
5.918710770928588534e-07 6.206896551724137900e+00 7.061279781511111504e-43
9.231747071889816819e-07 6.206896551724137900e+00 8.763040295355391573e-43
1.439927668335369316e-06 6.206896551724137900e+00 1.082934228597828862e-42
2.245936412568214596e-06 6.206896551724137900e+00 1.334735684944037057e-42
3.503113718990601611e-06 6.206896551724137900e+00 1.641635738099450612e-42
5.464004082888272330e-06 6.206896551724137900e+00 2.009322506401680558e-42
8.522515399934638803e-06 6.206896551724137900e+00 2.456265882987141236e-42
1.329304803588820585e-05 6.206896551724137900e+00 2.969494964328221999e-42
2.073391690037733594e-05 6.206896551724137900e+00 3.562628228352619522e-42
3.233985981778859909e-05 6.206896551724137900e+00 4.267683167384958914e-42
5.044230369299780830e-05 6.206896551724137900e+00 5.031140828649621149e-42
7.867770658848247285e-05 6.206896551724137900e+00 5.858056242533078897e-42
1.227180572818016297e-04 6.206896551724137900e+00 6.744712264372926801e-42
1.914102766338656478e-04 6.206896551724137900e+00 7.629704440753610322e-42
2.985534061781970464e-04 6.206896551724137900e+00 8.487341732445765469e-42
4.656705894172099235e-04 6.206896551724137900e+00 9.281311062766640909e-42
7.263326874212300711e-04 6.206896551724137900e+00 9.998082619663816198e-42
1.132902065979278982e-03 6.206896551724137900e+00 1.069041457616822365e-41
1.767051260844308995e-03 6.206896551724137900e+00 1.148656826704526958e-41
2.756169533288302127e-03 6.206896551724137900e+00 1.262042632555626915e-41
4.298953100317537586e-03 6.206896551724137900e+00 1.473405015417305328e-41
6.705319660318808696e-03 6.206896551724137900e+00 1.928691059496040917e-41
1.045866533034215534e-02 6.206896551724137900e+00 2.968194605054949144e-41
1.631297030317869351e-02 6.206896551724137900e+00 5.454733269232055799e-41
2.544426001856620392e-02 6.206896551724137900e+00 1.171171683349947050e-40
3.968684769604807761e-02 6.206896551724137900e+00 0.000000000000000000e+00
6.190181514023338633e-02 6.206896551724137900e+00 0.000000000000000000e+00
9.655175303926173680e-02 6.206896551724137900e+00 0.000000000000000000e+00
1.505972158301954467e-01 6.206896551724137900e+00 0.000000000000000000e+00
2.348949729228022032e-01 6.206896551724137900e+00 0.000000000000000000e+00
3.663789400105297855e-01 6.206896551724137900e+00 0.000000000000000000e+00
9.999999999999999547e-08 1.241379310344827580e+01 5.891105445145679616e-43
1.559756411351295628e-07 1.241379310344827580e+01 7.339983327651054813e-43
2.432840062751472363e-07 1.241379310344827580e+01 9.136801847037090356e-43
3.794637885668897843e-07 1.241379310344827580e+01 1.134774922849489290e-42
5.918710770928588534e-07 1.241379310344827580e+01 1.405663062137972204e-42
9.231747071889816819e-07 1.241379310344827580e+01 1.744005945766754798e-42
1.439927668335369316e-06 1.241379310344827580e+01 2.161863926056194277e-42
2.245936412568214596e-06 1.241379310344827580e+01 2.657730125755285195e-42
3.503113718990601611e-06 1.241379310344827580e+01 3.276023517002741827e-42
5.464004082888272330e-06 1.241379310344827580e+01 4.006756860242255767e-42
8.522515399934638803e-06 1.241379310344827580e+01 4.876120847551018681e-42
1.329304803588820585e-05 1.241379310344827580e+01 5.921339638063111282e-42
2.073391690037733594e-05 1.241379310344827580e+01 7.139418136054184622e-42
3.233985981778859909e-05 1.241379310344827580e+01 8.514010523305363619e-42
5.044230369299780830e-05 1.241379310344827580e+01 1.006805165476947270e-41
7.867770658848247285e-05 1.241379310344827580e+01 1.178436837308762137e-41
1.227180572818016297e-04 1.241379310344827580e+01 1.358316084425666951e-41
1.914102766338656478e-04 1.241379310344827580e+01 1.543784334843789670e-41
2.985534061781970464e-04 1.241379310344827580e+01 1.736206971550323959e-41
4.656705894172099235e-04 1.241379310344827580e+01 1.923396646031195847e-41
7.263326874212300711e-04 1.241379310344827580e+01 2.133027282653008297e-41
1.132902065979278982e-03 1.241379310344827580e+01 2.393795026857403118e-41
1.767051260844308995e-03 1.241379310344827580e+01 2.778331980859330212e-41
2.756169533288302127e-03 1.241379310344827580e+01 3.511667748061971985e-41
4.298953100317537586e-03 1.241379310344827580e+01 5.002795604538171911e-41
6.705319660318808696e-03 1.241379310344827580e+01 8.391175396200308659e-41
1.045866533034215534e-02 1.241379310344827580e+01 1.623665369105438798e-40
1.631297030317869351e-02 1.241379310344827580e+01 3.536338343660406528e-40
2.544426001856620392e-02 1.241379310344827580e+01 8.394512175073035081e-40
3.968684769604807761e-02 1.241379310344827580e+01 0.000000000000000000e+00
6.190181514023338633e-02 1.241379310344827580e+01 0.000000000000000000e+00
9.655175303926173680e-02 1.241379310344827580e+01 0.000000000000000000e+00
1.505972158301954467e-01 1.241379310344827580e+01 0.000000000000000000e+00
2.348949729228022032e-01 1.241379310344827580e+01 0.000000000000000000e+00
3.663789400105297855e-01 1.241379310344827580e+01 0.000000000000000000e+00
9.999999999999999547e-08 1.862068965517241281e+01 8.750000935086657944e-43
1.559756411351295628e-07 1.862068965517241281e+01 1.089905825432516012e-42
2.432840062751472363e-07 1.862068965517241281e+01 1.357763177713229798e-42
3.794637885668897843e-07 1.862068965517241281e+01 1.685217782615391162e-42
5.918710770928588534e-07 1.862068965517241281e+01 2.097992145970866727e-42
9.231747071889816819e-07 1.862068965517241281e+01 2.590212022387457583e-42
1.439927668335369316e-06 1.862068965517241281e+01 3.212151571188671642e-42
2.245936412568214596e-06 1.862068965517241281e+01 3.957915787907008345e-42
3.503113718990601611e-06 1.862068965517241281e+01 4.869789869175164792e-42
5.464004082888272330e-06 1.862068965517241281e+01 5.962740992406234238e-42
8.522515399934638803e-06 1.862068965517241281e+01 7.290038752850546598e-42
1.329304803588820585e-05 1.862068965517241281e+01 8.835693273083516047e-42
2.073391690037733594e-05 1.862068965517241281e+01 1.064202479389760946e-41
3.233985981778859909e-05 1.862068965517241281e+01 1.275373944127351734e-41
5.044230369299780830e-05 1.862068965517241281e+01 1.513996453488152410e-41
7.867770658848247285e-05 1.862068965517241281e+01 1.774847944779191577e-41
1.227180572818016297e-04 1.862068965517241281e+01 2.063976483692597153e-41
1.914102766338656478e-04 1.862068965517241281e+01 2.372741423395456778e-41
2.985534061781970464e-04 1.862068965517241281e+01 2.702343469695964799e-41
4.656705894172099235e-04 1.862068965517241281e+01 3.073146054998515511e-41
7.263326874212300711e-04 1.862068965517241281e+01 3.533767028312878199e-41
1.132902065979278982e-03 1.862068965517241281e+01 4.204989887599958884e-41
1.767051260844308995e-03 1.862068965517241281e+01 5.366868457257395973e-41
2.756169533288302127e-03 1.862068965517241281e+01 7.641245881536712549e-41
4.298953100317537586e-03 1.862068965517241281e+01 1.249145068750125744e-40
6.705319660318808696e-03 1.862068965517241281e+01 2.353972032743113216e-40
1.045866533034215534e-02 1.862068965517241281e+01 4.946367854090635028e-40
1.631297030317869351e-02 1.862068965517241281e+01 1.124753076519543145e-39
2.544426001856620392e-02 1.862068965517241281e+01 2.704023061198961178e-39
3.968684769604807761e-02 1.862068965517241281e+01 0.000000000000000000e+00
6.190181514023338633e-02 1.862068965517241281e+01 0.000000000000000000e+00
9.655175303926173680e-02 1.862068965517241281e+01 0.000000000000000000e+00
1.505972158301954467e-01 1.862068965517241281e+01 0.000000000000000000e+00
2.348949729228022032e-01 1.862068965517241281e+01 0.000000000000000000e+00
3.663789400105297855e-01 1.862068965517241281e+01 0.000000000000000000e+00
9.999999999999999547e-08 2.482758620689655160e+01 1.153156749631686106e-42
1.559756411351295628e-07 2.482758620689655160e+01 1.437904074085986461e-42
2.432840062751472363e-07 2.482758620689655160e+01 1.783128711523482171e-42
3.794637885668897843e-07 2.482758620689655160e+01 2.217044245853948333e-42
5.918710770928588534e-07 2.482758620689655160e+01 2.753302947919438924e-42
9.231747071889816819e-07 2.482758620689655160e+01 3.416845085141445096e-42
1.439927668335369316e-06 2.482758620689655160e+01 4.220356219581722843e-42
2.245936412568214596e-06 2.482758620689655160e+01 5.213841576731433963e-42
3.503113718990601611e-06 2.482758620689655160e+01 6.447965900157522876e-42
5.464004082888272330e-06 2.482758620689655160e+01 7.876665716394577582e-42
8.522515399934638803e-06 2.482758620689655160e+01 9.618289850828263553e-42
1.329304803588820585e-05 2.482758620689655160e+01 1.170302365698285849e-41
2.073391690037733594e-05 2.482758620689655160e+01 1.414092048391780320e-41
3.233985981778859909e-05 2.482758620689655160e+01 1.702876746948904170e-41
5.044230369299780830e-05 2.482758620689655160e+01 2.022465025562430984e-41
7.867770658848247285e-05 2.482758620689655160e+01 2.388611171900857587e-41
1.227180572818016297e-04 2.482758620689655160e+01 2.796532844009605931e-41
1.914102766338656478e-04 2.482758620689655160e+01 3.261423323651344061e-41
2.985534061781970464e-04 2.482758620689655160e+01 3.785795938534151914e-41
4.656705894172099235e-04 2.482758620689655160e+01 4.428547809808647008e-41
7.263326874212300711e-04 2.482758620689655160e+01 5.321265770935373901e-41
1.132902065979278982e-03 2.482758620689655160e+01 6.695369011633716081e-41
1.767051260844308995e-03 2.482758620689655160e+01 9.293703077941242607e-41
2.756169533288302127e-03 2.482758620689655160e+01 1.443804386818898135e-40
4.298953100317537586e-03 2.482758620689655160e+01 2.562367638181655841e-40
6.705319660318808696e-03 2.482758620689655160e+01 5.093298854333462217e-40
1.045866533034215534e-02 2.482758620689655160e+01 1.101628517576944557e-39
1.631297030317869351e-02 2.482758620689655160e+01 2.537937309039999791e-39
2.544426001856620392e-02 2.482758620689655160e+01 6.118700821432328039e-39
3.968684769604807761e-02 2.482758620689655160e+01 1.544866952845394198e-38
6.190181514023338633e-02 2.482758620689655160e+01 0.000000000000000000e+00
9.655175303926173680e-02 2.482758620689655160e+01 0.000000000000000000e+00
1.505972158301954467e-01 2.482758620689655160e+01 0.000000000000000000e+00
2.348949729228022032e-01 2.482758620689655160e+01 0.000000000000000000e+00
3.663789400105297855e-01 2.482758620689655160e+01 0.000000000000000000e+00
9.999999999999999547e-08 3.103448275862069039e+01 1.414432790309821074e-42
1.559756411351295628e-07 3.103448275862069039e+01 1.765017970841369118e-42
2.432840062751472363e-07 3.103448275862069039e+01 2.197971093717094400e-42
3.794637885668897843e-07 3.103448275862069039e+01 2.737073389207353411e-42
5.918710770928588534e-07 3.103448275862069039e+01 3.394045919081522060e-42
9.231747071889816819e-07 3.103448275862069039e+01 4.194868746310374233e-42
1.439927668335369316e-06 3.103448275862069039e+01 5.194949932508415652e-42
2.245936412568214596e-06 3.103448275862069039e+01 6.427304395752020264e-42
3.503113718990601611e-06 3.103448275862069039e+01 7.923072583862745414e-42
5.464004082888272330e-06 3.103448275862069039e+01 9.760202217704933462e-42
8.522515399934638803e-06 3.103448275862069039e+01 1.189328177935220174e-41
1.329304803588820585e-05 3.103448275862069039e+01 1.451780596429990404e-41
2.073391690037733594e-05 3.103448275862069039e+01 1.761468324836706774e-41
3.233985981778859909e-05 3.103448275862069039e+01 2.123816106655951844e-41
5.044230369299780830e-05 3.103448275862069039e+01 2.538622880226878618e-41
7.867770658848247285e-05 3.103448275862069039e+01 3.020940681064039812e-41
1.227180572818016297e-04 3.103448275862069039e+01 3.569850867235095042e-41
1.914102766338656478e-04 3.103448275862069039e+01 4.213237023793749918e-41
2.985534061781970464e-04 3.103448275862069039e+01 4.996084930717375104e-41
4.656705894172099235e-04 3.103448275862069039e+01 6.023126891002664416e-41
7.263326874212300711e-04 3.103448275862069039e+01 7.527661159743745819e-41
1.132902065979278982e-03 3.103448275862069039e+01 1.008233413223808662e-40
1.767051260844308995e-03 3.103448275862069039e+01 1.481914294660892650e-40
2.756169533288302127e-03 3.103448275862069039e+01 2.462131000527769121e-40
4.298953100317537586e-03 3.103448275862069039e+01 4.566769711022844144e-40
6.705319660318808696e-03 3.103448275862069039e+01 9.333280775354844533e-40
1.045866533034215534e-02 3.103448275862069039e+01 2.047097922492819599e-39
1.631297030317869351e-02 3.103448275862069039e+01 4.732871068073840315e-39
2.544426001856620392e-02 3.103448275862069039e+01 1.134294625548058249e-38
3.968684769604807761e-02 3.103448275862069039e+01 2.850982621576978627e-38
6.190181514023338633e-02 3.103448275862069039e+01 0.000000000000000000e+00
9.655175303926173680e-02 3.103448275862069039e+01 0.000000000000000000e+00
1.505972158301954467e-01 3.103448275862069039e+01 0.000000000000000000e+00
2.348949729228022032e-01 3.103448275862069039e+01 0.000000000000000000e+00
3.663789400105297855e-01 3.103448275862069039e+01 0.000000000000000000e+00
9.999999999999999547e-08 3.724137931034482563e+01 1.659576823286194766e-42
1.559756411351295628e-07 3.724137931034482563e+01 2.073810727870583618e-42
2.432840062751472363e-07 3.724137931034482563e+01 2.582182956073562749e-42
3.794637885668897843e-07 3.724137931034482563e+01 3.212049168416882186e-42
5.918710770928588534e-07 3.724137931034482563e+01 3.989847370661074489e-42
9.231747071889816819e-07 3.724137931034482563e+01 4.938277194558905648e-42
1.439927668335369316e-06 3.724137931034482563e+01 6.119427329808260176e-42
2.245936412568214596e-06 3.724137931034482563e+01 7.589809299521349679e-42
3.503113718990601611e-06 3.724137931034482563e+01 9.357326335699427676e-42
5.464004082888272330e-06 3.724137931034482563e+01 1.150551384038220421e-41
8.522515399934638803e-06 3.724137931034482563e+01 1.411197677039257769e-41
1.329304803588820585e-05 3.724137931034482563e+01 1.718904779222322639e-41
2.073391690037733594e-05 3.724137931034482563e+01 2.095249594862345510e-41
3.233985981778859909e-05 3.724137931034482563e+01 2.539530975739804386e-41
5.044230369299780830e-05 3.724137931034482563e+01 3.046850065000651593e-41
7.867770658848247285e-05 3.724137931034482563e+01 3.660760847668468480e-41
1.227180572818016297e-04 3.724137931034482563e+01 4.384857293619866945e-41
1.914102766338656478e-04 3.724137931034482563e+01 5.248941226129795106e-41
2.985534061781970464e-04 3.724137931034482563e+01 6.363684959637688306e-41
4.656705894172099235e-04 3.724137931034482563e+01 7.872573755741921995e-41
7.263326874212300711e-04 3.724137931034482563e+01 1.027296707671802328e-40
1.132902065979278982e-03 3.724137931034482563e+01 1.438933279855713490e-40
1.767051260844308995e-03 3.724137931034482563e+01 2.229871516607396439e-40
2.756169533288302127e-03 3.724137931034482563e+01 3.835231343102311515e-40
4.298953100317537586e-03 3.724137931034482563e+01 7.332819203155489152e-40
6.705319660318808696e-03 3.724137931034482563e+01 1.519848203761242838e-39
1.045866533034215534e-02 3.724137931034482563e+01 3.350391499085281729e-39
1.631297030317869351e-02 3.724137931034482563e+01 7.746003020999464891e-39
2.544426001856620392e-02 3.724137931034482563e+01 1.844806873744674704e-38
3.968684769604807761e-02 3.724137931034482563e+01 4.571275502244758425e-38
6.190181514023338633e-02 3.724137931034482563e+01 0.000000000000000000e+00
9.655175303926173680e-02 3.724137931034482563e+01 0.000000000000000000e+00
1.505972158301954467e-01 3.724137931034482563e+01 0.000000000000000000e+00
2.348949729228022032e-01 3.724137931034482563e+01 0.000000000000000000e+00
3.663789400105297855e-01 3.724137931034482563e+01 0.000000000000000000e+00
9.999999999999999547e-08 4.344827586206896797e+01 1.891829851506833000e-42
1.559756411351295628e-07 4.344827586206896797e+01 2.356204931959587377e-42
2.432840062751472363e-07 4.344827586206896797e+01 2.934086623048455840e-42
3.794637885668897843e-07 4.344827586206896797e+01 3.648831184727242464e-42
5.918710770928588534e-07 4.344827586206896797e+01 4.539192853411262011e-42
9.231747071889816819e-07 4.344827586206896797e+01 5.642021459595892758e-42
1.439927668335369316e-06 4.344827586206896797e+01 6.993469135763553466e-42
2.245936412568214596e-06 4.344827586206896797e+01 8.671704946025318882e-42
3.503113718990601611e-06 4.344827586206896797e+01 1.068321197243758603e-41
5.464004082888272330e-06 4.344827586206896797e+01 1.316983783961655308e-41
8.522515399934638803e-06 4.344827586206896797e+01 1.621385053357419384e-41
1.329304803588820585e-05 4.344827586206896797e+01 1.983324408445565173e-41
2.073391690037733594e-05 4.344827586206896797e+01 2.421745343823815285e-41
3.233985981778859909e-05 4.344827586206896797e+01 2.942922580995807621e-41
5.044230369299780830e-05 4.344827586206896797e+01 3.564149874904161929e-41
7.867770658848247285e-05 4.344827586206896797e+01 4.320450282734866935e-41
1.227180572818016297e-04 4.344827586206896797e+01 5.214974142750455488e-41
1.914102766338656478e-04 4.344827586206896797e+01 6.344213797417236502e-41
2.985534061781970464e-04 4.344827586206896797e+01 7.878459912870383437e-41
4.656705894172099235e-04 4.344827586206896797e+01 1.003648050648376494e-40
7.263326874212300711e-04 4.344827586206896797e+01 1.356689850312845690e-40
1.132902065979278982e-03 4.344827586206896797e+01 1.972237738329285409e-40
1.767051260844308995e-03 4.344827586206896797e+01 3.158943947965680544e-40
2.756169533288302127e-03 4.344827586206896797e+01 5.599660847541675267e-40
4.298953100317537586e-03 4.344827586206896797e+01 1.089195827262898082e-39
6.705319660318808696e-03 4.344827586206896797e+01 2.275828797038349424e-39
1.045866533034215534e-02 4.344827586206896797e+01 5.041598575458613057e-39
1.631297030317869351e-02 4.344827586206896797e+01 1.156312062014091388e-38
2.544426001856620392e-02 4.344827586206896797e+01 2.743556974876324262e-38
3.968684769604807761e-02 4.344827586206896797e+01 6.680560475143893154e-38
6.190181514023338633e-02 4.344827586206896797e+01 0.000000000000000000e+00
9.655175303926173680e-02 4.344827586206896797e+01 0.000000000000000000e+00
1.505972158301954467e-01 4.344827586206896797e+01 0.000000000000000000e+00
2.348949729228022032e-01 4.344827586206896797e+01 0.000000000000000000e+00
3.663789400105297855e-01 4.344827586206896797e+01 0.000000000000000000e+00
9.999999999999999547e-08 4.965517241379310320e+01 2.100723841112243579e-42
1.559756411351295628e-07 4.965517241379310320e+01 2.618406641339200554e-42
2.432840062751472363e-07 4.965517241379310320e+01 3.247898079798057039e-42
3.794637885668897843e-07 4.965517241379310320e+01 4.061514433582241518e-42
5.918710770928588534e-07 4.965517241379310320e+01 5.048244932142424293e-42
9.231747071889816819e-07 4.965517241379310320e+01 6.273136542207255905e-42
1.439927668335369316e-06 4.965517241379310320e+01 7.782086034471749569e-42
2.245936412568214596e-06 4.965517241379310320e+01 9.643589039778977172e-42
3.503113718990601611e-06 4.965517241379310320e+01 1.192647776227768092e-41
5.464004082888272330e-06 4.965517241379310320e+01 1.474214391597564135e-41
8.522515399934638803e-06 4.965517241379310320e+01 1.816676857825565831e-41
1.329304803588820585e-05 4.965517241379310320e+01 2.228464938691016623e-41
2.073391690037733594e-05 4.965517241379310320e+01 2.738514953285755938e-41
3.233985981778859909e-05 4.965517241379310320e+01 3.343243969916028750e-41
5.044230369299780830e-05 4.965517241379310320e+01 4.074800295268953246e-41
7.867770658848247285e-05 4.965517241379310320e+01 4.974981291858934262e-41
1.227180572818016297e-04 4.965517241379310320e+01 6.092909589541848053e-41
1.914102766338656478e-04 4.965517241379310320e+01 7.550260687367246730e-41
2.985534061781970464e-04 4.965517241379310320e+01 9.532315701914905109e-41
4.656705894172099235e-04 4.965517241379310320e+01 1.248797977191202010e-40
7.263326874212300711e-04 4.965517241379310320e+01 1.730856623020572076e-40
1.132902065979278982e-03 4.965517241379310320e+01 2.598852389022681216e-40
1.767051260844308995e-03 4.965517241379310320e+01 4.266929424142661519e-40
2.756169533288302127e-03 4.965517241379310320e+01 7.739046676703601179e-40
4.298953100317537586e-03 4.965517241379310320e+01 1.519220411003909984e-39
6.705319660318808696e-03 4.965517241379310320e+01 3.198487821794830823e-39
1.045866533034215534e-02 4.965517241379310320e+01 7.066520657619279267e-39
1.631297030317869351e-02 4.965517241379310320e+01 1.609985946956947298e-38
2.544426001856620392e-02 4.965517241379310320e+01 3.780870580289989418e-38
3.968684769604807761e-02 4.965517241379310320e+01 9.076316829245888430e-38
6.190181514023338633e-02 4.965517241379310320e+01 0.000000000000000000e+00
9.655175303926173680e-02 4.965517241379310320e+01 0.000000000000000000e+00
1.505972158301954467e-01 4.965517241379310320e+01 0.000000000000000000e+00
2.348949729228022032e-01 4.965517241379310320e+01 0.000000000000000000e+00
3.663789400105297855e-01 4.965517241379310320e+01 0.000000000000000000e+00
9.999999999999999547e-08 5.586206896551724554e+01 2.280655319971058659e-42
1.559756411351295628e-07 5.586206896551724554e+01 2.851119888892642710e-42
2.432840062751472363e-07 5.586206896551724554e+01 3.537793487168361676e-42
3.794637885668897843e-07 5.586206896551724554e+01 4.414591115094684145e-42
5.918710770928588534e-07 5.586206896551724554e+01 5.492174883199918317e-42
9.231747071889816819e-07 5.586206896551724554e+01 6.834827509907177198e-42
1.439927668335369316e-06 5.586206896551724554e+01 8.482883355326800384e-42
2.245936412568214596e-06 5.586206896551724554e+01 1.053381467889266008e-41
3.503113718990601611e-06 5.586206896551724554e+01 1.304063773456224925e-41
5.464004082888272330e-06 5.586206896551724554e+01 1.613543584393102995e-41
8.522515399934638803e-06 5.586206896551724554e+01 1.992241289284360247e-41
1.329304803588820585e-05 5.586206896551724554e+01 2.453111471612745270e-41
2.073391690037733594e-05 5.586206896551724554e+01 3.023541671564781959e-41
3.233985981778859909e-05 5.586206896551724554e+01 3.720728238985627140e-41
5.044230369299780830e-05 5.586206896551724554e+01 4.563262621186254921e-41
7.867770658848247285e-05 5.586206896551724554e+01 5.619216823883125059e-41
1.227180572818016297e-04 5.586206896551724554e+01 6.985978700608288233e-41
1.914102766338656478e-04 5.586206896551724554e+01 8.769214136410960938e-41
2.985534061781970464e-04 5.586206896551724554e+01 1.126677584596312223e-40
4.656705894172099235e-04 5.586206896551724554e+01 1.514957671423985250e-40
7.263326874212300711e-04 5.586206896551724554e+01 2.161027515216618332e-40
1.132902065979278982e-03 5.586206896551724554e+01 3.317849837210782873e-40
1.767051260844308995e-03 5.586206896551724554e+01 5.572701915528870479e-40
2.756169533288302127e-03 5.586206896551724554e+01 1.018617176932535468e-39
4.298953100317537586e-03 5.586206896551724554e+01 2.017759349565152183e-39
6.705319660318808696e-03 5.586206896551724554e+01 4.258523617063939284e-39
1.045866533034215534e-02 5.586206896551724554e+01 9.352303652863288899e-39
1.631297030317869351e-02 5.586206896551724554e+01 2.126881570119602792e-38
2.544426001856620392e-02 5.586206896551724554e+01 4.946210174604783332e-38
3.968684769604807761e-02 5.586206896551724554e+01 1.170141450562862216e-37
6.190181514023338633e-02 5.586206896551724554e+01 2.823447447088951915e-37
9.655175303926173680e-02 5.586206896551724554e+01 0.000000000000000000e+00
1.505972158301954467e-01 5.586206896551724554e+01 0.000000000000000000e+00
2.348949729228022032e-01 5.586206896551724554e+01 0.000000000000000000e+00
3.663789400105297855e-01 5.586206896551724554e+01 0.000000000000000000e+00
9.999999999999999547e-08 6.206896551724138078e+01 2.441739974638925319e-42
1.559756411351295628e-07 6.206896551724138078e+01 3.042670339228792173e-42
2.432840062751472363e-07 6.206896551724138078e+01 3.792986407518991903e-42
3.794637885668897843e-07 6.206896551724138078e+01 4.722188436425081546e-42
5.918710770928588534e-07 6.206896551724138078e+01 5.883217331208307560e-42
9.231747071889816819e-07 6.206896551724138078e+01 7.329992334301013677e-42
1.439927668335369316e-06 6.206896551724138078e+01 9.106417292776618604e-42
2.245936412568214596e-06 6.206896551724138078e+01 1.130364980157822471e-41
3.503113718990601611e-06 6.206896551724138078e+01 1.403390438606148465e-41
5.464004082888272330e-06 6.206896551724138078e+01 1.742448330902512344e-41
8.522515399934638803e-06 6.206896551724138078e+01 2.154092032816403421e-41
1.329304803588820585e-05 6.206896551724138078e+01 2.660128216685873228e-41
2.073391690037733594e-05 6.206896551724138078e+01 3.291304154070978873e-41
3.233985981778859909e-05 6.206896551724138078e+01 4.077804451339944558e-41
5.044230369299780830e-05 6.206896551724138078e+01 5.047450519276273730e-41
7.867770658848247285e-05 6.206896551724138078e+01 6.264803303879971076e-41
1.227180572818016297e-04 6.206896551724138078e+01 7.850800856431793602e-41
1.914102766338656478e-04 6.206896551724138078e+01 1.004030556219776301e-40
2.985534061781970464e-04 6.206896551724138078e+01 1.313899568825522448e-40
4.656705894172099235e-04 6.206896551724138078e+01 1.804150636201369754e-40
7.263326874212300711e-04 6.206896551724138078e+01 2.620537477688696190e-40
1.132902065979278982e-03 6.206896551724138078e+01 4.102316211649159252e-40
1.767051260844308995e-03 6.206896551724138078e+01 7.004483685548743501e-40
2.756169533288302127e-03 6.206896551724138078e+01 1.295509427357500871e-39
4.298953100317537586e-03 6.206896551724138078e+01 2.572035947586841088e-39
6.705319660318808696e-03 6.206896551724138078e+01 5.413829726910854930e-39
1.045866533034215534e-02 6.206896551724138078e+01 1.188858293769382226e-38
1.631297030317869351e-02 6.206896551724138078e+01 2.686441454810568829e-38
2.544426001856620392e-02 6.206896551724138078e+01 6.168004929866161472e-38
3.968684769604807761e-02 6.206896551724138078e+01 1.434711368806961990e-37
6.190181514023338633e-02 6.206896551724138078e+01 3.387543119609169339e-37
9.655175303926173680e-02 6.206896551724138078e+01 8.320712658568841835e-37
1.505972158301954467e-01 6.206896551724138078e+01 0.000000000000000000e+00
2.348949729228022032e-01 6.206896551724138078e+01 0.000000000000000000e+00
3.663789400105297855e-01 6.206896551724138078e+01 0.000000000000000000e+00
9.999999999999999547e-08 6.827586206896552312e+01 2.571612139596720915e-42
1.559756411351295628e-07 6.827586206896552312e+01 3.208248467158485529e-42
2.432840062751472363e-07 6.827586206896552312e+01 3.997154704151809827e-42
3.794637885668897843e-07 6.827586206896552312e+01 4.995625494596749230e-42
5.918710770928588534e-07 6.827586206896552312e+01 6.216768709557325524e-42
9.231747071889816819e-07 6.827586206896552312e+01 7.731534475631157242e-42
1.439927668335369316e-06 6.827586206896552312e+01 9.627714403443041224e-42
2.245936412568214596e-06 6.827586206896552312e+01 1.200907705157206042e-41
3.503113718990601611e-06 6.827586206896552312e+01 1.488499343122888471e-41
5.464004082888272330e-06 6.827586206896552312e+01 1.848098494011135708e-41
8.522515399934638803e-06 6.827586206896552312e+01 2.291503654673270708e-41
1.329304803588820585e-05 6.827586206896552312e+01 2.846792633608246346e-41
2.073391690037733594e-05 6.827586206896552312e+01 3.539099858603575072e-41
3.233985981778859909e-05 6.827586206896552312e+01 4.397176019320526086e-41
5.044230369299780830e-05 6.827586206896552312e+01 5.488948391617883065e-41
7.867770658848247285e-05 6.827586206896552312e+01 6.872568902710631279e-41
1.227180572818016297e-04 6.827586206896552312e+01 8.745218080671818774e-41
1.914102766338656478e-04 6.827586206896552312e+01 1.128852675379561371e-40
2.985534061781970464e-04 6.827586206896552312e+01 1.504777734873167461e-40
4.656705894172099235e-04 6.827586206896552312e+01 2.096758543515523552e-40
7.263326874212300711e-04 6.827586206896552312e+01 3.097919464037118292e-40
1.132902065979278982e-03 6.827586206896552312e+01 4.931565181963447283e-40
1.767051260844308995e-03 6.827586206896552312e+01 8.507563770270349576e-40
2.756169533288302127e-03 6.827586206896552312e+01 1.583386692108848229e-39
4.298953100317537586e-03 6.827586206896552312e+01 3.153213360045897219e-39
6.705319660318808696e-03 6.827586206896552312e+01 6.673041112592344673e-39
1.045866533034215534e-02 6.827586206896552312e+01 1.451745263883274956e-38
1.631297030317869351e-02 6.827586206896552312e+01 3.262211465400376329e-38
2.544426001856620392e-02 6.827586206896552312e+01 7.385688459420390517e-38
3.968684769604807761e-02 6.827586206896552312e+01 1.691978878541536989e-37
6.190181514023338633e-02 6.827586206896552312e+01 3.912234625549431319e-37
9.655175303926173680e-02 6.827586206896552312e+01 9.324460518985586142e-37
1.505972158301954467e-01 6.827586206896552312e+01 2.475897535517529348e-36
2.348949729228022032e-01 6.827586206896552312e+01 3.511339041525514326e-35
3.663789400105297855e-01 6.827586206896552312e+01 0.000000000000000000e+00
9.999999999999999547e-08 7.448275862068965125e+01 2.668219809760823117e-42
1.559756411351295628e-07 7.448275862068965125e+01 3.332834702152754090e-42
2.432840062751472363e-07 7.448275862068965125e+01 4.164917604341179039e-42
3.794637885668897843e-07 7.448275862068965125e+01 5.176812991947557466e-42
5.918710770928588534e-07 7.448275862068965125e+01 6.462747978362970992e-42
9.231747071889816819e-07 7.448275862068965125e+01 8.048166114361824499e-42
1.439927668335369316e-06 7.448275862068965125e+01 1.003114880989014203e-41
2.245936412568214596e-06 7.448275862068965125e+01 1.247809562205792359e-41
3.503113718990601611e-06 7.448275862068965125e+01 1.557005576046109040e-41
5.464004082888272330e-06 7.448275862068965125e+01 1.939709383879068147e-41
8.522515399934638803e-06 7.448275862068965125e+01 2.411731383406384422e-41
1.329304803588820585e-05 7.448275862068965125e+01 3.005873473441483062e-41
2.073391690037733594e-05 7.448275862068965125e+01 3.743281442475906259e-41
3.233985981778859909e-05 7.448275862068965125e+01 4.683754629717841618e-41
5.044230369299780830e-05 7.448275862068965125e+01 5.875468077020619440e-41
7.867770658848247285e-05 7.448275862068965125e+01 7.449864139968390435e-41
1.227180572818016297e-04 7.448275862068965125e+01 9.524118967079355008e-41
1.914102766338656478e-04 7.448275862068965125e+01 1.247850269993363475e-40
2.985534061781970464e-04 7.448275862068965125e+01 1.688343370381055138e-40
4.656705894172099235e-04 7.448275862068965125e+01 2.394499397605791907e-40
7.263326874212300711e-04 7.448275862068965125e+01 3.594802997762564540e-40
1.132902065979278982e-03 7.448275862068965125e+01 5.786453547857262014e-40
1.767051260844308995e-03 7.448275862068965125e+01 1.006701354774327117e-39
2.756169533288302127e-03 7.448275862068965125e+01 1.883029265619944929e-39
4.298953100317537586e-03 7.448275862068965125e+01 3.770526284228875015e-39
6.705319660318808696e-03 7.448275862068965125e+01 7.893940181189997557e-39
1.045866533034215534e-02 7.448275862068965125e+01 1.722463814249459137e-38
1.631297030317869351e-02 7.448275862068965125e+01 3.828738332415901802e-38
2.544426001856620392e-02 7.448275862068965125e+01 8.592202219218903978e-38
3.968684769604807761e-02 7.448275862068965125e+01 1.938165028052071679e-37
6.190181514023338633e-02 7.448275862068965125e+01 4.384951472924747576e-37
9.655175303926173680e-02 7.448275862068965125e+01 1.018818265307285850e-36
1.505972158301954467e-01 7.448275862068965125e+01 2.717319662099407378e-36
2.348949729228022032e-01 7.448275862068965125e+01 4.065382753786276859e-35
3.663789400105297855e-01 7.448275862068965125e+01 0.000000000000000000e+00
9.999999999999999547e-08 8.068965517241380780e+01 2.736049417515294154e-42
1.559756411351295628e-07 8.068965517241380780e+01 3.418806158402865112e-42
2.432840062751472363e-07 8.068965517241380780e+01 4.258740902460599488e-42
3.794637885668897843e-07 8.068965517241380780e+01 5.332522122577424225e-42
5.918710770928588534e-07 8.068965517241380780e+01 6.640007773448590876e-42
9.231747071889816819e-07 8.068965517241380780e+01 8.265932356505008432e-42
1.439927668335369316e-06 8.068965517241380780e+01 1.034777902715185879e-41
2.245936412568214596e-06 8.068965517241380780e+01 1.289919371948421829e-41
3.503113718990601611e-06 8.068965517241380780e+01 1.605516698064302183e-41
5.464004082888272330e-06 8.068965517241380780e+01 2.008240553775185613e-41
8.522515399934638803e-06 8.068965517241380780e+01 2.501757804527686531e-41
1.329304803588820585e-05 8.068965517241380780e+01 3.137433610406022641e-41
2.073391690037733594e-05 8.068965517241380780e+01 3.923304043802829491e-41
3.233985981778859909e-05 8.068965517241380780e+01 4.919374389171307410e-41
5.044230369299780830e-05 8.068965517241380780e+01 6.250030285025471411e-41
7.867770658848247285e-05 8.068965517241380780e+01 7.962889231263106031e-41
1.227180572818016297e-04 8.068965517241380780e+01 1.029989247909578565e-40
1.914102766338656478e-04 8.068965517241380780e+01 1.366742145235666814e-40
2.985534061781970464e-04 8.068965517241380780e+01 1.865305303627379020e-40
4.656705894172099235e-04 8.068965517241380780e+01 2.681577353249431102e-40
7.263326874212300711e-04 8.068965517241380780e+01 4.077682928153160260e-40
1.132902065979278982e-03 8.068965517241380780e+01 6.636561799145033780e-40
1.767051260844308995e-03 8.068965517241380780e+01 1.159826091884471494e-39
2.756169533288302127e-03 8.068965517241380780e+01 2.189589439469135029e-39
4.298953100317537586e-03 8.068965517241380780e+01 4.358269417844252956e-39
6.705319660318808696e-03 8.068965517241380780e+01 9.153170734843175754e-39
1.045866533034215534e-02 8.068965517241380780e+01 1.978488556636575662e-38
1.631297030317869351e-02 8.068965517241380780e+01 4.352587464336068090e-38
2.544426001856620392e-02 8.068965517241380780e+01 9.678572574136567760e-38
3.968684769604807761e-02 8.068965517241380780e+01 2.142093633071811869e-37
6.190181514023338633e-02 8.068965517241380780e+01 4.758955626699760200e-37
9.655175303926173680e-02 8.068965517241380780e+01 1.082363723607248574e-36
1.505972158301954467e-01 8.068965517241380780e+01 3.000745164114962806e-36
2.348949729228022032e-01 8.068965517241380780e+01 4.258289684253374735e-35
3.663789400105297855e-01 8.068965517241380780e+01 0.000000000000000000e+00
9.999999999999999547e-08 8.689655172413793593e+01 2.772946472101295159e-42
1.559756411351295628e-07 8.689655172413793593e+01 3.463190710560596446e-42
2.432840062751472363e-07 8.689655172413793593e+01 4.325371922427743459e-42
3.794637885668897843e-07 8.689655172413793593e+01 5.403901050539377217e-42
5.918710770928588534e-07 8.689655172413793593e+01 6.751336535020784084e-42
9.231747071889816819e-07 8.689655172413793593e+01 8.450552716502628712e-42
1.439927668335369316e-06 8.689655172413793593e+01 1.051915251343960798e-41
2.245936412568214596e-06 8.689655172413793593e+01 1.314715313933485209e-41
3.503113718990601611e-06 8.689655172413793593e+01 1.646169681309529047e-41
5.464004082888272330e-06 8.689655172413793593e+01 2.050290563013693784e-41
8.522515399934638803e-06 8.689655172413793593e+01 2.565409106322941195e-41
1.329304803588820585e-05 8.689655172413793593e+01 3.225808094470857395e-41
2.073391690037733594e-05 8.689655172413793593e+01 4.050767628174207325e-41
3.233985981778859909e-05 8.689655172413793593e+01 5.135560578075078771e-41
5.044230369299780830e-05 8.689655172413793593e+01 6.514750501842360868e-41
7.867770658848247285e-05 8.689655172413793593e+01 8.385952785870194753e-41
1.227180572818016297e-04 8.689655172413793593e+01 1.096430355639929209e-40
1.914102766338656478e-04 8.689655172413793593e+01 1.469296227079116788e-40
2.985534061781970464e-04 8.689655172413793593e+01 2.032559238405124234e-40
4.656705894172099235e-04 8.689655172413793593e+01 2.940205237530023852e-40
7.263326874212300711e-04 8.689655172413793593e+01 4.520763500793770665e-40
1.132902065979278982e-03 8.689655172413793593e+01 7.440321249868393566e-40
1.767051260844308995e-03 8.689655172413793593e+01 1.313247134947779481e-39
2.756169533288302127e-03 8.689655172413793593e+01 2.464611222584072318e-39
4.298953100317537586e-03 8.689655172413793593e+01 4.940019970821353090e-39
6.705319660318808696e-03 8.689655172413793593e+01 1.030782899764814305e-38
1.045866533034215534e-02 8.689655172413793593e+01 2.214761286052499493e-38
1.631297030317869351e-02 8.689655172413793593e+01 4.852952858502055927e-38
2.544426001856620392e-02 8.689655172413793593e+01 1.061261500836198852e-37
3.968684769604807761e-02 8.689655172413793593e+01 2.317381509332816075e-37
6.190181514023338633e-02 8.689655172413793593e+01 5.056992592462095372e-37
9.655175303926173680e-02 8.689655172413793593e+01 1.123854730675556324e-36
1.505972158301954467e-01 8.689655172413793593e+01 3.316959994000498894e-36
2.348949729228022032e-01 8.689655172413793593e+01 4.103706128317723498e-35
3.663789400105297855e-01 8.689655172413793593e+01 0.000000000000000000e+00
9.999999999999999547e-08 9.310344827586206407e+01 2.772823109631289836e-42
1.559756411351295628e-07 9.310344827586206407e+01 3.477408425506956843e-42
2.432840062751472363e-07 9.310344827586206407e+01 4.336871884657912601e-42
3.794637885668897843e-07 9.310344827586206407e+01 5.409114724882748995e-42
5.918710770928588534e-07 9.310344827586206407e+01 6.763344440038617409e-42
9.231747071889816819e-07 9.310344827586206407e+01 8.475433290764237228e-42
1.439927668335369316e-06 9.310344827586206407e+01 1.058891421250672315e-41
2.245936412568214596e-06 9.310344827586206407e+01 1.324483401823700496e-41
3.503113718990601611e-06 9.310344827586206407e+01 1.657819405862354392e-41
5.464004082888272330e-06 9.310344827586206407e+01 2.077864030056790971e-41
8.522515399934638803e-06 9.310344827586206407e+01 2.612037601422355807e-41
1.329304803588820585e-05 9.310344827586206407e+01 3.273454647368234897e-41
2.073391690037733594e-05 9.310344827586206407e+01 4.154221547046867998e-41
3.233985981778859909e-05 9.310344827586206407e+01 5.263586689153607908e-41
5.044230369299780830e-05 9.310344827586206407e+01 6.723123811074348909e-41
7.867770658848247285e-05 9.310344827586206407e+01 8.719546989340052891e-41
1.227180572818016297e-04 9.310344827586206407e+01 1.150458012749434926e-40
1.914102766338656478e-04 9.310344827586206407e+01 1.552196013107630409e-40
2.985534061781970464e-04 9.310344827586206407e+01 2.174560677012325278e-40
4.656705894172099235e-04 9.310344827586206407e+01 3.184468145282029345e-40
7.263326874212300711e-04 9.310344827586206407e+01 4.929522313450418134e-40
1.132902065979278982e-03 9.310344827586206407e+01 8.138710726279691855e-40
1.767051260844308995e-03 9.310344827586206407e+01 1.443345459951184750e-39
2.756169533288302127e-03 9.310344827586206407e+01 2.722780166028217603e-39
4.298953100317537586e-03 9.310344827586206407e+01 5.424062273593044134e-39
6.705319660318808696e-03 9.310344827586206407e+01 1.132087165631330540e-38
1.045866533034215534e-02 9.310344827586206407e+01 2.422842091797072393e-38
1.631297030317869351e-02 9.310344827586206407e+01 5.253379034716608719e-38
2.544426001856620392e-02 9.310344827586206407e+01 1.139002786081028867e-37
3.968684769604807761e-02 9.310344827586206407e+01 2.454587875084481582e-37
6.190181514023338633e-02 9.310344827586206407e+01 5.233206792836979444e-37
9.655175303926173680e-02 9.310344827586206407e+01 1.145688651341418091e-36
1.505972158301954467e-01 9.310344827586206407e+01 3.684406493395277486e-36
2.348949729228022032e-01 9.310344827586206407e+01 3.699372309382496821e-35
3.663789400105297855e-01 9.310344827586206407e+01 0.000000000000000000e+00
9.999999999999999547e-08 9.931034482758620641e+01 2.753059972716335888e-42
1.559756411351295628e-07 9.931034482758620641e+01 3.439149852201007685e-42
2.432840062751472363e-07 9.931034482758620641e+01 4.300415740202785156e-42
3.794637885668897843e-07 9.931034482758620641e+01 5.374444133910066990e-42
5.918710770928588534e-07 9.931034482758620641e+01 6.715315902170591237e-42
9.231747071889816819e-07 9.931034482758620641e+01 8.416660207164001844e-42
1.439927668335369316e-06 9.931034482758620641e+01 1.049769057505132072e-41
2.245936412568214596e-06 9.931034482758620641e+01 1.318632043018882305e-41
3.503113718990601611e-06 9.931034482758620641e+01 1.653400991090640662e-41
5.464004082888272330e-06 9.931034482758620641e+01 2.080648346918331364e-41
8.522515399934638803e-06 9.931034482758620641e+01 2.612298836886920185e-41
1.329304803588820585e-05 9.931034482758620641e+01 3.294924064349845980e-41
2.073391690037733594e-05 9.931034482758620641e+01 4.174951671835880751e-41
3.233985981778859909e-05 9.931034482758620641e+01 5.348685810155052344e-41
5.044230369299780830e-05 9.931034482758620641e+01 6.863410630451509025e-41
7.867770658848247285e-05 9.931034482758620641e+01 8.973066769196588223e-41
1.227180572818016297e-04 9.931034482758620641e+01 1.189415712660542677e-40
1.914102766338656478e-04 9.931034482758620641e+01 1.623206655371597569e-40
2.985534061781970464e-04 9.931034482758620641e+01 2.289551973180634399e-40
4.656705894172099235e-04 9.931034482758620641e+01 3.386860805460361218e-40
7.263326874212300711e-04 9.931034482758620641e+01 5.276674030366127850e-40
1.132902065979278982e-03 9.931034482758620641e+01 8.770973623851544235e-40
1.767051260844308995e-03 9.931034482758620641e+01 1.551839860762718862e-39
2.756169533288302127e-03 9.931034482758620641e+01 2.934596892979083480e-39
4.298953100317537586e-03 9.931034482758620641e+01 5.842740395936139030e-39
6.705319660318808696e-03 9.931034482758620641e+01 1.217403149653155778e-38
1.045866533034215534e-02 9.931034482758620641e+01 2.591828409306648591e-38
1.631297030317869351e-02 9.931034482758620641e+01 5.558027070813644446e-38
2.544426001856620392e-02 9.931034482758620641e+01 1.195863894115550782e-37
3.968684769604807761e-02 9.931034482758620641e+01 2.539159687826665464e-37
6.190181514023338633e-02 9.931034482758620641e+01 5.339400776529904131e-37
9.655175303926173680e-02 9.931034482758620641e+01 1.145544121374421809e-36
1.505972158301954467e-01 9.931034482758620641e+01 4.093192950541571589e-36
2.348949729228022032e-01 9.931034482758620641e+01 3.171031101451225653e-35
3.663789400105297855e-01 9.931034482758620641e+01 0.000000000000000000e+00
9.999999999999999547e-08 1.055172413793103630e+02 2.690002672677352697e-42
1.559756411351295628e-07 1.055172413793103630e+02 3.358491860189895712e-42
2.432840062751472363e-07 1.055172413793103630e+02 4.216190505430469693e-42
3.794637885668897843e-07 1.055172413793103630e+02 5.256762859268232479e-42
5.918710770928588534e-07 1.055172413793103630e+02 6.574749386267125538e-42
9.231747071889816819e-07 1.055172413793103630e+02 8.228421384395841042e-42
1.439927668335369316e-06 1.055172413793103630e+02 1.032335853675935170e-41
2.245936412568214596e-06 1.055172413793103630e+02 1.296981947933238337e-41
3.503113718990601611e-06 1.055172413793103630e+02 1.626605382252016247e-41
5.464004082888272330e-06 1.055172413793103630e+02 2.047836989617772131e-41
8.522515399934638803e-06 1.055172413793103630e+02 2.584770692215923133e-41
1.329304803588820585e-05 1.055172413793103630e+02 3.271262739970749897e-41
2.073391690037733594e-05 1.055172413793103630e+02 4.162885559273402127e-41
3.233985981778859909e-05 1.055172413793103630e+02 5.347250748999879734e-41
5.044230369299780830e-05 1.055172413793103630e+02 6.913879050192823546e-41
7.867770658848247285e-05 1.055172413793103630e+02 9.077758682701143594e-41
1.227180572818016297e-04 1.055172413793103630e+02 1.213954923768667596e-40
1.914102766338656478e-04 1.055172413793103630e+02 1.666069818390336446e-40
2.985534061781970464e-04 1.055172413793103630e+02 2.365228592135620042e-40
4.656705894172099235e-04 1.055172413793103630e+02 3.514118047705000147e-40
7.263326874212300711e-04 1.055172413793103630e+02 5.527959272910676240e-40
1.132902065979278982e-03 1.055172413793103630e+02 9.212169433382771950e-40
1.767051260844308995e-03 1.055172413793103630e+02 1.636828771600136405e-39
2.756169533288302127e-03 1.055172413793103630e+02 3.091862557990196604e-39
4.298953100317537586e-03 1.055172413793103630e+02 6.159494803323233213e-39
6.705319660318808696e-03 1.055172413793103630e+02 1.278040786388590679e-38
1.045866533034215534e-02 1.055172413793103630e+02 2.712437797944819814e-38
1.631297030317869351e-02 1.055172413793103630e+02 5.791956820485592748e-38
2.544426001856620392e-02 1.055172413793103630e+02 1.231463392937323530e-37
3.968684769604807761e-02 1.055172413793103630e+02 2.582302337789652593e-37
6.190181514023338633e-02 1.055172413793103630e+02 5.327375081536721727e-37
9.655175303926173680e-02 1.055172413793103630e+02 1.132538897821336085e-36
1.505972158301954467e-01 1.055172413793103630e+02 4.584635244504690987e-36
2.348949729228022032e-01 1.055172413793103630e+02 2.630971327169756514e-35
3.663789400105297855e-01 1.055172413793103630e+02 0.000000000000000000e+00
9.999999999999999547e-08 1.117241379310344911e+02 2.597469646046195944e-42
1.559756411351295628e-07 1.117241379310344911e+02 3.244912378990790214e-42
2.432840062751472363e-07 1.117241379310344911e+02 4.060412469149542724e-42
3.794637885668897843e-07 1.117241379310344911e+02 5.075680532480813134e-42
5.918710770928588534e-07 1.117241379310344911e+02 6.366485531449781180e-42
9.231747071889816819e-07 1.117241379310344911e+02 7.977026224032837251e-42
1.439927668335369316e-06 1.117241379310344911e+02 9.994965225701148718e-42
2.245936412568214596e-06 1.117241379310344911e+02 1.257460906382499989e-41
3.503113718990601611e-06 1.117241379310344911e+02 1.580897906714954651e-41
5.464004082888272330e-06 1.117241379310344911e+02 1.991211404179737682e-41
8.522515399934638803e-06 1.117241379310344911e+02 2.523353755313028210e-41
1.329304803588820585e-05 1.117241379310344911e+02 3.204286383653749734e-41
2.073391690037733594e-05 1.117241379310344911e+02 4.089283748592614428e-41
3.233985981778859909e-05 1.117241379310344911e+02 5.259546755375095294e-41
5.044230369299780830e-05 1.117241379310344911e+02 6.852882375986299895e-41
7.867770658848247285e-05 1.117241379310344911e+02 9.038877724204640417e-41
1.227180572818016297e-04 1.117241379310344911e+02 1.217139262343961813e-40
1.914102766338656478e-04 1.117241379310344911e+02 1.687009093370224912e-40
2.985534061781970464e-04 1.117241379310344911e+02 2.406090998851496731e-40
4.656705894172099235e-04 1.117241379310344911e+02 3.600278526731082403e-40
7.263326874212300711e-04 1.117241379310344911e+02 5.679668081981735287e-40
1.132902065979278982e-03 1.117241379310344911e+02 9.512781625743771090e-40
1.767051260844308995e-03 1.117241379310344911e+02 1.691017471871698114e-39
2.756169533288302127e-03 1.117241379310344911e+02 3.203782740078106995e-39
4.298953100317537586e-03 1.117241379310344911e+02 6.386296448655695963e-39
6.705319660318808696e-03 1.117241379310344911e+02 1.317280375001066300e-38
1.045866533034215534e-02 1.117241379310344911e+02 2.779004175778990161e-38
1.631297030317869351e-02 1.117241379310344911e+02 5.906982415022067431e-38
2.544426001856620392e-02 1.117241379310344911e+02 1.239164473199177864e-37
3.968684769604807761e-02 1.117241379310344911e+02 2.557474743268372575e-37
6.190181514023338633e-02 1.117241379310344911e+02 5.237293517306263361e-37
9.655175303926173680e-02 1.117241379310344911e+02 1.098417933437302530e-36
1.505972158301954467e-01 1.117241379310344911e+02 5.067144040205474895e-36
2.348949729228022032e-01 1.117241379310344911e+02 2.166845172997621027e-35
3.663789400105297855e-01 1.117241379310344911e+02 0.000000000000000000e+00
9.999999999999999547e-08 1.179310344827586192e+02 2.475632454383921906e-42
1.559756411351295628e-07 1.179310344827586192e+02 3.094580700252569217e-42
2.432840062751472363e-07 1.179310344827586192e+02 3.873652020874008867e-42
3.794637885668897843e-07 1.179310344827586192e+02 4.849980143121285571e-42
5.918710770928588534e-07 1.179310344827586192e+02 6.054698340151630603e-42
9.231747071889816819e-07 1.179310344827586192e+02 7.645215458030618369e-42
1.439927668335369316e-06 1.179310344827586192e+02 9.569534204443362778e-42
2.245936412568214596e-06 1.179310344827586192e+02 1.203334086151508943e-41
3.503113718990601611e-06 1.179310344827586192e+02 1.519883234844792585e-41
5.464004082888272330e-06 1.179310344827586192e+02 1.913756971785758797e-41
8.522515399934638803e-06 1.179310344827586192e+02 2.429681468236902124e-41
1.329304803588820585e-05 1.179310344827586192e+02 3.087971106177151321e-41
2.073391690037733594e-05 1.179310344827586192e+02 3.953890699858508399e-41
3.233985981778859909e-05 1.179310344827586192e+02 5.121439535629226288e-41
5.044230369299780830e-05 1.179310344827586192e+02 6.683512973326340982e-41
7.867770658848247285e-05 1.179310344827586192e+02 8.877111326169273726e-41
1.227180572818016297e-04 1.179310344827586192e+02 1.200206289934661324e-40
1.914102766338656478e-04 1.179310344827586192e+02 1.665104242224343261e-40
2.985534061781970464e-04 1.179310344827586192e+02 2.400087707130742805e-40
4.656705894172099235e-04 1.179310344827586192e+02 3.608122293479080195e-40
7.263326874212300711e-04 1.179310344827586192e+02 5.719266537991350093e-40
1.132902065979278982e-03 1.179310344827586192e+02 9.609853972764295624e-40
1.767051260844308995e-03 1.179310344827586192e+02 1.710989692718791918e-39
2.756169533288302127e-03 1.179310344827586192e+02 3.247795744901828458e-39
4.298953100317537586e-03 1.179310344827586192e+02 6.425438611422429521e-39
6.705319660318808696e-03 1.179310344827586192e+02 1.326218067501036480e-38
1.045866533034215534e-02 1.179310344827586192e+02 2.786150263816516901e-38
1.631297030317869351e-02 1.179310344827586192e+02 5.877087125514639043e-38
2.544426001856620392e-02 1.179310344827586192e+02 1.224678662954416579e-37
3.968684769604807761e-02 1.179310344827586192e+02 2.500156516847750335e-37
6.190181514023338633e-02 1.179310344827586192e+02 5.043352553874490972e-37
9.655175303926173680e-02 1.179310344827586192e+02 1.051842932895030334e-36
1.505972158301954467e-01 1.179310344827586192e+02 5.480242391302514468e-36
2.348949729228022032e-01 1.179310344827586192e+02 1.754926998373635441e-35
3.663789400105297855e-01 1.179310344827586192e+02 0.000000000000000000e+00
9.999999999999999547e-08 1.241379310344827616e+02 2.317539038811955823e-42
1.559756411351295628e-07 1.241379310344827616e+02 2.901558536961790875e-42
2.432840062751472363e-07 1.241379310344827616e+02 3.634498775594385557e-42
3.794637885668897843e-07 1.241379310344827616e+02 4.545099820302318125e-42
5.918710770928588534e-07 1.241379310344827616e+02 5.725516125847366253e-42
9.231747071889816819e-07 1.241379310344827616e+02 7.169386375206025588e-42
1.439927668335369316e-06 1.241379310344827616e+02 9.021909617691740199e-42
2.245936412568214596e-06 1.241379310344827616e+02 1.134604603413454000e-41
3.503113718990601611e-06 1.241379310344827616e+02 1.429538505155936358e-41
5.464004082888272330e-06 1.241379310344827616e+02 1.812608326146753208e-41
8.522515399934638803e-06 1.241379310344827616e+02 2.298145319954533732e-41
1.329304803588820585e-05 1.241379310344827616e+02 2.934631678918986834e-41
2.073391690037733594e-05 1.241379310344827616e+02 3.773312064021207139e-41
3.233985981778859909e-05 1.241379310344827616e+02 4.892314198582818319e-41
5.044230369299780830e-05 1.241379310344827616e+02 6.402352542105643064e-41
7.867770658848247285e-05 1.241379310344827616e+02 8.537957095703499129e-41
1.227180572818016297e-04 1.241379310344827616e+02 1.161193863427448080e-40
1.914102766338656478e-04 1.241379310344827616e+02 1.625366828749420559e-40
2.985534061781970464e-04 1.241379310344827616e+02 2.353094096952377697e-40
4.656705894172099235e-04 1.241379310344827616e+02 3.546692804981248569e-40
7.263326874212300711e-04 1.241379310344827616e+02 5.641216233652122058e-40
1.132902065979278982e-03 1.241379310344827616e+02 9.475231294185415895e-40
1.767051260844308995e-03 1.241379310344827616e+02 1.692061887733460525e-39
2.756169533288302127e-03 1.241379310344827616e+02 3.214964402483324776e-39
4.298953100317537586e-03 1.241379310344827616e+02 6.354759407904953923e-39
6.705319660318808696e-03 1.241379310344827616e+02 1.306731596335240016e-38
1.045866533034215534e-02 1.241379310344827616e+02 2.733581229722347427e-38
1.631297030317869351e-02 1.241379310344827616e+02 5.729886355398339133e-38
2.544426001856620392e-02 1.241379310344827616e+02 1.180293359963156571e-37
3.968684769604807761e-02 1.241379310344827616e+02 2.392928230048926150e-37
6.190181514023338633e-02 1.241379310344827616e+02 4.764197845142044176e-37
9.655175303926173680e-02 1.241379310344827616e+02 9.932580591032951242e-37
1.505972158301954467e-01 1.241379310344827616e+02 5.777301259345254306e-36
2.348949729228022032e-01 1.241379310344827616e+02 1.408965080892939809e-35
3.663789400105297855e-01 1.241379310344827616e+02 0.000000000000000000e+00
9.999999999999999547e-08 1.303448275862068897e+02 2.135295378834897974e-42
1.559756411351295628e-07 1.303448275862068897e+02 2.681400800629890363e-42
2.432840062751472363e-07 1.303448275862068897e+02 3.361087436158569149e-42
3.794637885668897843e-07 1.303448275862068897e+02 4.201973168453637912e-42
5.918710770928588534e-07 1.303448275862068897e+02 5.276807859915346729e-42
9.231747071889816819e-07 1.303448275862068897e+02 6.624063689831464233e-42
1.439927668335369316e-06 1.303448275862068897e+02 8.330300995447998239e-42
2.245936412568214596e-06 1.303448275862068897e+02 1.051690088293680025e-41
3.503113718990601611e-06 1.303448275862068897e+02 1.324053322521258842e-41
5.464004082888272330e-06 1.303448275862068897e+02 1.682301939467134636e-41
8.522515399934638803e-06 1.303448275862068897e+02 2.140199481251345694e-41
1.329304803588820585e-05 1.303448275862068897e+02 2.733372967012256661e-41
2.073391690037733594e-05 1.303448275862068897e+02 3.539518399378172691e-41
3.233985981778859909e-05 1.303448275862068897e+02 4.586531594671545476e-41
5.044230369299780830e-05 1.303448275862068897e+02 6.018703678809192068e-41
7.867770658848247285e-05 1.303448275862068897e+02 8.073975457492111557e-41
1.227180572818016297e-04 1.303448275862068897e+02 1.101071470208624828e-40
1.914102766338656478e-04 1.303448275862068897e+02 1.548849879058984298e-40
2.985534061781970464e-04 1.303448275862068897e+02 2.246557372817659881e-40
4.656705894172099235e-04 1.303448275862068897e+02 3.413666758515103648e-40
7.263326874212300711e-04 1.303448275862068897e+02 5.437428752759565796e-40
1.132902065979278982e-03 1.303448275862068897e+02 9.157313239449336011e-40
1.767051260844308995e-03 1.303448275862068897e+02 1.635066998148824762e-39
2.756169533288302127e-03 1.303448275862068897e+02 3.098159132049159847e-39
4.298953100317537586e-03 1.303448275862068897e+02 6.142698161198997096e-39
6.705319660318808696e-03 1.303448275862068897e+02 1.255336852279433979e-38
1.045866533034215534e-02 1.303448275862068897e+02 2.613787358221456389e-38
1.631297030317869351e-02 1.303448275862068897e+02 5.446892506722596834e-38
2.544426001856620392e-02 1.303448275862068897e+02 1.117519090426939077e-37
3.968684769604807761e-02 1.303448275862068897e+02 2.242118302487676658e-37
6.190181514023338633e-02 1.303448275862068897e+02 4.434341194006319135e-37
9.655175303926173680e-02 1.303448275862068897e+02 9.246930136845567838e-37
1.505972158301954467e-01 1.303448275862068897e+02 5.882327545285604549e-36
2.348949729228022032e-01 1.303448275862068897e+02 1.124187903557015170e-35
3.663789400105297855e-01 1.303448275862068897e+02 0.000000000000000000e+00
9.999999999999999547e-08 1.365517241379310462e+02 1.932297726906962045e-42
1.559756411351295628e-07 1.365517241379310462e+02 2.415835737501233090e-42
2.432840062751472363e-07 1.365517241379310462e+02 3.033913337520159226e-42
3.794637885668897843e-07 1.365517241379310462e+02 3.794450827990414091e-42
5.918710770928588534e-07 1.365517241379310462e+02 4.762783021007187073e-42
9.231747071889816819e-07 1.365517241379310462e+02 5.991795340655324905e-42
1.439927668335369316e-06 1.365517241379310462e+02 7.537378994517992870e-42
2.245936412568214596e-06 1.365517241379310462e+02 9.529729521609628159e-42
3.503113718990601611e-06 1.365517241379310462e+02 1.206411785733408536e-41
5.464004082888272330e-06 1.365517241379310462e+02 1.530827362673884989e-41
8.522515399934638803e-06 1.365517241379310462e+02 1.946404860970625687e-41
1.329304803588820585e-05 1.365517241379310462e+02 2.491267653896489909e-41
2.073391690037733594e-05 1.365517241379310462e+02 3.229580903488125733e-41
3.233985981778859909e-05 1.365517241379310462e+02 4.199150632325617712e-41
5.044230369299780830e-05 1.365517241379310462e+02 5.559022456116881679e-41
7.867770658848247285e-05 1.365517241379310462e+02 7.456698150361518565e-41
1.227180572818016297e-04 1.365517241379310462e+02 1.018889605429198651e-40
1.914102766338656478e-04 1.365517241379310462e+02 1.441008543937695494e-40
2.985534061781970464e-04 1.365517241379310462e+02 2.095321684409015424e-40
4.656705894172099235e-04 1.365517241379310462e+02 3.190868856008137850e-40
7.263326874212300711e-04 1.365517241379310462e+02 5.104251829475395381e-40
1.132902065979278982e-03 1.365517241379310462e+02 8.595830385468987232e-40
1.767051260844308995e-03 1.365517241379310462e+02 1.539570256541880551e-39
2.756169533288302127e-03 1.365517241379310462e+02 2.914291665124701647e-39
4.298953100317537586e-03 1.365517241379310462e+02 5.763667029671499035e-39
6.705319660318808696e-03 1.365517241379310462e+02 1.177771973289785868e-38
1.045866533034215534e-02 1.365517241379310462e+02 2.440049467990257219e-38
1.631297030317869351e-02 1.365517241379310462e+02 5.066741295791038690e-38
2.544426001856620392e-02 1.365517241379310462e+02 1.031798566297399180e-37
3.968684769604807761e-02 1.365517241379310462e+02 2.056438722190800283e-37
6.190181514023338633e-02 1.365517241379310462e+02 4.017444484400652430e-37
9.655175303926173680e-02 1.365517241379310462e+02 8.406890004738921414e-37
1.505972158301954467e-01 1.365517241379310462e+02 5.750294445392313233e-36
2.348949729228022032e-01 1.365517241379310462e+02 8.777354497282384182e-36
3.663789400105297855e-01 1.365517241379310462e+02 0.000000000000000000e+00
9.999999999999999547e-08 1.427586206896551744e+02 1.699944373621912982e-42
1.559756411351295628e-07 1.427586206896551744e+02 2.129901748985438096e-42
2.432840062751472363e-07 1.427586206896551744e+02 2.669477714460935102e-42
3.794637885668897843e-07 1.427586206896551744e+02 3.348702505821150142e-42
5.918710770928588534e-07 1.427586206896551744e+02 4.219953198132084325e-42
9.231747071889816819e-07 1.427586206896551744e+02 5.286223255027466773e-42
1.439927668335369316e-06 1.427586206896551744e+02 6.653391885756584976e-42
2.245936412568214596e-06 1.427586206896551744e+02 8.397882633379420977e-42
3.503113718990601611e-06 1.427586206896551744e+02 1.064489329623708202e-41
5.464004082888272330e-06 1.427586206896551744e+02 1.355085716823844089e-41
8.522515399934638803e-06 1.427586206896551744e+02 1.728566287212249280e-41
1.329304803588820585e-05 1.427586206896551744e+02 2.218022711999745099e-41
2.073391690037733594e-05 1.427586206896551744e+02 2.874307794247402630e-41
3.233985981778859909e-05 1.427586206896551744e+02 3.760916940137385644e-41
5.044230369299780830e-05 1.427586206896551744e+02 4.972272039068329876e-41
7.867770658848247285e-05 1.427586206896551744e+02 6.691664892155568721e-41
1.227180572818016297e-04 1.427586206896551744e+02 9.204693677676642406e-41
1.914102766338656478e-04 1.427586206896551744e+02 1.301578654747892476e-40
2.985534061781970464e-04 1.427586206896551744e+02 1.901663774799531733e-40
4.656705894172099235e-04 1.427586206896551744e+02 2.896464779961642037e-40
7.263326874212300711e-04 1.427586206896551744e+02 4.637039777803558189e-40
1.132902065979278982e-03 1.427586206896551744e+02 7.825166487626711477e-40
1.767051260844308995e-03 1.427586206896551744e+02 1.403664847399395203e-39
2.756169533288302127e-03 1.427586206896551744e+02 2.650527675703806692e-39
4.298953100317537586e-03 1.427586206896551744e+02 5.237527407279655360e-39
6.705319660318808696e-03 1.427586206896551744e+02 1.066876873165000925e-38
1.045866533034215534e-02 1.427586206896551744e+02 2.213791305124106772e-38
1.631297030317869351e-02 1.427586206896551744e+02 4.558969315517183211e-38
2.544426001856620392e-02 1.427586206896551744e+02 9.285557467386785377e-38
3.968684769604807761e-02 1.427586206896551744e+02 1.827344421492523303e-37
6.190181514023338633e-02 1.427586206896551744e+02 3.548826936473715425e-37
9.655175303926173680e-02 1.427586206896551744e+02 7.530621950838218894e-37
1.505972158301954467e-01 1.427586206896551744e+02 5.378360941597153391e-36
2.348949729228022032e-01 1.427586206896551744e+02 6.769226956595711452e-36
3.663789400105297855e-01 1.427586206896551744e+02 0.000000000000000000e+00
9.999999999999999547e-08 1.489655172413793025e+02 1.447810172942518297e-42
1.559756411351295628e-07 1.489655172413793025e+02 1.816510297858549589e-42
2.432840062751472363e-07 1.489655172413793025e+02 2.284802503608293171e-42
3.794637885668897843e-07 1.489655172413793025e+02 2.857263849941354986e-42
5.918710770928588534e-07 1.489655172413793025e+02 3.590202374471014656e-42
9.231747071889816819e-07 1.489655172413793025e+02 4.516948650494173143e-42
1.439927668335369316e-06 1.489655172413793025e+02 5.698314915646682160e-42
2.245936412568214596e-06 1.489655172413793025e+02 7.201277647678551837e-42
3.503113718990601611e-06 1.489655172413793025e+02 9.131014459525217231e-42
5.464004082888272330e-06 1.489655172413793025e+02 1.159719769185821595e-41
8.522515399934638803e-06 1.489655172413793025e+02 1.479914231830440906e-41
1.329304803588820585e-05 1.489655172413793025e+02 1.908019614052054219e-41
2.073391690037733594e-05 1.489655172413793025e+02 2.472991876967881836e-41
3.233985981778859909e-05 1.489655172413793025e+02 3.228668170627177150e-41
5.044230369299780830e-05 1.489655172413793025e+02 4.296535922592693714e-41
7.867770658848247285e-05 1.489655172413793025e+02 5.791369259391793896e-41
1.227180572818016297e-04 1.489655172413793025e+02 8.012305913619032754e-41
1.914102766338656478e-04 1.489655172413793025e+02 1.132321979254692082e-40
2.985534061781970464e-04 1.489655172413793025e+02 1.658817104420259031e-40
4.656705894172099235e-04 1.489655172413793025e+02 2.540577014999502164e-40
7.263326874212300711e-04 1.489655172413793025e+02 4.058792139588399460e-40
1.132902065979278982e-03 1.489655172413793025e+02 6.890410020757114721e-40
1.767051260844308995e-03 1.489655172413793025e+02 1.229913993739991195e-39
2.756169533288302127e-03 1.489655172413793025e+02 2.330713429126762881e-39
4.298953100317537586e-03 1.489655172413793025e+02 4.589822715928416110e-39
6.705319660318808696e-03 1.489655172413793025e+02 9.385240807088488200e-39
1.045866533034215534e-02 1.489655172413793025e+02 1.931711817717993659e-38
1.631297030317869351e-02 1.489655172413793025e+02 3.960895419482915811e-38
2.544426001856620392e-02 1.489655172413793025e+02 8.000675815743317564e-38
3.968684769604807761e-02 1.489655172413793025e+02 1.571534167343313609e-37
6.190181514023338633e-02 1.489655172413793025e+02 3.036334180512605983e-37
9.655175303926173680e-02 1.489655172413793025e+02 6.463872875146273075e-37
1.505972158301954467e-01 1.489655172413793025e+02 4.833420890602519098e-36
2.348949729228022032e-01 1.489655172413793025e+02 5.124935879865772285e-36
3.663789400105297855e-01 1.489655172413793025e+02 0.000000000000000000e+00
9.999999999999999547e-08 1.551724137931034591e+02 1.181500075082408816e-42
1.559756411351295628e-07 1.551724137931034591e+02 1.481944580855515884e-42
2.432840062751472363e-07 1.551724137931034591e+02 1.859756049619674375e-42
3.794637885668897843e-07 1.551724137931034591e+02 2.336989956182675593e-42
5.918710770928588534e-07 1.551724137931034591e+02 2.925241414127940594e-42
9.231747071889816819e-07 1.551724137931034591e+02 3.677542489273656015e-42
1.439927668335369316e-06 1.551724137931034591e+02 4.652102988390883753e-42
2.245936412568214596e-06 1.551724137931034591e+02 5.894651247219391411e-42
3.503113718990601611e-06 1.551724137931034591e+02 7.436018116569905623e-42
5.464004082888272330e-06 1.551724137931034591e+02 9.476016316438853890e-42
8.522515399934638803e-06 1.551724137931034591e+02 1.212310878316070928e-41
1.329304803588820585e-05 1.551724137931034591e+02 1.564196309974530272e-41
2.073391690037733594e-05 1.551724137931034591e+02 2.035639909396271527e-41
3.233985981778859909e-05 1.551724137931034591e+02 2.667259242109320594e-41
5.044230369299780830e-05 1.551724137931034591e+02 3.541438591976836683e-41
7.867770658848247285e-05 1.551724137931034591e+02 4.801616387279454044e-41
1.227180572818016297e-04 1.551724137931034591e+02 6.601578621903161704e-41
1.914102766338656478e-04 1.551724137931034591e+02 9.381505577988011287e-41
2.985534061781970464e-04 1.551724137931034591e+02 1.379379212497175299e-40
4.656705894172099235e-04 1.551724137931034591e+02 2.107847810027618378e-40
7.263326874212300711e-04 1.551724137931034591e+02 3.395633199997645047e-40
1.132902065979278982e-03 1.551724137931034591e+02 5.739469444919622640e-40
1.767051260844308995e-03 1.551724137931034591e+02 1.030531861334259539e-39
2.756169533288302127e-03 1.551724137931034591e+02 1.937772576914949662e-39
4.298953100317537586e-03 1.551724137931034591e+02 3.823687166203883951e-39
6.705319660318808696e-03 1.551724137931034591e+02 7.768742832824586320e-39
1.045866533034215534e-02 1.551724137931034591e+02 1.604336340768248264e-38
1.631297030317869351e-02 1.551724137931034591e+02 3.281042982385608664e-38
2.544426001856620392e-02 1.551724137931034591e+02 6.583874777469522806e-38
3.968684769604807761e-02 1.551724137931034591e+02 1.290677841801810788e-37
6.190181514023338633e-02 1.551724137931034591e+02 2.482993949820468543e-37
9.655175303926173680e-02 1.551724137931034591e+02 5.335304212105723457e-37
1.505972158301954467e-01 1.551724137931034591e+02 4.082559657001364741e-36
2.348949729228022032e-01 1.551724137931034591e+02 3.727714618875529896e-36
3.663789400105297855e-01 1.551724137931034591e+02 0.000000000000000000e+00
9.999999999999999547e-08 1.613793103448276156e+02 8.999785088976874170e-43
1.559756411351295628e-07 1.613793103448276156e+02 1.127039260219022497e-42
2.432840062751472363e-07 1.613793103448276156e+02 1.413140968155552217e-42
3.794637885668897843e-07 1.613793103448276156e+02 1.775308063313775895e-42
5.918710770928588534e-07 1.613793103448276156e+02 2.228475869867668355e-42
9.231747071889816819e-07 1.613793103448276156e+02 2.812395857329840237e-42
1.439927668335369316e-06 1.613793103448276156e+02 3.542627989119709544e-42
2.245936412568214596e-06 1.613793103448276156e+02 4.482298741946981890e-42
3.503113718990601611e-06 1.613793103448276156e+02 5.687153874095491778e-42
5.464004082888272330e-06 1.613793103448276156e+02 7.243217628731968779e-42
8.522515399934638803e-06 1.613793103448276156e+02 9.275623955655501359e-42
1.329304803588820585e-05 1.613793103448276156e+02 1.194943905939344566e-41
2.073391690037733594e-05 1.613793103448276156e+02 1.550663153826498813e-41
3.233985981778859909e-05 1.613793103448276156e+02 2.044086509937887802e-41
5.044230369299780830e-05 1.613793103448276156e+02 2.713789695436600619e-41
7.867770658848247285e-05 1.613793103448276156e+02 3.673983538010719407e-41
1.227180572818016297e-04 1.613793103448276156e+02 5.090952998253673071e-41
1.914102766338656478e-04 1.613793103448276156e+02 7.239643081087967819e-41
2.985534061781970464e-04 1.613793103448276156e+02 1.064407659891643766e-40
4.656705894172099235e-04 1.613793103448276156e+02 1.632051066769282720e-40
7.263326874212300711e-04 1.613793103448276156e+02 2.621144863300743597e-40
1.132902065979278982e-03 1.613793103448276156e+02 4.443142447726772802e-40
1.767051260844308995e-03 1.613793103448276156e+02 7.958281487755566472e-40
2.756169533288302127e-03 1.613793103448276156e+02 1.501818121555268553e-39
4.298953100317537586e-03 1.613793103448276156e+02 2.961586254280427113e-39
6.705319660318808696e-03 1.613793103448276156e+02 6.020109071611796422e-39
1.045866533034215534e-02 1.613793103448276156e+02 1.235388339660618263e-38
1.631297030317869351e-02 1.613793103448276156e+02 2.532206516804287594e-38
2.544426001856620392e-02 1.613793103448276156e+02 5.056908413015081628e-38
3.968684769604807761e-02 1.613793103448276156e+02 9.842460176288968381e-38
6.190181514023338633e-02 1.613793103448276156e+02 1.884158050751449584e-37
9.655175303926173680e-02 1.613793103448276156e+02 4.086502412176387314e-37
1.505972158301954467e-01 1.613793103448276156e+02 3.173803483277198411e-36
2.348949729228022032e-01 1.613793103448276156e+02 2.600801985403799282e-36
3.663789400105297855e-01 1.613793103448276156e+02 0.000000000000000000e+00
9.999999999999999547e-08 1.675862068965517437e+02 6.051997488709929916e-43
1.559756411351295628e-07 1.675862068965517437e+02 7.585154011070487589e-43
2.432840062751472363e-07 1.675862068965517437e+02 9.508391485437431407e-43
3.794637885668897843e-07 1.675862068965517437e+02 1.200389667426354435e-42
5.918710770928588534e-07 1.675862068965517437e+02 1.504233893595742986e-42
9.231747071889816819e-07 1.675862068965517437e+02 1.892307572925007414e-42
1.439927668335369316e-06 1.675862068965517437e+02 2.388528847711681041e-42
2.245936412568214596e-06 1.675862068965517437e+02 3.019455253402500850e-42
3.503113718990601611e-06 1.675862068965517437e+02 3.837125504943313043e-42
5.464004082888272330e-06 1.675862068965517437e+02 4.885818999114294230e-42
8.522515399934638803e-06 1.675862068965517437e+02 6.259356270134946815e-42
1.329304803588820585e-05 1.675862068965517437e+02 8.080499176293053088e-42
2.073391690037733594e-05 1.675862068965517437e+02 1.050500031713734562e-41
3.233985981778859909e-05 1.675862068965517437e+02 1.379485636770574890e-41
5.044230369299780830e-05 1.675862068965517437e+02 1.840420070644321358e-41
7.867770658848247285e-05 1.675862068965517437e+02 2.496479541005334524e-41
1.227180572818016297e-04 1.675862068965517437e+02 3.456259342209757924e-41
1.914102766338656478e-04 1.675862068965517437e+02 4.923516655748162224e-41
2.985534061781970464e-04 1.675862068965517437e+02 7.257345766034884250e-41
4.656705894172099235e-04 1.675862068965517437e+02 1.108913050198560558e-40
7.263326874212300711e-04 1.675862068965517437e+02 1.784798907122258460e-40
1.132902065979278982e-03 1.675862068965517437e+02 3.022797038404661506e-40
1.767051260844308995e-03 1.675862068965517437e+02 5.426718656115083068e-40
2.756169533288302127e-03 1.675862068965517437e+02 1.024251625386310377e-39
4.298953100317537586e-03 1.675862068965517437e+02 2.017432283390252061e-39
6.705319660318808696e-03 1.675862068965517437e+02 4.096402422009542542e-39
1.045866533034215534e-02 1.675862068965517437e+02 8.403640399150531563e-39
1.631297030317869351e-02 1.675862068965517437e+02 1.716612782793515808e-38
2.544426001856620392e-02 1.675862068965517437e+02 3.427046693567175570e-38
3.968684769604807761e-02 1.675862068965517437e+02 6.645327587670565672e-38
6.190181514023338633e-02 1.675862068965517437e+02 1.272250950398274593e-37
9.655175303926173680e-02 1.675862068965517437e+02 2.776559490066762134e-37
1.505972158301954467e-01 1.675862068965517437e+02 2.169910496430799258e-36
2.348949729228022032e-01 1.675862068965517437e+02 1.641159643579445895e-36
3.663789400105297855e-01 1.675862068965517437e+02 0.000000000000000000e+00
9.999999999999999547e-08 1.737931034482758719e+02 3.046332369702682439e-43
1.559756411351295628e-07 1.737931034482758719e+02 3.815227521638566355e-43
2.432840062751472363e-07 1.737931034482758719e+02 4.796061811293746724e-43
3.794637885668897843e-07 1.737931034482758719e+02 6.006974666797537327e-43
5.918710770928588534e-07 1.737931034482758719e+02 7.559510600181325987e-43
9.231747071889816819e-07 1.737931034482758719e+02 9.521686750262531295e-43
1.439927668335369316e-06 1.737931034482758719e+02 1.202257371900079807e-42
2.245936412568214596e-06 1.737931034482758719e+02 1.520519206116036683e-42
3.503113718990601611e-06 1.737931034482758719e+02 1.930470851057038357e-42
5.464004082888272330e-06 1.737931034482758719e+02 2.465260565975058099e-42
8.522515399934638803e-06 1.737931034482758719e+02 3.155393656848145695e-42
1.329304803588820585e-05 1.737931034482758719e+02 4.074384618180048319e-42
2.073391690037733594e-05 1.737931034482758719e+02 5.318082540847531409e-42
3.233985981778859909e-05 1.737931034482758719e+02 6.993547290593476066e-42
5.044230369299780830e-05 1.737931034482758719e+02 9.302222065106533703e-42
7.867770658848247285e-05 1.737931034482758719e+02 1.261833635725108732e-41
1.227180572818016297e-04 1.737931034482758719e+02 1.752055676875397746e-41
1.914102766338656478e-04 1.737931034482758719e+02 2.495926299758542899e-41
2.985534061781970464e-04 1.737931034482758719e+02 3.673289061184191271e-41
4.656705894172099235e-04 1.737931034482758719e+02 5.639626818250694736e-41
7.263326874212300711e-04 1.737931034482758719e+02 9.056842504099904703e-41
1.132902065979278982e-03 1.737931034482758719e+02 1.535707173143549871e-40
1.767051260844308995e-03 1.737931034482758719e+02 2.756618821625615123e-40
2.756169533288302127e-03 1.737931034482758719e+02 5.178384995420679416e-40
4.298953100317537586e-03 1.737931034482758719e+02 1.021984087252894299e-39
6.705319660318808696e-03 1.737931034482758719e+02 2.075542056306771867e-39
1.045866533034215534e-02 1.737931034482758719e+02 4.245236790949652461e-39
1.631297030317869351e-02 1.737931034482758719e+02 8.669960943330361286e-39
2.544426001856620392e-02 1.737931034482758719e+02 1.729344313635868217e-38
3.968684769604807761e-02 1.737931034482758719e+02 3.363069702244180505e-38
6.190181514023338633e-02 1.737931034482758719e+02 6.408238665766887346e-38
9.655175303926173680e-02 1.737931034482758719e+02 1.404933517963182196e-37
1.505972158301954467e-01 1.737931034482758719e+02 1.105592845125286105e-36
2.348949729228022032e-01 1.737931034482758719e+02 7.882173852478526131e-37
3.663789400105297855e-01 1.737931034482758719e+02 0.000000000000000000e+00
9.999999999999999547e-08 1.800000000000000000e+02 3.443606313230172455e-58
1.559756411351295628e-07 1.800000000000000000e+02 4.311040590319849161e-58
2.432840062751472363e-07 1.800000000000000000e+02 5.424542153394195182e-58
3.794637885668897843e-07 1.800000000000000000e+02 6.812817584099443342e-58
5.918710770928588534e-07 1.800000000000000000e+02 8.555554507060830388e-58
9.231747071889816819e-07 1.800000000000000000e+02 1.078898991517158376e-57
1.439927668335369316e-06 1.800000000000000000e+02 1.361266791833461575e-57
2.245936412568214596e-06 1.800000000000000000e+02 1.725076851510760250e-57
3.503113718990601611e-06 1.800000000000000000e+02 2.188529669704691713e-57
5.464004082888272330e-06 1.800000000000000000e+02 0.000000000000000000e+00
8.522515399934638803e-06 1.800000000000000000e+02 3.582548451663999497e-57
1.329304803588820585e-05 1.800000000000000000e+02 4.632536576365131353e-57
2.073391690037733594e-05 1.800000000000000000e+02 6.016213814581091238e-57
3.233985981778859909e-05 1.800000000000000000e+02 0.000000000000000000e+00
5.044230369299780830e-05 1.800000000000000000e+02 1.055529663958538887e-56
7.867770658848247285e-05 1.800000000000000000e+02 1.435154453135941744e-56
1.227180572818016297e-04 1.800000000000000000e+02 1.987152605367507434e-56
1.914102766338656478e-04 1.800000000000000000e+02 2.827350536490132486e-56
2.985534061781970464e-04 1.800000000000000000e+02 0.000000000000000000e+00
4.656705894172099235e-04 1.800000000000000000e+02 6.376451373202227860e-56
7.263326874212300711e-04 1.800000000000000000e+02 1.029333491509243191e-55
1.132902065979278982e-03 1.800000000000000000e+02 1.742155772325428596e-55
1.767051260844308995e-03 1.800000000000000000e+02 3.126645539273812840e-55
2.756169533288302127e-03 1.800000000000000000e+02 5.893836537681887920e-55
4.298953100317537586e-03 1.800000000000000000e+02 0.000000000000000000e+00
6.705319660318808696e-03 1.800000000000000000e+02 0.000000000000000000e+00
1.045866533034215534e-02 1.800000000000000000e+02 4.838533728987292233e-54
1.631297030317869351e-02 1.800000000000000000e+02 0.000000000000000000e+00
2.544426001856620392e-02 1.800000000000000000e+02 1.959732404169383035e-53
3.968684769604807761e-02 1.800000000000000000e+02 3.799582712649278389e-53
6.190181514023338633e-02 1.800000000000000000e+02 7.242626173663627310e-53
9.655175303926173680e-02 1.800000000000000000e+02 1.596845777544354423e-52
1.505972158301954467e-01 1.800000000000000000e+02 1.250592010438503108e-51
2.348949729228022032e-01 1.800000000000000000e+02 8.826457322445006018e-52
3.663789400105297855e-01 1.800000000000000000e+02 0.000000000000000000e+00
