# atom 16: Tchi 0.41753189365604015 [GeV]; m_chi = 0.05 [GeV]; mS = 0.3 [GeV]; gchi =0.01; gN = 0.01
# Tchi^prime [GeV], theta [degree] ,dsigma/dTchip dtheta [cm^2/GeV]
9.999999999999999547e-08 0.000000000000000000e+00 0.000000000000000000e+00
1.563403134142530628e-07 0.000000000000000000e+00 0.000000000000000000e+00
2.444229359846687273e-07 0.000000000000000000e+00 0.000000000000000000e+00
3.821315841747502258e-07 0.000000000000000000e+00 0.000000000000000000e+00
5.974257163536547787e-07 0.000000000000000000e+00 0.000000000000000000e+00
9.340172373646522676e-07 0.000000000000000000e+00 0.000000000000000000e+00
1.460245476239042244e-06 0.000000000000000000e+00 0.000000000000000000e+00
2.282952354169575739e-06 0.000000000000000000e+00 0.000000000000000000e+00
3.569174865606782901e-06 0.000000000000000000e+00 0.000000000000000000e+00
5.580059171192390368e-06 0.000000000000000000e+00 0.000000000000000000e+00
8.723881996942955131e-06 0.000000000000000000e+00 0.000000000000000000e+00
1.363894445591021312e-05 0.000000000000000000e+00 0.000000000000000000e+00
2.132316850876592016e-05 0.000000000000000000e+00 0.000000000000000000e+00
3.333670847645394986e-05 0.000000000000000000e+00 0.000000000000000000e+00
5.211871451408407345e-05 0.000000000000000000e+00 0.000000000000000000e+00
8.148256161879867084e-05 0.000000000000000000e+00 0.000000000000000000e+00
1.273900922127918576e-04 0.000000000000000000e+00 0.000000000000000000e+00
1.991620694241847593e-04 0.000000000000000000e+00 0.000000000000000000e+00
3.113706035400827066e-04 0.000000000000000000e+00 0.000000000000000000e+00
4.867977774544171641e-04 0.000000000000000000e+00 0.000000000000000000e+00
7.610611709658538296e-04 0.000000000000000000e+00 0.000000000000000000e+00
1.189845419962200354e-03 0.000000000000000000e+00 0.000000000000000000e+00
1.860208058714039403e-03 0.000000000000000000e+00 0.000000000000000000e+00
2.908255109150721662e-03 0.000000000000000000e+00 0.000000000000000000e+00
4.546775152532265760e-03 0.000000000000000000e+00 0.000000000000000000e+00
7.108442523710327247e-03 0.000000000000000000e+00 0.000000000000000000e+00
1.111336132044076462e-02 0.000000000000000000e+00 0.000000000000000000e+00
1.737466391923549874e-02 0.000000000000000000e+00 0.000000000000000000e+00
2.716360402600592402e-02 0.000000000000000000e+00 0.000000000000000000e+00
4.246766366886432775e-02 0.000000000000000000e+00 0.000000000000000000e+00
6.639407847961335818e-02 0.000000000000000000e+00 0.000000000000000000e+00
1.038007103835326822e-01 0.000000000000000000e+00 0.000000000000000000e+00
1.622823559398361148e-01 0.000000000000000000e+00 0.000000000000000000e+00
2.537127438923734712e-01 0.000000000000000000e+00 0.000000000000000000e+00
3.966552989732381462e-01 0.000000000000000000e+00 0.000000000000000000e+00
9.999999999999999547e-08 6.206896551724137900e+00 4.757902815151871886e-41
1.563403134142530628e-07 6.206896551724137900e+00 5.960516618106778109e-41
2.444229359846687273e-07 6.206896551724137900e+00 7.430607506035004961e-41
3.821315841747502258e-07 6.206896551724137900e+00 9.289543459351054829e-41
5.974257163536547787e-07 6.206896551724137900e+00 1.159283391216265621e-40
9.340172373646522676e-07 6.206896551724137900e+00 1.450705549707221686e-40
1.460245476239042244e-06 6.206896551724137900e+00 1.810062513063665979e-40
2.282952354169575739e-06 6.206896551724137900e+00 2.268054815473954238e-40
3.569174865606782901e-06 6.206896551724137900e+00 2.837690780007432873e-40
5.580059171192390368e-06 6.206896551724137900e+00 3.535083897174380351e-40
8.723881996942955131e-06 6.206896551724137900e+00 4.420191151231015642e-40
1.363894445591021312e-05 6.206896551724137900e+00 5.529085558505850639e-40
2.132316850876592016e-05 6.206896551724137900e+00 6.909763576341930304e-40
3.333670847645394986e-05 6.206896551724137900e+00 8.611989685027965291e-40
5.211871451408407345e-05 6.206896551724137900e+00 1.072239024915825155e-39
8.148256161879867084e-05 6.206896551724137900e+00 1.340333681336385977e-39
1.273900922127918576e-04 6.206896551724137900e+00 1.675128170958503853e-39
1.991620694241847593e-04 6.206896551724137900e+00 2.080074789513132557e-39
3.113706035400827066e-04 6.206896551724137900e+00 2.588027830013757519e-39
4.867977774544171641e-04 6.206896551724137900e+00 3.219168801114401678e-39
7.610611709658538296e-04 6.206896551724137900e+00 3.998230096088405652e-39
1.189845419962200354e-03 6.206896551724137900e+00 4.972791581793116458e-39
1.860208058714039403e-03 6.206896551724137900e+00 6.166741243514609814e-39
2.908255109150721662e-03 6.206896551724137900e+00 7.608865178735580801e-39
4.546775152532265760e-03 6.206896551724137900e+00 9.442480454999351828e-39
7.108442523710327247e-03 6.206896551724137900e+00 1.169852406602627787e-38
1.111336132044076462e-02 6.206896551724137900e+00 1.454640187321066180e-38
1.737466391923549874e-02 6.206896551724137900e+00 1.828637610413851558e-38
2.716360402600592402e-02 6.206896551724137900e+00 2.340819985890582399e-38
4.246766366886432775e-02 6.206896551724137900e+00 3.102371296118213082e-38
6.639407847961335818e-02 6.206896551724137900e+00 4.385265202814611075e-38
1.038007103835326822e-01 6.206896551724137900e+00 0.000000000000000000e+00
1.622823559398361148e-01 6.206896551724137900e+00 0.000000000000000000e+00
2.537127438923734712e-01 6.206896551724137900e+00 0.000000000000000000e+00
3.966552989732381462e-01 6.206896551724137900e+00 0.000000000000000000e+00
9.999999999999999547e-08 1.241379310344827580e+01 9.456820735328655452e-41
1.563403134142530628e-07 1.241379310344827580e+01 1.182907030271430827e-40
2.444229359846687273e-07 1.241379310344827580e+01 1.476412171667742399e-40
3.821315841747502258e-07 1.241379310344827580e+01 1.845825134297478906e-40
5.974257163536547787e-07 1.241379310344827580e+01 2.305688991713455226e-40
9.340172373646522676e-07 1.241379310344827580e+01 2.886147331026876713e-40
1.460245476239042244e-06 1.241379310344827580e+01 3.617888931583529867e-40
2.282952354169575739e-06 1.241379310344827580e+01 4.507047216014491978e-40
3.569174865606782901e-06 1.241379310344827580e+01 5.629553104712305681e-40
5.580059171192390368e-06 1.241379310344827580e+01 7.037947052291164457e-40
8.723881996942955131e-06 1.241379310344827580e+01 8.794675326053641319e-40
1.363894445591021312e-05 1.241379310344827580e+01 1.098464177009686180e-39
2.132316850876592016e-05 1.241379310344827580e+01 1.373228015621801523e-39
3.333670847645394986e-05 1.241379310344827580e+01 1.711284283052498480e-39
5.211871451408407345e-05 1.241379310344827580e+01 2.137205606607615952e-39
8.148256161879867084e-05 1.241379310344827580e+01 2.664759740286236481e-39
1.273900922127918576e-04 1.241379310344827580e+01 3.325899003501740768e-39
1.991620694241847593e-04 1.241379310344827580e+01 4.146625383922523703e-39
3.113706035400827066e-04 1.241379310344827580e+01 5.152772782606016888e-39
4.867977774544171641e-04 1.241379310344827580e+01 6.416451798432390790e-39
7.610611709658538296e-04 1.241379310344827580e+01 7.966483050308573875e-39
1.189845419962200354e-03 1.241379310344827580e+01 9.878030490411894742e-39
1.860208058714039403e-03 1.241379310344827580e+01 1.229240267003619827e-38
2.908255109150721662e-03 1.241379310344827580e+01 1.521527709218171629e-38
4.546775152532265760e-03 1.241379310344827580e+01 1.884948805291671538e-38
7.108442523710327247e-03 1.241379310344827580e+01 2.337320533355296154e-38
1.111336132044076462e-02 1.241379310344827580e+01 2.925774673648427524e-38
1.737466391923549874e-02 1.241379310344827580e+01 3.690328609286914580e-38
2.716360402600592402e-02 1.241379310344827580e+01 4.770587114879944492e-38
4.246766366886432775e-02 1.241379310344827580e+01 6.411004219398779898e-38
6.639407847961335818e-02 1.241379310344827580e+01 9.330588663946573857e-38
1.038007103835326822e-01 1.241379310344827580e+01 0.000000000000000000e+00
1.622823559398361148e-01 1.241379310344827580e+01 0.000000000000000000e+00
2.537127438923734712e-01 1.241379310344827580e+01 0.000000000000000000e+00
3.966552989732381462e-01 1.241379310344827580e+01 0.000000000000000000e+00
9.999999999999999547e-08 1.862068965517241281e+01 1.404288017536083760e-40
1.563403134142530628e-07 1.862068965517241281e+01 1.756055926307002573e-40
2.444229359846687273e-07 1.862068965517241281e+01 2.191521828298353101e-40
3.821315841747502258e-07 1.862068965517241281e+01 2.743499017631739579e-40
5.974257163536547787e-07 1.862068965517241281e+01 3.433061498525051775e-40
9.340172373646522676e-07 1.862068965517241281e+01 4.281310906759125437e-40
1.460245476239042244e-06 1.862068965517241281e+01 5.360627772890959531e-40
2.282952354169575739e-06 1.862068965517241281e+01 6.699385927725091531e-40
3.569174865606782901e-06 1.862068965517241281e+01 8.368779574792316856e-40
5.580059171192390368e-06 1.862068965517241281e+01 1.046407932490366027e-39
8.723881996942955131e-06 1.862068965517241281e+01 1.305232627980300425e-39
1.363894445591021312e-05 1.862068965517241281e+01 1.634346257484028492e-39
2.132316850876592016e-05 1.862068965517241281e+01 2.035183322562969375e-39
3.333670847645394986e-05 1.862068965517241281e+01 2.542902611787922698e-39
5.211871451408407345e-05 1.862068965517241281e+01 3.176427187719461219e-39
8.148256161879867084e-05 1.862068965517241281e+01 3.953676466670144174e-39
1.273900922127918576e-04 1.862068965517241281e+01 4.937225005115372066e-39
1.991620694241847593e-04 1.862068965517241281e+01 6.154103330720952371e-39
3.113706035400827066e-04 1.862068965517241281e+01 7.678299633248939763e-39
4.867977774544171641e-04 1.862068965517241281e+01 9.544647858595956346e-39
7.610611709658538296e-04 1.862068965517241281e+01 1.185676720332377958e-38
1.189845419962200354e-03 1.862068965517241281e+01 1.473709101751967323e-38
1.860208058714039403e-03 1.862068965517241281e+01 1.828180282722357980e-38
2.908255109150721662e-03 1.862068965517241281e+01 2.265580887071502180e-38
4.546775152532265760e-03 1.862068965517241281e+01 2.819442421279182986e-38
7.108442523710327247e-03 1.862068965517241281e+01 3.515039431684999305e-38
1.111336132044076462e-02 1.862068965517241281e+01 4.405623846000471230e-38
1.737466391923549874e-02 1.862068965517241281e+01 5.610937101810692955e-38
2.716360402600592402e-02 1.862068965517241281e+01 7.343125124882568578e-38
4.246766366886432775e-02 1.862068965517241281e+01 1.010103197473376017e-37
6.639407847961335818e-02 1.862068965517241281e+01 1.509899588880502118e-37
1.038007103835326822e-01 1.862068965517241281e+01 0.000000000000000000e+00
1.622823559398361148e-01 1.862068965517241281e+01 0.000000000000000000e+00
2.537127438923734712e-01 1.862068965517241281e+01 0.000000000000000000e+00
3.966552989732381462e-01 1.862068965517241281e+01 0.000000000000000000e+00
9.999999999999999547e-08 2.482758620689655160e+01 1.842089616012997989e-40
1.563403134142530628e-07 2.482758620689655160e+01 2.309648266873199627e-40
2.444229359846687273e-07 2.482758620689655160e+01 2.883376699181064169e-40
3.821315841747502258e-07 2.482758620689655160e+01 3.599446884962994523e-40
5.974257163536547787e-07 2.482758620689655160e+01 4.511935568019286217e-40
9.340172373646522676e-07 2.482758620689655160e+01 5.632959965892197785e-40
1.460245476239042244e-06 2.482758620689655160e+01 7.052619034059212992e-40
2.282952354169575739e-06 2.482758620689655160e+01 8.821933502124871483e-40
3.569174865606782901e-06 2.482758620689655160e+01 1.102954971086819985e-39
5.580059171192390368e-06 2.482758620689655160e+01 1.377884137019026318e-39
8.723881996942955131e-06 2.482758620689655160e+01 1.717476143645750540e-39
1.363894445591021312e-05 2.482758620689655160e+01 2.148406651832592685e-39
2.132316850876592016e-05 2.482758620689655160e+01 2.684981973697327383e-39
3.333670847645394986e-05 2.482758620689655160e+01 3.340969798625270698e-39
5.211871451408407345e-05 2.482758620689655160e+01 4.182756459856969492e-39
8.148256161879867084e-05 2.482758620689655160e+01 5.214464455050810997e-39
1.273900922127918576e-04 2.482758620689655160e+01 6.526044505755332099e-39
1.991620694241847593e-04 2.482758620689655160e+01 8.095997103146452427e-39
3.113706035400827066e-04 2.482758620689655160e+01 1.007223669655965359e-38
4.867977774544171641e-04 2.482758620689655160e+01 1.256188354407076252e-38
7.610611709658538296e-04 2.482758620689655160e+01 1.559873586234912267e-38
1.189845419962200354e-03 2.482758620689655160e+01 1.942575578937105324e-38
1.860208058714039403e-03 2.482758620689655160e+01 2.411903982198483928e-38
2.908255109150721662e-03 2.482758620689655160e+01 2.997128365024063131e-38
4.546775152532265760e-03 2.482758620689655160e+01 3.733776503317609999e-38
7.108442523710327247e-03 2.482758620689655160e+01 4.679932825229914280e-38
1.111336132044076462e-02 2.482758620689655160e+01 5.914717862908622169e-38
1.737466391923549874e-02 2.482758620689655160e+01 7.581302121388922386e-38
2.716360402600592402e-02 2.482758620689655160e+01 1.007071939190247528e-37
4.246766366886432775e-02 2.482758620689655160e+01 1.422683475853286039e-37
6.639407847961335818e-02 2.482758620689655160e+01 2.194732408391162078e-37
1.038007103835326822e-01 2.482758620689655160e+01 0.000000000000000000e+00
1.622823559398361148e-01 2.482758620689655160e+01 0.000000000000000000e+00
2.537127438923734712e-01 2.482758620689655160e+01 0.000000000000000000e+00
3.966552989732381462e-01 2.482758620689655160e+01 0.000000000000000000e+00
9.999999999999999547e-08 3.103448275862069039e+01 2.268994006793103127e-40
1.563403134142530628e-07 3.103448275862069039e+01 2.831272110170613384e-40
2.444229359846687273e-07 3.103448275862069039e+01 3.539205747639210862e-40
3.821315841747502258e-07 3.103448275862069039e+01 4.423386897612829966e-40
5.974257163536547787e-07 3.103448275862069039e+01 5.537679045263734773e-40
9.340172373646522676e-07 3.103448275862069039e+01 6.937981734154599998e-40
1.460245476239042244e-06 3.103448275862069039e+01 8.636133930885471190e-40
2.282952354169575739e-06 3.103448275862069039e+01 1.081340504443921941e-39
3.569174865606782901e-06 3.103448275862069039e+01 1.353021408194679534e-39
5.580059171192390368e-06 3.103448275862069039e+01 1.689008987301196607e-39
8.723881996942955131e-06 3.103448275862069039e+01 2.106960407403783673e-39
1.363894445591021312e-05 3.103448275862069039e+01 2.639460727336841296e-39
2.132316850876592016e-05 3.103448275862069039e+01 3.290918889331127841e-39
3.333670847645394986e-05 3.103448275862069039e+01 4.116114109738818328e-39
5.211871451408407345e-05 3.103448275862069039e+01 5.132251239055372934e-39
8.148256161879867084e-05 3.103448275862069039e+01 6.395882562923773696e-39
1.273900922127918576e-04 3.103448275862069039e+01 7.986302285745867705e-39
1.991620694241847593e-04 3.103448275862069039e+01 9.969497004842229831e-39
3.113706035400827066e-04 3.103448275862069039e+01 1.241378149702154233e-38
4.867977774544171641e-04 3.103448275862069039e+01 1.544167496664176242e-38
7.610611709658538296e-04 3.103448275862069039e+01 1.922271097547074410e-38
1.189845419962200354e-03 3.103448275862069039e+01 2.390296056966306653e-38
1.860208058714039403e-03 3.103448275862069039e+01 2.976238377329139600e-38
2.908255109150721662e-03 3.103448275862069039e+01 3.707595706924312867e-38
4.546775152532265760e-03 3.103448275862069039e+01 4.639443033232835098e-38
7.108442523710327247e-03 3.103448275862069039e+01 5.828419482547185820e-38
1.111336132044076462e-02 3.103448275862069039e+01 7.398320328384529757e-38
1.737466391923549874e-02 3.103448275862069039e+01 9.606016355018069328e-38
2.716360402600592402e-02 3.103448275862069039e+01 1.296750393479324555e-37
4.246766366886432775e-02 3.103448275862069039e+01 1.862491356945910410e-37
6.639407847961335818e-02 3.103448275862069039e+01 2.950909899986157634e-37
1.038007103835326822e-01 3.103448275862069039e+01 0.000000000000000000e+00
1.622823559398361148e-01 3.103448275862069039e+01 0.000000000000000000e+00
2.537127438923734712e-01 3.103448275862069039e+01 0.000000000000000000e+00
3.966552989732381462e-01 3.103448275862069039e+01 0.000000000000000000e+00
9.999999999999999547e-08 3.724137931034482563e+01 2.658307090705109578e-40
1.563403134142530628e-07 3.724137931034482563e+01 3.325179174655648199e-40
2.444229359846687273e-07 3.724137931034482563e+01 4.143865530291984084e-40
3.821315841747502258e-07 3.724137931034482563e+01 5.202392895299642083e-40
5.974257163536547787e-07 3.724137931034482563e+01 6.496818808600731379e-40
9.340172373646522676e-07 3.724137931034482563e+01 8.132946126273403421e-40
1.460245476239042244e-06 3.724137931034482563e+01 1.016075376410790339e-39
2.282952354169575739e-06 3.724137931034482563e+01 1.272356089629100185e-39
3.569174865606782901e-06 3.724137931034482563e+01 1.589079426279236238e-39
5.580059171192390368e-06 3.724137931034482563e+01 1.982523475319438784e-39
8.723881996942955131e-06 3.724137931034482563e+01 2.480800870666307235e-39
1.363894445591021312e-05 3.724137931034482563e+01 3.101465961740919115e-39
2.132316850876592016e-05 3.724137931034482563e+01 3.865439125494386971e-39
3.333670847645394986e-05 3.724137931034482563e+01 4.819965900452137844e-39
5.211871451408407345e-05 3.724137931034482563e+01 6.027662156095474508e-39
8.148256161879867084e-05 3.724137931034482563e+01 7.512547772008524466e-39
1.273900922127918576e-04 3.724137931034482563e+01 9.391577954556085225e-39
1.991620694241847593e-04 3.724137931034482563e+01 1.167952237036598861e-38
3.113706035400827066e-04 3.724137931034482563e+01 1.459537744482227810e-38
4.867977774544171641e-04 3.724137931034482563e+01 1.820003449372125475e-38
7.610611709658538296e-04 3.724137931034482563e+01 2.264836639191803448e-38
1.189845419962200354e-03 3.724137931034482563e+01 2.824695561848937443e-38
1.860208058714039403e-03 3.724137931034482563e+01 3.517507674569999007e-38
2.908255109150721662e-03 3.724137931034482563e+01 4.398367741611193451e-38
4.546775152532265760e-03 3.724137931034482563e+01 5.511574121387798477e-38
7.108442523710327247e-03 3.724137931034482563e+01 6.947843295744585006e-38
1.111336132044076462e-02 3.724137931034482563e+01 8.895512259641368904e-38
1.737466391923549874e-02 3.724137931034482563e+01 1.167572456571329988e-37
2.716360402600592402e-02 3.724137931034482563e+01 1.594087454519404340e-37
4.246766366886432775e-02 3.724137931034482563e+01 2.331030029978428223e-37
6.639407847961335818e-02 3.724137931034482563e+01 3.763463717149482013e-37
1.038007103835326822e-01 3.724137931034482563e+01 6.987214762059906097e-37
1.622823559398361148e-01 3.724137931034482563e+01 0.000000000000000000e+00
2.537127438923734712e-01 3.724137931034482563e+01 0.000000000000000000e+00
3.966552989732381462e-01 3.724137931034482563e+01 0.000000000000000000e+00
9.999999999999999547e-08 4.344827586206896797e+01 3.024373108135169693e-40
1.563403134142530628e-07 4.344827586206896797e+01 3.775171856862773154e-40
2.444229359846687273e-07 4.344827586206896797e+01 4.722200203574229950e-40
3.821315841747502258e-07 4.344827586206896797e+01 5.910623683815556524e-40
5.974257163536547787e-07 4.344827586206896797e+01 7.391940630008812924e-40
9.340172373646522676e-07 4.344827586206896797e+01 9.242142186178012990e-40
1.460245476239042244e-06 4.344827586206896797e+01 1.151277328581283204e-39
2.282952354169575739e-06 4.344827586206896797e+01 1.441341571910508067e-39
3.569174865606782901e-06 4.344827586206896797e+01 1.802603340473546730e-39
5.580059171192390368e-06 4.344827586206896797e+01 2.249662225956904281e-39
8.723881996942955131e-06 4.344827586206896797e+01 2.816284907008653857e-39
1.363894445591021312e-05 4.344827586206896797e+01 3.515524408668141757e-39
2.132316850876592016e-05 4.344827586206896797e+01 4.388519600285701826e-39
3.333670847645394986e-05 4.344827586206896797e+01 5.496242586299504520e-39
5.211871451408407345e-05 4.344827586206896797e+01 6.857899128808407203e-39
8.148256161879867084e-05 4.344827586206896797e+01 8.579141531307676715e-39
1.273900922127918576e-04 4.344827586206896797e+01 1.067781957429542340e-38
1.991620694241847593e-04 4.344827586206896797e+01 1.333723063898324989e-38
3.113706035400827066e-04 4.344827586206896797e+01 1.660782481891858395e-38
4.867977774544171641e-04 4.344827586206896797e+01 2.073782010389209265e-38
7.610611709658538296e-04 4.344827586206896797e+01 2.586275780340100577e-38
1.189845419962200354e-03 4.344827586206896797e+01 3.233034102172164881e-38
1.860208058714039403e-03 4.344827586206896797e+01 4.021954352006743809e-38
2.908255109150721662e-03 4.344827586206896797e+01 5.047499189632099999e-38
4.546775152532265760e-03 4.344827586206896797e+01 6.337870951904500131e-38
7.108442523710327247e-03 4.344827586206896797e+01 8.027966487170115003e-38
1.111336132044076462e-02 4.344827586206896797e+01 1.038577906553817757e-37
1.737466391923549874e-02 4.344827586206896797e+01 1.372073498074601043e-37
2.716360402600592402e-02 4.344827586206896797e+01 1.897323162263223378e-37
4.246766366886432775e-02 4.344827586206896797e+01 2.799866802315260696e-37
6.639407847961335818e-02 4.344827586206896797e+01 4.567920813026272756e-37
1.038007103835326822e-01 4.344827586206896797e+01 8.506073227034374145e-37
1.622823559398361148e-01 4.344827586206896797e+01 0.000000000000000000e+00
2.537127438923734712e-01 4.344827586206896797e+01 0.000000000000000000e+00
3.966552989732381462e-01 4.344827586206896797e+01 0.000000000000000000e+00
9.999999999999999547e-08 4.965517241379310320e+01 3.345432182765298241e-40
1.563403134142530628e-07 4.965517241379310320e+01 4.188332291054937415e-40
2.444229359846687273e-07 4.965517241379310320e+01 5.227170691796850115e-40
3.821315841747502258e-07 4.965517241379310320e+01 6.534632129797218591e-40
5.974257163536547787e-07 4.965517241379310320e+01 8.170894871590584314e-40
9.340172373646522676e-07 4.965517241379310320e+01 1.024942252111403158e-39
1.460245476239042244e-06 4.965517241379310320e+01 1.279220209436617658e-39
2.282952354169575739e-06 4.965517241379310320e+01 1.596352495723768410e-39
3.569174865606782901e-06 4.965517241379310320e+01 1.995655133688302907e-39
5.580059171192390368e-06 4.965517241379310320e+01 2.497949908511088068e-39
8.723881996942955131e-06 4.965517241379310320e+01 3.115650347521382723e-39
1.363894445591021312e-05 4.965517241379310320e+01 3.900833499487035854e-39
2.132316850876592016e-05 4.965517241379310320e+01 4.877300494134176628e-39
3.333670847645394986e-05 4.965517241379310320e+01 6.072048233617487126e-39
5.211871451408407345e-05 4.965517241379310320e+01 7.595515790056862093e-39
8.148256161879867084e-05 4.965517241379310320e+01 9.516035796930619862e-39
1.273900922127918576e-04 4.965517241379310320e+01 1.185507646039863149e-38
1.991620694241847593e-04 4.965517241379310320e+01 1.482315071787165067e-38
3.113706035400827066e-04 4.965517241379310320e+01 1.844321991617408907e-38
4.867977774544171641e-04 4.965517241379310320e+01 2.307850856230776931e-38
7.610611709658538296e-04 4.965517241379310320e+01 2.870534463466487994e-38
1.189845419962200354e-03 4.965517241379310320e+01 3.590328852983934849e-38
1.860208058714039403e-03 4.965517241379310320e+01 4.489564888253117255e-38
2.908255109150721662e-03 4.965517241379310320e+01 5.638885895528126320e-38
4.546775152532265760e-03 4.965517241379310320e+01 7.124877185841312026e-38
7.108442523710327247e-03 4.965517241379310320e+01 9.079476498565980075e-38
1.111336132044076462e-02 4.965517241379310320e+01 1.176927059671105374e-37
1.737466391923549874e-02 4.965517241379310320e+01 1.570710036445121034e-37
2.716360402600592402e-02 4.965517241379310320e+01 2.188334943948286723e-37
4.246766366886432775e-02 4.965517241379310320e+01 3.264388520984831493e-37
6.639407847961335818e-02 4.965517241379310320e+01 5.306850029890828920e-37
1.038007103835326822e-01 4.965517241379310320e+01 9.842834567857841291e-37
1.622823559398361148e-01 4.965517241379310320e+01 2.191408714460828164e-36
2.537127438923734712e-01 4.965517241379310320e+01 1.956036161299445521e-35
3.966552989732381462e-01 4.965517241379310320e+01 0.000000000000000000e+00
9.999999999999999547e-08 5.586206896551724554e+01 3.635964711568214771e-40
1.563403134142530628e-07 5.586206896551724554e+01 4.548717128765524184e-40
2.444229359846687273e-07 5.586206896551724554e+01 5.683471470241049039e-40
3.821315841747502258e-07 5.586206896551724554e+01 7.104834413052661668e-40
5.974257163536547787e-07 5.586206896551724554e+01 8.890429853308434975e-40
9.340172373646522676e-07 5.586206896551724554e+01 1.112080167096554437e-39
1.460245476239042244e-06 5.586206896551724554e+01 1.392204018758940109e-39
2.282952354169575739e-06 5.586206896551724554e+01 1.737379110062783795e-39
3.569174865606782901e-06 5.586206896551724554e+01 2.171124704824907554e-39
5.580059171192390368e-06 5.586206896551724554e+01 2.710997118813772730e-39
8.723881996942955131e-06 5.586206896551724554e+01 3.404265130485349245e-39
1.363894445591021312e-05 5.586206896551724554e+01 4.232358916604626183e-39
2.132316850876592016e-05 5.586206896551724554e+01 5.300720235374179560e-39
3.333670847645394986e-05 5.586206896551724554e+01 6.614354068359323582e-39
5.211871451408407345e-05 5.586206896551724554e+01 8.271977219636277107e-39
8.148256161879867084e-05 5.586206896551724554e+01 1.032999275012212327e-38
1.273900922127918576e-04 5.586206896551724554e+01 1.287806067778312930e-38
1.991620694241847593e-04 5.586206896551724554e+01 1.610739348213195025e-38
3.113706035400827066e-04 5.586206896551724554e+01 2.009493688925767056e-38
4.867977774544171641e-04 5.586206896551724554e+01 2.505311149637890489e-38
7.610611709658538296e-04 5.586206896551724554e+01 3.137102900258664342e-38
1.189845419962200354e-03 5.586206896551724554e+01 3.920626685278528273e-38
1.860208058714039403e-03 5.586206896551724554e+01 4.915723922882700869e-38
2.908255109150721662e-03 5.586206896551724554e+01 6.173567404525663003e-38
4.546775152532265760e-03 5.586206896551724554e+01 7.831218438035671939e-38
7.108442523710327247e-03 5.586206896551724554e+01 1.002637260719969604e-37
1.111336132044076462e-02 5.586206896551724554e+01 1.307710260688088877e-37
1.737466391923549874e-02 5.586206896551724554e+01 1.751279915608752606e-37
2.716360402600592402e-02 5.586206896551724554e+01 2.464059531267906349e-37
4.246766366886432775e-02 5.586206896551724554e+01 3.677780971203238369e-37
6.639407847961335818e-02 5.586206896551724554e+01 5.984076515121471230e-37
1.038007103835326822e-01 5.586206896551724554e+01 1.098001119464165180e-36
1.622823559398361148e-01 5.586206896551724554e+01 2.438458888118992123e-36
2.537127438923734712e-01 5.586206896551724554e+01 2.844310600022506879e-35
3.966552989732381462e-01 5.586206896551724554e+01 0.000000000000000000e+00
9.999999999999999547e-08 6.206896551724138078e+01 3.888783462999754947e-40
1.563403134142530628e-07 6.206896551724138078e+01 4.849567595660500879e-40
2.444229359846687273e-07 6.206896551724138078e+01 6.060462443675923744e-40
3.821315841747502258e-07 6.206896551724138078e+01 7.584584991223788397e-40
5.974257163536547787e-07 6.206896551724138078e+01 9.505173044641137464e-40
9.340172373646522676e-07 6.206896551724138078e+01 1.187163496850399875e-39
1.460245476239042244e-06 6.206896551724138078e+01 1.482884080902426115e-39
2.282952354169575739e-06 6.206896551724138078e+01 1.857985879649570940e-39
3.569174865606782901e-06 6.206896551724138078e+01 2.316313791964285713e-39
5.580059171192390368e-06 6.206896551724138078e+01 2.897475433165364256e-39
8.723881996942955131e-06 6.206896551724138078e+01 3.619176926960702948e-39
1.363894445591021312e-05 6.206896551724138078e+01 4.533081062398645293e-39
2.132316850876592016e-05 6.206896551724138078e+01 5.653095226011655361e-39
3.333670847645394986e-05 6.206896551724138078e+01 7.071167864770702387e-39
5.211871451408407345e-05 6.206896551724138078e+01 8.841384597884198465e-39
8.148256161879867084e-05 6.206896551724138078e+01 1.102146820937252938e-38
1.273900922127918576e-04 6.206896551724138078e+01 1.378805862555748884e-38
1.991620694241847593e-04 6.206896551724138078e+01 1.723387548612319696e-38
3.113706035400827066e-04 6.206896551724138078e+01 2.155417404678217128e-38
4.867977774544171641e-04 6.206896551724138078e+01 2.692791930645346654e-38
7.610611709658538296e-04 6.206896551724138078e+01 3.365738070851126460e-38
1.189845419962200354e-03 6.206896551724138078e+01 4.215032397401306897e-38
1.860208058714039403e-03 6.206896551724138078e+01 5.296434363873778122e-38
2.908255109150721662e-03 6.206896551724138078e+01 6.655457766861975515e-38
4.546775152532265760e-03 6.206896551724138078e+01 8.452998822173939443e-38
7.108442523710327247e-03 6.206896551724138078e+01 1.086510065386915253e-37
1.111336132044076462e-02 6.206896551724138078e+01 1.422359057332432263e-37
1.737466391923549874e-02 6.206896551724138078e+01 1.918902059677829331e-37
2.716360402600592402e-02 6.206896551724138078e+01 2.703912596864825309e-37
4.246766366886432775e-02 6.206896551724138078e+01 4.033351631762326486e-37
6.639407847961335818e-02 6.206896551724138078e+01 6.538719257319449665e-37
1.038007103835326822e-01 6.206896551724138078e+01 1.186939442433633618e-36
1.622823559398361148e-01 6.206896551724138078e+01 2.709589537236524943e-36
2.537127438923734712e-01 6.206896551724138078e+01 3.598737259568894855e-35
3.966552989732381462e-01 6.206896551724138078e+01 0.000000000000000000e+00
9.999999999999999547e-08 6.827586206896552312e+01 4.080620055523727044e-40
1.563403134142530628e-07 6.827586206896552312e+01 5.125322299222811621e-40
2.444229359846687273e-07 6.827586206896552312e+01 6.394450268351589628e-40
3.821315841747502258e-07 6.827586206896552312e+01 7.984308006037796792e-40
5.974257163536547787e-07 6.827586206896552312e+01 9.986514134027172228e-40
9.340172373646522676e-07 6.827586206896552312e+01 1.247274741529542362e-39
1.460245476239042244e-06 6.827586206896552312e+01 1.561749479989944066e-39
2.282952354169575739e-06 6.827586206896552312e+01 1.949748426849730056e-39
3.569174865606782901e-06 6.827586206896552312e+01 2.439067540202489981e-39
5.580059171192390368e-06 6.827586206896552312e+01 3.042101546151094942e-39
8.723881996942955131e-06 6.827586206896552312e+01 3.809494793628693955e-39
1.363894445591021312e-05 6.827586206896552312e+01 4.760413502781489979e-39
2.132316850876592016e-05 6.827586206896552312e+01 5.957941682469995755e-39
3.333670847645394986e-05 6.827586206896552312e+01 7.460298145042761401e-39
5.211871451408407345e-05 6.827586206896552312e+01 9.303275001354786214e-39
8.148256161879867084e-05 6.827586206896552312e+01 1.160057734316548897e-38
1.273900922127918576e-04 6.827586206896552312e+01 1.454175489688115403e-38
1.991620694241847593e-04 6.827586206896552312e+01 1.816425692299327691e-38
3.113706035400827066e-04 6.827586206896552312e+01 2.271038417441491502e-38
4.867977774544171641e-04 6.827586206896552312e+01 2.833858783736061022e-38
7.610611709658538296e-04 6.827586206896552312e+01 3.550993172300393237e-38
1.189845419962200354e-03 6.827586206896552312e+01 4.452587731481966657e-38
1.860208058714039403e-03 6.827586206896552312e+01 5.593793908341000052e-38
2.908255109150721662e-03 6.827586206896552312e+01 7.074893595816381209e-38
4.546775152532265760e-03 6.827586206896552312e+01 9.008765557091508845e-38
7.108442523710327247e-03 6.827586206896552312e+01 1.161338131981490433e-37
1.111336132044076462e-02 6.827586206896552312e+01 1.526357941464080101e-37
1.737466391923549874e-02 6.827586206896552312e+01 2.064010589620673158e-37
2.716360402600592402e-02 6.827586206896552312e+01 2.907527550420897074e-37
4.246766366886432775e-02 6.827586206896552312e+01 4.342759488462021511e-37
6.639407847961335818e-02 6.827586206896552312e+01 6.996304300887317934e-37
1.038007103835326822e-01 6.827586206896552312e+01 1.252698656927355254e-36
1.622823559398361148e-01 6.827586206896552312e+01 3.079789522048495801e-36
2.537127438923734712e-01 6.827586206896552312e+01 3.825111699490092241e-35
3.966552989732381462e-01 6.827586206896552312e+01 0.000000000000000000e+00
9.999999999999999547e-08 7.448275862068965125e+01 4.236925173815295377e-40
1.563403134142530628e-07 7.448275862068965125e+01 5.288168891300806641e-40
2.444229359846687273e-07 7.448275862068965125e+01 6.619962561966772951e-40
3.821315841747502258e-07 7.448275862068965125e+01 8.280366084047664351e-40
5.974257163536547787e-07 7.448275862068965125e+01 1.033956031479079536e-39
9.340172373646522676e-07 7.448275862068965125e+01 1.297312360874365371e-39
1.460245476239042244e-06 7.448275862068965125e+01 1.619835518972010497e-39
2.282952354169575739e-06 7.448275862068965125e+01 2.021846758261199193e-39
3.569174865606782901e-06 7.448275862068965125e+01 2.531812845041790116e-39
5.580059171192390368e-06 7.448275862068965125e+01 3.163251098230192642e-39
8.723881996942955131e-06 7.448275862068965125e+01 3.944095963546856553e-39
1.363894445591021312e-05 7.448275862068965125e+01 4.945500571058041811e-39
2.132316850876592016e-05 7.448275862068965125e+01 6.181253586978744087e-39
3.333670847645394986e-05 7.448275862068965125e+01 7.718754402805672480e-39
5.211871451408407345e-05 7.448275862068965125e+01 9.627967406374553165e-39
8.148256161879867084e-05 7.448275862068965125e+01 1.205979580347197172e-38
1.273900922127918576e-04 7.448275862068965125e+01 1.508013493730547443e-38
1.991620694241847593e-04 7.448275862068965125e+01 1.884201157047843422e-38
3.113706035400827066e-04 7.448275862068965125e+01 2.357241175107632307e-38
4.867977774544171641e-04 7.448275862068965125e+01 2.954009012059113274e-38
7.610611709658538296e-04 7.448275862068965125e+01 3.707047137412797160e-38
1.189845419962200354e-03 7.448275862068965125e+01 4.649117609488589351e-38
1.860208058714039403e-03 7.448275862068965125e+01 5.858527248843958743e-38
2.908255109150721662e-03 7.448275862068965125e+01 7.414769087046368083e-38
4.546775152532265760e-03 7.448275862068965125e+01 9.434303107298712826e-38
7.108442523710327247e-03 7.448275862068965125e+01 1.220842202416531208e-37
1.111336132044076462e-02 7.448275862068965125e+01 1.607123518275297540e-37
1.737466391923549874e-02 7.448275862068965125e+01 2.177568373897590414e-37
2.716360402600592402e-02 7.448275862068965125e+01 3.069029625052187912e-37
4.246766366886432775e-02 7.448275862068965125e+01 4.564390704067250926e-37
6.639407847961335818e-02 7.448275862068965125e+01 7.291183770906272633e-37
1.038007103835326822e-01 7.448275862068965125e+01 1.295255940246910260e-36
1.622823559398361148e-01 7.448275862068965125e+01 3.581498341237279786e-36
2.537127438923734712e-01 7.448275862068965125e+01 3.545884741544160077e-35
3.966552989732381462e-01 7.448275862068965125e+01 0.000000000000000000e+00
9.999999999999999547e-08 8.068965517241380780e+01 4.339918136527459805e-40
1.563403134142530628e-07 8.068965517241380780e+01 5.435091331224164589e-40
2.444229359846687273e-07 8.068965517241380780e+01 6.772034078918620306e-40
3.821315841747502258e-07 8.068965517241380780e+01 8.481829478474345743e-40
5.974257163536547787e-07 8.068965517241380780e+01 1.060370848711171255e-39
9.340172373646522676e-07 8.068965517241380780e+01 1.327644236123927413e-39
1.460245476239042244e-06 8.068965517241380780e+01 1.660171249038356557e-39
2.282952354169575739e-06 8.068965517241380780e+01 2.075017877783474423e-39
3.569174865606782901e-06 8.068965517241380780e+01 2.585969003017452013e-39
5.580059171192390368e-06 8.068965517241380780e+01 3.247196886492272855e-39
8.723881996942955131e-06 8.068965517241380780e+01 4.051385224100546925e-39
1.363894445591021312e-05 8.068965517241380780e+01 5.063266694140963557e-39
2.132316850876592016e-05 8.068965517241380780e+01 6.322824444667616299e-39
3.333670847645394986e-05 8.068965517241380780e+01 7.920273923212217019e-39
5.211871451408407345e-05 8.068965517241380780e+01 9.889844697518870212e-39
8.148256161879867084e-05 8.068965517241380780e+01 1.236523885406909403e-38
1.273900922127918576e-04 8.068965517241380780e+01 1.547732350486593000e-38
1.991620694241847593e-04 8.068965517241380780e+01 1.936984366296492333e-38
3.113706035400827066e-04 8.068965517241380780e+01 2.422253632610319223e-38
4.867977774544171641e-04 8.068965517241380780e+01 3.036789290521765556e-38
7.610611709658538296e-04 8.068965517241380780e+01 3.804820833316222005e-38
1.189845419962200354e-03 8.068965517241380780e+01 4.776033199172148498e-38
1.860208058714039403e-03 8.068965517241380780e+01 6.026162365368088934e-38
2.908255109150721662e-03 8.068965517241380780e+01 7.653319596829507400e-38
4.546775152532265760e-03 8.068965517241380780e+01 9.778068772887426213e-38
7.108442523710327247e-03 8.068965517241380780e+01 1.264982737287194468e-37
1.111336132044076462e-02 8.068965517241380780e+01 1.669316495144651191e-37
1.737466391923549874e-02 8.068965517241380780e+01 2.270522571844202067e-37
2.716360402600592402e-02 8.068965517241380780e+01 3.197605511095123849e-37
4.246766366886432775e-02 8.068965517241380780e+01 4.710064952614330607e-37
6.639407847961335818e-02 8.068965517241380780e+01 7.457345995713126467e-37
1.038007103835326822e-01 8.068965517241380780e+01 1.315951066450328333e-36
1.622823559398361148e-01 8.068965517241380780e+01 4.315566314048526280e-36
2.537127438923734712e-01 8.068965517241380780e+01 2.989858501576665359e-35
3.966552989732381462e-01 8.068965517241380780e+01 0.000000000000000000e+00
9.999999999999999547e-08 8.689655172413793593e+01 4.387636727489393211e-40
1.563403134142530628e-07 8.689655172413793593e+01 5.486683747240101543e-40
2.444229359846687273e-07 8.689655172413793593e+01 6.869895825491005994e-40
3.821315841747502258e-07 8.689655172413793593e+01 8.582953404983440457e-40
5.974257163536547787e-07 8.689655172413793593e+01 1.072727211086828977e-39
9.340172373646522676e-07 8.689655172413793593e+01 1.343153969042614762e-39
1.460245476239042244e-06 8.689655172413793593e+01 1.674606789614849802e-39
2.282952354169575739e-06 8.689655172413793593e+01 2.099398608211399516e-39
3.569174865606782901e-06 8.689655172413793593e+01 2.616975248531589717e-39
5.580059171192390368e-06 8.689655172413793593e+01 3.278821770517983211e-39
8.723881996942955131e-06 8.689655172413793593e+01 4.104250585111015166e-39
1.363894445591021312e-05 8.689655172413793593e+01 5.138356402822835909e-39
2.132316850876592016e-05 8.689655172413793593e+01 6.410641310688991052e-39
3.333670847645394986e-05 8.689655172413793593e+01 8.016735942057191023e-39
5.211871451408407345e-05 8.689655172413793593e+01 1.001043831371686928e-38
8.148256161879867084e-05 8.689655172413793593e+01 1.254845670312477069e-38
1.273900922127918576e-04 8.689655172413793593e+01 1.570444172456203487e-38
1.991620694241847593e-04 8.689655172413793593e+01 1.959375030037445063e-38
3.113706035400827066e-04 8.689655172413793593e+01 2.460151159910099132e-38
4.867977774544171641e-04 8.689655172413793593e+01 3.078225203148151865e-38
7.610611709658538296e-04 8.689655172413793593e+01 3.866531204709496583e-38
1.189845419962200354e-03 8.689655172413793593e+01 4.878269607206453794e-38
1.860208058714039403e-03 8.689655172413793593e+01 6.140109594252705175e-38
2.908255109150721662e-03 8.689655172413793593e+01 7.805828659267449701e-38
4.546775152532265760e-03 8.689655172413793593e+01 9.984735470457845771e-38
7.108442523710327247e-03 8.689655172413793593e+01 1.295386660312022627e-37
1.111336132044076462e-02 8.689655172413793593e+01 1.709183742097861036e-37
1.737466391923549874e-02 8.689655172413793593e+01 2.314566079300471791e-37
2.716360402600592402e-02 8.689655172413793593e+01 3.254354220767252908e-37
4.246766366886432775e-02 8.689655172413793593e+01 4.783864868382332930e-37
6.639407847961335818e-02 8.689655172413793593e+01 7.518081989108676068e-37
1.038007103835326822e-01 8.689655172413793593e+01 1.321751555112402626e-36
1.622823559398361148e-01 8.689655172413793593e+01 5.311250568875940071e-36
2.537127438923734712e-01 8.689655172413793593e+01 2.379372719001210257e-35
3.966552989732381462e-01 8.689655172413793593e+01 0.000000000000000000e+00
9.999999999999999547e-08 9.310344827586206407e+01 4.390507728594190248e-40
1.563403134142530628e-07 9.310344827586206407e+01 5.489696613611983410e-40
2.444229359846687273e-07 9.310344827586206407e+01 6.884604918097663636e-40
3.821315841747502258e-07 9.310344827586206407e+01 8.596680979846362046e-40
5.974257163536547787e-07 9.310344827586206407e+01 1.073463731530820126e-39
9.340172373646522676e-07 9.310344827586206407e+01 1.341719920930581416e-39
1.460245476239042244e-06 9.310344827586206407e+01 1.675047284471140920e-39
2.282952354169575739e-06 9.310344827586206407e+01 2.097377726558268806e-39
3.569174865606782901e-06 9.310344827586206407e+01 2.622926525366128730e-39
5.580059171192390368e-06 9.310344827586206407e+01 3.278665184340367050e-39
8.723881996942955131e-06 9.310344827586206407e+01 4.107918459165969367e-39
1.363894445591021312e-05 9.310344827586206407e+01 5.120607020505311508e-39
2.132316850876592016e-05 9.310344827586206407e+01 6.408525064373413803e-39
3.333670847645394986e-05 9.310344827586206407e+01 8.041046801267466766e-39
5.211871451408407345e-05 9.310344827586206407e+01 1.002271476799537241e-38
8.148256161879867084e-05 9.310344827586206407e+01 1.257011090324059085e-38
1.273900922127918576e-04 9.310344827586206407e+01 1.571026165167191252e-38
1.991620694241847593e-04 9.310344827586206407e+01 1.967430345811234912e-38
3.113706035400827066e-04 9.310344827586206407e+01 2.470925108680554254e-38
4.867977774544171641e-04 9.310344827586206407e+01 3.088402913369606757e-38
7.610611709658538296e-04 9.310344827586206407e+01 3.886772495783400584e-38
1.189845419962200354e-03 9.310344827586206407e+01 4.886160835217732100e-38
1.860208058714039403e-03 9.310344827586206407e+01 6.188523677214782301e-38
2.908255109150721662e-03 9.310344827586206407e+01 7.846318255446858686e-38
4.546775152532265760e-03 9.310344827586206407e+01 1.007755808954416059e-37
7.108442523710327247e-03 9.310344827586206407e+01 1.306587871582856052e-37
1.111336132044076462e-02 9.310344827586206407e+01 1.727926618972109604e-37
1.737466391923549874e-02 9.310344827586206407e+01 2.337002693952799135e-37
2.716360402600592402e-02 9.310344827586206407e+01 3.267294258799019163e-37
4.246766366886432775e-02 9.310344827586206407e+01 4.787551128887748579e-37
6.639407847961335818e-02 9.310344827586206407e+01 7.464628173856583356e-37
1.038007103835326822e-01 9.310344827586206407e+01 1.325032073517429519e-36
1.622823559398361148e-01 9.310344827586206407e+01 6.549225321356317993e-36
2.537127438923734712e-01 9.310344827586206407e+01 1.837423187319126374e-35
3.966552989732381462e-01 9.310344827586206407e+01 0.000000000000000000e+00
9.999999999999999547e-08 9.931034482758620641e+01 4.339103493889832873e-40
1.563403134142530628e-07 9.931034482758620641e+01 5.416788142220470834e-40
2.444229359846687273e-07 9.931034482758620641e+01 6.788895905268848727e-40
3.821315841747502258e-07 9.931034482758620641e+01 8.489837932904332579e-40
5.974257163536547787e-07 9.931034482758620641e+01 1.060188820583607906e-39
9.340172373646522676e-07 9.931034482758620641e+01 1.324459658307250042e-39
1.460245476239042244e-06 9.931034482758620641e+01 1.660149363390479533e-39
2.282952354169575739e-06 9.931034482758620641e+01 2.069484387802269902e-39
3.569174865606782901e-06 9.931034482758620641e+01 2.595910423044339879e-39
5.580059171192390368e-06 9.931034482758620641e+01 3.241224580239382458e-39
8.723881996942955131e-06 9.931034482758620641e+01 4.060547062285621099e-39
1.363894445591021312e-05 9.931034482758620641e+01 5.065547912370727357e-39
2.132316850876592016e-05 9.931034482758620641e+01 6.335599814462698345e-39
3.333670847645394986e-05 9.931034482758620641e+01 7.936857786722655827e-39
5.211871451408407345e-05 9.931034482758620641e+01 9.940757313522530055e-39
8.148256161879867084e-05 9.931034482758620641e+01 1.241506546874482723e-38
1.273900922127918576e-04 9.931034482758620641e+01 1.553839440686914195e-38
1.991620694241847593e-04 9.931034482758620641e+01 1.950214359659274385e-38
3.113706035400827066e-04 9.931034482758620641e+01 2.447077299784851466e-38
4.867977774544171641e-04 9.931034482758620641e+01 3.069390230276464490e-38
7.610611709658538296e-04 9.931034482758620641e+01 3.860800841007181507e-38
1.189845419962200354e-03 9.931034482758620641e+01 4.864314971942452937e-38
1.860208058714039403e-03 9.931034482758620641e+01 6.144715262853153306e-38
2.908255109150721662e-03 9.931034482758620641e+01 7.817928311045968186e-38
4.546775152532265760e-03 9.931034482758620641e+01 1.002747937375642068e-37
7.108442523710327247e-03 9.931034482758620641e+01 1.301792164986048017e-37
1.111336132044076462e-02 9.931034482758620641e+01 1.721793673695699735e-37
1.737466391923549874e-02 9.931034482758620641e+01 2.326579958587266268e-37
2.716360402600592402e-02 9.931034482758620641e+01 3.236649529311444596e-37
4.246766366886432775e-02 9.931034482758620641e+01 4.712888556209068138e-37
6.639407847961335818e-02 9.931034482758620641e+01 7.319252791971239118e-37
1.038007103835326822e-01 9.931034482758620641e+01 1.333868269229305372e-36
1.622823559398361148e-01 9.931034482758620641e+01 7.743875218186605990e-36
2.537127438923734712e-01 9.931034482758620641e+01 1.391522044809795985e-35
3.966552989732381462e-01 9.931034482758620641e+01 0.000000000000000000e+00
9.999999999999999547e-08 1.055172413793103630e+02 4.240528950954555129e-40
1.563403134142530628e-07 1.055172413793103630e+02 5.299730493070431653e-40
2.444229359846687273e-07 1.055172413793103630e+02 6.622046661583583516e-40
3.821315841747502258e-07 1.055172413793103630e+02 8.284212209452991588e-40
5.974257163536547787e-07 1.055172413793103630e+02 1.037218166537321111e-39
9.340172373646522676e-07 1.055172413793103630e+02 1.298329080067563241e-39
1.460245476239042244e-06 1.055172413793103630e+02 1.623124337683069355e-39
2.282952354169575739e-06 1.055172413793103630e+02 2.028376221745585719e-39
3.569174865606782901e-06 1.055172413793103630e+02 2.541504746222346824e-39
5.580059171192390368e-06 1.055172413793103630e+02 3.175338949908991828e-39
8.723881996942955131e-06 1.055172413793103630e+02 3.978403144234235124e-39
1.363894445591021312e-05 1.055172413793103630e+02 4.961177844156149636e-39
2.132316850876592016e-05 1.055172413793103630e+02 6.209689387069322985e-39
3.333670847645394986e-05 1.055172413793103630e+02 7.764775091348718549e-39
5.211871451408407345e-05 1.055172413793103630e+02 9.708663848335973718e-39
8.148256161879867084e-05 1.055172413793103630e+02 1.216504946525908924e-38
1.273900922127918576e-04 1.055172413793103630e+02 1.522874185339954601e-38
1.991620694241847593e-04 1.055172413793103630e+02 1.907624467411342957e-38
3.113706035400827066e-04 1.055172413793103630e+02 2.391926518050472811e-38
4.867977774544171641e-04 1.055172413793103630e+02 3.004841974666575025e-38
7.610611709658538296e-04 1.055172413793103630e+02 3.780511527947775684e-38
1.189845419962200354e-03 1.055172413793103630e+02 4.773271721434837976e-38
1.860208058714039403e-03 1.055172413793103630e+02 6.021620391598129932e-38
2.908255109150721662e-03 1.055172413793103630e+02 7.670905418438130831e-38
4.546775152532265760e-03 1.055172413793103630e+02 9.866573494718226156e-38
7.108442523710327247e-03 1.055172413793103630e+02 1.281933487985022857e-37
1.111336132044076462e-02 1.055172413793103630e+02 1.690905176687228706e-37
1.737466391923549874e-02 1.055172413793103630e+02 2.273643133334990262e-37
2.716360402600592402e-02 1.055172413793103630e+02 3.171303959363686262e-37
4.246766366886432775e-02 1.055172413793103630e+02 4.587428955530781107e-37
6.639407847961335818e-02 1.055172413793103630e+02 7.048200272852743697e-37
1.038007103835326822e-01 1.055172413793103630e+02 1.345389994101311560e-36
1.622823559398361148e-01 1.055172413793103630e+02 8.723030123649319873e-36
2.537127438923734712e-01 1.055172413793103630e+02 1.017832429860513334e-35
3.966552989732381462e-01 1.055172413793103630e+02 0.000000000000000000e+00
9.999999999999999547e-08 1.117241379310344911e+02 4.085769823180796130e-40
1.563403134142530628e-07 1.117241379310344911e+02 5.120106965660468692e-40
2.444229359846687273e-07 1.117241379310344911e+02 6.382114389345026745e-40
3.821315841747502258e-07 1.117241379310344911e+02 7.993467928510878525e-40
5.974257163536547787e-07 1.117241379310344911e+02 9.987781012531290435e-40
9.340172373646522676e-07 1.117241379310344911e+02 1.249701909862064127e-39
1.460245476239042244e-06 1.117241379310344911e+02 1.560454736478314077e-39
2.282952354169575739e-06 1.117241379310344911e+02 1.953432379022936124e-39
3.569174865606782901e-06 1.117241379310344911e+02 2.448430613476208362e-39
5.580059171192390368e-06 1.117241379310344911e+02 3.049061594954852225e-39
8.723881996942955131e-06 1.117241379310344911e+02 3.822828427710911614e-39
1.363894445591021312e-05 1.117241379310344911e+02 4.782890805059032107e-39
2.132316850876592016e-05 1.117241379310344911e+02 5.982521435895093922e-39
3.333670847645394986e-05 1.117241379310344911e+02 7.472543003378458295e-39
5.211871451408407345e-05 1.117241379310344911e+02 9.386094114455743005e-39
8.148256161879867084e-05 1.117241379310344911e+02 1.173622268125460485e-38
1.273900922127918576e-04 1.117241379310344911e+02 1.466526798755565960e-38
1.991620694241847593e-04 1.117241379310344911e+02 1.840908886429962143e-38
3.113706035400827066e-04 1.117241379310344911e+02 2.312729680022258556e-38
4.867977774544171641e-04 1.117241379310344911e+02 2.907578639382079279e-38
7.610611709658538296e-04 1.117241379310344911e+02 3.657667874708517155e-38
1.189845419962200354e-03 1.117241379310344911e+02 4.609613028392449245e-38
1.860208058714039403e-03 1.117241379310344911e+02 5.852630803836072107e-38
2.908255109150721662e-03 1.117241379310344911e+02 7.432236241874689074e-38
4.546775152532265760e-03 1.117241379310344911e+02 9.550220337718417774e-38
7.108442523710327247e-03 1.117241379310344911e+02 1.242698945140840090e-37
1.111336132044076462e-02 1.117241379310344911e+02 1.636100284414494878e-37
1.737466391923549874e-02 1.117241379310344911e+02 2.204592891059432472e-37
2.716360402600592402e-02 1.117241379310344911e+02 3.045917562865272260e-37
4.246766366886432775e-02 1.117241379310344911e+02 4.390501413686783939e-37
6.639407847961335818e-02 1.117241379310344911e+02 6.750771730511753955e-37
1.038007103835326822e-01 1.117241379310344911e+02 1.363419863268059424e-36
1.622823559398361148e-01 1.117241379310344911e+02 9.180869128525431694e-36
2.537127438923734712e-01 1.117241379310344911e+02 7.173181230334705437e-36
3.966552989732381462e-01 1.117241379310344911e+02 0.000000000000000000e+00
9.999999999999999547e-08 1.179310344827586192e+02 3.888957250979994040e-40
1.563403134142530628e-07 1.179310344827586192e+02 4.852998412301321605e-40
2.444229359846687273e-07 1.179310344827586192e+02 6.073117415303461695e-40
3.821315841747502258e-07 1.179310344827586192e+02 7.593744461599016319e-40
5.974257163536547787e-07 1.179310344827586192e+02 9.482215618005123293e-40
9.340172373646522676e-07 1.179310344827586192e+02 1.185601155434464213e-39
1.460245476239042244e-06 1.179310344827586192e+02 1.484805906176271553e-39
2.282952354169575739e-06 1.179310344827586192e+02 1.856459879047178222e-39
3.569174865606782901e-06 1.179310344827586192e+02 2.326898562091266811e-39
5.580059171192390368e-06 1.179310344827586192e+02 2.903667511825459638e-39
8.723881996942955131e-06 1.179310344827586192e+02 3.629363378685258482e-39
1.363894445591021312e-05 1.179310344827586192e+02 4.549680519782288782e-39
2.132316850876592016e-05 1.179310344827586192e+02 5.699119925532139920e-39
3.333670847645394986e-05 1.179310344827586192e+02 7.115401061734824689e-39
5.211871451408407345e-05 1.179310344827586192e+02 8.935021521653330499e-39
8.148256161879867084e-05 1.179310344827586192e+02 1.115606489361716231e-38
1.273900922127918576e-04 1.179310344827586192e+02 1.397479294007516818e-38
1.991620694241847593e-04 1.179310344827586192e+02 1.752717666641923996e-38
3.113706035400827066e-04 1.179310344827586192e+02 2.206676036289857657e-38
4.867977774544171641e-04 1.179310344827586192e+02 2.770689920162663356e-38
7.610611709658538296e-04 1.179310344827586192e+02 3.487844530137663880e-38
1.189845419962200354e-03 1.179310344827586192e+02 4.405245861520463733e-38
1.860208058714039403e-03 1.179310344827586192e+02 5.570907769903583165e-38
2.908255109150721662e-03 1.179310344827586192e+02 7.106380104842946456e-38
4.546775152532265760e-03 1.179310344827586192e+02 9.119088443996744107e-38
7.108442523710327247e-03 1.179310344827586192e+02 1.185245380830203128e-37
1.111336132044076462e-02 1.179310344827586192e+02 1.560722991443447379e-37
1.737466391923549874e-02 1.179310344827586192e+02 2.102166446092046321e-37
2.716360402600592402e-02 1.179310344827586192e+02 2.886253762192322768e-37
4.246766366886432775e-02 1.179310344827586192e+02 4.148479410581179805e-37
6.639407847961335818e-02 1.179310344827586192e+02 6.355584173337788687e-37
1.038007103835326822e-01 1.179310344827586192e+02 1.370614360353547266e-36
1.622823559398361148e-01 1.179310344827586192e+02 9.202683386079044869e-36
2.537127438923734712e-01 1.179310344827586192e+02 4.822306088953393907e-36
3.966552989732381462e-01 1.179310344827586192e+02 0.000000000000000000e+00
9.999999999999999547e-08 1.241379310344827616e+02 3.631538329800933007e-40
1.563403134142530628e-07 1.241379310344827616e+02 4.541103307172867362e-40
2.444229359846687273e-07 1.241379310344827616e+02 5.691958166624292813e-40
3.821315841747502258e-07 1.241379310344827616e+02 7.116449785957153859e-40
5.974257163536547787e-07 1.241379310344827616e+02 8.894423333556382118e-40
9.340172373646522676e-07 1.241379310344827616e+02 1.113186172837387994e-39
1.460245476239042244e-06 1.241379310344827616e+02 1.395278128039391857e-39
2.282952354169575739e-06 1.241379310344827616e+02 1.739067160782046140e-39
3.569174865606782901e-06 1.241379310344827616e+02 2.179361651086779690e-39
5.580059171192390368e-06 1.241379310344827616e+02 2.719970678751600931e-39
8.723881996942955131e-06 1.241379310344827616e+02 3.406796294431949241e-39
1.363894445591021312e-05 1.241379310344827616e+02 4.271545835293567675e-39
2.132316850876592016e-05 1.241379310344827616e+02 5.324582109394321419e-39
3.333670847645394986e-05 1.241379310344827616e+02 6.675936420636786345e-39
5.211871451408407345e-05 1.241379310344827616e+02 8.372164397365058647e-39
8.148256161879867084e-05 1.241379310344827616e+02 1.043605918374513810e-38
1.273900922127918576e-04 1.241379310344827616e+02 1.313387801012575695e-38
1.991620694241847593e-04 1.241379310344827616e+02 1.648997232149142874e-38
3.113706035400827066e-04 1.241379310344827616e+02 2.063132840186801105e-38
4.867977774544171641e-04 1.241379310344827616e+02 2.601303592239507204e-38
7.610611709658538296e-04 1.241379310344827616e+02 3.277735792754713463e-38
1.189845419962200354e-03 1.241379310344827616e+02 4.133556314752806159e-38
1.860208058714039403e-03 1.241379310344827616e+02 5.252698224597054247e-38
2.908255109150721662e-03 1.241379310344827616e+02 6.692823989410585480e-38
4.546775152532265760e-03 1.241379310344827616e+02 8.584738577242388917e-38
7.108442523710327247e-03 1.241379310344827616e+02 1.115398934292643651e-37
1.111336132044076462e-02 1.241379310344827616e+02 1.466060249043020565e-37
1.737466391923549874e-02 1.241379310344827616e+02 1.963397577003978696e-37
2.716360402600592402e-02 1.241379310344827616e+02 2.701060739636640613e-37
4.246766366886432775e-02 1.241379310344827616e+02 3.855666002895266114e-37
6.639407847961335818e-02 1.241379310344827616e+02 5.899674654369754791e-37
1.038007103835326822e-01 1.241379310344827616e+02 1.390563867746168736e-36
1.622823559398361148e-01 1.241379310344827616e+02 8.724292055844584667e-36
2.537127438923734712e-01 1.241379310344827616e+02 3.146693679301504626e-36
3.966552989732381462e-01 1.241379310344827616e+02 0.000000000000000000e+00
9.999999999999999547e-08 1.303448275862068897e+02 3.351347547603973287e-40
1.563403134142530628e-07 1.303448275862068897e+02 4.189753400705388324e-40
2.444229359846687273e-07 1.303448275862068897e+02 5.251920143371239999e-40
3.821315841747502258e-07 1.303448275862068897e+02 6.550087391784665361e-40
5.974257163536547787e-07 1.303448275862068897e+02 8.195435659047109575e-40
9.340172373646522676e-07 1.303448275862068897e+02 1.022831153956417159e-39
1.460245476239042244e-06 1.303448275862068897e+02 1.283593214654363162e-39
2.282952354169575739e-06 1.303448275862068897e+02 1.604012630109102526e-39
3.569174865606782901e-06 1.303448275862068897e+02 2.009470099995217428e-39
5.580059171192390368e-06 1.303448275862068897e+02 2.508789301662198505e-39
8.723881996942955131e-06 1.303448275862068897e+02 3.139700721174881936e-39
1.363894445591021312e-05 1.303448275862068897e+02 3.933289047223300785e-39
2.132316850876592016e-05 1.303448275862068897e+02 4.920083582584916002e-39
3.333670847645394986e-05 1.303448275862068897e+02 6.158096448259141359e-39
5.211871451408407345e-05 1.303448275862068897e+02 7.705071015266390175e-39
8.148256161879867084e-05 1.303448275862068897e+02 9.643531703811576080e-39
1.273900922127918576e-04 1.303448275862068897e+02 1.209860271578910220e-38
1.991620694241847593e-04 1.303448275862068897e+02 1.516775763715997481e-38
3.113706035400827066e-04 1.303448275862068897e+02 1.908358581815375180e-38
4.867977774544171641e-04 1.303448275862068897e+02 2.392803327016608648e-38
7.610611709658538296e-04 1.303448275862068897e+02 3.020557008569232208e-38
1.189845419962200354e-03 1.303448275862068897e+02 3.818048435564251495e-38
1.860208058714039403e-03 1.303448275862068897e+02 4.845283184170873656e-38
2.908255109150721662e-03 1.303448275862068897e+02 6.186222410883331732e-38
4.546775152532265760e-03 1.303448275862068897e+02 7.927334691066908302e-38
7.108442523710327247e-03 1.303448275862068897e+02 1.030112992827205537e-37
1.111336132044076462e-02 1.303448275862068897e+02 1.348967199953466547e-37
1.737466391923549874e-02 1.303448275862068897e+02 1.805798341264028146e-37
2.716360402600592402e-02 1.303448275862068897e+02 2.481527478226492121e-37
4.246766366886432775e-02 1.303448275862068897e+02 3.513769548093196550e-37
6.639407847961335818e-02 1.303448275862068897e+02 5.409515306872117779e-37
1.038007103835326822e-01 1.303448275862068897e+02 1.366800924193428392e-36
1.622823559398361148e-01 1.303448275862068897e+02 7.904608266633389957e-36
2.537127438923734712e-01 1.303448275862068897e+02 1.976590681567798107e-36
3.966552989732381462e-01 1.303448275862068897e+02 0.000000000000000000e+00
9.999999999999999547e-08 1.365517241379310462e+02 3.028654744299437962e-40
1.563403134142530628e-07 1.365517241379310462e+02 3.795591498500232738e-40
2.444229359846687273e-07 1.365517241379310462e+02 4.735116190325729690e-40
3.821315841747502258e-07 1.365517241379310462e+02 5.913798164901312247e-40
5.974257163536547787e-07 1.365517241379310462e+02 7.401071037250793597e-40
9.340172373646522676e-07 1.365517241379310462e+02 9.245776843273245248e-40
1.460245476239042244e-06 1.365517241379310462e+02 1.157082211379045778e-39
2.282952354169575739e-06 1.365517241379310462e+02 1.447233220188670258e-39
3.569174865606782901e-06 1.365517241379310462e+02 1.807509538368346331e-39
5.580059171192390368e-06 1.365517241379310462e+02 2.266816512918941896e-39
8.723881996942955131e-06 1.365517241379310462e+02 2.827212335437409389e-39
1.363894445591021312e-05 1.365517241379310462e+02 3.540778634916528521e-39
2.132316850876592016e-05 1.365517241379310462e+02 4.432827085867710529e-39
3.333670847645394986e-05 1.365517241379310462e+02 5.559618772807275542e-39
5.211871451408407345e-05 1.365517241379310462e+02 6.972804624312233995e-39
8.148256161879867084e-05 1.365517241379310462e+02 8.714486046879152174e-39
1.273900922127918576e-04 1.365517241379310462e+02 1.094302795197748636e-38
1.991620694241847593e-04 1.365517241379310462e+02 1.369764537862108589e-38
3.113706035400827066e-04 1.365517241379310462e+02 1.725280969318187791e-38
4.867977774544171641e-04 1.365517241379310462e+02 2.167653492558558828e-38
7.610611709658538296e-04 1.365517241379310462e+02 2.732778129908986662e-38
1.189845419962200354e-03 1.365517241379310462e+02 3.454933225683593059e-38
1.860208058714039403e-03 1.365517241379310462e+02 4.386816494367767017e-38
2.908255109150721662e-03 1.365517241379310462e+02 5.583139048043877311e-38
4.546775152532265760e-03 1.365517241379310462e+02 7.178601347356815064e-38
7.108442523710327247e-03 1.365517241379310462e+02 9.303769807823320506e-38
1.111336132044076462e-02 1.365517241379310462e+02 1.219970303016588399e-37
1.737466391923549874e-02 1.365517241379310462e+02 1.626977481837342356e-37
2.716360402600592402e-02 1.365517241379310462e+02 2.228036643511213438e-37
4.246766366886432775e-02 1.365517241379310462e+02 3.159816796749963893e-37
6.639407847961335818e-02 1.365517241379310462e+02 4.877695388387618374e-37
1.038007103835326822e-01 1.365517241379310462e+02 1.330184653928698886e-36
1.622823559398361148e-01 1.365517241379310462e+02 6.897541622426651353e-36
2.537127438923734712e-01 1.365517241379310462e+02 1.231489454611538987e-36
3.966552989732381462e-01 1.365517241379310462e+02 0.000000000000000000e+00
9.999999999999999547e-08 1.427586206896551744e+02 2.662882843711142653e-40
1.563403134142530628e-07 1.427586206896551744e+02 3.327735116964953770e-40
2.444229359846687273e-07 1.427586206896551744e+02 4.161600130156065129e-40
3.821315841747502258e-07 1.427586206896551744e+02 5.202594333269532897e-40
5.974257163536547787e-07 1.427586206896551744e+02 6.505273228140049850e-40
9.340172373646522676e-07 1.427586206896551744e+02 8.154809339014067507e-40
1.460245476239042244e-06 1.427586206896551744e+02 1.019732088793869897e-39
2.282952354169575739e-06 1.427586206896551744e+02 1.274198770391984457e-39
3.569174865606782901e-06 1.427586206896551744e+02 1.591237788057772376e-39
5.580059171192390368e-06 1.427586206896551744e+02 1.989243714742325143e-39
8.723881996942955131e-06 1.427586206896551744e+02 2.496131886486055751e-39
1.363894445591021312e-05 1.427586206896551744e+02 3.116989930360716187e-39
2.132316850876592016e-05 1.427586206896551744e+02 3.916860130078201372e-39
3.333670847645394986e-05 1.427586206896551744e+02 4.889929004902139524e-39
5.211871451408407345e-05 1.427586206896551744e+02 6.116707743237475859e-39
8.148256161879867084e-05 1.427586206896551744e+02 7.685694629168666065e-39
1.273900922127918576e-04 1.427586206896551744e+02 9.639226764664351938e-39
1.991620694241847593e-04 1.427586206896551744e+02 1.208352226224856531e-38
3.113706035400827066e-04 1.427586206896551744e+02 1.519789128681568578e-38
4.867977774544171641e-04 1.427586206896551744e+02 1.910584236345085870e-38
7.610611709658538296e-04 1.427586206896551744e+02 2.409181262038960575e-38
1.189845419962200354e-03 1.427586206896551744e+02 3.040784272949147752e-38
1.860208058714039403e-03 1.427586206896551744e+02 3.868136501450579948e-38
2.908255109150721662e-03 1.427586206896551744e+02 4.928677167540690235e-38
4.546775152532265760e-03 1.427586206896551744e+02 6.320074390995815623e-38
7.108442523710327247e-03 1.427586206896551744e+02 8.204062716514778438e-38
1.111336132044076462e-02 1.427586206896551744e+02 1.072950106718455192e-37
1.737466391923549874e-02 1.427586206896551744e+02 1.433406573457274961e-37
2.716360402600592402e-02 1.427586206896551744e+02 1.951207557556511672e-37
4.246766366886432775e-02 1.427586206896551744e+02 2.765609795186641112e-37
6.639407847961335818e-02 1.427586206896551744e+02 4.292254766532543031e-37
1.038007103835326822e-01 1.427586206896551744e+02 1.265610434543038679e-36
1.622823559398361148e-01 1.427586206896551744e+02 5.790699465756298892e-36
2.537127438923734712e-01 1.427586206896551744e+02 7.589594661265601532e-37
3.966552989732381462e-01 1.427586206896551744e+02 0.000000000000000000e+00
9.999999999999999547e-08 1.489655172413793025e+02 2.268969455961153811e-40
1.563403134142530628e-07 1.489655172413793025e+02 2.834602718266642778e-40
2.444229359846687273e-07 1.489655172413793025e+02 3.547475266487722986e-40
3.821315841747502258e-07 1.489655172413793025e+02 4.435837146138048818e-40
5.974257163536547787e-07 1.489655172413793025e+02 5.535800059789099716e-40
9.340172373646522676e-07 1.489655172413793025e+02 6.947468727590358426e-40
1.460245476239042244e-06 1.489655172413793025e+02 8.665956362663804189e-40
2.282952354169575739e-06 1.489655172413793025e+02 1.086617738216797556e-39
3.569174865606782901e-06 1.489655172413793025e+02 1.355748894116963230e-39
5.580059171192390368e-06 1.489655172413793025e+02 1.694160526863032029e-39
8.723881996942955131e-06 1.489655172413793025e+02 2.121366855230332726e-39
1.363894445591021312e-05 1.489655172413793025e+02 2.663086960994767183e-39
2.132316850876592016e-05 1.489655172413793025e+02 3.324867310805435323e-39
3.333670847645394986e-05 1.489655172413793025e+02 4.165638522793343343e-39
5.211871451408407345e-05 1.489655172413793025e+02 5.220857423074311672e-39
8.148256161879867084e-05 1.489655172413793025e+02 6.540888672908676377e-39
1.273900922127918576e-04 1.489655172413793025e+02 8.225870681290887298e-39
1.991620694241847593e-04 1.489655172413793025e+02 1.030903110333803440e-38
3.113706035400827066e-04 1.489655172413793025e+02 1.289983097366933941e-38
4.867977774544171641e-04 1.489655172413793025e+02 1.630575883056765379e-38
7.610611709658538296e-04 1.489655172413793025e+02 2.058163342491440656e-38
1.189845419962200354e-03 1.489655172413793025e+02 2.597077364012053468e-38
1.860208058714039403e-03 1.489655172413793025e+02 3.307361789036513004e-38
2.908255109150721662e-03 1.489655172413793025e+02 4.218014155372099379e-38
4.546775152532265760e-03 1.489655172413793025e+02 5.406638996180567763e-38
7.108442523710327247e-03 1.489655172413793025e+02 7.017061169136821707e-38
1.111336132044076462e-02 1.489655172413793025e+02 9.159346420869703793e-38
1.737466391923549874e-02 1.489655172413793025e+02 1.218469268776949834e-37
2.716360402600592402e-02 1.489655172413793025e+02 1.659558689734177589e-37
4.246766366886432775e-02 1.489655172413793025e+02 2.338265094809875027e-37
6.639407847961335818e-02 1.489655172413793025e+02 3.666920218995386465e-37
1.038007103835326822e-01 1.489655172413793025e+02 1.142854752083824137e-36
1.622823559398361148e-01 1.489655172413793025e+02 4.733167033846497026e-36
2.537127438923734712e-01 1.489655172413793025e+02 4.683237536525026413e-37
3.966552989732381462e-01 1.489655172413793025e+02 0.000000000000000000e+00
9.999999999999999547e-08 1.551724137931034591e+02 1.844417721632894928e-40
1.563403134142530628e-07 1.551724137931034591e+02 2.316052177735808434e-40
2.444229359846687273e-07 1.551724137931034591e+02 2.889026463449541947e-40
3.821315841747502258e-07 1.551724137931034591e+02 3.615637450593611395e-40
5.974257163536547787e-07 1.551724137931034591e+02 4.519292792059714395e-40
9.340172373646522676e-07 1.551724137931034591e+02 5.654532451859122279e-40
1.460245476239042244e-06 1.551724137931034591e+02 7.041805002603185067e-40
2.282952354169575739e-06 1.551724137931034591e+02 8.835807233798816120e-40
3.569174865606782901e-06 1.551724137931034591e+02 1.104964176833004408e-39
5.580059171192390368e-06 1.551724137931034591e+02 1.384159536246734969e-39
8.723881996942955131e-06 1.551724137931034591e+02 1.731063480394800313e-39
1.363894445591021312e-05 1.551724137931034591e+02 2.165032757894126568e-39
2.132316850876592016e-05 1.551724137931034591e+02 2.706040830165657053e-39
3.333670847645394986e-05 1.551724137931034591e+02 3.400298794088652394e-39
5.211871451408407345e-05 1.551724137931034591e+02 4.253301866240285634e-39
8.148256161879867084e-05 1.551724137931034591e+02 5.353042025111679968e-39
1.273900922127918576e-04 1.551724137931034591e+02 6.700730846107430641e-39
1.991620694241847593e-04 1.551724137931034591e+02 8.400166750097557349e-39
3.113706035400827066e-04 1.551724137931034591e+02 1.054531662359602419e-38
4.867977774544171641e-04 1.551724137931034591e+02 1.331408683100042729e-38
7.610611709658538296e-04 1.551724137931034591e+02 1.676080543807719356e-38
1.189845419962200354e-03 1.551724137931034591e+02 2.121088936274666041e-38
1.860208058714039403e-03 1.551724137931034591e+02 2.688911876514672770e-38
2.908255109150721662e-03 1.551724137931034591e+02 3.425650817745174987e-38
4.546775152532265760e-03 1.551724137931034591e+02 4.398623561931681749e-38
7.108442523710327247e-03 1.551724137931034591e+02 5.695274881917218065e-38
1.111336132044076462e-02 1.551724137931034591e+02 7.460488004771446812e-38
1.737466391923549874e-02 1.551724137931034591e+02 9.913657743632767123e-38
2.716360402600592402e-02 1.551724137931034591e+02 1.347813503815138610e-37
4.246766366886432775e-02 1.551724137931034591e+02 1.896047241633109391e-37
6.639407847961335818e-02 1.551724137931034591e+02 2.999990729805154912e-37
1.038007103835326822e-01 1.551724137931034591e+02 9.913108796131560697e-37
1.622823559398361148e-01 1.551724137931034591e+02 3.660220761274184892e-36
2.537127438923734712e-01 1.551724137931034591e+02 2.831115790939748732e-37
3.966552989732381462e-01 1.551724137931034591e+02 0.000000000000000000e+00
9.999999999999999547e-08 1.613793103448276156e+02 1.407157782631068011e-40
1.563403134142530628e-07 1.613793103448276156e+02 1.758689352491179711e-40
2.444229359846687273e-07 1.613793103448276156e+02 2.193761963281738382e-40
3.821315841747502258e-07 1.613793103448276156e+02 2.747853407307326063e-40
5.974257163536547787e-07 1.613793103448276156e+02 3.432075147767210219e-40
9.340172373646522676e-07 1.613793103448276156e+02 4.289249447045001967e-40
1.460245476239042244e-06 1.613793103448276156e+02 5.385292831697792372e-40
2.282952354169575739e-06 1.613793103448276156e+02 6.730810474662970277e-40
3.569174865606782901e-06 1.613793103448276156e+02 8.428046456737959561e-40
5.580059171192390368e-06 1.613793103448276156e+02 1.052141429284187156e-39
8.723881996942955131e-06 1.613793103448276156e+02 1.317771874895097910e-39
1.363894445591021312e-05 1.613793103448276156e+02 1.646265676115382295e-39
2.132316850876592016e-05 1.613793103448276156e+02 2.066665670664673335e-39
3.333670847645394986e-05 1.613793103448276156e+02 2.580426022109843046e-39
5.211871451408407345e-05 1.613793103448276156e+02 3.236725663776671291e-39
8.148256161879867084e-05 1.613793103448276156e+02 4.057929480835024208e-39
1.273900922127918576e-04 1.613793103448276156e+02 5.092336279082554950e-39
1.991620694241847593e-04 1.613793103448276156e+02 6.391951535265303534e-39
3.113706035400827066e-04 1.613793103448276156e+02 8.050505846829427434e-39
4.867977774544171641e-04 1.613793103448276156e+02 1.011554313266477102e-38
7.610611709658538296e-04 1.613793103448276156e+02 1.278747397665342945e-38
1.189845419962200354e-03 1.613793103448276156e+02 1.613072822334179593e-38
1.860208058714039403e-03 1.613793103448276156e+02 2.056912950245486518e-38
2.908255109150721662e-03 1.613793103448276156e+02 2.608407659296820446e-38
4.546775152532265760e-03 1.613793103448276156e+02 3.354518675533201261e-38
7.108442523710327247e-03 1.613793103448276156e+02 4.337624910013101192e-38
1.111336132044076462e-02 1.613793103448276156e+02 5.647632103114056101e-38
1.737466391923549874e-02 1.613793103448276156e+02 7.531122655542324124e-38
2.716360402600592402e-02 1.613793103448276156e+02 1.022043439868835516e-37
4.246766366886432775e-02 1.613793103448276156e+02 1.435347556900516645e-37
6.639407847961335818e-02 1.613793103448276156e+02 2.290712477502569272e-37
1.038007103835326822e-01 1.613793103448276156e+02 7.801671374609592613e-37
1.622823559398361148e-01 1.613793103448276156e+02 2.694934450893041000e-36
2.537127438923734712e-01 1.613793103448276156e+02 1.716091525625159149e-37
3.966552989732381462e-01 1.613793103448276156e+02 0.000000000000000000e+00
9.999999999999999547e-08 1.675862068965517437e+02 9.421567825880614401e-41
1.563403134142530628e-07 1.675862068965517437e+02 1.182184656423722432e-40
2.444229359846687273e-07 1.675862068965517437e+02 1.478586529087589317e-40
3.821315841747502258e-07 1.675862068965517437e+02 1.849435011123732507e-40
5.974257163536547787e-07 1.675862068965517437e+02 2.312380914449835531e-40
9.340172373646522676e-07 1.675862068965517437e+02 2.896901909971533204e-40
1.460245476239042244e-06 1.675862068965517437e+02 3.608287494442696509e-40
2.282952354169575739e-06 1.675862068965517437e+02 4.523151797180431438e-40
3.569174865606782901e-06 1.675862068965517437e+02 5.647993554587422525e-40
5.580059171192390368e-06 1.675862068965517437e+02 7.081122059255335780e-40
8.723881996942955131e-06 1.675862068965517437e+02 8.837673989754886372e-40
1.363894445591021312e-05 1.675862068965517437e+02 1.109750282545616149e-39
2.132316850876592016e-05 1.675862068965517437e+02 1.389069920454963499e-39
3.333670847645394986e-05 1.675862068965517437e+02 1.740330413137537278e-39
5.211871451408407345e-05 1.675862068965517437e+02 2.177890263534156573e-39
8.148256161879867084e-05 1.675862068965517437e+02 2.728086580467900889e-39
1.273900922127918576e-04 1.675862068965517437e+02 3.438948018521406742e-39
1.991620694241847593e-04 1.675862068965517437e+02 4.310405725177835563e-39
3.113706035400827066e-04 1.675862068965517437e+02 5.421024077220659742e-39
4.867977774544171641e-04 1.675862068965517437e+02 6.823197488598126241e-39
7.610611709658538296e-04 1.675862068965517437e+02 8.585867562499373367e-39
1.189845419962200354e-03 1.675862068965517437e+02 1.087147727426457434e-38
1.860208058714039403e-03 1.675862068965517437e+02 1.379377327378790897e-38
2.908255109150721662e-03 1.675862068965517437e+02 1.760745782390047181e-38
4.546775152532265760e-03 1.675862068965517437e+02 2.255770444356590496e-38
7.108442523710327247e-03 1.675862068965517437e+02 2.919560716368926532e-38
1.111336132044076462e-02 1.675862068965517437e+02 3.819382120911131641e-38
1.737466391923549874e-02 1.675862068965517437e+02 5.059922948673997899e-38
2.716360402600592402e-02 1.675862068965517437e+02 6.868923283629936476e-38
4.246766366886432775e-02 1.675862068965517437e+02 9.650943171700010713e-38
6.639407847961335818e-02 1.675862068965517437e+02 1.552115863466622243e-37
1.038007103835326822e-01 1.675862068965517437e+02 5.498362485566404027e-37
1.622823559398361148e-01 1.675862068965517437e+02 1.762351925538030164e-36
2.537127438923734712e-01 1.675862068965517437e+02 9.637638498160672627e-38
3.966552989732381462e-01 1.675862068965517437e+02 0.000000000000000000e+00
9.999999999999999547e-08 1.737931034482758719e+02 4.753700940162183446e-41
1.563403134142530628e-07 1.737931034482758719e+02 5.946472475252938860e-41
2.444229359846687273e-07 1.737931034482758719e+02 7.438586724548848244e-41
3.821315841747502258e-07 1.737931034482758719e+02 9.324085009998877338e-41
5.974257163536547787e-07 1.737931034482758719e+02 1.161039149581378479e-40
9.340172373646522676e-07 1.737931034482758719e+02 1.451210964501709558e-40
1.460245476239042244e-06 1.737931034482758719e+02 1.819381543571736499e-40
2.282952354169575739e-06 1.737931034482758719e+02 2.275678392172653850e-40
3.569174865606782901e-06 1.737931034482758719e+02 2.847547012144220184e-40
5.580059171192390368e-06 1.737931034482758719e+02 3.560315743345984560e-40
8.723881996942955131e-06 1.737931034482758719e+02 4.462650306336488308e-40
1.363894445591021312e-05 1.737931034482758719e+02 5.579688886613803496e-40
2.132316850876592016e-05 1.737931034482758719e+02 6.979042665317954018e-40
3.333670847645394986e-05 1.737931034482758719e+02 8.757450463061720373e-40
5.211871451408407345e-05 1.737931034482758719e+02 1.097957139857140234e-39
8.148256161879867084e-05 1.737931034482758719e+02 1.377489312207964633e-39
1.273900922127918576e-04 1.737931034482758719e+02 1.722905565222015111e-39
1.991620694241847593e-04 1.737931034482758719e+02 2.168208920014568560e-39
3.113706035400827066e-04 1.737931034482758719e+02 2.719869199248964577e-39
4.867977774544171641e-04 1.737931034482758719e+02 3.431117135983012323e-39
7.610611709658538296e-04 1.737931034482758719e+02 4.323170151364359033e-39
1.189845419962200354e-03 1.737931034482758719e+02 5.471458676943948491e-39
1.860208058714039403e-03 1.737931034482758719e+02 6.931980950951766508e-39
2.908255109150721662e-03 1.737931034482758719e+02 8.843178840471600961e-39
4.546775152532265760e-03 1.737931034482758719e+02 1.135008237488490448e-38
7.108442523710327247e-03 1.737931034482758719e+02 1.466944468410251379e-38
1.111336132044076462e-02 1.737931034482758719e+02 1.917961844122256048e-38
1.737466391923549874e-02 1.737931034482758719e+02 2.546993968279593884e-38
2.716360402600592402e-02 1.737931034482758719e+02 3.437136687669796440e-38
4.246766366886432775e-02 1.737931034482758719e+02 4.847419635774240325e-38
6.639407847961335818e-02 1.737931034482758719e+02 7.817629771145195948e-38
1.038007103835326822e-01 1.737931034482758719e+02 2.800483342955265890e-37
1.622823559398361148e-01 1.737931034482758719e+02 8.693402483041339780e-37
2.537127438923734712e-01 1.737931034482758719e+02 4.380666847416384771e-38
3.966552989732381462e-01 1.737931034482758719e+02 0.000000000000000000e+00
9.999999999999999547e-08 1.800000000000000000e+02 5.385140715707428798e-56
1.563403134142530628e-07 1.800000000000000000e+02 6.735978929313490122e-56
2.444229359846687273e-07 1.800000000000000000e+02 8.426947980166699332e-56
3.821315841747502258e-07 1.800000000000000000e+02 0.000000000000000000e+00
5.974257163536547787e-07 1.800000000000000000e+02 0.000000000000000000e+00
9.340172373646522676e-07 1.800000000000000000e+02 0.000000000000000000e+00
1.460245476239042244e-06 1.800000000000000000e+02 2.059158926601375567e-55
2.282952354169575739e-06 1.800000000000000000e+02 2.581024207885314788e-55
3.569174865606782901e-06 1.800000000000000000e+02 3.221214410796229085e-55
5.580059171192390368e-06 1.800000000000000000e+02 0.000000000000000000e+00
8.723881996942955131e-06 1.800000000000000000e+02 5.053713872841437053e-55
1.363894445591021312e-05 1.800000000000000000e+02 6.336706247761486410e-55
2.132316850876592016e-05 1.800000000000000000e+02 0.000000000000000000e+00
3.333670847645394986e-05 1.800000000000000000e+02 9.893975996918386439e-55
5.211871451408407345e-05 1.800000000000000000e+02 1.240516647832932175e-54
8.148256161879867084e-05 1.800000000000000000e+02 1.557858374988315107e-54
1.273900922127918576e-04 1.800000000000000000e+02 1.952863857339293262e-54
1.991620694241847593e-04 1.800000000000000000e+02 0.000000000000000000e+00
3.113706035400827066e-04 1.800000000000000000e+02 3.078418077847412410e-54
4.867977774544171641e-04 1.800000000000000000e+02 3.884381110959304003e-54
7.610611709658538296e-04 1.800000000000000000e+02 4.902566197349384404e-54
1.189845419962200354e-03 1.800000000000000000e+02 0.000000000000000000e+00
1.860208058714039403e-03 1.800000000000000000e+02 0.000000000000000000e+00
2.908255109150721662e-03 1.800000000000000000e+02 1.003113670797011852e-53
4.546775152532265760e-03 1.800000000000000000e+02 1.287213244901070930e-53
7.108442523710327247e-03 1.800000000000000000e+02 1.663134411159513071e-53
1.111336132044076462e-02 1.800000000000000000e+02 2.174777703563560593e-53
1.737466391923549874e-02 1.800000000000000000e+02 2.888921552352394846e-53
2.716360402600592402e-02 1.800000000000000000e+02 3.903109022885458698e-53
4.246766366886432775e-02 1.800000000000000000e+02 5.473491170391130930e-53
6.639407847961335818e-02 1.800000000000000000e+02 8.891451222998020021e-53
1.038007103835326822e-01 1.800000000000000000e+02 0.000000000000000000e+00
1.622823559398361148e-01 1.800000000000000000e+02 9.831171903652332781e-52
2.537127438923734712e-01 1.800000000000000000e+02 4.724001315707196700e-53
3.966552989732381462e-01 1.800000000000000000e+02 0.000000000000000000e+00
