# atom 16: Tchi 0.41753189365604015 [GeV]; m_chi = 0.001 [GeV]; mS = 0.3 [GeV]; gchi =0.01; gN = 0.01
# Tchi^prime [GeV], theta [degree] ,dsigma/dTchip dtheta [cm^2/GeV]
9.999999999999999547e-08 0.000000000000000000e+00 0.000000000000000000e+00
1.563403134142530628e-07 0.000000000000000000e+00 0.000000000000000000e+00
2.444229359846687273e-07 0.000000000000000000e+00 0.000000000000000000e+00
3.821315841747502258e-07 0.000000000000000000e+00 0.000000000000000000e+00
5.974257163536547787e-07 0.000000000000000000e+00 0.000000000000000000e+00
9.340172373646522676e-07 0.000000000000000000e+00 0.000000000000000000e+00
1.460245476239042244e-06 0.000000000000000000e+00 0.000000000000000000e+00
2.282952354169575739e-06 0.000000000000000000e+00 0.000000000000000000e+00
3.569174865606782901e-06 0.000000000000000000e+00 0.000000000000000000e+00
5.580059171192390368e-06 0.000000000000000000e+00 0.000000000000000000e+00
8.723881996942955131e-06 0.000000000000000000e+00 0.000000000000000000e+00
1.363894445591021312e-05 0.000000000000000000e+00 0.000000000000000000e+00
2.132316850876592016e-05 0.000000000000000000e+00 0.000000000000000000e+00
3.333670847645394986e-05 0.000000000000000000e+00 0.000000000000000000e+00
5.211871451408407345e-05 0.000000000000000000e+00 0.000000000000000000e+00
8.148256161879867084e-05 0.000000000000000000e+00 0.000000000000000000e+00
1.273900922127918576e-04 0.000000000000000000e+00 0.000000000000000000e+00
1.991620694241847593e-04 0.000000000000000000e+00 0.000000000000000000e+00
3.113706035400827066e-04 0.000000000000000000e+00 0.000000000000000000e+00
4.867977774544171641e-04 0.000000000000000000e+00 0.000000000000000000e+00
7.610611709658538296e-04 0.000000000000000000e+00 0.000000000000000000e+00
1.189845419962200354e-03 0.000000000000000000e+00 0.000000000000000000e+00
1.860208058714039403e-03 0.000000000000000000e+00 0.000000000000000000e+00
2.908255109150721662e-03 0.000000000000000000e+00 0.000000000000000000e+00
4.546775152532265760e-03 0.000000000000000000e+00 0.000000000000000000e+00
7.108442523710327247e-03 0.000000000000000000e+00 0.000000000000000000e+00
1.111336132044076462e-02 0.000000000000000000e+00 0.000000000000000000e+00
1.737466391923549874e-02 0.000000000000000000e+00 0.000000000000000000e+00
2.716360402600592402e-02 0.000000000000000000e+00 0.000000000000000000e+00
4.246766366886432775e-02 0.000000000000000000e+00 0.000000000000000000e+00
6.639407847961335818e-02 0.000000000000000000e+00 0.000000000000000000e+00
1.038007103835326822e-01 0.000000000000000000e+00 0.000000000000000000e+00
1.622823559398361148e-01 0.000000000000000000e+00 0.000000000000000000e+00
2.537127438923734712e-01 0.000000000000000000e+00 0.000000000000000000e+00
3.966552989732381462e-01 0.000000000000000000e+00 0.000000000000000000e+00
9.999999999999999547e-08 6.206896551724137900e+00 2.431599147220630858e-43
1.563403134142530628e-07 6.206896551724137900e+00 3.037048358687293415e-43
2.444229359846687273e-07 6.206896551724137900e+00 3.784635573951906680e-43
3.821315841747502258e-07 6.206896551724137900e+00 4.708836404736491584e-43
5.974257163536547787e-07 6.206896551724137900e+00 5.839889101632685617e-43
9.340172373646522676e-07 6.206896551724137900e+00 7.233660190155411389e-43
1.460245476239042244e-06 6.206896551724137900e+00 8.949421726599887706e-43
2.282952354169575739e-06 6.206896551724137900e+00 1.103128251250621880e-42
3.569174865606782901e-06 6.206896551724137900e+00 1.353247006131397106e-42
5.580059171192390368e-06 6.206896551724137900e+00 1.666859765883302414e-42
8.723881996942955131e-06 6.206896551724137900e+00 2.034397552966184258e-42
1.363894445591021312e-05 6.206896551724137900e+00 2.462585784199335340e-42
2.132316850876592016e-05 6.206896551724137900e+00 2.961986913585024544e-42
3.333670847645394986e-05 6.206896551724137900e+00 3.539186236265027615e-42
5.211871451408407345e-05 6.206896551724137900e+00 4.184190580675961912e-42
8.148256161879867084e-05 6.206896551724137900e+00 4.875984335492084653e-42
1.273900922127918576e-04 6.206896551724137900e+00 5.608016839857242773e-42
1.991620694241847593e-04 6.206896551724137900e+00 6.328249526997910866e-42
3.113706035400827066e-04 6.206896551724137900e+00 7.042045452507567569e-42
4.867977774544171641e-04 6.206896551724137900e+00 7.670855000055065370e-42
7.610611709658538296e-04 6.206896551724137900e+00 8.261896035732482473e-42
1.189845419962200354e-03 6.206896551724137900e+00 8.849597216831439325e-42
1.860208058714039403e-03 6.206896551724137900e+00 9.508286212180406636e-42
2.908255109150721662e-03 6.206896551724137900e+00 1.050755759708851964e-41
4.546775152532265760e-03 6.206896551724137900e+00 1.241813269859779753e-41
7.108442523710327247e-03 6.206896551724137900e+00 1.653677107569589084e-41
1.111336132044076462e-02 6.206896551724137900e+00 2.616404938100926946e-41
1.737466391923549874e-02 6.206896551724137900e+00 4.957465130042146560e-41
2.716360402600592402e-02 6.206896551724137900e+00 1.088114125196367033e-40
4.246766366886432775e-02 6.206896551724137900e+00 2.677453910636583722e-40
6.639407847961335818e-02 6.206896551724137900e+00 7.211342858104145651e-40
1.038007103835326822e-01 6.206896551724137900e+00 0.000000000000000000e+00
1.622823559398361148e-01 6.206896551724137900e+00 0.000000000000000000e+00
2.537127438923734712e-01 6.206896551724137900e+00 0.000000000000000000e+00
3.966552989732381462e-01 6.206896551724137900e+00 0.000000000000000000e+00
9.999999999999999547e-08 1.241379310344827580e+01 4.846664480519529620e-43
1.563403134142530628e-07 1.241379310344827580e+01 6.030352424861025248e-43
2.444229359846687273e-07 1.241379310344827580e+01 7.524106190634834895e-43
3.821315841747502258e-07 1.241379310344827580e+01 9.366177161074747096e-43
5.974257163536547787e-07 1.241379310344827580e+01 1.158634068481962320e-42
9.340172373646522676e-07 1.241379310344827580e+01 1.441275605197229203e-42
1.460245476239042244e-06 1.241379310344827580e+01 1.784604671991131223e-42
2.282952354169575739e-06 1.241379310344827580e+01 2.200020817395998803e-42
3.569174865606782901e-06 1.241379310344827580e+01 2.713856924714067221e-42
5.580059171192390368e-06 1.241379310344827580e+01 3.320027447936097733e-42
8.723881996942955131e-06 1.241379310344827580e+01 4.050809864813467731e-42
1.363894445591021312e-05 1.241379310344827580e+01 4.921035469262433779e-42
2.132316850876592016e-05 1.241379310344827580e+01 5.932924778745167194e-42
3.333670847645394986e-05 1.241379310344827580e+01 7.073434790684648165e-42
5.211871451408407345e-05 1.241379310344827580e+01 8.345252390713163968e-42
8.148256161879867084e-05 1.241379310344827580e+01 9.790352627880596071e-42
1.273900922127918576e-04 1.241379310344827580e+01 1.128026846562627285e-41
1.991620694241847593e-04 1.241379310344827580e+01 1.287344761129415046e-41
3.113706035400827066e-04 1.241379310344827580e+01 1.444260943905355913e-41
4.867977774544171641e-04 1.241379310344827580e+01 1.600500122621213210e-41
7.610611709658538296e-04 1.241379310344827580e+01 1.774726043969514918e-41
1.189845419962200354e-03 1.241379310344827580e+01 1.987097559314887541e-41
1.860208058714039403e-03 1.241379310344827580e+01 2.334786303394066601e-41
2.908255109150721662e-03 1.241379310344827580e+01 2.988087370262758644e-41
4.546775152532265760e-03 1.241379310344827580e+01 4.350461804014947371e-41
7.108442523710327247e-03 1.241379310344827580e+01 7.465933584591860609e-41
1.111336132044076462e-02 1.241379310344827580e+01 1.473892325211561216e-40
1.737466391923549874e-02 1.241379310344827580e+01 3.272397931818514193e-40
2.716360402600592402e-02 1.241379310344827580e+01 7.858833533289304779e-40
4.246766366886432775e-02 1.241379310344827580e+01 2.012451820932047143e-39
6.639407847961335818e-02 1.241379310344827580e+01 5.496335630346743597e-39
1.038007103835326822e-01 1.241379310344827580e+01 0.000000000000000000e+00
1.622823559398361148e-01 1.241379310344827580e+01 0.000000000000000000e+00
2.537127438923734712e-01 1.241379310344827580e+01 0.000000000000000000e+00
3.966552989732381462e-01 1.241379310344827580e+01 0.000000000000000000e+00
9.999999999999999547e-08 1.862068965517241281e+01 7.217867900017159643e-43
1.563403134142530628e-07 1.862068965517241281e+01 8.972770684278189762e-43
2.444229359846687273e-07 1.862068965517241281e+01 1.118155570521002357e-42
3.821315841747502258e-07 1.862068965517241281e+01 1.388362550673873045e-42
5.974257163536547787e-07 1.862068965517241281e+01 1.728277524700458647e-42
9.340172373646522676e-07 1.862068965517241281e+01 2.141049732958896715e-42
1.460245476239042244e-06 1.862068965517241281e+01 2.653913182882125587e-42
2.282952354169575739e-06 1.862068965517241281e+01 3.275574201977365668e-42
3.569174865606782901e-06 1.862068965517241281e+01 4.038738676767534889e-42
5.580059171192390368e-06 1.862068965517241281e+01 4.959151649368596294e-42
8.723881996942955131e-06 1.862068965517241281e+01 6.046543974676738254e-42
1.363894445591021312e-05 1.862068965517241281e+01 7.344100465126361955e-42
2.132316850876592016e-05 1.862068965517241281e+01 8.855150084164807280e-42
3.333670847645394986e-05 1.862068965517241281e+01 1.060756458519242955e-41
5.211871451408407345e-05 1.862068965517241281e+01 1.258503880276257584e-41
8.148256161879867084e-05 1.862068965517241281e+01 1.475636463331862657e-41
1.273900922127918576e-04 1.862068965517241281e+01 1.711336244928231037e-41
1.991620694241847593e-04 1.862068965517241281e+01 1.971040269979968366e-41
3.113706035400827066e-04 1.862068965517241281e+01 2.246952706144621155e-41
4.867977774544171641e-04 1.862068965517241281e+01 2.563716939838638313e-41
7.610611709658538296e-04 1.862068965517241281e+01 2.953665207161906112e-41
1.189845419962200354e-03 1.862068965517241281e+01 3.532484623844744894e-41
1.860208058714039403e-03 1.862068965517241281e+01 4.561036488922024414e-41
2.908255109150721662e-03 1.862068965517241281e+01 6.601621287726196657e-41
4.546775152532265760e-03 1.862068965517241281e+01 1.106997744228593432e-40
7.108442523710327247e-03 1.862068965517241281e+01 2.117536257272934427e-40
1.111336132044076462e-02 1.862068965517241281e+01 4.529697295234969709e-40
1.737466391923549874e-02 1.862068965517241281e+01 1.038274032436048449e-39
2.716360402600592402e-02 1.862068965517241281e+01 2.529662683202537260e-39
4.246766366886432775e-02 1.862068965517241281e+01 6.504099828895999544e-39
6.639407847961335818e-02 1.862068965517241281e+01 1.764248416182179919e-38
1.038007103835326822e-01 1.862068965517241281e+01 0.000000000000000000e+00
1.622823559398361148e-01 1.862068965517241281e+01 0.000000000000000000e+00
2.537127438923734712e-01 1.862068965517241281e+01 0.000000000000000000e+00
3.966552989732381462e-01 1.862068965517241281e+01 0.000000000000000000e+00
9.999999999999999547e-08 2.482758620689655160e+01 9.481042826439804885e-43
1.563403134142530628e-07 2.482758620689655160e+01 1.181953490919117359e-42
2.444229359846687273e-07 2.482758620689655160e+01 1.469550791055375013e-42
3.821315841747502258e-07 2.482758620689655160e+01 1.830209546799096633e-42
5.974257163536547787e-07 2.482758620689655160e+01 2.273802322019276048e-42
9.340172373646522676e-07 2.482758620689655160e+01 2.814817818741860824e-42
1.460245476239042244e-06 2.482758620689655160e+01 3.501767832307905352e-42
2.282952354169575739e-06 2.482758620689655160e+01 4.319014326100535033e-42
3.569174865606782901e-06 2.482758620689655160e+01 5.324747674176086379e-42
5.580059171192390368e-06 2.482758620689655160e+01 6.514854123818090266e-42
8.723881996942955131e-06 2.482758620689655160e+01 8.002093350046185356e-42
1.363894445591021312e-05 2.482758620689655160e+01 9.723067624731512940e-42
2.132316850876592016e-05 2.482758620689655160e+01 1.175672059663803271e-41
3.333670847645394986e-05 2.482758620689655160e+01 1.416598127867476399e-41
5.211871451408407345e-05 2.482758620689655160e+01 1.680415074771310364e-41
8.148256161879867084e-05 2.482758620689655160e+01 1.988855551908661588e-41
1.273900922127918576e-04 2.482758620689655160e+01 2.331245099374218692e-41
1.991620694241847593e-04 2.482758620689655160e+01 2.709652152426209743e-41
3.113706035400827066e-04 2.482758620689655160e+01 3.148029554869607913e-41
4.867977774544171641e-04 2.482758620689655160e+01 3.693231861407664740e-41
7.610611709658538296e-04 2.482758620689655160e+01 4.454893242733533755e-41
1.189845419962200354e-03 2.482758620689655160e+01 5.695495496679745537e-41
1.860208058714039403e-03 2.482758620689655160e+01 7.972656754360043297e-41
2.908255109150721662e-03 2.482758620689655160e+01 1.262207683221590317e-40
4.546775152532265760e-03 2.482758620689655160e+01 2.280770933128400563e-40
7.108442523710327247e-03 2.482758620689655160e+01 4.600601060992768566e-40
1.111336132044076462e-02 2.482758620689655160e+01 1.011096965480852984e-39
1.737466391923549874e-02 2.482758620689655160e+01 2.345938989319561456e-39
2.716360402600592402e-02 2.482758620689655160e+01 5.735492772966944302e-39
4.246766366886432775e-02 2.482758620689655160e+01 1.458708371040577563e-38
6.639407847961335818e-02 2.482758620689655160e+01 3.923106075728641506e-38
1.038007103835326822e-01 2.482758620689655160e+01 0.000000000000000000e+00
1.622823559398361148e-01 2.482758620689655160e+01 0.000000000000000000e+00
2.537127438923734712e-01 2.482758620689655160e+01 0.000000000000000000e+00
3.966552989732381462e-01 2.482758620689655160e+01 0.000000000000000000e+00
9.999999999999999547e-08 3.103448275862069039e+01 1.163293151181648789e-42
1.563403134142530628e-07 3.103448275862069039e+01 1.449268305637508331e-42
2.444229359846687273e-07 3.103448275862069039e+01 1.806183866519764705e-42
3.821315841747502258e-07 3.103448275862069039e+01 2.248457825983272933e-42
5.974257163536547787e-07 3.103448275862069039e+01 2.791101612014068575e-42
9.340172373646522676e-07 3.103448275862069039e+01 3.470715012778617211e-42
1.460245476239042244e-06 3.103448275862069039e+01 4.308196233651983560e-42
2.282952354169575739e-06 3.103448275862069039e+01 5.322310225833085851e-42
3.569174865606782901e-06 3.103448275862069039e+01 6.558898523610860691e-42
5.580059171192390368e-06 3.103448275862069039e+01 8.076317023841735706e-42
8.723881996942955131e-06 3.103448275862069039e+01 9.881006299528353420e-42
1.363894445591021312e-05 3.103448275862069039e+01 1.206802928295298136e-41
2.132316850876592016e-05 3.103448275862069039e+01 1.464906410844196150e-41
3.333670847645394986e-05 3.103448275862069039e+01 1.762154538982218732e-41
5.211871451408407345e-05 3.103448275862069039e+01 2.109719404145787752e-41
8.148256161879867084e-05 3.103448275862069039e+01 2.517655366861738318e-41
1.273900922127918576e-04 3.103448275862069039e+01 2.973262404433394423e-41
1.991620694241847593e-04 3.103448275862069039e+01 3.513611582020885056e-41
3.113706035400827066e-04 3.103448275862069039e+01 4.177184816025576648e-41
4.867977774544171641e-04 3.103448275862069039e+01 5.050300786853708726e-41
7.610611709658538296e-04 3.103448275862069039e+01 6.357984329023075832e-41
1.189845419962200354e-03 3.103448275862069039e+01 8.609031727860173965e-41
1.860208058714039403e-03 3.103448275862069039e+01 1.285963314836901952e-40
2.908255109150721662e-03 3.103448275862069039e+01 2.163119895715297128e-40
4.546775152532265760e-03 3.103448275862069039e+01 4.082809638884372788e-40
7.108442523710327247e-03 3.103448275862069039e+01 8.460688929063386522e-40
1.111336132044076462e-02 3.103448275862069039e+01 1.876927306043624804e-39
1.737466391923549874e-02 3.103448275862069039e+01 4.380437254824087244e-39
2.716360402600592402e-02 3.103448275862069039e+01 1.059827729162501170e-38
4.246766366886432775e-02 3.103448275862069039e+01 2.666248297516940053e-38
6.639407847961335818e-02 3.103448275862069039e+01 7.007561421432552189e-38
1.038007103835326822e-01 3.103448275862069039e+01 0.000000000000000000e+00
1.622823559398361148e-01 3.103448275862069039e+01 0.000000000000000000e+00
2.537127438923734712e-01 3.103448275862069039e+01 0.000000000000000000e+00
3.966552989732381462e-01 3.103448275862069039e+01 0.000000000000000000e+00
9.999999999999999547e-08 3.724137931034482563e+01 1.366988416182603877e-42
1.563403134142530628e-07 3.724137931034482563e+01 1.704605173003586817e-42
2.444229359846687273e-07 3.724137931034482563e+01 2.124583590754937540e-42
3.821315841747502258e-07 3.724137931034482563e+01 2.643512241867163026e-42
5.974257163536547787e-07 3.724137931034482563e+01 3.290868893669431710e-42
9.340172373646522676e-07 3.724137931034482563e+01 4.093547001872584453e-42
1.460245476239042244e-06 3.724137931034482563e+01 5.060013583351747617e-42
2.282952354169575739e-06 3.724137931034482563e+01 6.276731349517476751e-42
3.569174865606782901e-06 3.724137931034482563e+01 7.751379473212166230e-42
5.580059171192390368e-06 3.724137931034482563e+01 9.548089653073827933e-42
8.723881996942955131e-06 3.724137931034482563e+01 1.173283449177219534e-41
1.363894445591021312e-05 3.724137931034482563e+01 1.431888146915674165e-41
2.132316850876592016e-05 3.724137931034482563e+01 1.742044634602175115e-41
3.333670847645394986e-05 3.724137931034482563e+01 2.108668929198098824e-41
5.211871451408407345e-05 3.724137931034482563e+01 2.541421128173416889e-41
8.148256161879867084e-05 3.724137931034482563e+01 3.049627565021256053e-41
1.273900922127918576e-04 3.724137931034482563e+01 3.647008930730601613e-41
1.991620694241847593e-04 3.724137931034482563e+01 4.379678182289701490e-41
3.113706035400827066e-04 3.724137931034482563e+01 5.331708305056632535e-41
4.867977774544171641e-04 3.724137931034482563e+01 6.635631839134635025e-41
7.610611709658538296e-04 3.724137931034482563e+01 8.716235170894676399e-41
1.189845419962200354e-03 3.724137931034482563e+01 1.237329181140835374e-40
1.860208058714039403e-03 3.724137931034482563e+01 1.940110830816547774e-40
2.908255109150721662e-03 3.724137931034482563e+01 3.390110768252224559e-40
4.546775152532265760e-03 3.724137931034482563e+01 6.576127605863138841e-40
7.108442523710327247e-03 3.724137931034482563e+01 1.382589688660015117e-39
1.111336132044076462e-02 3.724137931034482563e+01 3.074538561632955431e-39
1.737466391923549874e-02 3.724137931034482563e+01 7.155786603342519423e-39
2.716360402600592402e-02 3.724137931034482563e+01 1.722173425637769372e-38
4.246766366886432775e-02 3.724137931034482563e+01 4.267942320015421315e-38
6.639407847961335818e-02 3.724137931034482563e+01 1.102536141339486886e-37
1.038007103835326822e-01 3.724137931034482563e+01 0.000000000000000000e+00
1.622823559398361148e-01 3.724137931034482563e+01 0.000000000000000000e+00
2.537127438923734712e-01 3.724137931034482563e+01 0.000000000000000000e+00
3.966552989732381462e-01 3.724137931034482563e+01 0.000000000000000000e+00
9.999999999999999547e-08 4.344827586206896797e+01 1.556512852963375847e-42
1.563403134142530628e-07 4.344827586206896797e+01 1.935031277934539104e-42
2.444229359846687273e-07 4.344827586206896797e+01 2.422048933261263810e-42
3.821315841747502258e-07 4.344827586206896797e+01 3.009516023800630984e-42
5.974257163536547787e-07 4.344827586206896797e+01 3.754380212021526746e-42
9.340172373646522676e-07 4.344827586206896797e+01 4.640843306277116308e-42
1.460245476239042244e-06 4.344827586206896797e+01 5.777050096413385891e-42
2.282952354169575739e-06 4.344827586206896797e+01 7.152803125081648310e-42
3.569174865606782901e-06 4.344827586206896797e+01 8.860503102384204689e-42
5.580059171192390368e-06 4.344827586206896797e+01 1.093269101032918956e-41
8.723881996942955131e-06 4.344827586206896797e+01 1.345640451439191518e-41
1.363894445591021312e-05 4.344827586206896797e+01 1.644293560025418468e-41
2.132316850876592016e-05 4.344827586206896797e+01 2.012125370643548607e-41
3.333670847645394986e-05 4.344827586206896797e+01 2.451813886481967419e-41
5.211871451408407345e-05 4.344827586206896797e+01 2.972930031981473301e-41
8.148256161879867084e-05 4.344827586206896797e+01 3.595635207806800638e-41
1.273900922127918576e-04 4.344827586206896797e+01 4.366888343859474038e-41
1.991620694241847593e-04 4.344827586206896797e+01 5.308638758537051417e-41
3.113706035400827066e-04 4.344827586206896797e+01 6.608862933569086949e-41
4.867977774544171641e-04 4.344827586206896797e+01 8.489362326273809945e-41
7.610611709658538296e-04 4.344827586206896797e+01 1.151568040410147214e-40
1.189845419962200354e-03 4.344827586206896797e+01 1.698539837697009198e-40
1.860208058714039403e-03 4.344827586206896797e+01 2.753616540719229674e-40
2.908255109150721662e-03 4.344827586206896797e+01 4.972105458254396800e-40
4.546775152532265760e-03 4.344827586206896797e+01 9.751872538054668480e-40
7.108442523710327247e-03 4.344827586206896797e+01 2.070403183726151628e-39
1.111336132044076462e-02 4.344827586206896797e+01 4.604334437899498951e-39
1.737466391923549874e-02 4.344827586206896797e+01 1.064931718744463615e-38
2.716360402600592402e-02 4.344827586206896797e+01 2.540107733654173646e-38
4.246766366886432775e-02 4.344827586206896797e+01 6.199516521013613467e-38
6.639407847961335818e-02 4.344827586206896797e+01 1.563333385769286610e-37
1.038007103835326822e-01 4.344827586206896797e+01 0.000000000000000000e+00
1.622823559398361148e-01 4.344827586206896797e+01 0.000000000000000000e+00
2.537127438923734712e-01 4.344827586206896797e+01 0.000000000000000000e+00
3.966552989732381462e-01 4.344827586206896797e+01 0.000000000000000000e+00
9.999999999999999547e-08 4.965517241379310320e+01 1.723238166207543066e-42
1.563403134142530628e-07 4.965517241379310320e+01 2.151983968735602976e-42
2.444229359846687273e-07 4.965517241379310320e+01 2.680869765337156389e-42
3.821315841747502258e-07 4.965517241379310320e+01 3.346679110911133825e-42
5.974257163536547787e-07 4.965517241379310320e+01 4.154350640228328324e-42
9.340172373646522676e-07 4.965517241379310320e+01 5.183184262902875884e-42
1.460245476239042244e-06 4.965517241379310320e+01 6.424735376178315583e-42
2.282952354169575739e-06 4.965517241379310320e+01 7.972180819274556338e-42
3.569174865606782901e-06 4.965517241379310320e+01 9.878942386918841138e-42
5.580059171192390368e-06 4.965517241379310320e+01 1.224337735810041025e-41
8.723881996942955131e-06 4.965517241379310320e+01 1.506298009731193426e-41
1.363894445591021312e-05 4.965517241379310320e+01 1.855552840945644959e-41
2.132316850876592016e-05 4.965517241379310320e+01 2.272879792764930662e-41
3.333670847645394986e-05 4.965517241379310320e+01 2.783305577257267453e-41
5.211871451408407345e-05 4.965517241379310320e+01 3.398962889399707974e-41
8.148256161879867084e-05 4.965517241379310320e+01 4.162053263643279356e-41
1.273900922127918576e-04 4.965517241379310320e+01 5.094473196758567880e-41
1.991620694241847593e-04 4.965517241379310320e+01 6.326593849034052123e-41
3.113706035400827066e-04 4.965517241379310320e+01 8.019344729203921124e-41
4.867977774544171641e-04 4.965517241379310320e+01 1.055016292798516699e-40
7.610611709658538296e-04 4.965517241379310320e+01 1.479720503843783986e-40
1.189845419962200354e-03 4.965517241379310320e+01 2.242270556844058031e-40
1.860208058714039403e-03 4.965517241379310320e+01 3.743740692108608287e-40
2.908255109150721662e-03 4.965517241379310320e+01 6.858303085430627433e-40
4.546775152532265760e-03 4.965517241379310320e+01 1.364897523291448660e-39
7.108442523710327247e-03 4.965517241379310320e+01 2.893337531682087811e-39
1.111336132044076462e-02 4.965517241379310320e+01 6.445065718272581337e-39
1.737466391923549874e-02 4.965517241379310320e+01 1.478648567901413325e-38
2.716360402600592402e-02 4.965517241379310320e+01 3.484006709524578850e-38
4.246766366886432775e-02 4.965517241379310320e+01 8.375455381494262686e-38
6.639407847961335818e-02 4.965517241379310320e+01 2.063634760546191719e-37
1.038007103835326822e-01 4.965517241379310320e+01 5.319567689852899778e-37
1.622823559398361148e-01 4.965517241379310320e+01 0.000000000000000000e+00
2.537127438923734712e-01 4.965517241379310320e+01 0.000000000000000000e+00
3.966552989732381462e-01 4.965517241379310320e+01 0.000000000000000000e+00
9.999999999999999547e-08 5.586206896551724554e+01 1.874920114944088358e-42
1.563403134142530628e-07 5.586206896551724554e+01 2.341679190830481848e-42
2.444229359846687273e-07 5.586206896551724554e+01 2.921161859364752657e-42
3.821315841747502258e-07 5.586206896551724554e+01 3.643296112515486492e-42
5.974257163536547787e-07 5.586206896551724554e+01 4.538213645838761299e-42
9.340172373646522676e-07 5.586206896551724554e+01 5.635789271649401537e-42
1.460245476239042244e-06 5.586206896551724554e+01 7.020079971517876652e-42
2.282952354169575739e-06 5.586206896551724554e+01 8.721047298677402553e-42
3.569174865606782901e-06 5.586206896551724554e+01 1.082793471831041049e-41
5.580059171192390368e-06 5.586206896551724554e+01 1.339345681754075058e-41
8.723881996942955131e-06 5.586206896551724554e+01 1.655085671262782012e-41
1.363894445591021312e-05 5.586206896551724554e+01 2.044457159235499653e-41
2.132316850876592016e-05 5.586206896551724554e+01 2.514145645553670390e-41
3.333670847645394986e-05 5.586206896551724554e+01 3.097898005944261860e-41
5.211871451408407345e-05 5.586206896551724554e+01 3.806462848312253272e-41
8.148256161879867084e-05 5.586206896551724554e+01 4.700757197127326855e-41
1.273900922127918576e-04 5.586206896551724554e+01 5.825347823718856654e-41
1.991620694241847593e-04 5.586206896551724554e+01 7.378265473376330720e-41
3.113706035400827066e-04 5.586206896551724554e+01 9.535800239087608906e-41
4.867977774544171641e-04 5.586206896551724554e+01 1.286926606582101311e-40
7.610611709658538296e-04 5.586206896551724554e+01 1.849952479024472730e-40
1.189845419962200354e-03 5.586206896551724554e+01 2.867565305088835871e-40
1.860208058714039403e-03 5.586206896551724554e+01 4.881802816942848220e-40
2.908255109150721662e-03 5.586206896551724554e+01 9.064189531273020393e-40
4.546775152532265760e-03 5.586206896551724554e+01 1.810269219432808302e-39
7.108442523710327247e-03 5.586206896551724554e+01 3.846704127733940260e-39
1.111336132044076462e-02 5.586206896551724554e+01 8.546210957633855920e-39
1.737466391923549874e-02 5.586206896551724554e+01 1.946827200017325739e-38
2.716360402600592402e-02 5.586206896551724554e+01 4.523911260298862105e-38
4.246766366886432775e-02 5.586206896551724554e+01 1.071834455330928433e-37
6.639407847961335818e-02 5.586206896551724554e+01 2.570701220418877444e-37
1.038007103835326822e-01 5.586206896551724554e+01 6.415156859767845348e-37
1.622823559398361148e-01 5.586206896551724554e+01 1.766481162485763180e-36
2.537127438923734712e-01 5.586206896551724554e+01 0.000000000000000000e+00
3.966552989732381462e-01 5.586206896551724554e+01 0.000000000000000000e+00
9.999999999999999547e-08 6.206896551724138078e+01 2.008379398569812780e-42
1.563403134142530628e-07 6.206896551724138078e+01 2.505312181425268866e-42
2.444229359846687273e-07 6.206896551724138078e+01 3.127957558849363938e-42
3.821315841747502258e-07 6.206896551724138078e+01 3.902671232679284926e-42
5.974257163536547787e-07 6.206896551724138078e+01 4.852681454560798102e-42
9.340172373646522676e-07 6.206896551724138078e+01 6.054192214428073521e-42
1.460245476239042244e-06 6.206896551724138078e+01 7.537121901852563800e-42
2.282952354169575739e-06 6.206896551724138078e+01 9.371106962300481689e-42
3.569174865606782901e-06 6.206896551724138078e+01 1.164434011916082059e-41
5.580059171192390368e-06 6.206896551724138078e+01 1.444143148990829479e-41
8.723881996942955131e-06 6.206896551724138078e+01 1.792702255744447150e-41
1.363894445591021312e-05 6.206896551724138078e+01 2.214218213586885000e-41
2.132316850876592016e-05 6.206896551724138078e+01 2.742594574171518129e-41
3.333670847645394986e-05 6.206896551724138078e+01 3.390476112432427114e-41
5.211871451408407345e-05 6.206896551724138078e+01 4.207554786128540627e-41
8.148256161879867084e-05 6.206896551724138078e+01 5.233067477963899891e-41
1.273900922127918576e-04 6.206896551724138078e+01 6.579545546702477764e-41
1.991620694241847593e-04 6.206896551724138078e+01 8.430356911361512472e-41
3.113706035400827066e-04 6.206896551724138078e+01 1.109283622907866208e-40
4.867977774544171641e-04 6.206896551724138078e+01 1.530896082573478331e-40
7.610611709658538296e-04 6.206896551724138078e+01 2.246091337489007985e-40
1.189845419962200354e-03 6.206896551724138078e+01 3.557156658788611911e-40
1.860208058714039403e-03 6.206896551724138078e+01 6.133439338758894178e-40
2.908255109150721662e-03 6.206896551724138078e+01 1.146655105416699692e-39
4.546775152532265760e-03 6.206896551724138078e+01 2.309493589285916769e-39
7.108442523710327247e-03 6.206896551724138078e+01 4.893608219590667236e-39
1.111336132044076462e-02 6.206896551724138078e+01 1.081912528375173996e-38
1.737466391923549874e-02 6.206896551724138078e+01 2.449500919591712512e-38
2.716360402600592402e-02 6.206896551724138078e+01 5.624980698988657340e-38
4.246766366886432775e-02 6.206896551724138078e+01 1.307086503867497402e-37
6.639407847961335818e-02 6.206896551724138078e+01 3.053013165423943534e-37
1.038007103835326822e-01 6.206896551724138078e+01 7.398822094828800861e-37
1.622823559398361148e-01 6.206896551724138078e+01 1.977256712400810481e-36
2.537127438923734712e-01 6.206896551724138078e+01 2.390061774664216434e-35
3.966552989732381462e-01 6.206896551724138078e+01 0.000000000000000000e+00
9.999999999999999547e-08 6.827586206896552312e+01 2.109984711352275303e-42
1.563403134142530628e-07 6.827586206896552312e+01 2.635026537040399573e-42
2.444229359846687273e-07 6.827586206896552312e+01 3.293152988578033472e-42
3.821315841747502258e-07 6.827586206896552312e+01 4.099245229400700915e-42
5.974257163536547787e-07 6.827586206896552312e+01 5.129004309060668856e-42
9.340172373646522676e-07 6.827586206896552312e+01 6.384221389652527656e-42
1.460245476239042244e-06 6.827586206896552312e+01 7.955449507198193707e-42
2.282952354169575739e-06 6.827586206896552312e+01 9.936336265774898087e-42
3.569174865606782901e-06 6.827586206896552312e+01 1.235425176980713194e-41
5.580059171192390368e-06 6.827586206896552312e+01 1.532225742664225432e-41
8.723881996942955131e-06 6.827586206896552312e+01 1.908637949210891612e-41
1.363894445591021312e-05 6.827586206896552312e+01 2.367705513840382870e-41
2.132316850876592016e-05 6.827586206896552312e+01 2.949862770103499559e-41
3.333670847645394986e-05 6.827586206896552312e+01 3.672480959016003563e-41
5.211871451408407345e-05 6.827586206896552312e+01 4.587231485327296424e-41
8.148256161879867084e-05 6.827586206896552312e+01 5.750505621401953030e-41
1.273900922127918576e-04 6.827586206896552312e+01 7.320519582243592472e-41
1.991620694241847593e-04 6.827586206896552312e+01 9.505602974499409827e-41
3.113706035400827066e-04 6.827586206896552312e+01 1.268806907689923145e-40
4.867977774544171641e-04 6.827586206896552312e+01 1.787416509563221973e-40
7.610611709658538296e-04 6.827586206896552312e+01 2.668315468011909999e-40
1.189845419962200354e-03 6.827586206896552312e+01 4.292275650730361236e-40
1.860208058714039403e-03 6.827586206896552312e+01 7.479351966837820268e-40
2.908255109150721662e-03 6.827586206896552312e+01 1.407814344053549575e-39
4.546775152532265760e-03 6.827586206896552312e+01 2.840305671117838924e-39
7.108442523710327247e-03 6.827586206896552312e+01 6.008088572526327251e-39
1.111336132044076462e-02 6.827586206896552312e+01 1.317661827495505341e-38
1.737466391923549874e-02 6.827586206896552312e+01 2.962613494215238228e-38
2.716360402600592402e-02 6.827586206896552312e+01 6.713042508093273333e-38
4.246766366886432775e-02 6.827586206896552312e+01 1.526864171987664855e-37
6.639407847961335818e-02 6.827586206896552312e+01 3.492659708997376183e-37
1.038007103835326822e-01 6.827586206896552312e+01 8.221690308815374461e-37
1.622823559398361148e-01 6.827586206896552312e+01 2.163892823022965160e-36
2.537127438923734712e-01 6.827586206896552312e+01 3.081130834959122703e-35
3.966552989732381462e-01 6.827586206896552312e+01 0.000000000000000000e+00
9.999999999999999547e-08 7.448275862068965125e+01 2.189182837092102843e-42
1.563403134142530628e-07 7.448275862068965125e+01 2.743940069785931095e-42
2.444229359846687273e-07 7.448275862068965125e+01 3.424694588541959402e-42
3.821315841747502258e-07 7.448275862068965125e+01 4.272625667283285770e-42
5.974257163536547787e-07 7.448275862068965125e+01 5.327377015614850758e-42
9.340172373646522676e-07 7.448275862068965125e+01 6.656700528774968780e-42
1.460245476239042244e-06 7.448275862068965125e+01 8.295713243804112292e-42
2.282952354169575739e-06 7.448275862068965125e+01 1.036262788148562820e-41
3.569174865606782901e-06 7.448275862068965125e+01 1.291437596158693885e-41
5.580059171192390368e-06 7.448275862068965125e+01 1.610942389467480754e-41
8.723881996942955131e-06 7.448275862068965125e+01 2.002237341537155975e-41
1.363894445591021312e-05 7.448275862068965125e+01 2.500655083026013244e-41
2.132316850876592016e-05 7.448275862068965125e+01 3.130786903853116558e-41
3.333670847645394986e-05 7.448275862068965125e+01 3.913550834621203917e-41
5.211871451408407345e-05 7.448275862068965125e+01 4.910676225292837056e-41
8.148256161879867084e-05 7.448275862068965125e+01 6.230706098903064187e-41
1.273900922127918576e-04 7.448275862068965125e+01 8.040396808921668819e-41
1.991620694241847593e-04 7.448275862068965125e+01 1.057032928039574891e-40
3.113706035400827066e-04 7.448275862068965125e+01 1.431743202007111437e-40
4.867977774544171641e-04 7.448275862068965125e+01 2.040345927984949678e-40
7.610611709658538296e-04 7.448275862068965125e+01 3.092609250258172273e-40
1.189845419962200354e-03 7.448275862068965125e+01 5.040617927601653965e-40
1.860208058714039403e-03 7.448275862068965125e+01 8.855966324402931006e-40
2.908255109150721662e-03 7.448275862068965125e+01 1.673822445457991541e-39
4.546775152532265760e-03 7.448275862068965125e+01 3.372976334982744140e-39
7.108442523710327247e-03 7.448275862068965125e+01 7.136801086545751027e-39
1.111336132044076462e-02 7.448275862068965125e+01 1.555874886098461123e-38
1.737466391923549874e-02 7.448275862068965125e+01 3.468497044031164394e-38
2.716360402600592402e-02 7.448275862068965125e+01 7.753943980742616908e-38
4.246766366886432775e-02 7.448275862068965125e+01 1.730871733422848859e-37
6.639407847961335818e-02 7.448275862068965125e+01 3.872364092294543237e-37
1.038007103835326822e-01 7.448275862068965125e+01 8.886971278880071406e-37
1.622823559398361148e-01 7.448275862068965125e+01 2.331621889586622056e-36
2.537127438923734712e-01 7.448275862068965125e+01 3.536423169673089975e-35
3.966552989732381462e-01 7.448275862068965125e+01 0.000000000000000000e+00
9.999999999999999547e-08 8.068965517241380780e+01 2.241897643843753523e-42
1.563403134142530628e-07 8.068965517241380780e+01 2.814259334285015225e-42
2.444229359846687273e-07 8.068965517241380780e+01 3.513049233645538714e-42
3.821315841747502258e-07 8.068965517241380780e+01 4.384633449947335383e-42
5.974257163536547787e-07 8.068965517241380780e+01 5.485503842357566821e-42
9.340172373646522676e-07 8.068965517241380780e+01 6.839873799651599302e-42
1.460245476239042244e-06 8.068965517241380780e+01 8.570227825887288691e-42
2.282952354169575739e-06 8.068965517241380780e+01 1.067160811216758373e-41
3.569174865606782901e-06 8.068965517241380780e+01 1.332831552050563233e-41
5.580059171192390368e-06 8.068965517241380780e+01 1.664760851495133941e-41
8.723881996942955131e-06 8.068965517241380780e+01 2.082238462824666142e-41
1.363894445591021312e-05 8.068965517241380780e+01 2.608946810371818333e-41
2.132316850876592016e-05 8.068965517241380780e+01 3.272310913622725332e-41
3.333670847645394986e-05 8.068965517241380780e+01 4.121562230583358988e-41
5.211871451408407345e-05 8.068965517241380780e+01 5.202880164922731991e-41
8.148256161879867084e-05 8.068965517241380780e+01 6.663879788966518044e-41
1.273900922127918576e-04 8.068965517241380780e+01 8.643691016612674696e-41
1.991620694241847593e-04 8.068965517241380780e+01 1.152001289696353239e-40
3.113706035400827066e-04 8.068965517241380780e+01 1.585246630088971649e-40
4.867977774544171641e-04 8.068965517241380780e+01 2.285568423580832178e-40
7.610611709658538296e-04 8.068965517241380780e+01 3.511601003134029964e-40
1.189845419962200354e-03 8.068965517241380780e+01 5.768146613007752939e-40
1.860208058714039403e-03 8.068965517241380780e+01 1.021918741712800154e-39
2.908255109150721662e-03 8.068965517241380780e+01 1.935501855732897929e-39
4.546775152532265760e-03 8.068965517241380780e+01 3.897367788394681172e-39
7.108442523710327247e-03 8.068965517241380780e+01 8.215967249207051851e-39
1.111336132044076462e-02 8.068965517241380780e+01 1.782566182445576973e-38
1.737466391923549874e-02 8.068965517241380780e+01 3.939546330505650102e-38
2.716360402600592402e-02 8.068965517241380780e+01 8.682673730329349706e-38
4.246766366886432775e-02 8.068965517241380780e+01 1.905801113393252139e-37
6.639407847961335818e-02 8.068965517241380780e+01 4.173476493036723672e-37
1.038007103835326822e-01 8.068965517241380780e+01 9.341776826209916519e-37
1.622823559398361148e-01 8.068965517241380780e+01 2.541625094787100489e-36
2.537127438923734712e-01 8.068965517241380780e+01 3.611141201639020894e-35
3.966552989732381462e-01 8.068965517241380780e+01 0.000000000000000000e+00
9.999999999999999547e-08 8.689655172413793593e+01 2.275791158401793107e-42
1.563403134142530628e-07 8.689655172413793593e+01 2.851504268372062023e-42
2.444229359846687273e-07 8.689655172413793593e+01 3.557856833535088340e-42
3.821315841747502258e-07 8.689655172413793593e+01 4.457906671969333191e-42
5.974257163536547787e-07 8.689655172413793593e+01 5.567265196270871280e-42
9.340172373646522676e-07 8.689655172413793593e+01 6.979567511510465507e-42
1.460245476239042244e-06 8.689655172413793593e+01 8.710076597116195207e-42
2.282952354169575739e-06 8.689655172413793593e+01 1.090449339138793011e-41
3.569174865606782901e-06 8.689655172413793593e+01 1.362632099604275663e-41
5.580059171192390368e-06 8.689655172413793593e+01 1.708809742013458596e-41
8.723881996942955131e-06 8.689655172413793593e+01 2.137831281417625800e-41
1.363894445591021312e-05 8.689655172413793593e+01 2.682227121648640153e-41
2.132316850876592016e-05 8.689655172413793593e+01 3.377135742403722595e-41
3.333670847645394986e-05 8.689655172413793593e+01 4.287235777247043200e-41
5.211871451408407345e-05 8.689655172413793593e+01 5.447575287944694404e-41
8.148256161879867084e-05 8.689655172413793593e+01 7.025008422962209960e-41
1.273900922127918576e-04 8.689655172413793593e+01 9.206864735258102060e-41
1.991620694241847593e-04 8.689655172413793593e+01 1.240004121490112663e-40
3.113706035400827066e-04 8.689655172413793593e+01 1.727361019212702220e-40
4.867977774544171641e-04 8.689655172413793593e+01 2.512795480610604430e-40
7.610611709658538296e-04 8.689655172413793593e+01 3.902576760840742652e-40
1.189845419962200354e-03 8.689655172413793593e+01 6.463752216838406083e-40
1.860208058714039403e-03 8.689655172413793593e+01 1.148630406438526391e-39
2.908255109150721662e-03 8.689655172413793593e+01 2.190157623268652003e-39
4.546775152532265760e-03 8.689655172413793593e+01 4.401708247299068075e-39
7.108442523710327247e-03 8.689655172413793593e+01 9.243075151634128873e-39
1.111336132044076462e-02 8.689655172413793593e+01 2.000781830563560991e-38
1.737466391923549874e-02 8.689655172413793593e+01 4.359713431508005768e-38
2.716360402600592402e-02 8.689655172413793593e+01 9.490204110429872310e-38
4.246766366886432775e-02 8.689655172413793593e+01 2.048336530095072864e-37
6.639407847961335818e-02 8.689655172413793593e+01 4.392122735049027875e-37
1.038007103835326822e-01 8.689655172413793593e+01 9.606600510331659831e-37
1.622823559398361148e-01 8.689655172413793593e+01 2.788928306546598109e-36
2.537127438923734712e-01 8.689655172413793593e+01 3.361864350072277789e-35
3.966552989732381462e-01 8.689655172413793593e+01 0.000000000000000000e+00
9.999999999999999547e-08 9.310344827586206407e+01 2.284793829892257462e-42
1.563403134142530628e-07 9.310344827586206407e+01 2.853299958141224517e-42
2.444229359846687273e-07 9.310344827586206407e+01 3.572648889138252178e-42
3.821315841747502258e-07 9.310344827586206407e+01 4.472334927062910526e-42
5.974257163536547787e-07 9.310344827586206407e+01 5.578208163493662765e-42
9.340172373646522676e-07 9.310344827586206407e+01 7.002814059682154014e-42
1.460245476239042244e-06 9.310344827586206407e+01 8.762166495318920105e-42
2.282952354169575739e-06 9.310344827586206407e+01 1.094225449979922632e-41
3.569174865606782901e-06 9.310344827586206407e+01 1.373481531822441860e-41
5.580059171192390368e-06 9.310344827586206407e+01 1.727415142157907911e-41
8.723881996942955131e-06 9.310344827586206407e+01 2.167965566636304170e-41
1.363894445591021312e-05 9.310344827586206407e+01 2.733637110669300681e-41
2.132316850876592016e-05 9.310344827586206407e+01 3.463605292894750010e-41
3.333670847645394986e-05 9.310344827586206407e+01 4.388354350145677699e-41
5.211871451408407345e-05 9.310344827586206407e+01 5.631940897218754794e-41
8.148256161879867084e-05 9.310344827586206407e+01 7.334090706944421031e-41
1.273900922127918576e-04 9.310344827586206407e+01 9.681168979793243734e-41
1.991620694241847593e-04 9.310344827586206407e+01 1.313860091840088690e-40
3.113706035400827066e-04 9.310344827586206407e+01 1.847965210386429992e-40
4.867977774544171641e-04 9.310344827586206407e+01 2.717908467100864835e-40
7.610611709658538296e-04 9.310344827586206407e+01 4.261873247899109017e-40
1.189845419962200354e-03 9.310344827586206407e+01 7.084846580452853411e-40
1.860208058714039403e-03 9.310344827586206407e+01 1.265831516202894198e-39
2.908255109150721662e-03 9.310344827586206407e+01 2.403476718330114872e-39
4.546775152532265760e-03 9.310344827586206407e+01 4.842663306312566364e-39
7.108442523710327247e-03 9.310344827586206407e+01 1.014879053330935198e-38
1.111336132044076462e-02 9.310344827586206407e+01 2.178252435631345384e-38
1.737466391923549874e-02 9.310344827586206407e+01 4.711411489830623118e-38
2.716360402600592402e-02 9.310344827586206407e+01 1.012159856436040458e-37
4.246766366886432775e-02 9.310344827586206407e+01 2.153125961269247557e-37
6.639407847961335818e-02 9.310344827586206407e+01 4.529353815787222007e-37
1.038007103835326822e-01 9.310344827586206407e+01 9.709686678755876318e-37
1.622823559398361148e-01 9.310344827586206407e+01 3.093272423971980270e-36
2.537127438923734712e-01 9.310344827586206407e+01 2.925879315914347760e-35
3.966552989732381462e-01 9.310344827586206407e+01 0.000000000000000000e+00
9.999999999999999547e-08 9.931034482758620641e+01 2.255166689897668262e-42
1.563403134142530628e-07 9.931034482758620641e+01 2.826321739208210515e-42
2.444229359846687273e-07 9.931034482758620641e+01 3.541563765044276030e-42
3.821315841747502258e-07 9.931034482758620641e+01 4.427301543801409116e-42
5.974257163536547787e-07 9.931034482758620641e+01 5.557788981873259047e-42
9.340172373646522676e-07 9.931034482758620641e+01 6.950274264742852163e-42
1.460245476239042244e-06 9.931034482758620641e+01 8.689533607093596119e-42
2.282952354169575739e-06 9.931034482758620641e+01 1.091516352985119369e-41
3.569174865606782901e-06 9.931034482758620641e+01 1.372929159895121487e-41
5.580059171192390368e-06 9.931034482758620641e+01 1.722533160462670239e-41
8.723881996942955131e-06 9.931034482758620641e+01 2.170910736943563808e-41
1.363894445591021312e-05 9.931034482758620641e+01 2.744559281398138773e-41
2.132316850876592016e-05 9.931034482758620641e+01 3.481649267016014613e-41
3.333670847645394986e-05 9.931034482758620641e+01 4.447147678733037189e-41
5.211871451408407345e-05 9.931034482758620641e+01 5.747503180930995422e-41
8.148256161879867084e-05 9.931034482758620641e+01 7.515578827702656987e-41
1.273900922127918576e-04 9.931034482758620641e+01 1.003182140738972484e-40
1.991620694241847593e-04 9.931034482758620641e+01 1.372559062069061242e-40
3.113706035400827066e-04 9.931034482758620641e+01 1.943453802618397836e-40
4.867977774544171641e-04 9.931034482758620641e+01 2.886797119958497261e-40
7.610611709658538296e-04 9.931034482758620641e+01 4.537858653896655876e-40
1.189845419962200354e-03 9.931034482758620641e+01 7.604268126967083345e-40
1.860208058714039403e-03 9.931034482758620641e+01 1.362435128382846127e-39
2.908255109150721662e-03 9.931034482758620641e+01 2.598775169101224292e-39
4.546775152532265760e-03 9.931034482758620641e+01 5.220733118205647346e-39
7.108442523710327247e-03 9.931034482758620641e+01 1.089681803291456801e-38
1.111336132044076462e-02 9.931034482758620641e+01 2.327544500154934970e-38
1.737466391923549874e-02 9.931034482758620641e+01 4.983948818443853381e-38
2.716360402600592402e-02 9.931034482758620641e+01 1.058208740518859195e-37
4.246766366886432775e-02 9.931034482758620641e+01 2.209563956794361899e-37
6.639407847961335818e-02 9.931034482758620641e+01 4.584033059836342523e-37
1.038007103835326822e-01 9.931034482758620641e+01 9.682298883867751441e-37
1.622823559398361148e-01 9.931034482758620641e+01 3.463465639458547762e-36
2.537127438923734712e-01 9.931034482758620641e+01 2.431919043842078470e-35
3.966552989732381462e-01 9.931034482758620641e+01 0.000000000000000000e+00
9.999999999999999547e-08 1.055172413793103630e+02 2.212232138066611786e-42
1.563403134142530628e-07 1.055172413793103630e+02 2.765443253097556541e-42
2.444229359846687273e-07 1.055172413793103630e+02 3.451513055841192654e-42
3.821315841747502258e-07 1.055172413793103630e+02 4.331046623555218129e-42
5.974257163536547787e-07 1.055172413793103630e+02 5.436600449199897377e-42
9.340172373646522676e-07 1.055172413793103630e+02 6.805507125559379086e-42
1.460245476239042244e-06 1.055172413793103630e+02 8.552005965859344129e-42
2.282952354169575739e-06 1.055172413793103630e+02 1.073088429171689719e-41
3.569174865606782901e-06 1.055172413793103630e+02 1.345312659766888655e-41
5.580059171192390368e-06 1.055172413793103630e+02 1.700239731497773662e-41
8.723881996942955131e-06 1.055172413793103630e+02 2.150757650385083680e-41
1.363894445591021312e-05 1.055172413793103630e+02 2.723976441102565292e-41
2.132316850876592016e-05 1.055172413793103630e+02 3.467929939811238666e-41
3.333670847645394986e-05 1.055172413793103630e+02 4.457863726132182984e-41
5.211871451408407345e-05 1.055172413793103630e+02 5.779430892187179829e-41
8.148256161879867084e-05 1.055172413793103630e+02 7.599699982280752728e-41
1.273900922127918576e-04 1.055172413793103630e+02 1.024695676932740000e-40
1.991620694241847593e-04 1.055172413793103630e+02 1.405556012705925654e-40
3.113706035400827066e-04 1.055172413793103630e+02 2.015134621359068855e-40
4.867977774544171641e-04 1.055172413793103630e+02 3.010649000820659043e-40
7.610611709658538296e-04 1.055172413793103630e+02 4.764034927086407042e-40
1.189845419962200354e-03 1.055172413793103630e+02 8.025947319819664296e-40
1.860208058714039403e-03 1.055172413793103630e+02 1.440042280881802555e-39
2.908255109150721662e-03 1.055172413793103630e+02 2.746090254707817971e-39
4.546775152532265760e-03 1.055172413793103630e+02 5.501237928646358325e-39
7.108442523710327247e-03 1.055172413793103630e+02 1.143024567416836699e-38
1.111336132044076462e-02 1.055172413793103630e+02 2.430390697097973789e-38
1.737466391923549874e-02 1.055172413793103630e+02 5.165033326943949207e-38
2.716360402600592402e-02 1.055172413793103630e+02 1.084701790014707857e-37
4.246766366886432775e-02 1.055172413793103630e+02 2.228901322338355790e-37
6.639407847961335818e-02 1.055172413793103630e+02 4.550982869911191310e-37
1.038007103835326822e-01 1.055172413793103630e+02 9.461174013957566724e-37
1.622823559398361148e-01 1.055172413793103630e+02 3.874582987982155777e-36
2.537127438923734712e-01 1.055172413793103630e+02 1.975122372860651724e-35
3.966552989732381462e-01 1.055172413793103630e+02 0.000000000000000000e+00
9.999999999999999547e-08 1.117241379310344911e+02 2.134505907715527511e-42
1.563403134142530628e-07 1.117241379310344911e+02 2.670092270746518127e-42
2.444229359846687273e-07 1.117241379310344911e+02 3.340370618672702289e-42
3.821315841747502258e-07 1.117241379310344911e+02 4.183794864562449059e-42
5.974257163536547787e-07 1.117241379310344911e+02 5.254901308345385093e-42
9.340172373646522676e-07 1.117241379310344911e+02 6.591417515052034383e-42
1.460245476239042244e-06 1.117241379310344911e+02 8.300979748425223637e-42
2.282952354169575739e-06 1.117241379310344911e+02 1.039297896934435506e-41
3.569174865606782901e-06 1.117241379310344911e+02 1.314209235310756704e-41
5.580059171192390368e-06 1.117241379310344911e+02 1.655337942871979127e-41
8.723881996942955131e-06 1.117241379310344911e+02 2.095686405639014672e-41
1.363894445591021312e-05 1.117241379310344911e+02 2.669149546886690505e-41
2.132316850876592016e-05 1.117241379310344911e+02 3.408543496938217236e-41
3.333670847645394986e-05 1.117241379310344911e+02 4.398599281500779288e-41
5.211871451408407345e-05 1.117241379310344911e+02 5.739879559048040152e-41
8.148256161879867084e-05 1.117241379310344911e+02 7.598347678264015187e-41
1.273900922127918576e-04 1.117241379310344911e+02 1.026536536020694765e-40
1.991620694241847593e-04 1.117241379310344911e+02 1.423380763555790564e-40
3.113706035400827066e-04 1.117241379310344911e+02 2.044986324074337764e-40
4.867977774544171641e-04 1.117241379310344911e+02 3.083043175944750883e-40
7.610611709658538296e-04 1.117241379310344911e+02 4.905201124905271991e-40
1.189845419962200354e-03 1.117241379310344911e+02 8.283138923563570236e-40
1.860208058714039403e-03 1.117241379310344911e+02 1.485297417581860639e-39
2.908255109150721662e-03 1.117241379310344911e+02 2.833194543817584886e-39
4.546775152532265760e-03 1.117241379310344911e+02 5.658318449038997593e-39
7.108442523710327247e-03 1.117241379310344911e+02 1.174961594379846643e-38
1.111336132044076462e-02 1.117241379310344911e+02 2.474651123701182950e-38
1.737466391923549874e-02 1.117241379310344911e+02 5.226639175748030021e-38
2.716360402600592402e-02 1.117241379310344911e+02 1.086469127411968330e-37
4.246766366886432775e-02 1.117241379310344911e+02 2.212679591735969238e-37
6.639407847961335818e-02 1.117241379310344911e+02 4.428651208314124256e-37
1.038007103835326822e-01 1.117241379310344911e+02 9.119887440076912796e-37
1.622823559398361148e-01 1.117241379310344911e+02 4.304833997766387974e-36
2.537127438923734712e-01 1.117241379310344911e+02 1.581901895413411043e-35
3.966552989732381462e-01 1.117241379310344911e+02 0.000000000000000000e+00
9.999999999999999547e-08 1.179310344827586192e+02 2.030624163420754036e-42
1.563403134142530628e-07 1.179310344827586192e+02 2.541353887234434530e-42
2.444229359846687273e-07 1.179310344827586192e+02 3.183213756854294552e-42
3.821315841747502258e-07 1.179310344827586192e+02 4.002212524219734572e-42
5.974257163536547787e-07 1.179310344827586192e+02 5.008841461671860789e-42
9.340172373646522676e-07 1.179310344827586192e+02 6.306564442665866852e-42
1.460245476239042244e-06 1.179310344827586192e+02 7.925906269314356510e-42
2.282952354169575739e-06 1.179310344827586192e+02 9.983507962011976139e-42
3.569174865606782901e-06 1.179310344827586192e+02 1.257934047765443059e-41
5.580059171192390368e-06 1.179310344827586192e+02 1.593575284164289667e-41
8.723881996942955131e-06 1.179310344827586192e+02 2.022969466442097839e-41
1.363894445591021312e-05 1.179310344827586192e+02 2.576108365540286030e-41
2.132316850876592016e-05 1.179310344827586192e+02 3.307477416931373744e-41
3.333670847645394986e-05 1.179310344827586192e+02 4.276802863268453208e-41
5.211871451408407345e-05 1.179310344827586192e+02 5.609800928862911203e-41
8.148256161879867084e-05 1.179310344827586192e+02 7.463425043516824426e-41
1.273900922127918576e-04 1.179310344827586192e+02 1.013209314568927452e-40
1.991620694241847593e-04 1.179310344827586192e+02 1.411735987692265225e-40
3.113706035400827066e-04 1.179310344827586192e+02 2.045493662131716026e-40
4.867977774544171641e-04 1.179310344827586192e+02 3.094177028323681344e-40
7.610611709658538296e-04 1.179310344827586192e+02 4.938474236578817503e-40
1.189845419962200354e-03 1.179310344827586192e+02 8.366903662903483125e-40
1.860208058714039403e-03 1.179310344827586192e+02 1.506816746311318901e-39
2.908255109150721662e-03 1.179310344827586192e+02 2.869538895877871358e-39
4.546775152532265760e-03 1.179310344827586192e+02 5.723374405449906151e-39
7.108442523710327247e-03 1.179310344827586192e+02 1.181353763782429891e-38
1.111336132044076462e-02 1.179310344827586192e+02 2.478715115519589831e-38
1.737466391923549874e-02 1.179310344827586192e+02 5.190931343951077329e-38
2.716360402600592402e-02 1.179310344827586192e+02 1.069388692429382161e-37
4.246766366886432775e-02 1.179310344827586192e+02 2.152742029884686843e-37
6.639407847961335818e-02 1.179310344827586192e+02 4.238745103124707822e-37
1.038007103835326822e-01 1.179310344827586192e+02 8.683062682687909243e-37
1.622823559398361148e-01 1.179310344827586192e+02 4.706297874310050611e-36
2.537127438923734712e-01 1.179310344827586192e+02 1.252297799111556640e-35
3.966552989732381462e-01 1.179310344827586192e+02 0.000000000000000000e+00
9.999999999999999547e-08 1.241379310344827616e+02 1.906090509744389457e-42
1.563403134142530628e-07 1.241379310344827616e+02 2.389291852128111606e-42
2.444229359846687273e-07 1.241379310344827616e+02 2.990149624990255899e-42
3.821315841747502258e-07 1.241379310344827616e+02 3.753301335584195462e-42
5.974257163536547787e-07 1.241379310344827616e+02 4.705759149635735744e-42
9.340172373646522676e-07 1.241379310344827616e+02 5.924657609955134632e-42
1.460245476239042244e-06 1.241379310344827616e+02 7.451955682677207411e-42
2.282952354169575739e-06 1.241379310344827616e+02 9.396435857528257029e-42
3.569174865606782901e-06 1.241379310344827616e+02 1.186717945879650109e-41
5.580059171192390368e-06 1.241379310344827616e+02 1.502593299305957748e-41
8.723881996942955131e-06 1.241379310344827616e+02 1.912820745834094310e-41
1.363894445591021312e-05 1.241379310344827616e+02 2.446153746410550569e-41
2.132316850876592016e-05 1.241379310344827616e+02 3.148934072468667129e-41
3.333670847645394986e-05 1.241379310344827616e+02 4.087380654013868986e-41
5.211871451408407345e-05 1.241379310344827616e+02 5.370154466834551084e-41
8.148256161879867084e-05 1.241379310344827616e+02 7.194891195300613935e-41
1.273900922127918576e-04 1.241379310344827616e+02 9.769218029309914715e-41
1.991620694241847593e-04 1.241379310344827616e+02 1.376474434105445993e-40
3.113706035400827066e-04 1.241379310344827616e+02 2.000003959944777868e-40
4.867977774544171641e-04 1.241379310344827616e+02 3.035916467464799689e-40
7.610611709658538296e-04 1.241379310344827616e+02 4.868722664143484907e-40
1.189845419962200354e-03 1.241379310344827616e+02 8.281762779272756567e-40
1.860208058714039403e-03 1.241379310344827616e+02 1.485297312093114546e-39
2.908255109150721662e-03 1.241379310344827616e+02 2.838007129066268765e-39
4.546775152532265760e-03 1.241379310344827616e+02 5.644862742869815624e-39
7.108442523710327247e-03 1.241379310344827616e+02 1.164602367350846702e-38
1.111336132044076462e-02 1.241379310344827616e+02 2.429742131908511890e-38
1.737466391923549874e-02 1.241379310344827616e+02 5.049157392046087958e-38
2.716360402600592402e-02 1.241379310344827616e+02 1.030845663477598731e-37
4.246766366886432775e-02 1.241379310344827616e+02 2.047907120010514329e-37
6.639407847961335818e-02 1.241379310344827616e+02 3.993517300984810555e-37
1.038007103835326822e-01 1.241379310344827616e+02 8.165371878370131339e-37
1.622823559398361148e-01 1.241379310344827616e+02 4.942940237417954551e-36
2.537127438923734712e-01 1.241379310344827616e+02 9.831879871695698948e-36
3.966552989732381462e-01 1.241379310344827616e+02 0.000000000000000000e+00
9.999999999999999547e-08 1.303448275862068897e+02 1.757673196371787590e-42
1.563403134142530628e-07 1.303448275862068897e+02 2.203989445725727381e-42
2.444229359846687273e-07 1.303448275862068897e+02 2.760003298717614271e-42
3.821315841747502258e-07 1.303448275862068897e+02 3.464701876608729910e-42
5.974257163536547787e-07 1.303448275862068897e+02 4.344884737773376338e-42
9.340172373646522676e-07 1.303448275862068897e+02 5.479305687569465830e-42
1.460245476239042244e-06 1.303448275862068897e+02 6.880164161231335669e-42
2.282952354169575739e-06 1.303448275862068897e+02 8.684401527428578626e-42
3.569174865606782901e-06 1.303448275862068897e+02 1.099092628355155315e-41
5.580059171192390368e-06 1.303448275862068897e+02 1.395681696785526567e-41
8.723881996942955131e-06 1.303448275862068897e+02 1.780286409055336410e-41
1.363894445591021312e-05 1.303448275862068897e+02 2.284580989389303068e-41
2.132316850876592016e-05 1.303448275862068897e+02 2.943141078615211190e-41
3.333670847645394986e-05 1.303448275862068897e+02 3.839124080135909247e-41
5.211871451408407345e-05 1.303448275862068897e+02 5.064108210435438158e-41
8.148256161879867084e-05 1.303448275862068897e+02 6.783992467515769618e-41
1.273900922127918576e-04 1.303448275862068897e+02 9.282608976174872219e-41
1.991620694241847593e-04 1.303448275862068897e+02 1.312471667715148844e-40
3.113706035400827066e-04 1.303448275862068897e+02 1.917107106725778508e-40
4.867977774544171641e-04 1.303448275862068897e+02 2.917505381021332105e-40
7.610611709658538296e-04 1.303448275862068897e+02 4.678942474563900422e-40
1.189845419962200354e-03 1.303448275862068897e+02 7.978124062056630040e-40
1.860208058714039403e-03 1.303448275862068897e+02 1.435512156552804726e-39
2.908255109150721662e-03 1.303448275862068897e+02 2.739738367665812308e-39
4.546775152532265760e-03 1.303448275862068897e+02 5.436321418381017835e-39
7.108442523710327247e-03 1.303448275862068897e+02 1.117057729968267547e-38
1.111336132044076462e-02 1.303448275862068897e+02 2.322669290401335419e-38
1.737466391923549874e-02 1.303448275862068897e+02 4.797750213647345913e-38
2.716360402600592402e-02 1.303448275862068897e+02 9.710058732645283346e-38
4.246766366886432775e-02 1.303448275862068897e+02 1.913356668431343571e-37
6.639407847961335818e-02 1.303448275862068897e+02 3.702195037615366949e-37
1.038007103835326822e-01 1.303448275862068897e+02 7.551479319861507847e-37
1.622823559398361148e-01 1.303448275862068897e+02 5.087924920956535635e-36
2.537127438923734712e-01 1.303448275862068897e+02 7.553852509265810025e-36
3.966552989732381462e-01 1.303448275862068897e+02 0.000000000000000000e+00
9.999999999999999547e-08 1.365517241379310462e+02 1.583625322808405391e-42
1.563403134142530628e-07 1.365517241379310462e+02 1.987137545229881818e-42
2.444229359846687273e-07 1.365517241379310462e+02 2.492686502622991832e-42
3.821315841747502258e-07 1.365517241379310462e+02 3.136034183264936347e-42
5.974257163536547787e-07 1.365517241379310462e+02 3.941239831478492099e-42
9.340172373646522676e-07 1.365517241379310462e+02 4.962031855968312059e-42
1.460245476239042244e-06 1.365517241379310462e+02 6.238691436017009215e-42
2.282952354169575739e-06 1.365517241379310462e+02 7.884305605229475014e-42
3.569174865606782901e-06 1.365517241379310462e+02 9.984664888966329642e-42
5.580059171192390368e-06 1.365517241379310462e+02 1.269767878537982432e-41
8.723881996942955131e-06 1.365517241379310462e+02 1.619471323711723145e-41
1.363894445591021312e-05 1.365517241379310462e+02 2.083303743308143168e-41
2.132316850876592016e-05 1.365517241379310462e+02 2.696309230614862081e-41
3.333670847645394986e-05 1.365517241379310462e+02 3.524242265492921362e-41
5.211871451408407345e-05 1.365517241379310462e+02 4.658298166068301792e-41
8.148256161879867084e-05 1.365517241379310462e+02 6.272574459394455954e-41
1.273900922127918576e-04 1.365517241379310462e+02 8.638820222082275364e-41
1.991620694241847593e-04 1.365517241379310462e+02 1.218324253811444642e-40
3.113706035400827066e-04 1.365517241379310462e+02 1.785043754235787940e-40
4.867977774544171641e-04 1.365517241379310462e+02 2.731934253563724364e-40
7.610611709658538296e-04 1.365517241379310462e+02 4.398263074905227298e-40
1.189845419962200354e-03 1.365517241379310462e+02 7.500040669710636383e-40
1.860208058714039403e-03 1.365517241379310462e+02 1.351114868666713992e-39
2.908255109150721662e-03 1.365517241379310462e+02 2.568468535614588615e-39
4.546775152532265760e-03 1.365517241379310462e+02 5.108653252927286214e-39
7.108442523710327247e-03 1.365517241379310462e+02 1.046829355971696808e-38
1.111336132044076462e-02 1.365517241379310462e+02 2.167209981178141258e-38
1.737466391923549874e-02 1.365517241379310462e+02 4.450826281645174845e-38
2.716360402600592402e-02 1.365517241379310462e+02 8.948430792260423464e-38
4.246766366886432775e-02 1.365517241379310462e+02 1.743603366889935139e-37
6.639407847961335818e-02 1.365517241379310462e+02 3.346003849648556411e-37
1.038007103835326822e-01 1.365517241379310462e+02 6.905572759334352678e-37
1.622823559398361148e-01 1.365517241379310462e+02 4.909149057175173633e-36
2.537127438923734712e-01 1.365517241379310462e+02 5.719178368136709391e-36
3.966552989732381462e-01 1.365517241379310462e+02 0.000000000000000000e+00
9.999999999999999547e-08 1.427586206896551744e+02 1.397507585733352257e-42
1.563403134142530628e-07 1.427586206896551744e+02 1.750789508239631769e-42
2.444229359846687273e-07 1.427586206896551744e+02 2.200733453771771425e-42
3.821315841747502258e-07 1.427586206896551744e+02 2.757629432726842644e-42
5.974257163536547787e-07 1.427586206896551744e+02 3.475122005057523760e-42
9.340172373646522676e-07 1.427586206896551744e+02 4.365431682301138225e-42
1.460245476239042244e-06 1.427586206896551744e+02 5.507729183488625276e-42
2.282952354169575739e-06 1.427586206896551744e+02 6.976112825553681641e-42
3.569174865606782901e-06 1.427586206896551744e+02 8.848084117855984387e-42
5.580059171192390368e-06 1.427586206896551744e+02 1.125161820800542684e-41
8.723881996942955131e-06 1.427586206896551744e+02 1.435918081501054228e-41
1.363894445591021312e-05 1.427586206896551744e+02 1.848870820593518964e-41
2.132316850876592016e-05 1.427586206896551744e+02 2.393236532973281031e-41
3.333670847645394986e-05 1.427586206896551744e+02 3.144720034619871914e-41
5.211871451408407345e-05 1.427586206896551744e+02 4.177987065431644270e-41
8.148256161879867084e-05 1.427586206896551744e+02 5.640184175465462848e-41
1.273900922127918576e-04 1.427586206896551744e+02 7.764595968257830777e-41
1.991620694241847593e-04 1.427586206896551744e+02 1.105012165958501600e-40
3.113706035400827066e-04 1.427586206896551744e+02 1.621425572867412129e-40
4.867977774544171641e-04 1.427586206896551744e+02 2.486030018185991707e-40
7.610611709658538296e-04 1.427586206896551744e+02 4.009323934701437908e-40
1.189845419962200354e-03 1.427586206896551744e+02 6.827142243665816702e-40
1.860208058714039403e-03 1.427586206896551744e+02 1.231049824645119308e-39
2.908255109150721662e-03 1.427586206896551744e+02 2.339716156308498848e-39
4.546775152532265760e-03 1.427586206896551744e+02 4.653734266347614525e-39
7.108442523710327247e-03 1.427586206896551744e+02 9.489252711530235059e-39
1.111336132044076462e-02 1.427586206896551744e+02 1.958545829544532174e-38
1.737466391923549874e-02 1.427586206896551744e+02 4.000099108407275332e-38
2.716360402600592402e-02 1.427586206896551744e+02 8.004754167907435836e-38
4.246766366886432775e-02 1.427586206896551744e+02 1.550834974581332507e-37
6.639407847961335818e-02 1.427586206896551744e+02 2.950806402697351858e-37
1.038007103835326822e-01 1.427586206896551744e+02 6.130241631712411504e-37
1.622823559398361148e-01 1.427586206896551744e+02 4.631872959763583632e-36
2.537127438923734712e-01 1.427586206896551744e+02 4.266670145718614815e-36
3.966552989732381462e-01 1.427586206896551744e+02 0.000000000000000000e+00
9.999999999999999547e-08 1.489655172413793025e+02 1.193213725708400711e-42
1.563403134142530628e-07 1.489655172413793025e+02 1.494289044625244897e-42
2.444229359846687273e-07 1.489655172413793025e+02 1.873562408952229839e-42
3.821315841747502258e-07 1.489655172413793025e+02 2.353517413301524910e-42
5.974257163536547787e-07 1.489655172413793025e+02 2.969854983578818514e-42
9.340172373646522676e-07 1.489655172413793025e+02 3.732730378957490796e-42
1.460245476239042244e-06 1.489655172413793025e+02 4.722266873997322944e-42
2.282952354169575739e-06 1.489655172413793025e+02 5.972385152446151575e-42
3.569174865606782901e-06 1.489655172413793025e+02 7.559189657755883220e-42
5.580059171192390368e-06 1.489655172413793025e+02 9.641990588278089731e-42
8.723881996942955131e-06 1.489655172413793025e+02 1.233245706128816217e-41
1.363894445591021312e-05 1.489655172413793025e+02 1.591014860143943096e-41
2.132316850876592016e-05 1.489655172413793025e+02 2.065831907192715037e-41
3.333670847645394986e-05 1.489655172413793025e+02 2.708751054805688038e-41
5.211871451408407345e-05 1.489655172413793025e+02 3.603438345762315753e-41
8.148256161879867084e-05 1.489655172413793025e+02 4.880798358712957384e-41
1.273900922127918576e-04 1.489655172413793025e+02 6.751794487171523109e-41
1.991620694241847593e-04 1.489655172413793025e+02 9.581538795956169103e-41
3.113706035400827066e-04 1.489655172413793025e+02 1.415159995150320496e-40
4.867977774544171641e-04 1.489655172413793025e+02 2.170904152358956152e-40
7.610611709658538296e-04 1.489655172413793025e+02 3.511989613486747373e-40
1.189845419962200354e-03 1.489655172413793025e+02 5.980698826295001499e-40
1.860208058714039403e-03 1.489655172413793025e+02 1.080020046991032793e-39
2.908255109150721662e-03 1.489655172413793025e+02 2.051900395467826164e-39
4.546775152532265760e-03 1.489655172413793025e+02 4.076905215423077314e-39
7.108442523710327247e-03 1.489655172413793025e+02 8.302542119420735986e-39
1.111336132044076462e-02 1.489655172413793025e+02 1.704417873675842184e-38
1.737466391923549874e-02 1.489655172413793025e+02 3.471475241481832610e-38
2.716360402600592402e-02 1.489655172413793025e+02 6.910128255381936403e-38
4.246766366886432775e-02 1.489655172413793025e+02 1.326351310435464901e-37
6.639407847961335818e-02 1.489655172413793025e+02 2.515164990163602733e-37
1.038007103835326822e-01 1.489655172413793025e+02 5.288693561345751734e-37
1.622823559398361148e-01 1.489655172413793025e+02 4.126303835782658548e-36
2.537127438923734712e-01 1.489655172413793025e+02 3.101286178282191310e-36
3.966552989732381462e-01 1.489655172413793025e+02 0.000000000000000000e+00
9.999999999999999547e-08 1.551724137931034591e+02 9.691852749127832477e-43
1.563403134142530628e-07 1.551724137931034591e+02 1.218032844946619481e-42
2.444229359846687273e-07 1.551724137931034591e+02 1.531706690837027909e-42
3.821315841747502258e-07 1.551724137931034591e+02 1.922264369228069448e-42
5.974257163536547787e-07 1.551724137931034591e+02 2.413727755870243818e-42
9.340172373646522676e-07 1.551724137931034591e+02 3.044053048092902901e-42
1.460245476239042244e-06 1.551724137931034591e+02 3.847207318167199171e-42
2.282952354169575739e-06 1.551724137931034591e+02 4.858064171693289281e-42
3.569174865606782901e-06 1.551724137931034591e+02 6.181656790992353134e-42
5.580059171192390368e-06 1.551724137931034591e+02 7.870993590453480548e-42
8.723881996942955131e-06 1.551724137931034591e+02 1.008996642529830912e-41
1.363894445591021312e-05 1.551724137931034591e+02 1.303621904373235029e-41
2.132316850876592016e-05 1.551724137931034591e+02 1.693134201469852324e-41
3.333670847645394986e-05 1.551724137931034591e+02 2.230058411247636233e-41
5.211871451408407345e-05 1.551724137931034591e+02 2.969463150120018012e-41
8.148256161879867084e-05 1.551724137931034591e+02 4.034136291703501520e-41
1.273900922127918576e-04 1.551724137931034591e+02 5.596036049423752554e-41
1.991620694241847593e-04 1.551724137931034591e+02 7.962202500759905599e-41
3.113706035400827066e-04 1.551724137931034591e+02 1.174943717577258994e-40
4.867977774544171641e-04 1.551724137931034591e+02 1.813789415105821420e-40
7.610611709658538296e-04 1.551724137931034591e+02 2.920238058717350917e-40
1.189845419962200354e-03 1.551724137931034591e+02 4.985027391418532496e-40
1.860208058714039403e-03 1.551724137931034591e+02 9.008099235210129706e-40
2.908255109150721662e-03 1.551724137931034591e+02 1.712926593196658796e-39
4.546775152532265760e-03 1.551724137931034591e+02 3.390952480783656981e-39
7.108442523710327247e-03 1.551724137931034591e+02 6.912704218780501270e-39
1.111336132044076462e-02 1.551724137931034591e+02 1.412728513443236853e-38
1.737466391923549874e-02 1.551724137931034591e+02 2.864314486055109041e-38
2.716360402600592402e-02 1.551724137931034591e+02 5.688970281614527908e-38
4.246766366886432775e-02 1.551724137931034591e+02 1.086458733510117000e-37
6.639407847961335818e-02 1.551724137931034591e+02 2.046146197135674069e-37
1.038007103835326822e-01 1.551724137931034591e+02 4.344916404395606303e-37
1.622823559398361148e-01 1.551724137931034591e+02 3.453635275035131166e-36
2.537127438923734712e-01 1.551724137931034591e+02 2.191010008574836401e-36
3.966552989732381462e-01 1.551724137931034591e+02 0.000000000000000000e+00
9.999999999999999547e-08 1.613793103448276156e+02 7.404485159190477582e-43
1.563403134142530628e-07 1.613793103448276156e+02 9.276877736718157529e-43
2.444229359846687273e-07 1.613793103448276156e+02 1.161980715400255403e-42
3.821315841747502258e-07 1.613793103448276156e+02 1.463938190507596300e-42
5.974257163536547787e-07 1.613793103448276156e+02 1.841149739808372377e-42
9.340172373646522676e-07 1.613793103448276156e+02 2.316594146956034576e-42
1.460245476239042244e-06 1.613793103448276156e+02 2.927491647265418631e-42
2.282952354169575739e-06 1.613793103448276156e+02 3.718765267270655285e-42
3.569174865606782901e-06 1.613793103448276156e+02 4.711139365493758885e-42
5.580059171192390368e-06 1.613793103448276156e+02 6.014162217637839059e-42
8.723881996942955131e-06 1.613793103448276156e+02 7.723105368934919726e-42
1.363894445591021312e-05 1.613793103448276156e+02 9.996445659358908376e-42
2.132316850876592016e-05 1.613793103448276156e+02 1.298461799955605563e-41
3.333670847645394986e-05 1.613793103448276156e+02 1.709285461520243497e-41
5.211871451408407345e-05 1.613793103448276156e+02 2.278778726294340951e-41
8.148256161879867084e-05 1.613793103448276156e+02 3.100888702860818168e-41
1.273900922127918576e-04 1.613793103448276156e+02 4.311238205867374415e-41
1.991620694241847593e-04 1.613793103448276156e+02 6.148393581240988963e-41
3.113706035400827066e-04 1.613793103448276156e+02 9.075236680538151792e-41
4.867977774544171641e-04 1.613793103448276156e+02 1.397447948122685534e-40
7.610611709658538296e-04 1.613793103448276156e+02 2.260491315548683917e-40
1.189845419962200354e-03 1.613793103448276156e+02 3.865779936104584340e-40
1.860208058714039403e-03 1.613793103448276156e+02 6.983475035710044725e-40
2.908255109150721662e-03 1.613793103448276156e+02 1.324239018091563215e-39
4.546775152532265760e-03 1.613793103448276156e+02 2.629739609750019091e-39
7.108442523710327247e-03 1.613793103448276156e+02 5.325463512031814774e-39
1.111336132044076462e-02 1.613793103448276156e+02 1.090630291426148478e-38
1.737466391923549874e-02 1.613793103448276156e+02 2.209834119619468033e-38
2.716360402600592402e-02 1.613793103448276156e+02 4.340396797135191123e-38
4.246766366886432775e-02 1.613793103448276156e+02 8.274365177970053852e-38
6.639407847961335818e-02 1.613793103448276156e+02 1.558512602546976901e-37
1.038007103835326822e-01 1.613793103448276156e+02 3.338308342554674711e-37
1.622823559398361148e-01 1.613793103448276156e+02 2.696351094868795108e-36
2.537127438923734712e-01 1.613793103448276156e+02 1.493021808647209241e-36
3.966552989732381462e-01 1.613793103448276156e+02 0.000000000000000000e+00
9.999999999999999547e-08 1.675862068965517437e+02 4.989279997098483605e-43
1.563403134142530628e-07 1.675862068965517437e+02 6.237477198116030304e-43
2.444229359846687273e-07 1.675862068965517437e+02 7.848080090282226148e-43
3.821315841747502258e-07 1.675862068965517437e+02 9.879040631926241199e-43
5.974257163536547787e-07 1.675862068965517437e+02 1.239315103328250691e-42
9.340172373646522676e-07 1.675862068965517437e+02 1.562088058643214677e-42
1.460245476239042244e-06 1.675862068965517437e+02 1.975536041959390708e-42
2.282952354169575739e-06 1.675862068965517437e+02 2.501558281407838539e-42
3.569174865606782901e-06 1.675862068965517437e+02 3.186303264193510131e-42
5.580059171192390368e-06 1.675862068965517437e+02 4.062597382306712565e-42
8.723881996942955131e-06 1.675862068965517437e+02 5.219858228660662170e-42
1.363894445591021312e-05 1.675862068965517437e+02 6.745465323646224178e-42
2.132316850876592016e-05 1.675862068965517437e+02 8.787266065650131007e-42
3.333670847645394986e-05 1.675862068965517437e+02 1.161739978917965888e-41
5.211871451408407345e-05 1.675862068965517437e+02 1.547042687760905687e-41
8.148256161879867084e-05 1.675862068965517437e+02 2.105101878352234034e-41
1.273900922127918576e-04 1.675862068965517437e+02 2.922734345364135420e-41
1.991620694241847593e-04 1.675862068965517437e+02 4.177892653276035852e-41
3.113706035400827066e-04 1.675862068965517437e+02 6.162692897085205837e-41
4.867977774544171641e-04 1.675862068965517437e+02 9.533752386553225323e-41
7.610611709658538296e-04 1.675862068965517437e+02 1.542128573661383372e-40
1.189845419962200354e-03 1.675862068965517437e+02 2.632953116235329456e-40
1.860208058714039403e-03 1.675862068965517437e+02 4.762946571968401213e-40
2.908255109150721662e-03 1.675862068965517437e+02 9.051360264790467510e-40
4.546775152532265760e-03 1.675862068965517437e+02 1.789653503943144899e-39
7.108442523710327247e-03 1.675862068965517437e+02 3.618422801792978145e-39
1.111336132044076462e-02 1.675862068965517437e+02 7.420562287799336625e-39
1.737466391923549874e-02 1.675862068965517437e+02 1.496805706182559602e-38
2.716360402600592402e-02 1.675862068965517437e+02 2.946661115827480040e-38
4.246766366886432775e-02 1.675862068965517437e+02 5.603979093436605330e-38
6.639407847961335818e-02 1.675862068965517437e+02 1.044775591248812258e-37
1.038007103835326822e-01 1.675862068965517437e+02 2.276869820100892712e-37
1.622823559398361148e-01 1.675862068965517437e+02 1.827348109897600281e-36
2.537127438923734712e-01 1.675862068965517437e+02 9.186621466917891236e-37
3.966552989732381462e-01 1.675862068965517437e+02 0.000000000000000000e+00
9.999999999999999547e-08 1.737931034482758719e+02 2.508984811682935682e-43
1.563403134142530628e-07 1.737931034482758719e+02 3.142375653021339598e-43
2.444229359846687273e-07 1.737931034482758719e+02 3.942072099308163682e-43
3.821315841747502258e-07 1.737931034482758719e+02 4.955005250359852545e-43
5.974257163536547787e-07 1.737931034482758719e+02 6.236006951429112224e-43
9.340172373646522676e-07 1.737931034482758719e+02 7.885323151292270273e-43
1.460245476239042244e-06 1.737931034482758719e+02 9.961620683545085621e-43
2.282952354169575739e-06 1.737931034482758719e+02 1.257943556490855795e-42
3.569174865606782901e-06 1.737931034482758719e+02 1.603139222991010022e-42
5.580059171192390368e-06 1.737931034482758719e+02 2.048063129721008000e-42
8.723881996942955131e-06 1.737931034482758719e+02 2.631466831632162227e-42
1.363894445591021312e-05 1.737931034482758719e+02 3.399673123748613547e-42
2.132316850876592016e-05 1.737931034482758719e+02 4.431204141607209844e-42
3.333670847645394986e-05 1.737931034482758719e+02 5.843895059259466693e-42
5.211871451408407345e-05 1.737931034482758719e+02 7.804381926384814860e-42
8.148256161879867084e-05 1.737931034482758719e+02 1.063575586775494022e-41
1.273900922127918576e-04 1.737931034482758719e+02 1.477129776322061782e-41
1.991620694241847593e-04 1.737931034482758719e+02 2.118598169750498658e-41
3.113706035400827066e-04 1.737931034482758719e+02 3.132899608357506792e-41
4.867977774544171641e-04 1.737931034482758719e+02 4.817003472340989072e-41
7.610611709658538296e-04 1.737931034482758719e+02 7.821980103784242834e-41
1.189845419962200354e-03 1.737931034482758719e+02 1.338857121421445808e-40
1.860208058714039403e-03 1.737931034482758719e+02 2.413385015497238774e-40
2.908255109150721662e-03 1.737931034482758719e+02 4.583157461903513121e-40
4.546775152532265760e-03 1.737931034482758719e+02 9.053387482030776513e-40
7.108442523710327247e-03 1.737931034482758719e+02 1.835557118476795725e-39
1.111336132044076462e-02 1.737931034482758719e+02 3.744348134205276492e-39
1.737466391923549874e-02 1.737931034482758719e+02 7.560454189503314935e-39
2.716360402600592402e-02 1.737931034482758719e+02 1.481203682309488114e-38
4.246766366886432775e-02 1.737931034482758719e+02 2.819364592193699704e-38
6.639407847961335818e-02 1.737931034482758719e+02 5.268962841026314883e-38
1.038007103835326822e-01 1.737931034482758719e+02 1.142534222235225994e-37
1.622823559398361148e-01 1.737931034482758719e+02 9.293695801641242096e-37
2.537127438923734712e-01 1.737931034482758719e+02 4.404227640143242881e-37
3.966552989732381462e-01 1.737931034482758719e+02 0.000000000000000000e+00
9.999999999999999547e-08 1.800000000000000000e+02 2.831530669809261515e-58
1.563403134142530628e-07 1.800000000000000000e+02 3.563174669441642700e-58
2.444229359846687273e-07 1.800000000000000000e+02 4.472142119063807752e-58
3.821315841747502258e-07 1.800000000000000000e+02 5.602666777635972842e-58
5.974257163536547787e-07 1.800000000000000000e+02 7.080459348050531892e-58
9.340172373646522676e-07 1.800000000000000000e+02 8.920950410564975756e-58
1.460245476239042244e-06 1.800000000000000000e+02 0.000000000000000000e+00
2.282952354169575739e-06 1.800000000000000000e+02 1.431011364461545257e-57
3.569174865606782901e-06 1.800000000000000000e+02 1.818839915682435099e-57
5.580059171192390368e-06 1.800000000000000000e+02 2.323831753030469296e-57
8.723881996942955131e-06 1.800000000000000000e+02 2.982344584832946645e-57
1.363894445591021312e-05 1.800000000000000000e+02 0.000000000000000000e+00
2.132316850876592016e-05 1.800000000000000000e+02 5.014431640297446248e-57
3.333670847645394986e-05 1.800000000000000000e+02 6.629791590526866403e-57
5.211871451408407345e-05 1.800000000000000000e+02 8.864652576655009993e-57
8.148256161879867084e-05 1.800000000000000000e+02 1.201048805867707874e-56
1.273900922127918576e-04 1.800000000000000000e+02 1.677779699615314171e-56
1.991620694241847593e-04 1.800000000000000000e+02 2.394761590977312060e-56
3.113706035400827066e-04 1.800000000000000000e+02 0.000000000000000000e+00
4.867977774544171641e-04 1.800000000000000000e+02 5.482930296756115037e-56
7.610611709658538296e-04 1.800000000000000000e+02 8.889220125189429045e-56
1.189845419962200354e-03 1.800000000000000000e+02 1.518459609384566923e-55
1.860208058714039403e-03 1.800000000000000000e+02 0.000000000000000000e+00
2.908255109150721662e-03 1.800000000000000000e+02 5.199272231447322398e-55
4.546775152532265760e-03 1.800000000000000000e+02 1.028120931437556170e-54
7.108442523710327247e-03 1.800000000000000000e+02 2.085539551103228556e-54
1.111336132044076462e-02 1.800000000000000000e+02 4.250232990217334149e-54
1.737466391923549874e-02 1.800000000000000000e+02 8.581948415734308175e-54
2.716360402600592402e-02 1.800000000000000000e+02 0.000000000000000000e+00
4.246766366886432775e-02 1.800000000000000000e+02 3.195010084376309695e-53
6.639407847961335818e-02 1.800000000000000000e+02 5.970391290215205954e-53
1.038007103835326822e-01 1.800000000000000000e+02 1.294102650287041521e-52
1.622823559398361148e-01 1.800000000000000000e+02 1.057545982713691082e-51
2.537127438923734712e-01 1.800000000000000000e+02 4.908452988530035197e-52
3.966552989732381462e-01 1.800000000000000000e+02 0.000000000000000000e+00
