# atom 16: Tchi 0.41753189365604015 [GeV]; m_chi = 0.0033333333333333335 [GeV]; mS = 0.01 [GeV]; gchi =0.01; gN = 0.01
# Tchi^prime [GeV], theta [degree] ,dsigma/dTchip dtheta [cm^2/GeV]
9.999999999999999547e-08 0.000000000000000000e+00 0.000000000000000000e+00
1.563403134142530628e-07 0.000000000000000000e+00 0.000000000000000000e+00
2.444229359846687273e-07 0.000000000000000000e+00 0.000000000000000000e+00
3.821315841747502258e-07 0.000000000000000000e+00 0.000000000000000000e+00
5.974257163536547787e-07 0.000000000000000000e+00 0.000000000000000000e+00
9.340172373646522676e-07 0.000000000000000000e+00 0.000000000000000000e+00
1.460245476239042244e-06 0.000000000000000000e+00 0.000000000000000000e+00
2.282952354169575739e-06 0.000000000000000000e+00 0.000000000000000000e+00
3.569174865606782901e-06 0.000000000000000000e+00 0.000000000000000000e+00
5.580059171192390368e-06 0.000000000000000000e+00 0.000000000000000000e+00
8.723881996942955131e-06 0.000000000000000000e+00 0.000000000000000000e+00
1.363894445591021312e-05 0.000000000000000000e+00 0.000000000000000000e+00
2.132316850876592016e-05 0.000000000000000000e+00 0.000000000000000000e+00
3.333670847645394986e-05 0.000000000000000000e+00 0.000000000000000000e+00
5.211871451408407345e-05 0.000000000000000000e+00 0.000000000000000000e+00
8.148256161879867084e-05 0.000000000000000000e+00 0.000000000000000000e+00
1.273900922127918576e-04 0.000000000000000000e+00 0.000000000000000000e+00
1.991620694241847593e-04 0.000000000000000000e+00 0.000000000000000000e+00
3.113706035400827066e-04 0.000000000000000000e+00 0.000000000000000000e+00
4.867977774544171641e-04 0.000000000000000000e+00 0.000000000000000000e+00
7.610611709658538296e-04 0.000000000000000000e+00 0.000000000000000000e+00
1.189845419962200354e-03 0.000000000000000000e+00 0.000000000000000000e+00
1.860208058714039403e-03 0.000000000000000000e+00 0.000000000000000000e+00
2.908255109150721662e-03 0.000000000000000000e+00 0.000000000000000000e+00
4.546775152532265760e-03 0.000000000000000000e+00 0.000000000000000000e+00
7.108442523710327247e-03 0.000000000000000000e+00 0.000000000000000000e+00
1.111336132044076462e-02 0.000000000000000000e+00 0.000000000000000000e+00
1.737466391923549874e-02 0.000000000000000000e+00 0.000000000000000000e+00
2.716360402600592402e-02 0.000000000000000000e+00 0.000000000000000000e+00
4.246766366886432775e-02 0.000000000000000000e+00 0.000000000000000000e+00
6.639407847961335818e-02 0.000000000000000000e+00 0.000000000000000000e+00
1.038007103835326822e-01 0.000000000000000000e+00 0.000000000000000000e+00
1.622823559398361148e-01 0.000000000000000000e+00 0.000000000000000000e+00
2.537127438923734712e-01 0.000000000000000000e+00 0.000000000000000000e+00
3.966552989732381462e-01 0.000000000000000000e+00 0.000000000000000000e+00
9.999999999999999547e-08 6.206896551724137900e+00 1.513143514458303017e-39
1.563403134142530628e-07 6.206896551724137900e+00 1.900367568567442549e-39
2.444229359846687273e-07 6.206896551724137900e+00 2.372861214287794216e-39
3.821315841747502258e-07 6.206896551724137900e+00 2.980489253062511727e-39
5.974257163536547787e-07 6.206896551724137900e+00 3.736526493623399609e-39
9.340172373646522676e-07 6.206896551724137900e+00 4.686234552838319982e-39
1.460245476239042244e-06 6.206896551724137900e+00 5.915533328023714575e-39
2.282952354169575739e-06 6.206896551724137900e+00 7.438193206887762542e-39
3.569174865606782901e-06 6.206896551724137900e+00 9.374466544703570143e-39
5.580059171192390368e-06 6.206896551724137900e+00 1.187679151016567041e-38
8.723881996942955131e-06 6.206896551724137900e+00 1.503670161339886419e-38
1.363894445591021312e-05 6.206896551724137900e+00 1.910851441173647414e-38
2.132316850876592016e-05 6.206896551724137900e+00 2.441704779461750235e-38
3.333670847645394986e-05 6.206896551724137900e+00 3.144421275619928428e-38
5.211871451408407345e-05 6.206896551724137900e+00 4.069531003495701166e-38
8.148256161879867084e-05 6.206896551724137900e+00 5.290536281137276249e-38
1.273900922127918576e-04 6.206896551724137900e+00 7.029763563399293451e-38
1.991620694241847593e-04 6.206896551724137900e+00 9.381779321649912413e-38
3.113706035400827066e-04 6.206896551724137900e+00 1.281504857292338966e-37
4.867977774544171641e-04 6.206896551724137900e+00 1.784541483749448284e-37
7.610611709658538296e-04 6.206896551724137900e+00 2.566784221757015789e-37
1.189845419962200354e-03 6.206896551724137900e+00 3.793521842035531681e-37
1.860208058714039403e-03 6.206896551724137900e+00 5.838587140245303244e-37
2.908255109150721662e-03 6.206896551724137900e+00 9.408256338176953690e-37
4.546775152532265760e-03 6.206896551724137900e+00 1.577273697553176330e-36
7.108442523710327247e-03 6.206896551724137900e+00 2.722948438659608542e-36
1.111336132044076462e-02 6.206896551724137900e+00 4.761171149756278090e-36
1.737466391923549874e-02 6.206896551724137900e+00 8.235163634523931147e-36
2.716360402600592402e-02 6.206896551724137900e+00 1.365658001457255114e-35
4.246766366886432775e-02 6.206896551724137900e+00 2.147276430195854793e-35
6.639407847961335818e-02 6.206896551724137900e+00 3.232301714766518248e-35
1.038007103835326822e-01 6.206896551724137900e+00 0.000000000000000000e+00
1.622823559398361148e-01 6.206896551724137900e+00 0.000000000000000000e+00
2.537127438923734712e-01 6.206896551724137900e+00 0.000000000000000000e+00
3.966552989732381462e-01 6.206896551724137900e+00 0.000000000000000000e+00
9.999999999999999547e-08 1.241379310344827580e+01 3.012720072846694389e-39
1.563403134142530628e-07 1.241379310344827580e+01 3.759006209200742865e-39
2.444229359846687273e-07 1.241379310344827580e+01 4.728265012747287347e-39
3.821315841747502258e-07 1.241379310344827580e+01 5.916892203184597174e-39
5.974257163536547787e-07 1.241379310344827580e+01 7.428242544095958376e-39
9.340172373646522676e-07 1.241379310344827580e+01 9.328835856429961924e-39
1.460245476239042244e-06 1.241379310344827580e+01 1.173431407278589939e-38
2.282952354169575739e-06 1.241379310344827580e+01 1.479617005418679470e-38
3.569174865606782901e-06 1.241379310344827580e+01 1.859369280188438563e-38
5.580059171192390368e-06 1.241379310344827580e+01 2.354973491798429829e-38
8.723881996942955131e-06 1.241379310344827580e+01 2.990898796563298876e-38
1.363894445591021312e-05 1.241379310344827580e+01 3.798815183417533116e-38
2.132316850876592016e-05 1.241379310344827580e+01 4.850776365632448360e-38
3.333670847645394986e-05 1.241379310344827580e+01 6.244153758711821915e-38
5.211871451408407345e-05 1.241379310344827580e+01 8.073282208926330764e-38
8.148256161879867084e-05 1.241379310344827580e+01 1.052718839851189809e-37
1.273900922127918576e-04 1.241379310344827580e+01 1.385386996861285348e-37
1.991620694241847593e-04 1.241379310344827580e+01 1.853178262814591154e-37
3.113706035400827066e-04 1.241379310344827580e+01 2.520086731761839083e-37
4.867977774544171641e-04 1.241379310344827580e+01 3.497273558636944412e-37
7.610611709658538296e-04 1.241379310344827580e+01 4.990847879063371126e-37
1.189845419962200354e-03 1.241379310344827580e+01 7.312674228486937209e-37
1.860208058714039403e-03 1.241379310344827580e+01 1.109177726696949069e-36
2.908255109150721662e-03 1.241379310344827580e+01 1.733428201985935819e-36
4.546775152532265760e-03 1.241379310344827580e+01 2.764480653707392842e-36
7.108442523710327247e-03 1.241379310344827580e+01 4.411782695845495087e-36
1.111336132044076462e-02 1.241379310344827580e+01 6.874789044664898297e-36
1.737466391923549874e-02 1.241379310344827580e+01 1.004170399866257272e-35
2.716360402600592402e-02 1.241379310344827580e+01 1.366816830839811529e-35
4.246766366886432775e-02 1.241379310344827580e+01 1.770680386837032963e-35
6.639407847961335818e-02 1.241379310344827580e+01 2.256826363813483081e-35
1.038007103835326822e-01 1.241379310344827580e+01 0.000000000000000000e+00
1.622823559398361148e-01 1.241379310344827580e+01 0.000000000000000000e+00
2.537127438923734712e-01 1.241379310344827580e+01 0.000000000000000000e+00
3.966552989732381462e-01 1.241379310344827580e+01 0.000000000000000000e+00
9.999999999999999547e-08 1.862068965517241281e+01 4.472361723592997088e-39
1.563403134142530628e-07 1.862068965517241281e+01 5.597474221795593895e-39
2.444229359846687273e-07 1.862068965517241281e+01 7.001359441243376713e-39
3.821315841747502258e-07 1.862068965517241281e+01 8.793873454691885729e-39
5.974257163536547787e-07 1.862068965517241281e+01 1.101528341252851334e-38
9.340172373646522676e-07 1.862068965517241281e+01 1.384526320117076546e-38
1.460245476239042244e-06 1.862068965517241281e+01 1.739928739143631759e-38
2.282952354169575739e-06 1.862068965517241281e+01 2.189802390534972068e-38
3.569174865606782901e-06 1.862068965517241281e+01 2.761296637001474867e-38
5.580059171192390368e-06 1.862068965517241281e+01 3.484792049822142902e-38
8.723881996942955131e-06 1.862068965517241281e+01 4.423388485383939711e-38
1.363894445591021312e-05 1.862068965517241281e+01 5.623454749216619310e-38
2.132316850876592016e-05 1.862068965517241281e+01 7.164501123480735677e-38
3.333670847645394986e-05 1.862068965517241281e+01 9.227283439884355733e-38
5.211871451408407345e-05 1.862068965517241281e+01 1.188380840527906444e-37
8.148256161879867084e-05 1.862068965517241281e+01 1.548713892099598630e-37
1.273900922127918576e-04 1.862068965517241281e+01 2.039364432505028354e-37
1.991620694241847593e-04 1.862068965517241281e+01 2.723127159932608621e-37
3.113706035400827066e-04 1.862068965517241281e+01 3.682670968109903093e-37
4.867977774544171641e-04 1.862068965517241281e+01 5.070703254380756650e-37
7.610611709658538296e-04 1.862068965517241281e+01 7.160869240554146232e-37
1.189845419962200354e-03 1.862068965517241281e+01 1.029946013970386737e-36
1.860208058714039403e-03 1.862068965517241281e+01 1.523921685864981751e-36
2.908255109150721662e-03 1.862068965517241281e+01 2.293581471249795568e-36
4.546775152532265760e-03 1.862068965517241281e+01 3.453450004829684199e-36
7.108442523710327247e-03 1.862068965517241281e+01 5.045638341431997220e-36
1.111336132044076462e-02 1.862068965517241281e+01 6.989783159827701622e-36
1.737466391923549874e-02 1.862068965517241281e+01 9.076432509487287983e-36
2.716360402600592402e-02 1.862068965517241281e+01 1.111735371200237855e-35
4.246766366886432775e-02 1.862068965517241281e+01 1.329732115277419266e-35
6.639407847961335818e-02 1.862068965517241281e+01 1.621132294219145625e-35
1.038007103835326822e-01 1.862068965517241281e+01 0.000000000000000000e+00
1.622823559398361148e-01 1.862068965517241281e+01 0.000000000000000000e+00
2.537127438923734712e-01 1.862068965517241281e+01 0.000000000000000000e+00
3.966552989732381462e-01 1.862068965517241281e+01 0.000000000000000000e+00
9.999999999999999547e-08 2.482758620689655160e+01 5.869264793303038917e-39
1.563403134142530628e-07 2.482758620689655160e+01 7.344532195812160994e-39
2.444229359846687273e-07 2.482758620689655160e+01 9.210463784164889660e-39
3.821315841747502258e-07 2.482758620689655160e+01 1.155339201293632514e-38
5.974257163536547787e-07 2.482758620689655160e+01 1.447797367106973499e-38
9.340172373646522676e-07 2.482758620689655160e+01 1.820750410656585210e-38
1.460245476239042244e-06 2.482758620689655160e+01 2.285784426398687942e-38
2.282952354169575739e-06 2.482758620689655160e+01 2.874825350600165244e-38
3.569174865606782901e-06 2.482758620689655160e+01 3.630784842868510702e-38
5.580059171192390368e-06 2.482758620689655160e+01 4.587154779582082297e-38
8.723881996942955131e-06 2.482758620689655160e+01 5.803430186252789265e-38
1.363894445591021312e-05 2.482758620689655160e+01 7.369078330070339766e-38
2.132316850876592016e-05 2.482758620689655160e+01 9.382840177297123116e-38
3.333670847645394986e-05 2.482758620689655160e+01 1.203422940323213237e-37
5.211871451408407345e-05 2.482758620689655160e+01 1.556456227228259584e-37
8.148256161879867084e-05 2.482758620689655160e+01 2.016998084344287013e-37
1.273900922127918576e-04 2.482758620689655160e+01 2.644664995206171267e-37
1.991620694241847593e-04 2.482758620689655160e+01 3.505439948431927107e-37
3.113706035400827066e-04 2.482758620689655160e+01 4.711920917392478947e-37
4.867977774544171641e-04 2.482758620689655160e+01 6.469142022187879463e-37
7.610611709658538296e-04 2.482758620689655160e+01 8.993580458581105589e-37
1.189845419962200354e-03 2.482758620689655160e+01 1.270735305419967524e-36
1.860208058714039403e-03 2.482758620689655160e+01 1.820965497145248499e-36
2.908255109150721662e-03 2.482758620689655160e+01 2.624537469481111578e-36
4.546775152532265760e-03 2.482758620689655160e+01 3.699476589205286342e-36
7.108442523710327247e-03 2.482758620689655160e+01 5.025293586689716138e-36
1.111336132044076462e-02 2.482758620689655160e+01 6.415588640730532306e-36
1.737466391923549874e-02 2.482758620689655160e+01 7.739900692973719820e-36
2.716360402600592402e-02 2.482758620689655160e+01 8.965001753407724336e-36
4.246766366886432775e-02 2.482758620689655160e+01 1.039976722082643053e-35
6.639407847961335818e-02 2.482758620689655160e+01 1.242061892087301070e-35
1.038007103835326822e-01 2.482758620689655160e+01 0.000000000000000000e+00
1.622823559398361148e-01 2.482758620689655160e+01 0.000000000000000000e+00
2.537127438923734712e-01 2.482758620689655160e+01 0.000000000000000000e+00
3.966552989732381462e-01 2.482758620689655160e+01 0.000000000000000000e+00
9.999999999999999547e-08 3.103448275862069039e+01 7.206866687694279640e-39
1.563403134142530628e-07 3.103448275862069039e+01 9.018415560188029289e-39
2.444229359846687273e-07 3.103448275862069039e+01 1.129512783809210737e-38
3.821315841747502258e-07 3.103448275862069039e+01 1.419310457320040284e-38
5.974257163536547787e-07 3.103448275862069039e+01 1.776068777022538176e-38
9.340172373646522676e-07 3.103448275862069039e+01 2.232383589306553625e-38
1.460245476239042244e-06 3.103448275862069039e+01 2.804224612901144725e-38
2.282952354169575739e-06 3.103448275862069039e+01 3.529072402089019017e-38
3.569174865606782901e-06 3.103448275862069039e+01 4.443434709644347149e-38
5.580059171192390368e-06 3.103448275862069039e+01 5.609141864780438418e-38
8.723881996942955131e-06 3.103448275862069039e+01 7.099968165843676824e-38
1.363894445591021312e-05 3.103448275862069039e+01 9.000039092480175717e-38
2.132316850876592016e-05 3.103448275862069039e+01 1.145060700570150917e-37
3.333670847645394986e-05 3.103448275862069039e+01 1.469212984634315795e-37
5.211871451408407345e-05 3.103448275862069039e+01 1.888989857486812085e-37
8.148256161879867084e-05 3.103448275862069039e+01 2.445714664174351882e-37
1.273900922127918576e-04 3.103448275862069039e+01 3.196973692634726610e-37
1.991620694241847593e-04 3.103448275862069039e+01 4.207817163754313099e-37
3.113706035400827066e-04 3.103448275862069039e+01 5.613503564475811190e-37
4.867977774544171641e-04 3.103448275862069039e+01 7.616835802534503861e-37
7.610611709658538296e-04 3.103448275862069039e+01 1.040940200484155504e-36
1.189845419962200354e-03 3.103448275862069039e+01 1.443380055060387005e-36
1.860208058714039403e-03 3.103448275862069039e+01 2.005857614984189440e-36
2.908255109150721662e-03 3.103448275862069039e+01 2.765953862646100495e-36
4.546775152532265760e-03 3.103448275862069039e+01 3.692984440111551343e-36
7.108442523710327247e-03 3.103448275862069039e+01 4.719628069647052310e-36
1.111336132044076462e-02 3.103448275862069039e+01 5.682568709674974837e-36
1.737466391923549874e-02 3.103448275862069039e+01 6.562184176333941495e-36
2.716360402600592402e-02 3.103448275862069039e+01 7.407626378667913187e-36
4.246766366886432775e-02 3.103448275862069039e+01 8.439064715451650204e-36
6.639407847961335818e-02 3.103448275862069039e+01 1.000783634952733850e-35
1.038007103835326822e-01 3.103448275862069039e+01 0.000000000000000000e+00
1.622823559398361148e-01 3.103448275862069039e+01 0.000000000000000000e+00
2.537127438923734712e-01 3.103448275862069039e+01 0.000000000000000000e+00
3.966552989732381462e-01 3.103448275862069039e+01 0.000000000000000000e+00
9.999999999999999547e-08 3.724137931034482563e+01 8.445251900253334815e-39
1.563403134142530628e-07 3.724137931034482563e+01 1.058640562216874140e-38
2.444229359846687273e-07 3.724137931034482563e+01 1.329018900330045033e-38
3.821315841747502258e-07 3.724137931034482563e+01 1.661227534232661054e-38
5.974257163536547787e-07 3.724137931034482563e+01 2.086540193261207464e-38
9.340172373646522676e-07 3.724137931034482563e+01 2.617550543577229692e-38
1.460245476239042244e-06 3.724137931034482563e+01 3.281928802402745013e-38
2.282952354169575739e-06 3.724137931034482563e+01 4.135075350449881978e-38
3.569174865606782901e-06 3.724137931034482563e+01 5.208918917111518083e-38
5.580059171192390368e-06 3.724137931034482563e+01 6.567533832554499720e-38
8.723881996942955131e-06 3.724137931034482563e+01 8.284701349459693310e-38
1.363894445591021312e-05 3.724137931034482563e+01 1.051006357904154804e-37
2.132316850876592016e-05 3.724137931034482563e+01 1.336380792941360078e-37
3.333670847645394986e-05 3.724137931034482563e+01 1.705381975899371210e-37
5.211871451408407345e-05 3.724137931034482563e+01 2.188861086805603449e-37
8.148256161879867084e-05 3.724137931034482563e+01 2.830930545156935114e-37
1.273900922127918576e-04 3.724137931034482563e+01 3.680908643147298933e-37
1.991620694241847593e-04 3.724137931034482563e+01 4.808517659258584970e-37
3.113706035400827066e-04 3.724137931034482563e+01 6.402588939392547121e-37
4.867977774544171641e-04 3.724137931034482563e+01 8.536027591475739612e-37
7.610611709658538296e-04 3.724137931034482563e+01 1.151862339609072236e-36
1.189845419962200354e-03 3.724137931034482563e+01 1.556687248704616200e-36
1.860208058714039403e-03 3.724137931034482563e+01 2.098899857327015202e-36
2.908255109150721662e-03 3.724137931034482563e+01 2.771309044211575840e-36
4.546775152532265760e-03 3.724137931034482563e+01 3.545025019932808520e-36
7.108442523710327247e-03 3.724137931034482563e+01 4.296430123144122744e-36
1.111336132044076462e-02 3.724137931034482563e+01 5.008069322817509305e-36
1.737466391923549874e-02 3.724137931034482563e+01 5.629764279035132907e-36
2.716360402600592402e-02 3.724137931034482563e+01 6.244081568771030673e-36
4.246766366886432775e-02 3.724137931034482563e+01 7.066920049249162669e-36
6.639407847961335818e-02 3.724137931034482563e+01 8.310195689650480130e-36
1.038007103835326822e-01 3.724137931034482563e+01 0.000000000000000000e+00
1.622823559398361148e-01 3.724137931034482563e+01 0.000000000000000000e+00
2.537127438923734712e-01 3.724137931034482563e+01 0.000000000000000000e+00
3.966552989732381462e-01 3.724137931034482563e+01 0.000000000000000000e+00
9.999999999999999547e-08 4.344827586206896797e+01 9.593090870620381380e-39
1.563403134142530628e-07 4.344827586206896797e+01 1.202678749410853013e-38
2.444229359846687273e-07 4.344827586206896797e+01 1.506574919351872282e-38
3.821315841747502258e-07 4.344827586206896797e+01 1.891230544398172502e-38
5.974257163536547787e-07 4.344827586206896797e+01 2.361478497649464794e-38
9.340172373646522676e-07 4.344827586206896797e+01 2.963698133044293236e-38
1.460245476239042244e-06 4.344827586206896797e+01 3.730788646377945660e-38
2.282952354169575739e-06 4.344827586206896797e+01 4.680739031012351151e-38
3.569174865606782901e-06 4.344827586206896797e+01 5.886480737485497357e-38
5.580059171192390368e-06 4.344827586206896797e+01 7.420369430233975092e-38
8.723881996942955131e-06 4.344827586206896797e+01 9.384411376100578242e-38
1.363894445591021312e-05 4.344827586206896797e+01 1.187739909728054129e-37
2.132316850876592016e-05 4.344827586206896797e+01 1.500614354552213750e-37
3.333670847645394986e-05 4.344827586206896797e+01 1.919433426904374170e-37
5.211871451408407345e-05 4.344827586206896797e+01 2.453977667611789486e-37
8.148256161879867084e-05 4.344827586206896797e+01 3.159162030332174772e-37
1.273900922127918576e-04 4.344827586206896797e+01 4.085688026985161692e-37
1.991620694241847593e-04 4.344827586206896797e+01 5.310354768149095124e-37
3.113706035400827066e-04 4.344827586206896797e+01 6.979580708403770721e-37
4.867977774544171641e-04 4.344827586206896797e+01 9.214623636578603850e-37
7.610611709658538296e-04 4.344827586206896797e+01 1.221002850069432996e-36
1.189845419962200354e-03 4.344827586206896797e+01 1.612410953054010021e-36
1.860208058714039403e-03 4.344827586206896797e+01 2.114463894186995578e-36
2.908255109150721662e-03 4.344827586206896797e+01 2.697852559518585738e-36
4.546775152532265760e-03 4.344827586206896797e+01 3.316044676354226428e-36
7.108442523710327247e-03 4.344827586206896797e+01 3.904852871821602736e-36
1.111336132044076462e-02 4.344827586206896797e+01 4.418973604764145440e-36
1.737466391923549874e-02 4.344827586206896797e+01 4.871239646775212080e-36
2.716360402600592402e-02 4.344827586206896797e+01 5.368673998911072062e-36
4.246766366886432775e-02 4.344827586206896797e+01 6.034754239235969309e-36
6.639407847961335818e-02 4.344827586206896797e+01 7.124983379704497695e-36
1.038007103835326822e-01 4.344827586206896797e+01 9.201375553845469448e-36
1.622823559398361148e-01 4.344827586206896797e+01 0.000000000000000000e+00
2.537127438923734712e-01 4.344827586206896797e+01 0.000000000000000000e+00
3.966552989732381462e-01 4.344827586206896797e+01 0.000000000000000000e+00
9.999999999999999547e-08 4.965517241379310320e+01 1.062285723601761234e-38
1.563403134142530628e-07 4.965517241379310320e+01 1.334192270180035746e-38
2.444229359846687273e-07 4.965517241379310320e+01 1.668134606873357967e-38
3.821315841747502258e-07 4.965517241379310320e+01 2.089284605645834727e-38
5.974257163536547787e-07 4.965517241379310320e+01 2.613938036768277823e-38
9.340172373646522676e-07 4.965517241379310320e+01 3.281909052499415116e-38
1.460245476239042244e-06 4.965517241379310320e+01 4.126251609687284770e-38
2.282952354169575739e-06 4.965517241379310320e+01 5.172873048629612626e-38
3.569174865606782901e-06 4.965517241379310320e+01 6.510305887401930232e-38
5.580059171192390368e-06 4.965517241379310320e+01 8.192159510691668541e-38
8.723881996942955131e-06 4.965517241379310320e+01 1.034435503423776400e-37
1.363894445591021312e-05 4.965517241379310320e+01 1.305970029001513846e-37
2.132316850876592016e-05 4.965517241379310320e+01 1.658387825579990646e-37
3.333670847645394986e-05 4.965517241379310320e+01 2.103315422647569604e-37
5.211871451408407345e-05 4.965517241379310320e+01 2.675294402553754371e-37
8.148256161879867084e-05 4.965517241379310320e+01 3.439197905760694228e-37
1.273900922127918576e-04 4.965517241379310320e+01 4.418892577754888181e-37
1.991620694241847593e-04 4.965517241379310320e+01 5.710043126620540922e-37
3.113706035400827066e-04 4.965517241379310320e+01 7.418523694700157227e-37
4.867977774544171641e-04 4.965517241379310320e+01 9.673939469765693202e-37
7.610611709658538296e-04 4.965517241379310320e+01 1.257399260400131298e-36
1.189845419962200354e-03 4.965517241379310320e+01 1.626961412621889893e-36
1.860208058714039403e-03 4.965517241379310320e+01 2.072555281066379770e-36
2.908255109150721662e-03 4.965517241379310320e+01 2.572864884022103756e-36
4.546775152532265760e-03 4.965517241379310320e+01 3.076544419707020794e-36
7.108442523710327247e-03 4.965517241379310320e+01 3.531142277707785060e-36
1.111336132044076462e-02 4.965517241379310320e+01 3.918156997007110569e-36
1.737466391923549874e-02 4.965517241379310320e+01 4.275294957826143260e-36
2.716360402600592402e-02 4.965517241379310320e+01 4.672873264194184521e-36
4.246766366886432775e-02 4.965517241379310320e+01 5.233267938888395068e-36
6.639407847961335818e-02 4.965517241379310320e+01 6.184580529382255174e-36
1.038007103835326822e-01 4.965517241379310320e+01 7.995859560486794744e-36
1.622823559398361148e-01 4.965517241379310320e+01 0.000000000000000000e+00
2.537127438923734712e-01 4.965517241379310320e+01 0.000000000000000000e+00
3.966552989732381462e-01 4.965517241379310320e+01 0.000000000000000000e+00
9.999999999999999547e-08 5.586206896551724554e+01 1.154017013772955402e-38
1.563403134142530628e-07 5.586206896551724554e+01 1.447282371380058124e-38
2.444229359846687273e-07 5.586206896551724554e+01 1.808258511263655033e-38
3.821315841747502258e-07 5.586206896551724554e+01 2.266689626688976274e-38
5.974257163536547787e-07 5.586206896551724554e+01 2.842709496603114629e-38
9.340172373646522676e-07 5.586206896551724554e+01 3.558855272031789190e-38
1.460245476239042244e-06 5.586206896551724554e+01 4.461406400722383248e-38
2.282952354169575739e-06 5.586206896551724554e+01 5.607241099976786102e-38
3.569174865606782901e-06 5.586206896551724554e+01 7.029501882856070328e-38
5.580059171192390368e-06 5.586206896551724554e+01 8.852109733021138586e-38
8.723881996942955131e-06 5.586206896551724554e+01 1.113688613189609725e-37
1.363894445591021312e-05 5.586206896551724554e+01 1.411234180846133703e-37
2.132316850876592016e-05 5.586206896551724554e+01 1.777728684194195449e-37
3.333670847645394986e-05 5.586206896551724554e+01 2.250225450991994387e-37
5.211871451408407345e-05 5.586206896551724554e+01 2.863663661663030133e-37
8.148256161879867084e-05 5.586206896551724554e+01 3.655298423907600580e-37
1.273900922127918576e-04 5.586206896551724554e+01 4.688479258151743872e-37
1.991620694241847593e-04 5.586206896551724554e+01 5.985272703790002241e-37
3.113706035400827066e-04 5.586206896551724554e+01 7.704453115927923449e-37
4.867977774544171641e-04 5.586206896551724554e+01 9.939023201997174247e-37
7.610611709658538296e-04 5.586206896551724554e+01 1.274680127208291266e-36
1.189845419962200354e-03 5.586206896551724554e+01 1.612667619373680962e-36
1.860208058714039403e-03 5.586206896551724554e+01 2.009355402056413168e-36
2.908255109150721662e-03 5.586206896551724554e+01 2.428392774768885522e-36
4.546775152532265760e-03 5.586206896551724554e+01 2.830171071142041464e-36
7.108442523710327247e-03 5.586206896551724554e+01 3.186546000201168232e-36
1.111336132044076462e-02 5.586206896551724554e+01 3.500940148723306637e-36
1.737466391923549874e-02 5.586206896551724554e+01 3.787573900634968978e-36
2.716360402600592402e-02 5.586206896551724554e+01 4.120354672099808852e-36
4.246766366886432775e-02 5.586206896551724554e+01 4.593298915623393565e-36
6.639407847961335818e-02 5.586206896551724554e+01 5.421251436270339553e-36
1.038007103835326822e-01 5.586206896551724554e+01 7.061232612088137650e-36
1.622823559398361148e-01 5.586206896551724554e+01 1.091477546620136813e-35
2.537127438923734712e-01 5.586206896551724554e+01 0.000000000000000000e+00
3.966552989732381462e-01 5.586206896551724554e+01 0.000000000000000000e+00
9.999999999999999547e-08 6.206896551724138078e+01 1.232646217282589791e-38
1.563403134142530628e-07 6.206896551724138078e+01 1.539445127194367441e-38
2.444229359846687273e-07 6.206896551724138078e+01 1.931568451393009078e-38
3.821315841747502258e-07 6.206896551724138078e+01 2.411954963192695145e-38
5.974257163536547787e-07 6.206896551724138078e+01 3.024101844701102821e-38
9.340172373646522676e-07 6.206896551724138078e+01 3.787518667018392879e-38
1.460245476239042244e-06 6.206896551724138078e+01 4.747137118731757262e-38
2.282952354169575739e-06 6.206896551724138078e+01 5.950807489711506564e-38
3.569174865606782901e-06 6.206896551724138078e+01 7.472610694794164071e-38
5.580059171192390368e-06 6.206896551724138078e+01 9.387336555301969927e-38
8.723881996942955131e-06 6.206896551724138078e+01 1.183037414102991128e-37
1.363894445591021312e-05 6.206896551724138078e+01 1.492132418363058703e-37
2.132316850876592016e-05 6.206896551724138078e+01 1.879834596704548561e-37
3.333670847645394986e-05 6.206896551724138078e+01 2.373407838159467268e-37
5.211871451408407345e-05 6.206896551724138078e+01 3.003551258096542761e-37
8.148256161879867084e-05 6.206896551724138078e+01 3.819806251161295468e-37
1.273900922127918576e-04 6.206896551724138078e+01 4.848490553239961723e-37
1.991620694241847593e-04 6.206896551724138078e+01 6.190799367366705709e-37
3.113706035400827066e-04 6.206896551724138078e+01 7.881744226148246572e-37
4.867977774544171641e-04 6.206896551724138078e+01 1.000970385281573337e-36
7.610611709658538296e-04 6.206896551724138078e+01 1.263415188659559109e-36
1.189845419962200354e-03 6.206896551724138078e+01 1.569078856633928175e-36
1.860208058714039403e-03 6.206896551724138078e+01 1.922280407441473442e-36
2.908255109150721662e-03 6.206896551724138078e+01 2.271370054944225610e-36
4.546775152532265760e-03 6.206896551724138078e+01 2.600846758765226152e-36
7.108442523710327247e-03 6.206896551724138078e+01 2.882981311112926334e-36
1.111336132044076462e-02 6.206896551724138078e+01 3.123954454167909195e-36
1.737466391923549874e-02 6.206896551724138078e+01 3.368809803210728105e-36
2.716360402600592402e-02 6.206896551724138078e+01 3.653703914751796334e-36
4.246766366886432775e-02 6.206896551724138078e+01 4.063963550063165209e-36
6.639407847961335818e-02 6.206896551724138078e+01 4.814154618593108180e-36
1.038007103835326822e-01 6.206896551724138078e+01 6.259954344208962727e-36
1.622823559398361148e-01 6.206896551724138078e+01 9.809240713030830044e-36
2.537127438923734712e-01 6.206896551724138078e+01 7.750270346627112040e-35
3.966552989732381462e-01 6.206896551724138078e+01 0.000000000000000000e+00
9.999999999999999547e-08 6.827586206896552312e+01 1.292758647890205730e-38
1.563403134142530628e-07 6.827586206896552312e+01 1.619969503517075982e-38
2.444229359846687273e-07 6.827586206896552312e+01 2.027943907642840099e-38
3.821315841747502258e-07 6.827586206896552312e+01 2.536074047053690831e-38
5.974257163536547787e-07 6.827586206896552312e+01 3.179619657907449678e-38
9.340172373646522676e-07 6.827586206896552312e+01 3.973450655248696742e-38
1.460245476239042244e-06 6.827586206896552312e+01 4.987372941994219792e-38
2.282952354169575739e-06 6.827586206896552312e+01 6.244729468792463259e-38
3.569174865606782901e-06 6.827586206896552312e+01 7.840911915364135633e-38
5.580059171192390368e-06 6.827586206896552312e+01 9.821548537070965538e-38
8.723881996942955131e-06 6.827586206896552312e+01 1.232869783363579401e-37
1.363894445591021312e-05 6.827586206896552312e+01 1.556298296527363156e-37
2.132316850876592016e-05 6.827586206896552312e+01 1.955247660436963905e-37
3.333670847645394986e-05 6.827586206896552312e+01 2.459254399624132215e-37
5.211871451408407345e-05 6.827586206896552312e+01 3.109221112806820123e-37
8.148256161879867084e-05 6.827586206896552312e+01 3.927153707733243778e-37
1.273900922127918576e-04 6.827586206896552312e+01 4.953200407118733562e-37
1.991620694241847593e-04 6.827586206896552312e+01 6.259176061859864405e-37
3.113706035400827066e-04 6.827586206896552312e+01 7.917509739104922923e-37
4.867977774544171641e-04 6.827586206896552312e+01 9.920707207464903997e-37
7.610611709658538296e-04 6.827586206896552312e+01 1.233420607073898360e-36
1.189845419962200354e-03 6.827586206896552312e+01 1.513649042090326683e-36
1.860208058714039403e-03 6.827586206896552312e+01 1.809243163395694815e-36
2.908255109150721662e-03 6.827586206896552312e+01 2.110683923999717743e-36
4.546775152532265760e-03 6.827586206896552312e+01 2.376218451154866300e-36
7.108442523710327247e-03 6.827586206896552312e+01 2.604279068090734877e-36
1.111336132044076462e-02 6.827586206896552312e+01 2.810628536924068893e-36
1.737466391923549874e-02 6.827586206896552312e+01 3.007479226828347346e-36
2.716360402600592402e-02 6.827586206896552312e+01 3.246243264232082517e-36
4.246766366886432775e-02 6.827586206896552312e+01 3.640308345683826981e-36
6.639407847961335818e-02 6.827586206896552312e+01 4.286286982860504196e-36
1.038007103835326822e-01 6.827586206896552312e+01 5.607185535244742012e-36
1.622823559398361148e-01 6.827586206896552312e+01 8.962274466613479508e-36
2.537127438923734712e-01 6.827586206896552312e+01 8.643632821307953777e-35
3.966552989732381462e-01 6.827586206896552312e+01 0.000000000000000000e+00
9.999999999999999547e-08 7.448275862068965125e+01 1.341842796045359371e-38
1.563403134142530628e-07 7.448275862068965125e+01 1.678042330528257095e-38
2.444229359846687273e-07 7.448275862068965125e+01 2.099295696003808824e-38
3.821315841747502258e-07 7.448275862068965125e+01 2.626836526817387226e-38
5.974257163536547787e-07 7.448275862068965125e+01 3.287545831040413660e-38
9.340172373646522676e-07 7.448275862068965125e+01 4.105930467410869303e-38
1.460245476239042244e-06 7.448275862068965125e+01 5.156163226663637344e-38
2.282952354169575739e-06 7.448275862068965125e+01 6.439582909184737534e-38
3.569174865606782901e-06 7.448275862068965125e+01 8.073462757415731566e-38
5.580059171192390368e-06 7.448275862068965125e+01 1.015214795077273465e-37
8.723881996942955131e-06 7.448275862068965125e+01 1.273150597449615105e-37
1.363894445591021312e-05 7.448275862068965125e+01 1.594688887099806072e-37
2.132316850876592016e-05 7.448275862068965125e+01 2.005077480197156691e-37
3.333670847645394986e-05 7.448275862068965125e+01 2.515965042152614305e-37
5.211871451408407345e-05 7.448275862068965125e+01 3.157508853376299486e-37
8.148256161879867084e-05 7.448275862068965125e+01 3.981301940243337510e-37
1.273900922127918576e-04 7.448275862068965125e+01 4.997887915683090483e-37
1.991620694241847593e-04 7.448275862068965125e+01 6.273328926640134990e-37
3.113706035400827066e-04 7.448275862068965125e+01 7.849391105224279829e-37
4.867977774544171641e-04 7.448275862068965125e+01 9.730242864384464411e-37
7.610611709658538296e-04 7.448275862068965125e+01 1.194714354661166129e-36
1.189845419962200354e-03 7.448275862068965125e+01 1.442105992351546117e-36
1.860208058714039403e-03 7.448275862068965125e+01 1.699856263912697038e-36
2.908255109150721662e-03 7.448275862068965125e+01 1.953736186948995385e-36
4.546775152532265760e-03 7.448275862068965125e+01 2.176762387853894312e-36
7.108442523710327247e-03 7.448275862068965125e+01 2.360221641404261022e-36
1.111336132044076462e-02 7.448275862068965125e+01 2.525426977284626933e-36
1.737466391923549874e-02 7.448275862068965125e+01 2.692770635990883777e-36
2.716360402600592402e-02 7.448275862068965125e+01 2.919123214956121269e-36
4.246766366886432775e-02 7.448275862068965125e+01 3.259808618037496110e-36
6.639407847961335818e-02 7.448275862068965125e+01 3.848057525972606426e-36
1.038007103835326822e-01 7.448275862068965125e+01 5.061652185796273845e-36
1.622823559398361148e-01 7.448275862068965125e+01 8.380084405418811981e-36
2.537127438923734712e-01 7.448275862068965125e+01 8.750830728315021261e-35
3.966552989732381462e-01 7.448275862068965125e+01 0.000000000000000000e+00
9.999999999999999547e-08 8.068965517241380780e+01 1.371069430315482325e-38
1.563403134142530628e-07 8.068965517241380780e+01 1.714386960899922640e-38
2.444229359846687273e-07 8.068965517241380780e+01 2.149682321595781498e-38
3.821315841747502258e-07 8.068965517241380780e+01 2.680987271823859658e-38
5.974257163536547787e-07 8.068965517241380780e+01 3.361991849031327240e-38
9.340172373646522676e-07 8.068965517241380780e+01 4.214200931142250219e-38
1.460245476239042244e-06 8.068965517241380780e+01 5.257552924682844754e-38
2.282952354169575739e-06 8.068965517241380780e+01 6.584947568807952072e-38
3.569174865606782901e-06 8.068965517241380780e+01 8.250476982088659328e-38
5.580059171192390368e-06 8.068965517241380780e+01 1.030470383054466975e-37
8.723881996942955131e-06 8.068965517241380780e+01 1.294894690389924394e-37
1.363894445591021312e-05 8.068965517241380780e+01 1.616517584491507384e-37
2.132316850876592016e-05 8.068965517241380780e+01 2.029917513250028305e-37
3.333670847645394986e-05 8.068965517241380780e+01 2.538631102691862355e-37
5.211871451408407345e-05 8.068965517241380780e+01 3.183961601796837440e-37
8.148256161879867084e-05 8.068965517241380780e+01 3.978786505959719201e-37
1.273900922127918576e-04 8.068965517241380780e+01 4.980477013755038925e-37
1.991620694241847593e-04 8.068965517241380780e+01 6.204711376987053228e-37
3.113706035400827066e-04 8.068965517241380780e+01 7.659704655115178659e-37
4.867977774544171641e-04 8.068965517241380780e+01 9.435866775511325332e-37
7.610611709658538296e-04 8.068965517241380780e+01 1.147240775243750748e-36
1.189845419962200354e-03 8.068965517241380780e+01 1.363294706257259507e-36
1.860208058714039403e-03 8.068965517241380780e+01 1.585850629202630252e-36
2.908255109150721662e-03 8.068965517241380780e+01 1.802579672564972957e-36
4.546775152532265760e-03 8.068965517241380780e+01 1.979475842239678230e-36
7.108442523710327247e-03 8.068965517241380780e+01 2.140917173918655429e-36
1.111336132044076462e-02 8.068965517241380780e+01 2.280151212006545761e-36
1.737466391923549874e-02 8.068965517241380780e+01 2.424675597439302391e-36
2.716360402600592402e-02 8.068965517241380780e+01 2.620564889479466003e-36
4.246766366886432775e-02 8.068965517241380780e+01 2.929975370267022676e-36
6.639407847961335818e-02 8.068965517241380780e+01 3.470797801911130593e-36
1.038007103835326822e-01 8.068965517241380780e+01 4.575004046838861488e-36
1.622823559398361148e-01 8.068965517241380780e+01 8.126589435948672664e-36
2.537127438923734712e-01 8.068965517241380780e+01 8.076889483460413676e-35
3.966552989732381462e-01 8.068965517241380780e+01 0.000000000000000000e+00
9.999999999999999547e-08 8.689655172413793593e+01 1.385659957538047831e-38
1.563403134142530628e-07 8.689655172413793593e+01 1.729719236431366962e-38
2.444229359846687273e-07 8.689655172413793593e+01 2.167933765101768262e-38
3.821315841747502258e-07 8.689655172413793593e+01 2.715327729880975687e-38
5.974257163536547787e-07 8.689655172413793593e+01 3.396005162701364969e-38
9.340172373646522676e-07 8.689655172413793593e+01 4.238969553285647208e-38
1.460245476239042244e-06 8.689655172413793593e+01 5.316303929802177473e-38
2.282952354169575739e-06 8.689655172413793593e+01 6.625470591486714822e-38
3.569174865606782901e-06 8.689655172413793593e+01 8.314252791121583259e-38
5.580059171192390368e-06 8.689655172413793593e+01 1.037741672308658078e-37
8.723881996942955131e-06 8.689655172413793593e+01 1.297153265148098506e-37
1.363894445591021312e-05 8.689655172413793593e+01 1.620359146255585885e-37
2.132316850876592016e-05 8.689655172413793593e+01 2.029932826936859720e-37
3.333670847645394986e-05 8.689655172413793593e+01 2.538782738532234915e-37
5.211871451408407345e-05 8.689655172413793593e+01 3.163193321964878009e-37
8.148256161879867084e-05 8.689655172413793593e+01 3.936675547241014864e-37
1.273900922127918576e-04 8.689655172413793593e+01 4.893931457556560900e-37
1.991620694241847593e-04 8.689655172413793593e+01 6.061490091334693936e-37
3.113706035400827066e-04 8.689655172413793593e+01 7.451747910878303051e-37
4.867977774544171641e-04 8.689655172413793593e+01 9.075795492576283232e-37
7.610611709658538296e-04 8.689655172413793593e+01 1.088260586472281604e-36
1.189845419962200354e-03 8.689655172413793593e+01 1.279849868868717367e-36
1.860208058714039403e-03 8.689655172413793593e+01 1.476299187370687864e-36
2.908255109150721662e-03 8.689655172413793593e+01 1.650177845202176762e-36
4.546775152532265760e-03 8.689655172413793593e+01 1.803465094581203125e-36
7.108442523710327247e-03 8.689655172413793593e+01 1.935303859788954081e-36
1.111336132044076462e-02 8.689655172413793593e+01 2.054940744096174140e-36
1.737466391923549874e-02 8.689655172413793593e+01 2.183916962784832740e-36
2.716360402600592402e-02 8.689655172413793593e+01 2.359609861482708852e-36
4.246766366886432775e-02 8.689655172413793593e+01 2.633363754798504145e-36
6.639407847961335818e-02 8.689655172413793593e+01 3.132520064345439795e-36
1.038007103835326822e-01 8.689655172413793593e+01 4.134939581628779755e-36
1.622823559398361148e-01 8.689655172413793593e+01 8.083174623885020273e-36
2.537127438923734712e-01 8.689655172413793593e+01 6.879386103441942596e-35
3.966552989732381462e-01 8.689655172413793593e+01 0.000000000000000000e+00
9.999999999999999547e-08 9.310344827586206407e+01 1.384907047293907046e-38
1.563403134142530628e-07 9.310344827586206407e+01 1.733337967428185511e-38
2.444229359846687273e-07 9.310344827586206407e+01 2.174003259581458879e-38
3.821315841747502258e-07 9.310344827586206407e+01 2.712242334427739203e-38
5.974257163536547787e-07 9.310344827586206407e+01 3.383846121893463615e-38
9.340172373646522676e-07 9.310344827586206407e+01 4.225357252776323664e-38
1.460245476239042244e-06 9.310344827586206407e+01 5.291599543748330199e-38
2.282952354169575739e-06 9.310344827586206407e+01 6.608015514205655561e-38
3.569174865606782901e-06 9.310344827586206407e+01 8.248667117461933133e-38
5.580059171192390368e-06 9.310344827586206407e+01 1.031559408821786954e-37
8.723881996942955131e-06 9.310344827586206407e+01 1.287570840337220241e-37
1.363894445591021312e-05 9.310344827586206407e+01 1.611731523962699292e-37
2.132316850876592016e-05 9.310344827586206407e+01 2.005422351034689112e-37
3.333670847645394986e-05 9.310344827586206407e+01 2.499724761912195385e-37
5.211871451408407345e-05 9.310344827586206407e+01 3.103034415582208424e-37
8.148256161879867084e-05 9.310344827586206407e+01 3.856673572817283085e-37
1.273900922127918576e-04 9.310344827586206407e+01 4.761166064806186223e-37
1.991620694241847593e-04 9.310344827586206407e+01 5.854467770582357705e-37
3.113706035400827066e-04 9.310344827586206407e+01 7.142970496931288316e-37
4.867977774544171641e-04 9.310344827586206407e+01 8.604180505275812369e-37
7.610611709658538296e-04 9.310344827586206407e+01 1.023429570406693486e-36
1.189845419962200354e-03 9.310344827586206407e+01 1.193442574032044583e-36
1.860208058714039403e-03 9.310344827586206407e+01 1.358286590942388814e-36
2.908255109150721662e-03 9.310344827586206407e+01 1.509437303253338716e-36
4.546775152532265760e-03 9.310344827586206407e+01 1.642211199571362106e-36
7.108442523710327247e-03 9.310344827586206407e+01 1.751670798731012970e-36
1.111336132044076462e-02 9.310344827586206407e+01 1.850941707105740436e-36
1.737466391923549874e-02 9.310344827586206407e+01 1.963248779705086371e-36
2.716360402600592402e-02 9.310344827586206407e+01 2.123830434221110142e-36
4.246766366886432775e-02 9.310344827586206407e+01 2.374997866608655360e-36
6.639407847961335818e-02 9.310344827586206407e+01 2.823330453220842434e-36
1.038007103835326822e-01 9.310344827586206407e+01 3.737652108055592166e-36
1.622823559398361148e-01 9.310344827586206407e+01 8.294403372137816209e-36
2.537127438923734712e-01 9.310344827586206407e+01 5.585924293724699383e-35
3.966552989732381462e-01 9.310344827586206407e+01 0.000000000000000000e+00
9.999999999999999547e-08 9.931034482758620641e+01 1.369153995473002427e-38
1.563403134142530628e-07 9.931034482758620641e+01 1.711530221880886029e-38
2.444229359846687273e-07 9.931034482758620641e+01 2.139924348347135385e-38
3.821315841747502258e-07 9.931034482758620641e+01 2.672027583639530779e-38
5.974257163536547787e-07 9.931034482758620641e+01 3.347282656876771101e-38
9.340172373646522676e-07 9.931034482758620641e+01 4.178349098496697791e-38
1.460245476239042244e-06 9.931034482758620641e+01 5.224423708226525814e-38
2.282952354169575739e-06 9.931034482758620641e+01 6.508049344649313487e-38
3.569174865606782901e-06 9.931034482758620641e+01 8.115223993925242980e-38
5.580059171192390368e-06 9.931034482758620641e+01 1.016398257590656083e-37
8.723881996942955131e-06 9.931034482758620641e+01 1.264734330673479986e-37
1.363894445591021312e-05 9.931034482758620641e+01 1.574213957611499629e-37
2.132316850876592016e-05 9.931034482758620641e+01 1.964595862565484851e-37
3.333670847645394986e-05 9.931034482758620641e+01 2.434191893301791430e-37
5.211871451408407345e-05 9.931034482758620641e+01 3.013613121636626998e-37
8.148256161879867084e-05 9.931034482758620641e+01 3.720110498271762936e-37
1.273900922127918576e-04 9.931034482758620641e+01 4.580010164019925662e-37
1.991620694241847593e-04 9.931034482758620641e+01 5.602175096225534543e-37
3.113706035400827066e-04 9.931034482758620641e+01 6.772501777079732688e-37
4.867977774544171641e-04 9.931034482758620641e+01 8.122826682556684450e-37
7.610611709658538296e-04 9.931034482758620641e+01 9.565291499053076072e-37
1.189845419962200354e-03 9.931034482758620641e+01 1.104725933005844548e-36
1.860208058714039403e-03 9.931034482758620641e+01 1.249337961316665404e-36
2.908255109150721662e-03 9.931034482758620641e+01 1.377555039883014451e-36
4.546775152532265760e-03 9.931034482758620641e+01 1.486088743435992268e-36
7.108442523710327247e-03 9.931034482758620641e+01 1.583042386048502669e-36
1.111336132044076462e-02 9.931034482758620641e+01 1.667400065723193570e-36
1.737466391923549874e-02 9.931034482758620641e+01 1.769041551562035579e-36
2.716360402600592402e-02 9.931034482758620641e+01 1.913441043422858285e-36
4.246766366886432775e-02 9.931034482758620641e+01 2.142040048758916064e-36
6.639407847961335818e-02 9.931034482758620641e+01 2.540867570923716567e-36
1.038007103835326822e-01 9.931034482758620641e+01 3.395967012520217131e-36
1.622823559398361148e-01 9.931034482758620641e+01 8.650601666603250308e-36
2.537127438923734712e-01 9.931034482758620641e+01 4.379256356804722812e-35
3.966552989732381462e-01 9.931034482758620641e+01 0.000000000000000000e+00
9.999999999999999547e-08 1.055172413793103630e+02 1.337831559805278753e-38
1.563403134142530628e-07 1.055172413793103630e+02 1.672519273898107002e-38
2.444229359846687273e-07 1.055172413793103630e+02 2.088960940775675990e-38
3.821315841747502258e-07 1.055172413793103630e+02 2.610481597396399516e-38
5.974257163536547787e-07 1.055172413793103630e+02 3.259055333149703978e-38
9.340172373646522676e-07 1.055172413793103630e+02 4.060950307340132275e-38
1.460245476239042244e-06 1.055172413793103630e+02 5.083846062887122227e-38
2.282952354169575739e-06 1.055172413793103630e+02 6.336745315463021859e-38
3.569174865606782901e-06 1.055172413793103630e+02 7.897960303253823610e-38
5.580059171192390368e-06 1.055172413793103630e+02 9.843052435863021803e-38
8.723881996942955131e-06 1.055172413793103630e+02 1.225904605549383472e-37
1.363894445591021312e-05 1.055172413793103630e+02 1.525666898619449705e-37
2.132316850876592016e-05 1.055172413793103630e+02 1.888756974938546248e-37
3.333670847645394986e-05 1.055172413793103630e+02 2.347937103837178868e-37
5.211871451408407345e-05 1.055172413793103630e+02 2.895401824292684114e-37
8.148256161879867084e-05 1.055172413793103630e+02 3.562463922804965149e-37
1.273900922127918576e-04 1.055172413793103630e+02 4.368833044139751286e-37
1.991620694241847593e-04 1.055172413793103630e+02 5.281368632547411227e-37
3.113706035400827066e-04 1.055172413793103630e+02 6.369583906787477230e-37
4.867977774544171641e-04 1.055172413793103630e+02 7.559259379702732294e-37
7.610611709658538296e-04 1.055172413793103630e+02 8.840840514036455845e-37
1.189845419962200354e-03 1.055172413793103630e+02 1.017582797583886137e-36
1.860208058714039403e-03 1.055172413793103630e+02 1.137223263881428331e-36
2.908255109150721662e-03 1.055172413793103630e+02 1.247653138350432425e-36
4.546775152532265760e-03 1.055172413793103630e+02 1.343043873862574218e-36
7.108442523710327247e-03 1.055172413793103630e+02 1.423117350280129790e-36
1.111336132044076462e-02 1.055172413793103630e+02 1.498104083116116896e-36
1.737466391923549874e-02 1.055172413793103630e+02 1.590040878907427308e-36
2.716360402600592402e-02 1.055172413793103630e+02 1.712752871089698876e-36
4.246766366886432775e-02 1.055172413793103630e+02 1.919936283924013197e-36
6.639407847961335818e-02 1.055172413793103630e+02 2.289113314456894055e-36
1.038007103835326822e-01 1.055172413793103630e+02 3.062520092129437092e-36
1.622823559398361148e-01 1.055172413793103630e+02 9.214189889131357678e-36
2.537127438923734712e-01 1.055172413793103630e+02 3.383566458628989516e-35
3.966552989732381462e-01 1.055172413793103630e+02 0.000000000000000000e+00
9.999999999999999547e-08 1.117241379310344911e+02 1.284878809783454348e-38
1.563403134142530628e-07 1.117241379310344911e+02 1.603520917538019265e-38
2.444229359846687273e-07 1.117241379310344911e+02 2.013015799325900321e-38
3.821315841747502258e-07 1.117241379310344911e+02 2.508886551061967259e-38
5.974257163536547787e-07 1.117241379310344911e+02 3.133098854987134912e-38
9.340172373646522676e-07 1.117241379310344911e+02 3.913176633983190549e-38
1.460245476239042244e-06 1.117241379310344911e+02 4.866496362170603786e-38
2.282952354169575739e-06 1.117241379310344911e+02 6.079543126762738469e-38
3.569174865606782901e-06 1.117241379310344911e+02 7.588021574445071639e-38
5.580059171192390368e-06 1.117241379310344911e+02 9.428723336333564739e-38
8.723881996942955131e-06 1.117241379310344911e+02 1.172104598219766543e-37
1.363894445591021312e-05 1.117241379310344911e+02 1.457101420829194683e-37
2.132316850876592016e-05 1.117241379310344911e+02 1.808032282794519187e-37
3.333670847645394986e-05 1.117241379310344911e+02 2.230883180182598789e-37
5.211871451408407345e-05 1.117241379310344911e+02 2.739894077254386427e-37
8.148256161879867084e-05 1.117241379310344911e+02 3.370166954544429763e-37
1.273900922127918576e-04 1.117241379310344911e+02 4.099004118697833263e-37
1.991620694241847593e-04 1.117241379310344911e+02 4.961738790840293906e-37
3.113706035400827066e-04 1.117241379310344911e+02 5.933628135346084145e-37
4.867977774544171641e-04 1.117241379310344911e+02 6.988630134537416266e-37
7.610611709658538296e-04 1.117241379310344911e+02 8.145842910782620784e-37
1.189845419962200354e-03 1.117241379310344911e+02 9.252308930386287025e-37
1.860208058714039403e-03 1.117241379310344911e+02 1.033216267875626273e-36
2.908255109150721662e-03 1.117241379310344911e+02 1.127288233975644122e-36
4.546775152532265760e-03 1.117241379310344911e+02 1.206158465183663373e-36
7.108442523710327247e-03 1.117241379310344911e+02 1.275753807367177298e-36
1.111336132044076462e-02 1.117241379310344911e+02 1.340704455335180623e-36
1.737466391923549874e-02 1.117241379310344911e+02 1.421765337124752483e-36
2.716360402600592402e-02 1.117241379310344911e+02 1.533966538570365109e-36
4.246766366886432775e-02 1.117241379310344911e+02 1.715380623144589750e-36
6.639407847961335818e-02 1.117241379310344911e+02 2.047071076413322815e-36
1.038007103835326822e-01 1.117241379310344911e+02 2.771277339574548951e-36
1.622823559398361148e-01 1.117241379310344911e+02 9.707447879943769007e-36
2.537127438923734712e-01 1.117241379310344911e+02 2.593850479339571055e-35
3.966552989732381462e-01 1.117241379310344911e+02 0.000000000000000000e+00
9.999999999999999547e-08 1.179310344827586192e+02 1.225296186698313056e-38
1.563403134142530628e-07 1.179310344827586192e+02 1.526548749013484011e-38
2.444229359846687273e-07 1.179310344827586192e+02 1.907869510158888585e-38
3.821315841747502258e-07 1.179310344827586192e+02 2.383710413437247140e-38
5.974257163536547787e-07 1.179310344827586192e+02 2.983557161271257661e-38
9.340172373646522676e-07 1.179310344827586192e+02 3.707753513816635540e-38
1.460245476239042244e-06 1.179310344827586192e+02 4.625194044833454855e-38
2.282952354169575739e-06 1.179310344827586192e+02 5.762950650143224848e-38
3.569174865606782901e-06 1.179310344827586192e+02 7.191022660704470042e-38
5.580059171192390368e-06 1.179310344827586192e+02 8.919608540375909442e-38
8.723881996942955131e-06 1.179310344827586192e+02 1.110478775392401652e-37
1.363894445591021312e-05 1.179310344827586192e+02 1.375375024550274652e-37
2.132316850876592016e-05 1.179310344827586192e+02 1.699587905873731162e-37
3.333670847645394986e-05 1.179310344827586192e+02 2.093309159624660860e-37
5.211871451408407345e-05 1.179310344827586192e+02 2.568857706314600572e-37
8.148256161879867084e-05 1.179310344827586192e+02 3.140412092354226674e-37
1.273900922127918576e-04 1.179310344827586192e+02 3.806275450776847504e-37
1.991620694241847593e-04 1.179310344827586192e+02 4.590780116198573998e-37
3.113706035400827066e-04 1.179310344827586192e+02 5.452592364647318336e-37
4.867977774544171641e-04 1.179310344827586192e+02 6.404559272230824008e-37
7.610611709658538296e-04 1.179310344827586192e+02 7.409325552319319191e-37
1.189845419962200354e-03 1.179310344827586192e+02 8.377634751579665080e-37
1.860208058714039403e-03 1.179310344827586192e+02 9.284377814649563844e-37
2.908255109150721662e-03 1.179310344827586192e+02 1.009293898392746092e-36
4.546775152532265760e-03 1.179310344827586192e+02 1.076303679548923469e-36
7.108442523710327247e-03 1.179310344827586192e+02 1.137556767622149601e-36
1.111336132044076462e-02 1.179310344827586192e+02 1.192316569240553446e-36
1.737466391923549874e-02 1.179310344827586192e+02 1.259924439242656412e-36
2.716360402600592402e-02 1.179310344827586192e+02 1.362726460519542250e-36
4.246766366886432775e-02 1.179310344827586192e+02 1.530329233179976221e-36
6.639407847961335818e-02 1.179310344827586192e+02 1.828930304657447287e-36
1.038007103835326822e-01 1.179310344827586192e+02 2.494514411306968901e-36
1.622823559398361148e-01 1.179310344827586192e+02 1.015472942181708370e-35
2.537127438923734712e-01 1.179310344827586192e+02 1.992277161831258696e-35
3.966552989732381462e-01 1.179310344827586192e+02 0.000000000000000000e+00
9.999999999999999547e-08 1.241379310344827616e+02 1.143772633653839945e-38
1.563403134142530628e-07 1.241379310344827616e+02 1.429420115752500688e-38
2.444229359846687273e-07 1.241379310344827616e+02 1.783314138259411415e-38
3.821315841747502258e-07 1.241379310344827616e+02 2.231056063827558684e-38
5.974257163536547787e-07 1.241379310344827616e+02 2.786063453497073601e-38
9.340172373646522676e-07 1.241379310344827616e+02 3.465616509382685236e-38
1.460245476239042244e-06 1.241379310344827616e+02 4.322155220115131918e-38
2.282952354169575739e-06 1.241379310344827616e+02 5.383481527285855936e-38
3.569174865606782901e-06 1.241379310344827616e+02 6.735548655157331332e-38
5.580059171192390368e-06 1.241379310344827616e+02 8.323355827555863115e-38
8.723881996942955131e-06 1.241379310344827616e+02 1.033469900328234357e-37
1.363894445591021312e-05 1.241379310344827616e+02 1.275739355493817767e-37
2.132316850876592016e-05 1.241379310344827616e+02 1.578914726318589802e-37
3.333670847645394986e-05 1.241379310344827616e+02 1.941324270928864161e-37
5.211871451408407345e-05 1.241379310344827616e+02 2.374086640140977813e-37
8.148256161879867084e-05 1.241379310344827616e+02 2.898161041674393809e-37
1.273900922127918576e-04 1.241379310344827616e+02 3.494238759689118097e-37
1.991620694241847593e-04 1.241379310344827616e+02 4.187741440184237682e-37
3.113706035400827066e-04 1.241379310344827616e+02 4.967430699466684714e-37
4.867977774544171641e-04 1.241379310344827616e+02 5.792160372856829161e-37
7.610611709658538296e-04 1.241379310344827616e+02 6.659643036699510613e-37
1.189845419962200354e-03 1.241379310344827616e+02 7.503320774192752444e-37
1.860208058714039403e-03 1.241379310344827616e+02 8.257155451932028078e-37
2.908255109150721662e-03 1.241379310344827616e+02 8.963518469045862245e-37
4.546775152532265760e-03 1.241379310344827616e+02 9.556419276629760308e-37
7.108442523710327247e-03 1.241379310344827616e+02 1.003847135079293309e-36
1.111336132044076462e-02 1.241379310344827616e+02 1.053641037676908103e-36
1.737466391923549874e-02 1.241379310344827616e+02 1.117095748124042294e-36
2.716360402600592402e-02 1.241379310344827616e+02 1.203403870477994686e-36
4.246766366886432775e-02 1.241379310344827616e+02 1.353827260998855236e-36
6.639407847961335818e-02 1.241379310344827616e+02 1.621401989972808092e-36
1.038007103835326822e-01 1.241379310344827616e+02 2.240984400934199860e-36
1.622823559398361148e-01 1.241379310344827616e+02 1.037317122470826951e-35
2.537127438923734712e-01 1.241379310344827616e+02 1.507299121893570262e-35
3.966552989732381462e-01 1.241379310344827616e+02 0.000000000000000000e+00
9.999999999999999547e-08 1.303448275862068897e+02 1.054378599796931949e-38
1.563403134142530628e-07 1.303448275862068897e+02 1.318175620344171975e-38
2.444229359846687273e-07 1.303448275862068897e+02 1.644369190430848131e-38
3.821315841747502258e-07 1.303448275862068897e+02 2.051689719368960729e-38
5.974257163536547787e-07 1.303448275862068897e+02 2.555038919825507268e-38
9.340172373646522676e-07 1.303448275862068897e+02 3.184696373337887100e-38
1.460245476239042244e-06 1.303448275862068897e+02 3.970051841432641261e-38
2.282952354169575739e-06 1.303448275862068897e+02 4.943711304694441239e-38
3.569174865606782901e-06 1.303448275862068897e+02 6.150244516479245217e-38
5.580059171192390368e-06 1.303448275862068897e+02 7.638109478808229160e-38
8.723881996942955131e-06 1.303448275862068897e+02 9.459722455573548307e-38
1.363894445591021312e-05 1.303448275862068897e+02 1.170494047153557971e-37
2.132316850876592016e-05 1.303448275862068897e+02 1.439336480296391348e-37
3.333670847645394986e-05 1.303448275862068897e+02 1.767687375147355689e-37
5.211871451408407345e-05 1.303448275862068897e+02 2.159920031076526507e-37
8.148256161879867084e-05 1.303448275862068897e+02 2.623495592054199438e-37
1.273900922127918576e-04 1.303448275862068897e+02 3.152075503303527931e-37
1.991620694241847593e-04 1.303448275862068897e+02 3.770047647623358999e-37
3.113706035400827066e-04 1.303448275862068897e+02 4.452595812164852953e-37
4.867977774544171641e-04 1.303448275862068897e+02 5.168436603982030623e-37
7.610611709658538296e-04 1.303448275862068897e+02 5.913232684491050161e-37
1.189845419962200354e-03 1.303448275862068897e+02 6.637629722953883270e-37
1.860208058714039403e-03 1.303448275862068897e+02 7.318034861184293919e-37
2.908255109150721662e-03 1.303448275862068897e+02 7.876246446546104660e-37
4.546775152532265760e-03 1.303448275862068897e+02 8.363739644024023292e-37
7.108442523710327247e-03 1.303448275862068897e+02 8.800298566503438856e-37
1.111336132044076462e-02 1.303448275862068897e+02 9.212756917537909461e-37
1.737466391923549874e-02 1.303448275862068897e+02 9.756452458188737593e-37
2.716360402600592402e-02 1.303448275862068897e+02 1.054754558950314927e-36
4.246766366886432775e-02 1.303448275862068897e+02 1.181173307121225664e-36
6.639407847961335818e-02 1.303448275862068897e+02 1.420440808427316549e-36
1.038007103835326822e-01 1.303448275862068897e+02 1.995292445659618224e-36
1.622823559398361148e-01 1.303448275862068897e+02 1.025086899709438553e-35
2.537127438923734712e-01 1.303448275862068897e+02 1.128144508210390090e-35
3.966552989732381462e-01 1.303448275862068897e+02 0.000000000000000000e+00
9.999999999999999547e-08 1.365517241379310462e+02 9.478021165325369282e-39
1.563403134142530628e-07 1.365517241379310462e+02 1.184279237254037427e-38
2.444229359846687273e-07 1.365517241379310462e+02 1.482008772408244344e-38
3.821315841747502258e-07 1.365517241379310462e+02 1.846515657004082547e-38
5.974257163536547787e-07 1.365517241379310462e+02 2.307417365459681150e-38
9.340172373646522676e-07 1.365517241379310462e+02 2.867403151580605030e-38
1.460245476239042244e-06 1.365517241379310462e+02 3.575220705697883222e-38
2.282952354169575739e-06 1.365517241379310462e+02 4.448554574778220208e-38
3.569174865606782901e-06 1.365517241379310462e+02 5.533817066666333174e-38
5.580059171192390368e-06 1.365517241379310462e+02 6.848310640087544084e-38
8.723881996942955131e-06 1.365517241379310462e+02 8.488559520464306009e-38
1.363894445591021312e-05 1.365517241379310462e+02 1.044904331080397260e-37
2.132316850876592016e-05 1.365517241379310462e+02 1.289586333312561159e-37
3.333670847645394986e-05 1.365517241379310462e+02 1.577139355501135073e-37
5.211871451408407345e-05 1.365517241379310462e+02 1.924787362571130477e-37
8.148256161879867084e-05 1.365517241379310462e+02 2.330857764201926429e-37
1.273900922127918576e-04 1.365517241379310462e+02 2.798689989638239182e-37
1.991620694241847593e-04 1.365517241379310462e+02 3.339723235479693664e-37
3.113706035400827066e-04 1.365517241379310462e+02 3.919740160938182298e-37
4.867977774544171641e-04 1.365517241379310462e+02 4.534752877433964009e-37
7.610611709658538296e-04 1.365517241379310462e+02 5.162537455740440521e-37
1.189845419962200354e-03 1.365517241379310462e+02 5.786674225737594343e-37
1.860208058714039403e-03 1.365517241379310462e+02 6.346110464645748864e-37
2.908255109150721662e-03 1.365517241379310462e+02 6.808462625473789340e-37
4.546775152532265760e-03 1.365517241379310462e+02 7.217286768026357088e-37
7.108442523710327247e-03 1.365517241379310462e+02 7.590544464838332775e-37
1.111336132044076462e-02 1.365517241379310462e+02 7.948546663891700359e-37
1.737466391923549874e-02 1.365517241379310462e+02 8.424374477684261842e-37
2.716360402600592402e-02 1.365517241379310462e+02 9.097715298009788301e-37
4.246766366886432775e-02 1.365517241379310462e+02 1.022303410462523089e-36
6.639407847961335818e-02 1.365517241379310462e+02 1.226540160553375906e-36
1.038007103835326822e-01 1.365517241379310462e+02 1.751864583190537760e-36
1.622823559398361148e-01 1.365517241379310462e+02 9.710463146350558504e-36
2.537127438923734712e-01 1.365517241379310462e+02 8.341794197743781828e-36
3.966552989732381462e-01 1.365517241379310462e+02 0.000000000000000000e+00
9.999999999999999547e-08 1.427586206896551744e+02 8.329817839234285498e-39
1.563403134142530628e-07 1.427586206896551744e+02 1.043603587342904816e-38
2.444229359846687273e-07 1.427586206896551744e+02 1.300538529259983737e-38
3.821315841747502258e-07 1.427586206896551744e+02 1.627513997417263454e-38
5.974257163536547787e-07 1.427586206896551744e+02 2.028851600449064931e-38
9.340172373646522676e-07 1.427586206896551744e+02 2.521095373649848276e-38
1.460245476239042244e-06 1.427586206896551744e+02 3.141720002125000151e-38
2.282952354169575739e-06 1.427586206896551744e+02 3.905796794729432017e-38
3.569174865606782901e-06 1.427586206896551744e+02 4.850739850235494460e-38
5.580059171192390368e-06 1.427586206896551744e+02 6.011125835855517800e-38
8.723881996942955131e-06 1.427586206896551744e+02 7.437114202787745845e-38
1.363894445591021312e-05 1.427586206896551744e+02 9.182099829182766079e-38
2.132316850876592016e-05 1.427586206896551744e+02 1.125867802503334772e-37
3.333670847645394986e-05 1.427586206896551744e+02 1.379049419997462695e-37
5.211871451408407345e-05 1.427586206896551744e+02 1.676538385542698135e-37
8.148256161879867084e-05 1.427586206896551744e+02 2.030485809617051049e-37
1.273900922127918576e-04 1.427586206896551744e+02 2.431034752859927079e-37
1.991620694241847593e-04 1.427586206896551744e+02 2.887359199722499994e-37
3.113706035400827066e-04 1.427586206896551744e+02 3.376742181984824313e-37
4.867977774544171641e-04 1.427586206896551744e+02 3.901283182506465003e-37
7.610611709658538296e-04 1.427586206896551744e+02 4.419224736681907876e-37
1.189845419962200354e-03 1.427586206896551744e+02 4.945855297980264088e-37
1.860208058714039403e-03 1.427586206896551744e+02 5.396953452769099828e-37
2.908255109150721662e-03 1.427586206896551744e+02 5.795766522969033229e-37
4.546775152532265760e-03 1.427586206896551744e+02 6.124178975383386015e-37
7.108442523710327247e-03 1.427586206896551744e+02 6.428429420571334953e-37
1.111336132044076462e-02 1.427586206896551744e+02 6.733288334885864719e-37
1.737466391923549874e-02 1.427586206896551744e+02 7.143524376988315876e-37
2.716360402600592402e-02 1.427586206896551744e+02 7.702371243155231837e-37
4.246766366886432775e-02 1.427586206896551744e+02 8.649251780529713600e-37
6.639407847961335818e-02 1.427586206896551744e+02 1.040911801468831893e-36
1.038007103835326822e-01 1.427586206896551744e+02 1.514166301845113215e-36
1.622823559398361148e-01 1.427586206896551744e+02 8.830398688874335695e-36
2.537127438923734712e-01 1.427586206896551744e+02 6.052854019162799014e-36
3.966552989732381462e-01 1.427586206896551744e+02 0.000000000000000000e+00
9.999999999999999547e-08 1.489655172413793025e+02 7.122011040778104966e-39
1.563403134142530628e-07 1.489655172413793025e+02 8.864354545647000162e-39
2.444229359846687273e-07 1.489655172413793025e+02 1.109536528650925589e-38
3.821315841747502258e-07 1.489655172413793025e+02 1.383210891290601929e-38
5.974257163536547787e-07 1.489655172413793025e+02 1.721903983614449492e-38
9.340172373646522676e-07 1.489655172413793025e+02 2.147216230437212098e-38
1.460245476239042244e-06 1.489655172413793025e+02 2.671483606479079809e-38
2.282952354169575739e-06 1.489655172413793025e+02 3.323433994786889580e-38
3.569174865606782901e-06 1.489655172413793025e+02 4.126024293800311050e-38
5.580059171192390368e-06 1.489655172413793025e+02 5.113294365352179087e-38
8.723881996942955131e-06 1.489655172413793025e+02 6.299103661206495336e-38
1.363894445591021312e-05 1.489655172413793025e+02 7.785814137650022972e-38
2.132316850876592016e-05 1.489655172413793025e+02 9.552380961814526752e-38
3.333670847645394986e-05 1.489655172413793025e+02 1.166691440514249014e-37
5.211871451408407345e-05 1.489655172413793025e+02 1.416372735648470304e-37
8.148256161879867084e-05 1.489655172413793025e+02 1.704336608906402585e-37
1.273900922127918576e-04 1.489655172413793025e+02 2.044514521622163791e-37
1.991620694241847593e-04 1.489655172413793025e+02 2.418056657271470298e-37
3.113706035400827066e-04 1.489655172413793025e+02 2.813015142829372547e-37
4.867977774544171641e-04 1.489655172413793025e+02 3.254006198196113176e-37
7.610611709658538296e-04 1.489655172413793025e+02 3.692964721718126209e-37
1.189845419962200354e-03 1.489655172413793025e+02 4.099271664051366948e-37
1.860208058714039403e-03 1.489655172413793025e+02 4.476222098953047026e-37
2.908255109150721662e-03 1.489655172413793025e+02 4.796846055857750219e-37
4.546775152532265760e-03 1.489655172413793025e+02 5.063636218341591138e-37
7.108442523710327247e-03 1.489655172413793025e+02 5.313128330684674238e-37
1.111336132044076462e-02 1.489655172413793025e+02 5.554966316635095041e-37
1.737466391923549874e-02 1.489655172413793025e+02 5.891036681451332024e-37
2.716360402600592402e-02 1.489655172413793025e+02 6.359005130222027679e-37
4.246766366886432775e-02 1.489655172413793025e+02 7.150632030804379551e-37
6.639407847961335818e-02 1.489655172413793025e+02 8.598751758740275366e-37
1.038007103835326822e-01 1.489655172413793025e+02 1.283741428590135460e-36
1.622823559398361148e-01 1.489655172413793025e+02 7.735409025446245340e-36
2.537127438923734712e-01 1.489655172413793025e+02 4.314939121444194764e-36
3.966552989732381462e-01 1.489655172413793025e+02 0.000000000000000000e+00
9.999999999999999547e-08 1.551724137931034591e+02 5.790073583465663982e-39
1.563403134142530628e-07 1.551724137931034591e+02 7.234448373255422171e-39
2.444229359846687273e-07 1.551724137931034591e+02 9.006205691831552629e-39
3.821315841747502258e-07 1.551724137931034591e+02 1.122075929978120363e-38
5.974257163536547787e-07 1.551724137931034591e+02 1.404535502150445121e-38
9.340172373646522676e-07 1.551724137931034591e+02 1.744856974765015620e-38
1.460245476239042244e-06 1.551724137931034591e+02 2.175379637376936581e-38
2.282952354169575739e-06 1.551724137931034591e+02 2.699388097211485211e-38
3.569174865606782901e-06 1.551724137931034591e+02 3.345715119967566727e-38
5.580059171192390368e-06 1.551724137931034591e+02 4.141945552987681448e-38
8.723881996942955131e-06 1.551724137931034591e+02 5.116705500275862542e-38
1.363894445591021312e-05 1.551724137931034591e+02 6.298530412220368806e-38
2.132316850876592016e-05 1.551724137931034591e+02 7.723729804256327961e-38
3.333670847645394986e-05 1.551724137931034591e+02 9.423791240813893502e-38
5.211871451408407345e-05 1.551724137931034591e+02 1.145626364897772228e-37
8.148256161879867084e-05 1.551724137931034591e+02 1.378412503153789832e-37
1.273900922127918576e-04 1.551724137931034591e+02 1.645683652994354072e-37
1.991620694241847593e-04 1.551724137931034591e+02 1.942049759955136046e-37
3.113706035400827066e-04 1.551724137931034591e+02 2.271897057383937033e-37
4.867977774544171641e-04 1.551724137931034591e+02 2.611614903001160417e-37
7.610611709658538296e-04 1.551724137931034591e+02 2.945992259871654129e-37
1.189845419962200354e-03 1.551724137931034591e+02 3.268832469588276691e-37
1.860208058714039403e-03 1.551724137931034591e+02 3.560577567092463914e-37
2.908255109150721662e-03 1.551724137931034591e+02 3.810269258365190819e-37
4.546775152532265760e-03 1.551724137931034591e+02 4.027091295565432024e-37
7.108442523710327247e-03 1.551724137931034591e+02 4.199276606986685190e-37
1.111336132044076462e-02 1.551724137931034591e+02 4.410118281421013073e-37
1.737466391923549874e-02 1.551724137931034591e+02 4.661829262314869185e-37
2.716360402600592402e-02 1.551724137931034591e+02 5.036911794718469795e-37
4.246766366886432775e-02 1.551724137931034591e+02 5.668269092847659646e-37
6.639407847961335818e-02 1.551724137931034591e+02 6.837343184171869157e-37
1.038007103835326822e-01 1.551724137931034591e+02 1.036681707793547852e-36
1.622823559398361148e-01 1.551724137931034591e+02 6.368386658786530828e-36
2.537127438923734712e-01 1.551724137931034591e+02 3.007112274857458815e-36
3.966552989732381462e-01 1.551724137931034591e+02 0.000000000000000000e+00
9.999999999999999547e-08 1.613793103448276156e+02 4.414308556102750814e-39
1.563403134142530628e-07 1.613793103448276156e+02 5.486796853234011850e-39
2.444229359846687273e-07 1.613793103448276156e+02 6.864146610894464285e-39
3.821315841747502258e-07 1.613793103448276156e+02 8.555283074832680887e-39
5.974257163536547787e-07 1.613793103448276156e+02 1.066591664385388268e-38
9.340172373646522676e-07 1.613793103448276156e+02 1.324207798392011517e-38
1.460245476239042244e-06 1.613793103448276156e+02 1.650626395360758436e-38
2.282952354169575739e-06 1.613793103448276156e+02 2.049449192802702694e-38
3.569174865606782901e-06 1.613793103448276156e+02 2.538414269186386126e-38
5.580059171192390368e-06 1.613793103448276156e+02 3.148542713916732145e-38
8.723881996942955131e-06 1.613793103448276156e+02 3.875421162655938818e-38
1.363894445591021312e-05 1.613793103448276156e+02 4.770175163427253350e-38
2.132316850876592016e-05 1.613793103448276156e+02 5.847031876331043315e-38
3.333670847645394986e-05 1.613793103448276156e+02 7.131340803365177985e-38
5.211871451408407345e-05 1.613793103448276156e+02 8.653277874769403570e-38
8.148256161879867084e-05 1.613793103448276156e+02 1.042323928895010633e-37
1.273900922127918576e-04 1.613793103448276156e+02 1.243258538576771090e-37
1.991620694241847593e-04 1.613793103448276156e+02 1.466639924279343136e-37
3.113706035400827066e-04 1.613793103448276156e+02 1.708875810465422976e-37
4.867977774544171641e-04 1.613793103448276156e+02 1.957818127093848336e-37
7.610611709658538296e-04 1.613793103448276156e+02 2.207932996771965847e-37
1.189845419962200354e-03 1.613793103448276156e+02 2.437994881625159363e-37
1.860208058714039403e-03 1.613793103448276156e+02 2.659730857002470235e-37
2.908255109150721662e-03 1.613793103448276156e+02 2.839255187177217056e-37
4.546775152532265760e-03 1.613793103448276156e+02 2.999126061176223194e-37
7.108442523710327247e-03 1.613793103448276156e+02 3.146228879695923283e-37
1.111336132044076462e-02 1.613793103448276156e+02 3.290102955499388839e-37
1.737466391923549874e-02 1.613793103448276156e+02 3.472871461775224334e-37
2.716360402600592402e-02 1.613793103448276156e+02 3.751901871669902629e-37
4.246766366886432775e-02 1.613793103448276156e+02 4.236302743156656609e-37
6.639407847961335818e-02 1.613793103448276156e+02 5.086386402065347900e-37
1.038007103835326822e-01 1.613793103448276156e+02 7.875037392664732912e-37
1.622823559398361148e-01 1.613793103448276156e+02 4.931571271939872392e-36
2.537127438923734712e-01 1.613793103448276156e+02 2.035783377994756823e-36
3.966552989732381462e-01 1.613793103448276156e+02 0.000000000000000000e+00
9.999999999999999547e-08 1.675862068965517437e+02 2.960453039636693949e-39
1.563403134142530628e-07 1.675862068965517437e+02 3.698635351162901824e-39
2.444229359846687273e-07 1.675862068965517437e+02 4.611597246102360158e-39
3.821315841747502258e-07 1.675862068965517437e+02 5.756485991629663024e-39
5.974257163536547787e-07 1.675862068965517437e+02 7.189644209508707075e-39
9.340172373646522676e-07 1.675862068965517437e+02 8.942675351046052016e-39
1.460245476239042244e-06 1.675862068965517437e+02 1.107754897252219459e-38
2.282952354169575739e-06 1.675862068965517437e+02 1.381448655283711560e-38
3.569174865606782901e-06 1.675862068965517437e+02 1.707376280822366831e-38
5.580059171192390368e-06 1.675862068965517437e+02 2.114908785879333813e-38
8.723881996942955131e-06 1.675862068965517437e+02 2.611740858753332678e-38
1.363894445591021312e-05 1.675862068965517437e+02 3.215495897485059910e-38
2.132316850876592016e-05 1.675862068965517437e+02 3.926777335706325942e-38
3.333670847645394986e-05 1.675862068965517437e+02 4.784216464137988335e-38
5.211871451408407345e-05 1.675862068965517437e+02 5.806213860267494488e-38
8.148256161879867084e-05 1.675862068965517437e+02 6.978112259611349957e-38
1.273900922127918576e-04 1.675862068965517437e+02 8.305756401640841886e-38
1.991620694241847593e-04 1.675862068965517437e+02 9.792663352691455604e-38
3.113706035400827066e-04 1.675862068965517437e+02 1.139349498947389330e-37
4.867977774544171641e-04 1.675862068965517437e+02 1.305022997571346254e-37
7.610611709658538296e-04 1.675862068965517437e+02 1.466805824245806066e-37
1.189845419962200354e-03 1.675862068965517437e+02 1.626643266827287183e-37
1.860208058714039403e-03 1.675862068965517437e+02 1.768478124814328670e-37
2.908255109150721662e-03 1.675862068965517437e+02 1.889624905415359296e-37
4.546775152532265760e-03 1.675862068965517437e+02 1.988885733924332232e-37
7.108442523710327247e-03 1.675862068965517437e+02 2.082426819522360958e-37
1.111336132044076462e-02 1.675862068965517437e+02 2.176360303119606718e-37
1.737466391923549874e-02 1.675862068965517437e+02 2.308722943080142632e-37
2.716360402600592402e-02 1.675862068965517437e+02 2.496874517387498834e-37
4.246766366886432775e-02 1.675862068965517437e+02 2.807137745651833207e-37
6.639407847961335818e-02 1.675862068965517437e+02 3.396469833674481384e-37
1.038007103835326822e-01 1.675862068965517437e+02 5.280934623600837382e-37
1.622823559398361148e-01 1.675862068965517437e+02 3.308936017476394833e-36
2.537127438923734712e-01 1.675862068965517437e+02 1.235601382802718427e-36
3.966552989732381462e-01 1.675862068965517437e+02 0.000000000000000000e+00
9.999999999999999547e-08 1.737931034482758719e+02 1.489829219131270998e-39
1.563403134142530628e-07 1.737931034482758719e+02 1.856535531734121111e-39
2.444229359846687273e-07 1.737931034482758719e+02 2.321353488963693087e-39
3.821315841747502258e-07 1.737931034482758719e+02 2.895102220986884401e-39
5.974257163536547787e-07 1.737931034482758719e+02 3.608874612585149632e-39
9.340172373646522676e-07 1.737931034482758719e+02 4.481534156182449644e-39
1.460245476239042244e-06 1.737931034482758719e+02 5.576498081282893941e-39
2.282952354169575739e-06 1.737931034482758719e+02 6.920209877163498544e-39
3.569174865606782901e-06 1.737931034482758719e+02 8.609426044517657723e-39
5.580059171192390368e-06 1.737931034482758719e+02 1.060296954711420877e-38
8.723881996942955131e-06 1.737931034482758719e+02 1.311660643946250220e-38
1.363894445591021312e-05 1.737931034482758719e+02 1.615704759579424845e-38
2.132316850876592016e-05 1.737931034482758719e+02 1.976203197012065477e-38
3.333670847645394986e-05 1.737931034482758719e+02 2.408242740976051547e-38
5.211871451408407345e-05 1.737931034482758719e+02 2.908605420214640346e-38
8.148256161879867084e-05 1.737931034482758719e+02 3.494122161606969082e-38
1.273900922127918576e-04 1.737931034482758719e+02 4.167902150884581866e-38
1.991620694241847593e-04 1.737931034482758719e+02 4.919207216171416512e-38
3.113706035400827066e-04 1.737931034482758719e+02 5.706550597291418557e-38
4.867977774544171641e-04 1.737931034482758719e+02 6.530512121697010821e-38
7.610611709658538296e-04 1.737931034482758719e+02 7.329801025101520203e-38
1.189845419962200354e-03 1.737931034482758719e+02 8.138756369800969691e-38
1.860208058714039403e-03 1.737931034482758719e+02 8.839414557702781582e-38
2.908255109150721662e-03 1.737931034482758719e+02 9.428688881240413495e-38
4.546775152532265760e-03 1.737931034482758719e+02 9.928432823761608492e-38
7.108442523710327247e-03 1.737931034482758719e+02 1.038938245926288456e-37
1.111336132044076462e-02 1.737931034482758719e+02 1.088603369989511402e-37
1.737466391923549874e-02 1.737931034482758719e+02 1.151783527520399594e-37
2.716360402600592402e-02 1.737931034482758719e+02 1.242655951476430644e-37
4.246766366886432775e-02 1.737931034482758719e+02 1.399289714382981517e-37
6.639407847961335818e-02 1.737931034482758719e+02 1.691155262626940931e-37
1.038007103835326822e-01 1.737931034482758719e+02 2.660171233079005873e-37
1.622823559398361148e-01 1.737931034482758719e+02 1.659283138553882080e-36
2.537127438923734712e-01 1.737931034482758719e+02 5.877278670459606115e-37
3.966552989732381462e-01 1.737931034482758719e+02 0.000000000000000000e+00
9.999999999999999547e-08 1.800000000000000000e+02 1.686490561511438606e-54
1.563403134142530628e-07 1.800000000000000000e+02 2.111576262821431176e-54
2.444229359846687273e-07 1.800000000000000000e+02 2.628988751682949302e-54
3.821315841747502258e-07 1.800000000000000000e+02 3.282570991524220563e-54
5.974257163536547787e-07 1.800000000000000000e+02 4.083299311180487628e-54
9.340172373646522676e-07 1.800000000000000000e+02 5.076459510547126523e-54
1.460245476239042244e-06 1.800000000000000000e+02 6.320597462399022297e-54
2.282952354169575739e-06 1.800000000000000000e+02 0.000000000000000000e+00
3.569174865606782901e-06 1.800000000000000000e+02 9.734449367241839351e-54
5.580059171192390368e-06 1.800000000000000000e+02 1.205188614912037731e-53
8.723881996942955131e-06 1.800000000000000000e+02 1.482631794977150757e-53
1.363894445591021312e-05 1.800000000000000000e+02 1.824684879849130957e-53
2.132316850876592016e-05 1.800000000000000000e+02 2.237982511923452956e-53
3.333670847645394986e-05 1.800000000000000000e+02 2.723872728319904334e-53
5.211871451408407345e-05 1.800000000000000000e+02 3.296203022320816954e-53
8.148256161879867084e-05 1.800000000000000000e+02 3.958441878339183460e-53
1.273900922127918576e-04 1.800000000000000000e+02 4.712473114232703649e-53
1.991620694241847593e-04 1.800000000000000000e+02 5.551988511476529383e-53
3.113706035400827066e-04 1.800000000000000000e+02 6.437332114937622128e-53
4.867977774544171641e-04 1.800000000000000000e+02 7.374617878123050186e-53
7.610611709658538296e-04 1.800000000000000000e+02 8.305558652351119555e-53
1.189845419962200354e-03 1.800000000000000000e+02 9.195228056072149378e-53
1.860208058714039403e-03 1.800000000000000000e+02 9.958038019356090857e-53
2.908255109150721662e-03 1.800000000000000000e+02 1.065629466865390212e-52
4.546775152532265760e-03 1.800000000000000000e+02 1.121140096732553810e-52
7.108442523710327247e-03 1.800000000000000000e+02 1.174949762910343513e-52
1.111336132044076462e-02 1.800000000000000000e+02 1.229810581772370336e-52
1.737466391923549874e-02 1.800000000000000000e+02 1.300154400240940210e-52
2.716360402600592402e-02 1.800000000000000000e+02 1.405059903135992063e-52
4.246766366886432775e-02 1.800000000000000000e+02 1.583816393048452510e-52
6.639407847961335818e-02 1.800000000000000000e+02 1.904604612503153167e-52
1.038007103835326822e-01 1.800000000000000000e+02 3.004095718922791578e-52
1.622823559398361148e-01 1.800000000000000000e+02 1.895140493177845960e-51
2.537127438923734712e-01 1.800000000000000000e+02 6.509683276957625839e-52
3.966552989732381462e-01 1.800000000000000000e+02 0.000000000000000000e+00
