# atom 16: Tchi 0.4520353656360243 [GeV]; m_chi = 0.1 [GeV]; mS = 0.2 [GeV]; gchi =0.01; gN = 0.01
# Tchi^prime [GeV], theta [degree] ,dsigma/dTchip dtheta [cm^2/GeV]
9.999999999999999547e-08 0.000000000000000000e+00 0.000000000000000000e+00
1.567058383000412467e-07 0.000000000000000000e+00 0.000000000000000000e+00
2.455671975731871866e-07 0.000000000000000000e+00 0.000000000000000000e+00
3.848181355469815166e-07 0.000000000000000000e+00 0.000000000000000000e+00
6.030324852394863719e-07 0.000000000000000000e+00 0.000000000000000000e+00
9.449871112161095467e-07 0.000000000000000000e+00 0.000000000000000000e+00
1.480849974458550485e-06 0.000000000000000000e+00 0.000000000000000000e+00
2.320578366441218132e-06 0.000000000000000000e+00 0.000000000000000000e+00
3.636481782541113467e-06 0.000000000000000000e+00 0.000000000000000000e+00
5.698579261959346132e-06 0.000000000000000000e+00 0.000000000000000000e+00
8.930006403645696271e-06 0.000000000000000000e+00 0.000000000000000000e+00
1.399384139508035302e-05 0.000000000000000000e+00 0.000000000000000000e+00
2.192916646853889756e-05 0.000000000000000000e+00 0.000000000000000000e+00
3.436428414673535470e-05 0.000000000000000000e+00 0.000000000000000000e+00
5.385083954794991939e-05 0.000000000000000000e+00 0.000000000000000000e+00
8.438740954522506142e-05 0.000000000000000000e+00 0.000000000000000000e+00
1.322399975475340838e-04 0.000000000000000000e+00 0.000000000000000000e+00
2.072277967248174811e-04 0.000000000000000000e+00 0.000000000000000000e+00
3.247380560483306157e-04 0.000000000000000000e+00 0.000000000000000000e+00
5.088834930097947858e-04 0.000000000000000000e+00 0.000000000000000000e+00
7.974501436915305743e-04 0.000000000000000000e+00 0.000000000000000000e+00
1.249650932696697806e-03 0.000000000000000000e+00 0.000000000000000000e+00
1.958275969906644355e-03 0.000000000000000000e+00 0.000000000000000000e+00
3.068732774870470102e-03 0.000000000000000000e+00 0.000000000000000000e+00
4.808883420048897482e-03 0.000000000000000000e+00 0.000000000000000000e+00
7.535801076259317395e-03 0.000000000000000000e+00 0.000000000000000000e+00
1.180904024917569378e-02 0.000000000000000000e+00 0.000000000000000000e+00
1.850545551766008545e-02 0.000000000000000000e+00 0.000000000000000000e+00
2.899912920019047380e-02 0.000000000000000000e+00 0.000000000000000000e+00
4.544332851287052888e-02 0.000000000000000000e+00 0.000000000000000000e+00
7.121234889753541575e-02 0.000000000000000000e+00 0.000000000000000000e+00
1.115939083130332854e-01 0.000000000000000000e+00 0.000000000000000000e+00
1.748741695137182028e-01 0.000000000000000000e+00 0.000000000000000000e+00
2.740380333067072849e-01 0.000000000000000000e+00 0.000000000000000000e+00
4.294335973542230955e-01 0.000000000000000000e+00 0.000000000000000000e+00
9.999999999999999547e-08 6.206896551724137900e+00 1.235951957502269571e-40
1.567058383000412467e-07 6.206896551724137900e+00 1.547205581294635073e-40
2.455671975731871866e-07 6.206896551724137900e+00 1.937706033667825591e-40
3.848181355469815166e-07 6.206896551724137900e+00 2.427257464161651691e-40
6.030324852394863719e-07 6.206896551724137900e+00 3.043218759732131199e-40
9.449871112161095467e-07 6.206896551724137900e+00 3.817011172789618724e-40
1.480849974458550485e-06 6.206896551724137900e+00 4.771870843979048515e-40
2.320578366441218132e-06 6.206896551724137900e+00 5.988442185062633776e-40
3.636481782541113467e-06 6.206896551724137900e+00 7.491789358891860504e-40
5.698579261959346132e-06 6.206896551724137900e+00 9.394826290795364787e-40
8.930006403645696271e-06 6.206896551724137900e+00 1.176301509560351398e-39
1.399384139508035302e-05 6.206896551724137900e+00 1.475070207339874961e-39
2.192916646853889756e-05 6.206896551724137900e+00 1.855832295465808333e-39
3.436428414673535470e-05 6.206896551724137900e+00 2.334905432258236393e-39
5.385083954794991939e-05 6.206896551724137900e+00 2.938318966776030777e-39
8.438740954522506142e-05 6.206896551724137900e+00 3.700651553468774239e-39
1.322399975475340838e-04 6.206896551724137900e+00 4.659073214838881954e-39
2.072277967248174811e-04 6.206896551724137900e+00 5.899775244059718666e-39
3.247380560483306157e-04 6.206896551724137900e+00 7.486184099085240142e-39
5.088834930097947858e-04 6.206896551724137900e+00 9.540383660130038672e-39
7.974501436915305743e-04 6.206896551724137900e+00 1.220160351861647014e-38
1.249650932696697806e-03 6.206896551724137900e+00 1.571094453579444164e-38
1.958275969906644355e-03 6.206896551724137900e+00 2.038937046570234017e-38
3.068732774870470102e-03 6.206896551724137900e+00 2.671446149279333331e-38
4.808883420048897482e-03 6.206896551724137900e+00 3.540249168334811134e-38
7.535801076259317395e-03 6.206896551724137900e+00 4.805382228721430581e-38
1.180904024917569378e-02 6.206896551724137900e+00 6.647636015215628517e-38
1.850545551766008545e-02 6.206896551724137900e+00 9.560491616052415023e-38
2.899912920019047380e-02 6.206896551724137900e+00 1.438669628722137017e-37
4.544332851287052888e-02 6.206896551724137900e+00 2.292157154912380533e-37
7.121234889753541575e-02 6.206896551724137900e+00 3.964764531932792448e-37
1.115939083130332854e-01 6.206896551724137900e+00 7.692075050083273715e-37
1.748741695137182028e-01 6.206896551724137900e+00 0.000000000000000000e+00
2.740380333067072849e-01 6.206896551724137900e+00 0.000000000000000000e+00
4.294335973542230955e-01 6.206896551724137900e+00 0.000000000000000000e+00
9.999999999999999547e-08 1.241379310344827580e+01 2.454886684068849947e-40
1.567058383000412467e-07 1.241379310344827580e+01 3.075044360905975034e-40
2.455671975731871866e-07 1.241379310344827580e+01 3.853156917249118458e-40
3.848181355469815166e-07 1.241379310344827580e+01 4.829038079007035629e-40
6.030324852394863719e-07 1.241379310344827580e+01 6.038236682709143892e-40
9.449871112161095467e-07 1.241379310344827580e+01 7.570714452442736118e-40
1.480849974458550485e-06 1.241379310344827580e+01 9.471708353006339430e-40
2.320578366441218132e-06 1.241379310344827580e+01 1.186521354360153393e-39
3.636481782541113467e-06 1.241379310344827580e+01 1.491190039141801456e-39
5.698579261959346132e-06 1.241379310344827580e+01 1.864605448135926006e-39
8.930006403645696271e-06 1.241379310344827580e+01 2.338831570668596074e-39
1.399384139508035302e-05 1.241379310344827580e+01 2.938388719620784636e-39
2.192916646853889756e-05 1.241379310344827580e+01 3.692476225431344470e-39
3.436428414673535470e-05 1.241379310344827580e+01 4.632849142898330748e-39
5.385083954794991939e-05 1.241379310344827580e+01 5.834055919867169062e-39
8.438740954522506142e-05 1.241379310344827580e+01 7.351059615029615931e-39
1.322399975475340838e-04 1.241379310344827580e+01 9.289802710855237684e-39
2.072277967248174811e-04 1.241379310344827580e+01 1.170054505896192585e-38
3.247380560483306157e-04 1.241379310344827580e+01 1.487485126761051717e-38
5.088834930097947858e-04 1.241379310344827580e+01 1.892447620134492979e-38
7.974501436915305743e-04 1.241379310344827580e+01 2.426392498613491149e-38
1.249650932696697806e-03 1.241379310344827580e+01 3.113055996342491344e-38
1.958275969906644355e-03 1.241379310344827580e+01 4.042045920281250980e-38
3.068732774870470102e-03 1.241379310344827580e+01 5.288137275020886816e-38
4.808883420048897482e-03 1.241379310344827580e+01 7.022321450861721461e-38
7.535801076259317395e-03 1.241379310344827580e+01 9.483005998932797130e-38
1.180904024917569378e-02 1.241379310344827580e+01 1.313003791296125016e-37
1.850545551766008545e-02 1.241379310344827580e+01 1.880259179612033772e-37
2.899912920019047380e-02 1.241379310344827580e+01 2.807230153113770685e-37
4.544332851287052888e-02 1.241379310344827580e+01 4.437989045336597908e-37
7.121234889753541575e-02 1.241379310344827580e+01 7.559064090425658990e-37
1.115939083130332854e-01 1.241379310344827580e+01 1.437521897743982971e-36
1.748741695137182028e-01 1.241379310344827580e+01 0.000000000000000000e+00
2.740380333067072849e-01 1.241379310344827580e+01 0.000000000000000000e+00
4.294335973542230955e-01 1.241379310344827580e+01 0.000000000000000000e+00
9.999999999999999547e-08 1.862068965517241281e+01 3.646577305021158065e-40
1.567058383000412467e-07 1.862068965517241281e+01 4.576670214569926907e-40
2.455671975731871866e-07 1.862068965517241281e+01 5.704998164493206716e-40
3.848181355469815166e-07 1.862068965517241281e+01 7.163380846613390201e-40
6.030324852394863719e-07 1.862068965517241281e+01 8.975847366863331146e-40
9.449871112161095467e-07 1.862068965517241281e+01 1.123752322435532429e-39
1.480849974458550485e-06 1.862068965517241281e+01 1.407145807486808003e-39
2.320578366441218132e-06 1.862068965517241281e+01 1.768421973256638722e-39
3.636481782541113467e-06 1.862068965517241281e+01 2.209310791236761382e-39
5.698579261959346132e-06 1.862068965517241281e+01 2.780998734416411862e-39
8.930006403645696271e-06 1.862068965517241281e+01 3.481886723348022977e-39
1.399384139508035302e-05 1.862068965517241281e+01 4.366955519044067085e-39
2.192916646853889756e-05 1.862068965517241281e+01 5.480220273851583492e-39
3.436428414673535470e-05 1.862068965517241281e+01 6.876906032138858745e-39
5.385083954794991939e-05 1.862068965517241281e+01 8.655096612711291985e-39
8.438740954522506142e-05 1.862068965517241281e+01 1.089467484125656016e-38
1.322399975475340838e-04 1.862068965517241281e+01 1.377945627283553356e-38
2.072277967248174811e-04 1.862068965517241281e+01 1.742984767868092921e-38
3.247380560483306157e-04 1.862068965517241281e+01 2.211816227291136764e-38
5.088834930097947858e-04 1.862068965517241281e+01 2.805306607885255355e-38
7.974501436915305743e-04 1.862068965517241281e+01 3.578968475006664145e-38
1.249650932696697806e-03 1.862068965517241281e+01 4.612985399829220866e-38
1.958275969906644355e-03 1.862068965517241281e+01 5.964189794659457024e-38
3.068732774870470102e-03 1.862068965517241281e+01 7.796314949757289179e-38
4.808883420048897482e-03 1.862068965517241281e+01 1.033643196140739511e-37
7.535801076259317395e-03 1.862068965517241281e+01 1.391596911836254779e-37
1.180904024917569378e-02 1.862068965517241281e+01 1.918866701090382072e-37
1.850545551766008545e-02 1.862068965517241281e+01 2.721706803774340357e-37
2.899912920019047380e-02 1.862068965517241281e+01 4.036336984269229140e-37
4.544332851287052888e-02 1.862068965517241281e+01 6.297739129639031886e-37
7.121234889753541575e-02 1.862068965517241281e+01 1.053322025952451658e-36
1.115939083130332854e-01 1.862068965517241281e+01 1.943010903987693940e-36
1.748741695137182028e-01 1.862068965517241281e+01 0.000000000000000000e+00
2.740380333067072849e-01 1.862068965517241281e+01 0.000000000000000000e+00
4.294335973542230955e-01 1.862068965517241281e+01 0.000000000000000000e+00
9.999999999999999547e-08 2.482758620689655160e+01 4.806598637440779138e-40
1.567058383000412467e-07 2.482758620689655160e+01 6.009204225354454874e-40
2.455671975731871866e-07 2.482758620689655160e+01 7.523941520201399977e-40
3.848181355469815166e-07 2.482758620689655160e+01 9.426828442480372101e-40
6.030324852394863719e-07 2.482758620689655160e+01 1.179554159694289841e-39
9.449871112161095467e-07 2.482758620689655160e+01 1.474392291597728331e-39
1.480849974458550485e-06 2.482758620689655160e+01 1.850935723611930955e-39
2.320578366441218132e-06 2.482758620689655160e+01 2.316725098358033100e-39
3.636481782541113467e-06 2.482758620689655160e+01 2.901979364996518620e-39
5.698579261959346132e-06 2.482758620689655160e+01 3.642028340928135581e-39
8.930006403645696271e-06 2.482758620689655160e+01 4.568238551348267634e-39
1.399384139508035302e-05 2.482758620689655160e+01 5.762246142967988191e-39
2.192916646853889756e-05 2.482758620689655160e+01 7.193073721256644967e-39
3.436428414673535470e-05 2.482758620689655160e+01 9.079021984689684656e-39
5.385083954794991939e-05 2.482758620689655160e+01 1.138794216922733997e-38
8.438740954522506142e-05 2.482758620689655160e+01 1.433022758581546253e-38
1.322399975475340838e-04 2.482758620689655160e+01 1.808437311678964808e-38
2.072277967248174811e-04 2.482758620689655160e+01 2.280496181076245720e-38
3.247380560483306157e-04 2.482758620689655160e+01 2.896997000918920113e-38
5.088834930097947858e-04 2.482758620689655160e+01 3.679473100573012067e-38
7.974501436915305743e-04 2.482758620689655160e+01 4.698252053769650444e-38
1.249650932696697806e-03 2.482758620689655160e+01 6.030432701404775320e-38
1.958275969906644355e-03 2.482758620689655160e+01 7.817071176113749449e-38
3.068732774870470102e-03 2.482758620689655160e+01 1.014906185593534296e-37
4.808883420048897482e-03 2.482758620689655160e+01 1.342636969097125756e-37
7.535801076259317395e-03 2.482758620689655160e+01 1.801511875222662703e-37
1.180904024917569378e-02 2.482758620689655160e+01 2.468627817876352421e-37
1.850545551766008545e-02 2.482758620689655160e+01 3.478476031658617447e-37
2.899912920019047380e-02 2.482758620689655160e+01 5.083054375098254087e-37
4.544332851287052888e-02 2.482758620689655160e+01 7.810800566119554315e-37
7.121234889753541575e-02 2.482758620689655160e+01 1.277383633507111215e-36
1.115939083130332854e-01 2.482758620689655160e+01 2.281084487488862913e-36
1.748741695137182028e-01 2.482758620689655160e+01 0.000000000000000000e+00
2.740380333067072849e-01 2.482758620689655160e+01 0.000000000000000000e+00
4.294335973542230955e-01 2.482758620689655160e+01 0.000000000000000000e+00
9.999999999999999547e-08 3.103448275862069039e+01 5.883576859399577013e-40
1.567058383000412467e-07 3.103448275862069039e+01 7.363949607675276224e-40
2.455671975731871866e-07 3.103448275862069039e+01 9.226120343740586148e-40
3.848181355469815166e-07 3.103448275862069039e+01 1.154996799670591955e-39
6.030324852394863719e-07 3.103448275862069039e+01 1.448253878495480550e-39
9.449871112161095467e-07 3.103448275862069039e+01 1.817021875768983316e-39
1.480849974458550485e-06 3.103448275862069039e+01 2.270821684863604760e-39
2.320578366441218132e-06 3.103448275862069039e+01 2.851178575094762911e-39
3.636481782541113467e-06 3.103448275862069039e+01 3.571061067975532907e-39
5.698579261959346132e-06 3.103448275862069039e+01 4.470365455541356655e-39
8.930006403645696271e-06 3.103448275862069039e+01 5.609700153862849179e-39
1.399384139508035302e-05 3.103448275862069039e+01 7.037773756324872643e-39
2.192916646853889756e-05 3.103448275862069039e+01 8.823422051646898204e-39
3.436428414673535470e-05 3.103448275862069039e+01 1.107188180005044642e-38
5.385083954794991939e-05 3.103448275862069039e+01 1.393549411391900489e-38
8.438740954522506142e-05 3.103448275862069039e+01 1.760214340228262990e-38
1.322399975475340838e-04 3.103448275862069039e+01 2.213715144447495306e-38
2.072277967248174811e-04 3.103448275862069039e+01 2.795247492325654364e-38
3.247380560483306157e-04 3.103448275862069039e+01 3.539474498178070827e-38
5.088834930097947858e-04 3.103448275862069039e+01 4.502462343775407282e-38
7.974501436915305743e-04 3.103448275862069039e+01 5.721896311551958797e-38
1.249650932696697806e-03 3.103448275862069039e+01 7.331018125152859815e-38
1.958275969906644355e-03 3.103448275862069039e+01 9.470319364929404478e-38
3.068732774870470102e-03 3.103448275862069039e+01 1.233659493384298808e-37
4.808883420048897482e-03 3.103448275862069039e+01 1.623569952346961967e-37
7.535801076259317395e-03 3.103448275862069039e+01 2.164137180594448273e-37
1.180904024917569378e-02 3.103448275862069039e+01 2.952107364240759829e-37
1.850545551766008545e-02 3.103448275862069039e+01 4.124894270241068897e-37
2.899912920019047380e-02 3.103448275862069039e+01 5.933064641344875164e-37
4.544332851287052888e-02 3.103448275862069039e+01 8.928032926589158127e-37
7.121234889753541575e-02 3.103448275862069039e+01 1.423674667894257023e-36
1.115939083130332854e-01 3.103448275862069039e+01 2.462936393479974741e-36
1.748741695137182028e-01 3.103448275862069039e+01 0.000000000000000000e+00
2.740380333067072849e-01 3.103448275862069039e+01 0.000000000000000000e+00
4.294335973542230955e-01 3.103448275862069039e+01 0.000000000000000000e+00
9.999999999999999547e-08 3.724137931034482563e+01 6.919959809307221639e-40
1.567058383000412467e-07 3.724137931034482563e+01 8.658289092778569484e-40
2.455671975731871866e-07 3.724137931034482563e+01 1.083264214104398853e-39
3.848181355469815166e-07 3.724137931034482563e+01 1.357246688247362511e-39
6.030324852394863719e-07 3.724137931034482563e+01 1.694968626236434627e-39
9.449871112161095467e-07 3.724137931034482563e+01 2.128687767418903209e-39
1.480849974458550485e-06 3.724137931034482563e+01 2.663816411028257902e-39
2.320578366441218132e-06 3.724137931034482563e+01 3.340270742824701976e-39
3.636481782541113467e-06 3.724137931034482563e+01 4.186515612064375585e-39
5.698579261959346132e-06 3.724137931034482563e+01 5.248927675971962703e-39
8.930006403645696271e-06 3.724137931034482563e+01 6.573721302848423276e-39
1.399384139508035302e-05 3.724137931034482563e+01 8.258281996450278498e-39
2.192916646853889756e-05 3.724137931034482563e+01 1.036364843281515735e-38
3.436428414673535470e-05 3.724137931034482563e+01 1.301135496620913670e-38
5.385083954794991939e-05 3.724137931034482563e+01 1.635875590573103497e-38
8.438740954522506142e-05 3.724137931034482563e+01 2.062412088089118453e-38
1.322399975475340838e-04 3.724137931034482563e+01 2.594300223969569752e-38
2.072277967248174811e-04 3.724137931034482563e+01 3.281889940227977738e-38
3.247380560483306157e-04 3.724137931034482563e+01 4.144526033889648699e-38
5.088834930097947858e-04 3.724137931034482563e+01 5.242385417356052388e-38
7.974501436915305743e-04 3.724137931034482563e+01 6.682640848502339488e-38
1.249650932696697806e-03 3.724137931034482563e+01 8.540732548231939940e-38
1.958275969906644355e-03 3.724137931034482563e+01 1.099919819552932130e-37
3.068732774870470102e-03 3.724137931034482563e+01 1.425319648680228796e-37
4.808883420048897482e-03 3.724137931034482563e+01 1.870800714091435219e-37
7.535801076259317395e-03 3.724137931034482563e+01 2.482032825447860286e-37
1.180904024917569378e-02 3.724137931034482563e+01 3.358590660649608838e-37
1.850545551766008545e-02 3.724137931034482563e+01 4.639767810326777791e-37
2.899912920019047380e-02 3.724137931034482563e+01 6.577475530597327351e-37
4.544332851287052888e-02 3.724137931034482563e+01 9.724009797545514826e-37
7.121234889753541575e-02 3.724137931034482563e+01 1.509423517373224894e-36
1.115939083130332854e-01 3.724137931034482563e+01 2.535543773782663057e-36
1.748741695137182028e-01 3.724137931034482563e+01 4.905307668248755459e-36
2.740380333067072849e-01 3.724137931034482563e+01 0.000000000000000000e+00
4.294335973542230955e-01 3.724137931034482563e+01 0.000000000000000000e+00
9.999999999999999547e-08 4.344827586206896797e+01 7.867923255026721262e-40
1.567058383000412467e-07 4.344827586206896797e+01 9.814953665913318727e-40
2.455671975731871866e-07 4.344827586206896797e+01 1.233322014451669111e-39
3.848181355469815166e-07 4.344827586206896797e+01 1.546241776959774038e-39
6.030324852394863719e-07 4.344827586206896797e+01 1.931808589842427186e-39
9.449871112161095467e-07 4.344827586206896797e+01 2.415809260602420531e-39
1.480849974458550485e-06 4.344827586206896797e+01 3.028024835647292019e-39
2.320578366441218132e-06 4.344827586206896797e+01 3.799060250255269296e-39
3.636481782541113467e-06 4.344827586206896797e+01 4.760376664950290090e-39
5.698579261959346132e-06 4.344827586206896797e+01 5.961864684605308407e-39
8.930006403645696271e-06 4.344827586206896797e+01 7.465459339854780873e-39
1.399384139508035302e-05 4.344827586206896797e+01 9.377760592273778224e-39
2.192916646853889756e-05 4.344827586206896797e+01 1.174848118707071411e-38
3.436428414673535470e-05 4.344827586206896797e+01 1.479580617056721502e-38
5.385083954794991939e-05 4.344827586206896797e+01 1.857026714952955268e-38
8.438740954522506142e-05 4.344827586206896797e+01 2.333112263331117613e-38
1.322399975475340838e-04 4.344827586206896797e+01 2.938185625305869538e-38
2.072277967248174811e-04 4.344827586206896797e+01 3.707592678943815789e-38
3.247380560483306157e-04 4.344827586206896797e+01 4.684387002556718101e-38
5.088834930097947858e-04 4.344827586206896797e+01 5.944943901748873809e-38
7.974501436915305743e-04 4.344827586206896797e+01 7.548283014222794435e-38
1.249650932696697806e-03 4.344827586206896797e+01 9.630717973394800881e-38
1.958275969906644355e-03 4.344827586206896797e+01 1.234413684290777684e-37
3.068732774870470102e-03 4.344827586206896797e+01 1.598864718226725367e-37
4.808883420048897482e-03 4.344827586206896797e+01 2.084234145790626076e-37
7.535801076259317395e-03 4.344827586206896797e+01 2.745332433304387400e-37
1.180904024917569378e-02 4.344827586206896797e+01 3.682178961209099677e-37
1.850545551766008545e-02 4.344827586206896797e+01 5.025486544567494241e-37
2.899912920019047380e-02 4.344827586206896797e+01 7.047858668445156391e-37
4.544332851287052888e-02 4.344827586206896797e+01 1.020503865338963819e-36
7.121234889753541575e-02 4.344827586206896797e+01 1.547208375591667120e-36
1.115939083130332854e-01 4.344827586206896797e+01 2.526374412183976658e-36
1.748741695137182028e-01 4.344827586206896797e+01 4.789253293722231422e-36
2.740380333067072849e-01 4.344827586206896797e+01 3.189068055983274969e-35
4.294335973542230955e-01 4.344827586206896797e+01 0.000000000000000000e+00
9.999999999999999547e-08 4.965517241379310320e+01 8.708015178238586703e-40
1.567058383000412467e-07 4.965517241379310320e+01 1.087335527085107231e-39
2.455671975731871866e-07 4.965517241379310320e+01 1.366198637960981323e-39
3.848181355469815166e-07 4.965517241379310320e+01 1.708829613182674892e-39
6.030324852394863719e-07 4.965517241379310320e+01 2.144670593017965082e-39
9.449871112161095467e-07 4.965517241379310320e+01 2.679098789807035071e-39
1.480849974458550485e-06 4.965517241379310320e+01 3.349007482229756920e-39
2.320578366441218132e-06 4.965517241379310320e+01 4.200378901093072485e-39
3.636481782541113467e-06 4.965517241379310320e+01 5.261175815144066572e-39
5.698579261959346132e-06 4.965517241379310320e+01 6.599397500242589439e-39
8.930006403645696271e-06 4.965517241379310320e+01 8.274808869870858609e-39
1.399384139508035302e-05 4.965517241379310320e+01 1.039003838044186512e-38
2.192916646853889756e-05 4.965517241379310320e+01 1.301492249021050438e-38
3.436428414673535470e-05 4.965517241379310320e+01 1.630392561979735123e-38
5.385083954794991939e-05 4.965517241379310320e+01 2.055719486706972211e-38
8.438740954522506142e-05 4.965517241379310320e+01 2.572584392185086971e-38
1.322399975475340838e-04 4.965517241379310320e+01 3.242268892006373011e-38
2.072277967248174811e-04 4.965517241379310320e+01 4.081332958396000855e-38
3.247380560483306157e-04 4.965517241379310320e+01 5.162989535436228470e-38
5.088834930097947858e-04 4.965517241379310320e+01 6.535572414850253896e-38
7.974501436915305743e-04 4.965517241379310320e+01 8.300378278672508064e-38
1.249650932696697806e-03 4.965517241379310320e+01 1.056673565312870883e-37
1.958275969906644355e-03 4.965517241379310320e+01 1.351539071443475220e-37
3.068732774870470102e-03 4.965517241379310320e+01 1.739712279723512592e-37
4.808883420048897482e-03 4.965517241379310320e+01 2.262394403991428081e-37
7.535801076259317395e-03 4.965517241379310320e+01 2.954124615988005504e-37
1.180904024917569378e-02 4.965517241379310320e+01 3.939561872095420198e-37
1.850545551766008545e-02 4.965517241379310320e+01 5.305474268516261876e-37
2.899912920019047380e-02 4.965517241379310320e+01 7.321079356379998231e-37
4.544332851287052888e-02 4.965517241379310320e+01 1.042360824645471999e-36
7.121234889753541575e-02 4.965517241379310320e+01 1.540335308897322245e-36
1.115939083130332854e-01 4.965517241379310320e+01 2.466534321046646969e-36
1.748741695137182028e-01 4.965517241379310320e+01 4.665474666649012245e-36
2.740380333067072849e-01 4.965517241379310320e+01 4.459557555669120431e-35
4.294335973542230955e-01 4.965517241379310320e+01 0.000000000000000000e+00
9.999999999999999547e-08 5.586206896551724554e+01 9.456807365776474538e-40
1.567058383000412467e-07 5.586206896551724554e+01 1.183883996525456144e-39
2.455671975731871866e-07 5.586206896551724554e+01 1.482035396962131819e-39
3.848181355469815166e-07 5.586206896551724554e+01 1.855729541840608532e-39
6.030324852394863719e-07 5.586206896551724554e+01 2.323869592646868135e-39
9.449871112161095467e-07 5.586206896551724554e+01 2.907610049780363376e-39
1.480849974458550485e-06 5.586206896551724554e+01 3.646039452504636366e-39
2.320578366441218132e-06 5.586206896551724554e+01 4.557999703173754646e-39
3.636481782541113467e-06 5.586206896551724554e+01 5.731810183501735623e-39
5.698579261959346132e-06 5.586206896551724554e+01 7.150903829322250456e-39
8.930006403645696271e-06 5.586206896551724554e+01 8.972635286086032639e-39
1.399384139508035302e-05 5.586206896551724554e+01 1.125572415229391654e-38
2.192916646853889756e-05 5.586206896551724554e+01 1.411431329909807984e-38
3.436428414673535470e-05 5.586206896551724554e+01 1.770111164420928797e-38
5.385083954794991939e-05 5.586206896551724554e+01 2.223632195638356805e-38
8.438740954522506142e-05 5.586206896551724554e+01 2.795742116243076603e-38
1.322399975475340838e-04 5.586206896551724554e+01 3.512750835298461873e-38
2.072277967248174811e-04 5.586206896551724554e+01 4.424888861090627406e-38
3.247380560483306157e-04 5.586206896551724554e+01 5.582807104077161314e-38
5.088834930097947858e-04 5.586206896551724554e+01 7.050577671251931049e-38
7.974501436915305743e-04 5.586206896551724554e+01 8.939358661659352388e-38
1.249650932696697806e-03 5.586206896551724554e+01 1.135033070823867422e-37
1.958275969906644355e-03 5.586206896551724554e+01 1.443524546396029380e-37
3.068732774870470102e-03 5.586206896551724554e+01 1.853185934400879279e-37
4.808883420048897482e-03 5.586206896551724554e+01 2.399298136927743617e-37
7.535801076259317395e-03 5.586206896551724554e+01 3.120903233677064967e-37
1.180904024917569378e-02 5.586206896551724554e+01 4.106826169927739180e-37
1.850545551766008545e-02 5.586206896551724554e+01 5.487362563341587940e-37
2.899912920019047380e-02 5.586206896551724554e+01 7.461928767381797652e-37
4.544332851287052888e-02 5.586206896551724554e+01 1.041429413453397729e-36
7.121234889753541575e-02 5.586206896551724554e+01 1.518034676912257495e-36
1.115939083130332854e-01 5.586206896551724554e+01 2.382189538851473807e-36
1.748741695137182028e-01 5.586206896551724554e+01 4.701363123376847677e-36
2.740380333067072849e-01 5.586206896551724554e+01 5.239943986358461136e-35
4.294335973542230955e-01 5.586206896551724554e+01 0.000000000000000000e+00
9.999999999999999547e-08 6.206896551724138078e+01 1.010041865995035295e-39
1.567058383000412467e-07 6.206896551724138078e+01 1.261667771460415594e-39
2.455671975731871866e-07 6.206896551724138078e+01 1.581997560976417875e-39
3.848181355469815166e-07 6.206896551724138078e+01 1.975375531153140476e-39
6.030324852394863719e-07 6.206896551724138078e+01 2.475818238156210603e-39
9.449871112161095467e-07 6.206896551724138078e+01 3.101988428158556195e-39
1.480849974458550485e-06 6.206896551724138078e+01 3.895363917417984645e-39
2.320578366441218132e-06 6.206896551724138078e+01 4.869362733612523311e-39
3.636481782541113467e-06 6.206896551724138078e+01 6.092752498118850966e-39
5.698579261959346132e-06 6.206896551724138078e+01 7.640438892393762588e-39
8.930006403645696271e-06 6.206896551724138078e+01 9.580845793454894083e-39
1.399384139508035302e-05 6.206896551724138078e+01 1.202884706730884146e-38
2.192916646853889756e-05 6.206896551724138078e+01 1.504565829825582143e-38
3.436428414673535470e-05 6.206896551724138078e+01 1.885878363591424832e-38
5.385083954794991939e-05 6.206896551724138078e+01 2.367147520498812372e-38
8.438740954522506142e-05 6.206896551724138078e+01 2.971619671669889516e-38
1.322399975475340838e-04 6.206896551724138078e+01 3.741545159409715302e-38
2.072277967248174811e-04 6.206896551724138078e+01 4.698228697672705081e-38
3.247380560483306157e-04 6.206896551724138078e+01 5.910235261841022217e-38
5.088834930097947858e-04 6.206896551724138078e+01 7.475097663214739678e-38
7.974501436915305743e-04 6.206896551724138078e+01 9.427028634903621930e-38
1.249650932696697806e-03 6.206896551724138078e+01 1.198612764025071109e-37
1.958275969906644355e-03 6.206896551724138078e+01 1.522666064133043924e-37
3.068732774870470102e-03 6.206896551724138078e+01 1.941159601781307062e-37
4.808883420048897482e-03 6.206896551724138078e+01 2.491978769273464841e-37
7.535801076259317395e-03 6.206896551724138078e+01 3.231910549365398417e-37
1.180904024917569378e-02 6.206896551724138078e+01 4.194221794965932337e-37
1.850545551766008545e-02 6.206896551724138078e+01 5.549887939656287697e-37
2.899912920019047380e-02 6.206896551724138078e+01 7.435960282071517442e-37
4.544332851287052888e-02 6.206896551724138078e+01 1.025854218422223301e-36
7.121234889753541575e-02 6.206896551724138078e+01 1.467754864646809389e-36
1.115939083130332854e-01 6.206896551724138078e+01 2.278637003718809798e-36
1.748741695137182028e-01 6.206896551724138078e+01 5.050901898118600881e-36
2.740380333067072849e-01 6.206896551724138078e+01 5.017963667502470905e-35
4.294335973542230955e-01 6.206896551724138078e+01 0.000000000000000000e+00
9.999999999999999547e-08 6.827586206896552312e+01 1.060143145193471729e-39
1.567058383000412467e-07 6.827586206896552312e+01 1.331679990933340095e-39
2.455671975731871866e-07 6.827586206896552312e+01 1.663845797804255249e-39
3.848181355469815166e-07 6.827586206896552312e+01 2.081679347608182629e-39
6.030324852394863719e-07 6.827586206896552312e+01 2.604175156636394352e-39
9.449871112161095467e-07 6.827586206896552312e+01 3.263151699171421602e-39
1.480849974458550485e-06 6.827586206896552312e+01 4.084303706984559267e-39
2.320578366441218132e-06 6.827586206896552312e+01 5.114649329945851673e-39
3.636481782541113467e-06 6.827586206896552312e+01 6.407153249450782341e-39
5.698579261959346132e-06 6.827586206896552312e+01 8.043925777179295603e-39
8.930006403645696271e-06 6.827586206896552312e+01 1.007343654217098963e-38
1.399384139508035302e-05 6.827586206896552312e+01 1.260825783824534851e-38
2.192916646853889756e-05 6.827586206896552312e+01 1.576378616781430189e-38
3.436428414673535470e-05 6.827586206896552312e+01 1.975960742759031591e-38
5.385083954794991939e-05 6.827586206896552312e+01 2.483289050244261644e-38
8.438740954522506142e-05 6.827586206896552312e+01 3.114721064537407354e-38
1.322399975475340838e-04 6.827586206896552312e+01 3.913251375069366945e-38
2.072277967248174811e-04 6.827586206896552312e+01 4.918608738642475067e-38
3.247380560483306157e-04 6.827586206896552312e+01 6.181058327234883347e-38
5.088834930097947858e-04 6.827586206896552312e+01 7.780694980247858278e-38
7.974501436915305743e-04 6.827586206896552312e+01 9.814923046472515991e-38
1.249650932696697806e-03 6.827586206896552312e+01 1.241035910965740724e-37
1.958275969906644355e-03 6.827586206896552312e+01 1.572409159599329880e-37
3.068732774870470102e-03 6.827586206896552312e+01 2.000756754545888139e-37
4.808883420048897482e-03 6.827586206896552312e+01 2.554424407411057683e-37
7.535801076259317395e-03 6.827586206896552312e+01 3.288378976696723047e-37
1.180904024917569378e-02 6.827586206896552312e+01 4.236957003459605382e-37
1.850545551766008545e-02 6.827586206896552312e+01 5.554236687038892822e-37
2.899912920019047380e-02 6.827586206896552312e+01 7.345213590007930274e-37
4.544332851287052888e-02 6.827586206896552312e+01 9.983915110915707554e-37
7.121234889753541575e-02 6.827586206896552312e+01 1.409368143413411244e-36
1.115939083130332854e-01 6.827586206896552312e+01 2.171072852200026223e-36
1.748741695137182028e-01 6.827586206896552312e+01 5.865681411125009559e-36
2.740380333067072849e-01 6.827586206896552312e+01 4.034464525297540350e-35
4.294335973542230955e-01 6.827586206896552312e+01 0.000000000000000000e+00
9.999999999999999547e-08 7.448275862068965125e+01 1.098916351788563818e-39
1.567058383000412467e-07 7.448275862068965125e+01 1.375103934453369975e-39
2.455671975731871866e-07 7.448275862068965125e+01 1.718988951779602647e-39
3.848181355469815166e-07 7.448275862068965125e+01 2.159702462561707162e-39
6.030324852394863719e-07 7.448275862068965125e+01 2.695273140827469238e-39
9.449871112161095467e-07 7.448275862068965125e+01 3.391805345187408860e-39
1.480849974458550485e-06 7.448275862068965125e+01 4.237659370477401171e-39
2.320578366441218132e-06 7.448275862068965125e+01 5.307610743812832233e-39
3.636481782541113467e-06 7.448275862068965125e+01 6.642540044822307662e-39
5.698579261959346132e-06 7.448275862068965125e+01 8.314903872564068525e-39
8.930006403645696271e-06 7.448275862068965125e+01 1.042007726443890936e-38
1.399384139508035302e-05 7.448275862068965125e+01 1.303598214117754908e-38
2.192916646853889756e-05 7.448275862068965125e+01 1.633180711244535836e-38
3.436428414673535470e-05 7.448275862068965125e+01 2.048413118346627947e-38
5.385083954794991939e-05 7.448275862068965125e+01 2.567681411264527970e-38
8.438740954522506142e-05 7.448275862068965125e+01 3.220707125491991177e-38
1.322399975475340838e-04 7.448275862068965125e+01 4.042501786005227750e-38
2.072277967248174811e-04 7.448275862068965125e+01 5.062334769058356102e-38
3.247380560483306157e-04 7.448275862068965125e+01 6.399857242312210135e-38
5.088834930097947858e-04 7.448275862068965125e+01 8.019034955534097657e-38
7.974501436915305743e-04 7.448275862068965125e+01 1.011386115608459253e-37
1.249650932696697806e-03 7.448275862068965125e+01 1.270759647473065703e-37
1.958275969906644355e-03 7.448275862068965125e+01 1.605620271830912510e-37
3.068732774870470102e-03 7.448275862068965125e+01 2.033659425287028817e-37
4.808883420048897482e-03 7.448275862068965125e+01 2.581012845146349551e-37
7.535801076259317395e-03 7.448275862068965125e+01 3.297961620884868361e-37
1.180904024917569378e-02 7.448275862068965125e+01 4.224136571107179605e-37
1.850545551766008545e-02 7.448275862068965125e+01 5.466007274861889073e-37
2.899912920019047380e-02 7.448275862068965125e+01 7.170676269469142567e-37
4.544332851287052888e-02 7.448275862068965125e+01 9.589047567958973367e-37
7.121234889753541575e-02 7.448275862068965125e+01 1.340139827548985404e-36
1.115939083130332854e-01 7.448275862068965125e+01 2.080273131975943656e-36
1.748741695137182028e-01 7.448275862068965125e+01 7.307563451754523831e-36
2.740380333067072849e-01 7.448275862068965125e+01 2.938765085066429262e-35
4.294335973542230955e-01 7.448275862068965125e+01 0.000000000000000000e+00
9.999999999999999547e-08 8.068965517241380780e+01 1.124569562558224799e-39
1.567058383000412467e-07 8.068965517241380780e+01 1.413844994394970717e-39
2.455671975731871866e-07 8.068965517241380780e+01 1.768050027162220114e-39
3.848181355469815166e-07 8.068965517241380780e+01 2.208268005100627789e-39
6.030324852394863719e-07 8.068965517241380780e+01 2.769167269983867890e-39
9.449871112161095467e-07 8.068965517241380780e+01 3.463802887958135703e-39
1.480849974458550485e-06 8.068965517241380780e+01 4.326922409337326420e-39
2.320578366441218132e-06 8.068965517241380780e+01 5.442220123642862432e-39
3.636481782541113467e-06 8.068965517241380780e+01 6.806356120424233058e-39
5.698579261959346132e-06 8.068965517241380780e+01 8.498013188899592531e-39
8.930006403645696271e-06 8.068965517241380780e+01 1.066404763933795590e-38
1.399384139508035302e-05 8.068965517241380780e+01 1.335660042554735559e-38
2.192916646853889756e-05 8.068965517241380780e+01 1.673760232975996826e-38
3.436428414673535470e-05 8.068965517241380780e+01 2.093504650600270490e-38
5.385083954794991939e-05 8.068965517241380780e+01 2.622506351872035966e-38
8.438740954522506142e-05 8.068965517241380780e+01 3.284842212704513924e-38
1.322399975475340838e-04 8.068965517241380780e+01 4.130733873416538075e-38
2.072277967248174811e-04 8.068965517241380780e+01 5.175862193291074109e-38
3.247380560483306157e-04 8.068965517241380780e+01 6.479004906519646144e-38
5.088834930097947858e-04 8.068965517241380780e+01 8.139489979725517187e-38
7.974501436915305743e-04 8.068965517241380780e+01 1.022355429055703735e-37
1.249650932696697806e-03 8.068965517241380780e+01 1.285417555453694188e-37
1.958275969906644355e-03 8.068965517241380780e+01 1.618556845994433093e-37
3.068732774870470102e-03 8.068965517241380780e+01 2.039659943793069584e-37
4.808883420048897482e-03 8.068965517241380780e+01 2.576514692782525732e-37
7.535801076259317395e-03 8.068965517241380780e+01 3.266260189708135120e-37
1.180904024917569378e-02 8.068965517241380780e+01 4.158034315068407242e-37
1.850545551766008545e-02 8.068965517241380780e+01 5.329475442373483367e-37
2.899912920019047380e-02 8.068965517241380780e+01 6.884132073503850705e-37
4.544332851287052888e-02 8.068965517241380780e+01 9.165708531478806590e-37
7.121234889753541575e-02 8.068965517241380780e+01 1.269637766811227269e-36
1.115939083130332854e-01 8.068965517241380780e+01 2.027263734584110019e-36
1.748741695137182028e-01 8.068965517241380780e+01 9.219381380780853419e-36
2.740380333067072849e-01 8.068965517241380780e+01 2.071908759732177648e-35
4.294335973542230955e-01 8.068965517241380780e+01 0.000000000000000000e+00
9.999999999999999547e-08 8.689655172413793593e+01 1.139187546820258900e-39
1.567058383000412467e-07 8.689655172413793593e+01 1.424150362776939513e-39
2.455671975731871866e-07 8.689655172413793593e+01 1.782520335414450538e-39
3.848181355469815166e-07 8.689655172413793593e+01 2.233015171923954534e-39
6.030324852394863719e-07 8.689655172413793593e+01 2.797029485604964522e-39
9.449871112161095467e-07 8.689655172413793593e+01 3.505425997041664921e-39
1.480849974458550485e-06 8.689655172413793593e+01 4.388429556574411787e-39
2.320578366441218132e-06 8.689655172413793593e+01 5.475319018194747416e-39
3.636481782541113467e-06 8.689655172413793593e+01 6.885373336519522884e-39
5.698579261959346132e-06 8.689655172413793593e+01 8.624407416733176077e-39
8.930006403645696271e-06 8.689655172413793593e+01 1.076297353417863855e-38
1.399384139508035302e-05 8.689655172413793593e+01 1.347278630565259097e-38
2.192916646853889756e-05 8.689655172413793593e+01 1.689084810500055799e-38
3.436428414673535470e-05 8.689655172413793593e+01 2.113705091721249062e-38
5.385083954794991939e-05 8.689655172413793593e+01 2.650205319059073504e-38
8.438740954522506142e-05 8.689655172413793593e+01 3.319643796303422210e-38
1.322399975475340838e-04 8.689655172413793593e+01 4.144697243774382296e-38
2.072277967248174811e-04 8.689655172413793593e+01 5.200168442465998749e-38
3.247380560483306157e-04 8.689655172413793593e+01 6.522514637158574469e-38
5.088834930097947858e-04 8.689655172413793593e+01 8.153605695684401713e-38
7.974501436915305743e-04 8.689655172413793593e+01 1.026160388242980539e-37
1.249650932696697806e-03 8.689655172413793593e+01 1.282230768067594287e-37
1.958275969906644355e-03 8.689655172413793593e+01 1.611387987257477288e-37
3.068732774870470102e-03 8.689655172413793593e+01 2.019972752245483690e-37
4.808883420048897482e-03 8.689655172413793593e+01 2.542259071234379942e-37
7.535801076259317395e-03 8.689655172413793593e+01 3.203094367937261935e-37
1.180904024917569378e-02 8.689655172413793593e+01 4.046380942093585829e-37
1.850545551766008545e-02 8.689655172413793593e+01 5.140824656485524367e-37
2.899912920019047380e-02 8.689655172413793593e+01 6.608579969919742849e-37
4.544332851287052888e-02 8.689655172413793593e+01 8.651701778300956402e-37
7.121234889753541575e-02 8.689655172413793593e+01 1.199566912608361815e-36
1.115939083130332854e-01 8.689655172413793593e+01 2.039135236791955269e-36
1.748741695137182028e-01 8.689655172413793593e+01 1.116872053400825683e-35
2.740380333067072849e-01 8.689655172413793593e+01 1.395047912258197393e-35
4.294335973542230955e-01 8.689655172413793593e+01 0.000000000000000000e+00
9.999999999999999547e-08 9.310344827586206407e+01 1.138899498821550804e-39
1.567058383000412467e-07 9.310344827586206407e+01 1.428174056850821404e-39
2.455671975731871866e-07 9.310344827586206407e+01 1.786279823418074158e-39
3.848181355469815166e-07 9.310344827586206407e+01 2.228969554231508953e-39
6.030324852394863719e-07 9.310344827586206407e+01 2.801576574174462889e-39
9.449871112161095467e-07 9.310344827586206407e+01 3.503831498398958697e-39
1.480849974458550485e-06 9.310344827586206407e+01 4.375697667097094548e-39
2.320578366441218132e-06 9.310344827586206407e+01 5.491635618221243831e-39
3.636481782541113467e-06 9.310344827586206407e+01 6.865059115907207012e-39
5.698579261959346132e-06 9.310344827586206407e+01 8.594371539299418411e-39
8.930006403645696271e-06 9.310344827586206407e+01 1.074973710402655424e-38
1.399384139508035302e-05 9.310344827586206407e+01 1.344498031608797853e-38
2.192916646853889756e-05 9.310344827586206407e+01 1.685391211415593763e-38
3.436428414673535470e-05 9.310344827586206407e+01 2.108749140071436433e-38
5.385083954794991939e-05 9.310344827586206407e+01 2.642348595771247067e-38
8.438740954522506142e-05 9.310344827586206407e+01 3.308603118807951521e-38
1.322399975475340838e-04 9.310344827586206407e+01 4.136041570846492960e-38
2.072277967248174811e-04 9.310344827586206407e+01 5.184853844329514475e-38
3.247380560483306157e-04 9.310344827586206407e+01 6.468762176429177539e-38
5.088834930097947858e-04 9.310344827586206407e+01 8.107489454188201822e-38
7.974501436915305743e-04 9.310344827586206407e+01 1.013929592411953997e-37
1.249650932696697806e-03 9.310344827586206407e+01 1.268108966346981900e-37
1.958275969906644355e-03 9.310344827586206407e+01 1.581482363204624244e-37
3.068732774870470102e-03 9.310344827586206407e+01 1.984020156056634796e-37
4.808883420048897482e-03 9.310344827586206407e+01 2.483266475806596205e-37
7.535801076259317395e-03 9.310344827586206407e+01 3.105635322202928497e-37
1.180904024917569378e-02 9.310344827586206407e+01 3.910043736489040074e-37
1.850545551766008545e-02 9.310344827586206407e+01 4.903617038038595898e-37
2.899912920019047380e-02 9.310344827586206407e+01 6.256422504981996946e-37
4.544332851287052888e-02 9.310344827586206407e+01 8.184144298617824256e-37
7.121234889753541575e-02 9.310344827586206407e+01 1.126961177196027301e-36
1.115939083130332854e-01 9.310344827586206407e+01 2.120180364330801639e-36
1.748741695137182028e-01 9.310344827586206407e+01 1.234548726024557253e-35
2.740380333067072849e-01 9.310344827586206407e+01 8.767143329273735371e-36
4.294335973542230955e-01 9.310344827586206407e+01 0.000000000000000000e+00
9.999999999999999547e-08 9.931034482758620641e+01 1.124704316706189770e-39
1.567058383000412467e-07 9.931034482758620641e+01 1.411703133788175974e-39
2.455671975731871866e-07 9.931034482758620641e+01 1.759694564908172967e-39
3.848181355469815166e-07 9.931034482758620641e+01 2.206831361887604457e-39
6.030324852394863719e-07 9.931034482758620641e+01 2.770645595544476657e-39
9.449871112161095467e-07 9.931034482758620641e+01 3.463999662981623611e-39
1.480849974458550485e-06 9.931034482758620641e+01 4.326122075962688345e-39
2.320578366441218132e-06 9.931034482758620641e+01 5.416568460043715834e-39
3.636481782541113467e-06 9.931034482758620641e+01 6.775521509300555234e-39
5.698579261959346132e-06 9.931034482758620641e+01 8.486624918490233282e-39
8.930006403645696271e-06 9.931034482758620641e+01 1.063531590062595840e-38
1.399384139508035302e-05 9.931034482758620641e+01 1.331097549677351402e-38
2.192916646853889756e-05 9.931034482758620641e+01 1.661666360092640539e-38
3.436428414673535470e-05 9.931034482758620641e+01 2.083511452977163670e-38
5.385083954794991939e-05 9.931034482758620641e+01 2.599365348757190710e-38
8.438740954522506142e-05 9.931034482758620641e+01 3.258066834585907002e-38
1.322399975475340838e-04 9.931034482758620641e+01 4.074990341761784485e-38
2.072277967248174811e-04 9.931034482758620641e+01 5.077426161183917611e-38
3.247380560483306157e-04 9.931034482758620641e+01 6.356757883470684015e-38
5.088834930097947858e-04 9.931034482758620641e+01 7.947421031020877670e-38
7.974501436915305743e-04 9.931034482758620641e+01 9.914405389995191526e-38
1.249650932696697806e-03 9.931034482758620641e+01 1.237017185454488254e-37
1.958275969906644355e-03 9.931034482758620641e+01 1.540832631141501157e-37
3.068732774870470102e-03 9.931034482758620641e+01 1.921394095673225607e-37
4.808883420048897482e-03 9.931034482758620641e+01 2.389562791431559143e-37
7.535801076259317395e-03 9.931034482758620641e+01 2.975784738089953769e-37
1.180904024917569378e-02 9.931034482758620641e+01 3.723533143782595268e-37
1.850545551766008545e-02 9.931034482758620641e+01 4.659036501377297661e-37
2.899912920019047380e-02 9.931034482758620641e+01 5.899663351063704131e-37
4.544332851287052888e-02 9.931034482758620641e+01 7.656195827657645134e-37
7.121234889753541575e-02 9.931034482758620641e+01 1.058790413518739544e-36
1.115939083130332854e-01 9.931034482758620641e+01 2.237723201866917211e-36
1.748741695137182028e-01 9.931034482758620641e+01 1.249706703362070541e-35
2.740380333067072849e-01 9.931034482758620641e+01 5.010109464966735877e-36
4.294335973542230955e-01 9.931034482758620641e+01 0.000000000000000000e+00
9.999999999999999547e-08 1.055172413793103630e+02 1.100774389574220862e-39
1.567058383000412467e-07 1.055172413793103630e+02 1.378420948205345778e-39
2.455671975731871866e-07 1.055172413793103630e+02 1.724450218264955452e-39
3.848181355469815166e-07 1.055172413793103630e+02 2.154168234787549024e-39
6.030324852394863719e-07 1.055172413793103630e+02 2.694596570746025043e-39
9.449871112161095467e-07 1.055172413793103630e+02 3.372551249844358078e-39
1.480849974458550485e-06 1.055172413793103630e+02 4.217850807011941438e-39
2.320578366441218132e-06 1.055172413793103630e+02 5.297844651658040938e-39
3.636481782541113467e-06 1.055172413793103630e+02 6.614138544143352696e-39
5.698579261959346132e-06 1.055172413793103630e+02 8.293408235584619196e-39
8.930006403645696271e-06 1.055172413793103630e+02 1.035351332740371053e-38
1.399384139508035302e-05 1.055172413793103630e+02 1.292878610780232102e-38
2.192916646853889756e-05 1.055172413793103630e+02 1.621691624010892515e-38
3.436428414673535470e-05 1.055172413793103630e+02 2.022720476432276779e-38
5.385083954794991939e-05 1.055172413793103630e+02 2.540932164098375614e-38
8.438740954522506142e-05 1.055172413793103630e+02 3.168505951666632582e-38
1.322399975475340838e-04 1.055172413793103630e+02 3.947724820445347242e-38
2.072277967248174811e-04 1.055172413793103630e+02 4.944850532566641869e-38
3.247380560483306157e-04 1.055172413793103630e+02 6.153984495590789250e-38
5.088834930097947858e-04 1.055172413793103630e+02 7.668258669053852030e-38
7.974501436915305743e-04 1.055172413793103630e+02 9.605051792093497818e-38
1.249650932696697806e-03 1.055172413793103630e+02 1.191651113329379620e-37
1.958275969906644355e-03 1.055172413793103630e+02 1.483205992230544838e-37
3.068732774870470102e-03 1.055172413793103630e+02 1.838919564127270973e-37
4.808883420048897482e-03 1.055172413793103630e+02 2.278476383917526132e-37
7.535801076259317395e-03 1.055172413793103630e+02 2.822187365531876174e-37
1.180904024917569378e-02 1.055172413793103630e+02 3.512055978033289845e-37
1.850545551766008545e-02 1.055172413793103630e+02 4.372170004266150195e-37
2.899912920019047380e-02 1.055172413793103630e+02 5.496086898980890365e-37
4.544332851287052888e-02 1.055172413793103630e+02 7.105514612273935769e-37
7.121234889753541575e-02 1.055172413793103630e+02 1.001307182474894147e-36
1.115939083130332854e-01 1.055172413793103630e+02 2.413363106512114241e-36
1.748741695137182028e-01 1.055172413793103630e+02 1.163871242179066161e-35
2.740380333067072849e-01 1.055172413793103630e+02 2.598800024167353522e-36
4.294335973542230955e-01 1.055172413793103630e+02 0.000000000000000000e+00
9.999999999999999547e-08 1.117241379310344911e+02 1.058001893623199842e-39
1.567058383000412467e-07 1.117241379310344911e+02 1.327224459063618468e-39
2.455671975731871866e-07 1.117241379310344911e+02 1.659473660842169398e-39
3.848181355469815166e-07 1.117241379310344911e+02 2.082663854652004124e-39
6.030324852394863719e-07 1.117241379310344911e+02 2.604036719114215248e-39
9.449871112161095467e-07 1.117241379310344911e+02 3.255650304435084799e-39
1.480849974458550485e-06 1.117241379310344911e+02 4.069766915897235937e-39
2.320578366441218132e-06 1.117241379310344911e+02 5.099443518997820818e-39
3.636481782541113467e-06 1.117241379310344911e+02 6.394402891244117931e-39
5.698579261959346132e-06 1.117241379310344911e+02 7.963529798973792951e-39
8.930006403645696271e-06 1.117241379310344911e+02 9.976595666474159506e-39
1.399384139508035302e-05 1.117241379310344911e+02 1.248007433400766614e-38
2.192916646853889756e-05 1.117241379310344911e+02 1.562392174674137077e-38
3.436428414673535470e-05 1.117241379310344911e+02 1.950139661116862888e-38
5.385083954794991939e-05 1.117241379310344911e+02 2.431772250547097776e-38
8.438740954522506142e-05 1.117241379310344911e+02 3.046708251305708903e-38
1.322399975475340838e-04 1.117241379310344911e+02 3.798204456335268342e-38
2.072277967248174811e-04 1.117241379310344911e+02 4.736894722160175185e-38
3.247380560483306157e-04 1.117241379310344911e+02 5.916611086918163025e-38
5.088834930097947858e-04 1.117241379310344911e+02 7.343707164408819478e-38
7.974501436915305743e-04 1.117241379310344911e+02 9.130118294768623661e-38
1.249650932696697806e-03 1.117241379310344911e+02 1.133784298376479039e-37
1.958275969906644355e-03 1.117241379310344911e+02 1.408805476482982205e-37
3.068732774870470102e-03 1.117241379310344911e+02 1.741173681586790646e-37
4.808883420048897482e-03 1.117241379310344911e+02 2.151122919295929090e-37
7.535801076259317395e-03 1.117241379310344911e+02 2.659309577156917185e-37
1.180904024917569378e-02 1.117241379310344911e+02 3.271880898243148834e-37
1.850545551766008545e-02 1.117241379310344911e+02 4.057002787449159277e-37
2.899912920019047380e-02 1.117241379310344911e+02 5.086639423914700539e-37
4.544332851287052888e-02 1.117241379310344911e+02 6.548656896852221831e-37
7.121234889753541575e-02 1.117241379310344911e+02 9.449047617568689189e-37
1.115939083130332854e-01 1.117241379310344911e+02 2.632776827471568936e-36
1.748741695137182028e-01 1.117241379310344911e+02 1.009503515593995794e-35
2.740380333067072849e-01 1.117241379310344911e+02 1.262687321526430771e-36
4.294335973542230955e-01 1.117241379310344911e+02 0.000000000000000000e+00
9.999999999999999547e-08 1.179310344827586192e+02 1.008130786602696595e-39
1.567058383000412467e-07 1.179310344827586192e+02 1.259679641644106960e-39
2.455671975731871866e-07 1.179310344827586192e+02 1.579393655427613271e-39
3.848181355469815166e-07 1.179310344827586192e+02 1.979153386107980212e-39
6.030324852394863719e-07 1.179310344827586192e+02 2.474350362006534838e-39
9.449871112161095467e-07 1.179310344827586192e+02 3.095532416788824044e-39
1.480849974458550485e-06 1.179310344827586192e+02 3.877239526011630346e-39
2.320578366441218132e-06 1.179310344827586192e+02 4.845113141026068835e-39
3.636481782541113467e-06 1.179310344827586192e+02 6.081197103668851906e-39
5.698579261959346132e-06 1.179310344827586192e+02 7.587267151899695517e-39
8.930006403645696271e-06 1.179310344827586192e+02 9.491602177870259529e-39
1.399384139508035302e-05 1.179310344827586192e+02 1.185599542304379017e-38
2.192916646853889756e-05 1.179310344827586192e+02 1.484448002961991402e-38
3.436428414673535470e-05 1.179310344827586192e+02 1.855065627036363539e-38
5.385083954794991939e-05 1.179310344827586192e+02 2.307221168144871793e-38
8.438740954522506142e-05 1.179310344827586192e+02 2.885152331159336843e-38
1.322399975475340838e-04 1.179310344827586192e+02 3.602765394873209214e-38
2.072277967248174811e-04 1.179310344827586192e+02 4.484728307157521467e-38
3.247380560483306157e-04 1.179310344827586192e+02 5.575691222769435461e-38
5.088834930097947858e-04 1.179310344827586192e+02 6.938860216925924005e-38
7.974501436915305743e-04 1.179310344827586192e+02 8.622858050010439892e-38
1.249650932696697806e-03 1.179310344827586192e+02 1.066852891446568809e-37
1.958275969906644355e-03 1.179310344827586192e+02 1.324769757864780675e-37
3.068732774870470102e-03 1.179310344827586192e+02 1.628262634916109972e-37
4.808883420048897482e-03 1.179310344827586192e+02 2.006479209432553029e-37
7.535801076259317395e-03 1.179310344827586192e+02 2.463208418527822714e-37
1.180904024917569378e-02 1.179310344827586192e+02 3.027783993248989563e-37
1.850545551766008545e-02 1.179310344827586192e+02 3.726995462186957721e-37
2.899912920019047380e-02 1.179310344827586192e+02 4.644084344177444894e-37
4.544332851287052888e-02 1.179310344827586192e+02 5.987957255940481267e-37
7.121234889753541575e-02 1.179310344827586192e+02 9.007252130679146417e-37
1.115939083130332854e-01 1.179310344827586192e+02 2.868892104467438288e-36
1.748741695137182028e-01 1.179310344827586192e+02 8.442918498534046174e-36
2.740380333067072849e-01 1.179310344827586192e+02 5.575231668619006549e-37
4.294335973542230955e-01 1.179310344827586192e+02 0.000000000000000000e+00
9.999999999999999547e-08 1.241379310344827616e+02 9.445309648506340261e-40
1.567058383000412467e-07 1.241379310344827616e+02 1.181792805826972440e-39
2.455671975731871866e-07 1.241379310344827616e+02 1.478791706332115484e-39
3.848181355469815166e-07 1.241379310344827616e+02 1.852291333771379897e-39
6.030324852394863719e-07 1.241379310344827616e+02 2.312557297997244025e-39
9.449871112161095467e-07 1.241379310344827616e+02 2.900322705344986442e-39
1.480849974458550485e-06 1.241379310344827616e+02 3.615010415911402756e-39
2.320578366441218132e-06 1.241379310344827616e+02 4.533146754030317591e-39
3.636481782541113467e-06 1.241379310344827616e+02 5.674086168457318320e-39
5.698579261959346132e-06 1.241379310344827616e+02 7.092817200021098014e-39
8.930006403645696271e-06 1.241379310344827616e+02 8.891886897699561465e-39
1.399384139508035302e-05 1.241379310344827616e+02 1.111218210905491139e-38
2.192916646853889756e-05 1.241379310344827616e+02 1.386307315174955969e-38
3.436428414673535470e-05 1.241379310344827616e+02 1.728096874363955258e-38
5.385083954794991939e-05 1.241379310344827616e+02 2.158559820351446831e-38
8.438740954522506142e-05 1.241379310344827616e+02 2.686812658541987048e-38
1.322399975475340838e-04 1.241379310344827616e+02 3.355252544178069846e-38
2.072277967248174811e-04 1.241379310344827616e+02 4.170362614691301664e-38
3.247380560483306157e-04 1.241379310344827616e+02 5.211667192554545277e-38
5.088834930097947858e-04 1.241379310344827616e+02 6.466639690095834629e-38
7.974501436915305743e-04 1.241379310344827616e+02 8.004208171142719883e-38
1.249650932696697806e-03 1.241379310344827616e+02 9.902940416025989497e-38
1.958275969906644355e-03 1.241379310344827616e+02 1.220962178120671577e-37
3.068732774870470102e-03 1.241379310344827616e+02 1.503667795706360887e-37
4.808883420048897482e-03 1.241379310344827616e+02 1.842388268704498367e-37
7.535801076259317395e-03 1.241379310344827616e+02 2.258798756295439923e-37
1.180904024917569378e-02 1.241379310344827616e+02 2.768069695952317624e-37
1.850545551766008545e-02 1.241379310344827616e+02 3.384613248791233558e-37
2.899912920019047380e-02 1.241379310344827616e+02 4.213996894317120531e-37
4.544332851287052888e-02 1.241379310344827616e+02 5.436603577687689776e-37
7.121234889753541575e-02 1.241379310344827616e+02 8.579724046297772260e-37
1.115939083130332854e-01 1.241379310344827616e+02 3.023318884620717086e-36
1.748741695137182028e-01 1.241379310344827616e+02 6.804706419671295836e-36
2.740380333067072849e-01 1.241379310344827616e+02 2.374543440341593432e-37
4.294335973542230955e-01 1.241379310344827616e+02 0.000000000000000000e+00
9.999999999999999547e-08 1.303448275862068897e+02 8.664392942895700816e-40
1.567058383000412467e-07 1.303448275862068897e+02 1.085900754710415754e-39
2.455671975731871866e-07 1.303448275862068897e+02 1.361048040079832413e-39
3.848181355469815166e-07 1.303448275862068897e+02 1.704011180069983567e-39
6.030324852394863719e-07 1.303448275862068897e+02 2.129266588458404443e-39
9.449871112161095467e-07 1.303448275862068897e+02 2.667204426793773836e-39
1.480849974458550485e-06 1.303448275862068897e+02 3.335307552098493775e-39
2.320578366441218132e-06 1.303448275862068897e+02 4.173052035436279793e-39
3.636481782541113467e-06 1.303448275862068897e+02 5.212888509142882674e-39
5.698579261959346132e-06 1.303448275862068897e+02 6.543762150232684698e-39
8.930006403645696271e-06 1.303448275862068897e+02 8.170734768956319311e-39
1.399384139508035302e-05 1.303448275862068897e+02 1.020930574769855441e-38
2.192916646853889756e-05 1.303448275862068897e+02 1.274804352171249461e-38
3.436428414673535470e-05 1.303448275862068897e+02 1.592290764482623922e-38
5.385083954794991939e-05 1.303448275862068897e+02 1.987256460848098763e-38
8.438740954522506142e-05 1.303448275862068897e+02 2.473331359915229203e-38
1.322399975475340838e-04 1.303448275862068897e+02 3.081676923398389458e-38
2.072277967248174811e-04 1.303448275862068897e+02 3.836291597135188432e-38
3.247380560483306157e-04 1.303448275862068897e+02 4.757334041921940117e-38
5.088834930097947858e-04 1.303448275862068897e+02 5.920205472297442407e-38
7.974501436915305743e-04 1.303448275862068897e+02 7.305027144267599491e-38
1.249650932696697806e-03 1.303448275862068897e+02 9.026655966147120774e-38
1.958275969906644355e-03 1.303448275862068897e+02 1.113852638980255101e-37
3.068732774870470102e-03 1.303448275862068897e+02 1.363870451857765075e-37
4.808883420048897482e-03 1.303448275862068897e+02 1.671877518539011503e-37
7.535801076259317395e-03 1.303448275862068897e+02 2.035940711574497542e-37
1.180904024917569378e-02 1.303448275862068897e+02 2.487339404750694180e-37
1.850545551766008545e-02 1.303448275862068897e+02 3.044152635729248406e-37
2.899912920019047380e-02 1.303448275862068897e+02 3.766741763570803498e-37
4.544332851287052888e-02 1.303448275862068897e+02 4.873819721606316900e-37
7.121234889753541575e-02 1.303448275862068897e+02 8.072875088692642933e-37
1.115939083130332854e-01 1.303448275862068897e+02 3.034213835336365446e-36
1.748741695137182028e-01 1.303448275862068897e+02 5.393800982042998244e-36
2.740380333067072849e-01 1.303448275862068897e+02 1.003001525011898537e-37
4.294335973542230955e-01 1.303448275862068897e+02 0.000000000000000000e+00
9.999999999999999547e-08 1.365517241379310462e+02 7.832865029145812028e-40
1.567058383000412467e-07 1.365517241379310462e+02 9.795140558198074380e-40
2.455671975731871866e-07 1.365517241379310462e+02 1.228243056268337017e-39
3.848181355469815166e-07 1.365517241379310462e+02 1.538537081316668225e-39
6.030324852394863719e-07 1.365517241379310462e+02 1.924110000200052842e-39
9.449871112161095467e-07 1.365517241379310462e+02 2.404248395375530164e-39
1.480849974458550485e-06 1.365517241379310462e+02 3.002955373868472335e-39
2.320578366441218132e-06 1.365517241379310462e+02 3.775314964733302803e-39
3.636481782541113467e-06 1.365517241379310462e+02 4.709332858071917878e-39
5.698579261959346132e-06 1.365517241379310462e+02 5.893324925487059889e-39
8.930006403645696271e-06 1.365517241379310462e+02 7.362531067084927621e-39
1.399384139508035302e-05 1.365517241379310462e+02 9.201667060902969423e-39
2.192916646853889756e-05 1.365517241379310462e+02 1.149154312067397132e-38
3.436428414673535470e-05 1.365517241379310462e+02 1.434379055901751699e-38
5.385083954794991939e-05 1.365517241379310462e+02 1.789564351291817376e-38
8.438740954522506142e-05 1.365517241379310462e+02 2.230802254336620375e-38
1.322399975475340838e-04 1.365517241379310462e+02 2.767895954220427769e-38
2.072277967248174811e-04 1.365517241379310462e+02 3.449046655422726861e-38
3.247380560483306157e-04 1.365517241379310462e+02 4.283467371115364243e-38
5.088834930097947858e-04 1.365517241379310462e+02 5.310634807131895529e-38
7.974501436915305743e-04 1.365517241379310462e+02 6.557233328169210802e-38
1.249650932696697806e-03 1.365517241379310462e+02 8.084071876997671022e-38
1.958275969906644355e-03 1.365517241379310462e+02 9.931262748727820922e-38
3.068732774870470102e-03 1.365517241379310462e+02 1.214792108418988657e-37
4.808883420048897482e-03 1.365517241379310462e+02 1.485381102635281596e-37
7.535801076259317395e-03 1.365517241379310462e+02 1.803913004505488550e-37
1.180904024917569378e-02 1.365517241379310462e+02 2.190704985390876688e-37
1.850545551766008545e-02 1.365517241379310462e+02 2.674061500426622123e-37
2.899912920019047380e-02 1.365517241379310462e+02 3.313493666315682219e-37
4.544332851287052888e-02 1.365517241379310462e+02 4.325205160159349659e-37
7.121234889753541575e-02 1.365517241379310462e+02 7.545723807550740765e-37
1.115939083130332854e-01 1.365517241379310462e+02 2.960327657741841212e-36
1.748741695137182028e-01 1.365517241379310462e+02 4.216925365374869561e-36
2.740380333067072849e-01 1.365517241379310462e+02 4.338406327682509730e-38
4.294335973542230955e-01 1.365517241379310462e+02 0.000000000000000000e+00
9.999999999999999547e-08 1.427586206896551744e+02 6.892623626054657391e-40
1.567058383000412467e-07 1.427586206896551744e+02 8.615042008291845411e-40
2.455671975731871866e-07 1.427586206896551744e+02 1.078794510282795572e-39
3.848181355469815166e-07 1.427586206896551744e+02 1.352982747779704509e-39
6.030324852394863719e-07 1.427586206896551744e+02 1.696588176792795234e-39
9.449871112161095467e-07 1.427586206896551744e+02 2.117772265706298950e-39
1.480849974458550485e-06 1.427586206896551744e+02 2.653433041258213967e-39
2.320578366441218132e-06 1.427586206896551744e+02 3.315327803447485787e-39
3.636481782541113467e-06 1.427586206896551744e+02 4.143788912572039426e-39
5.698579261959346132e-06 1.427586206896551744e+02 5.176301579493279396e-39
8.930006403645696271e-06 1.427586206896551744e+02 6.465514092819523236e-39
1.399384139508035302e-05 1.427586206896551744e+02 8.102336379100674709e-39
2.192916646853889756e-05 1.427586206896551744e+02 1.007606145298394842e-38
3.436428414673535470e-05 1.427586206896551744e+02 1.261905725089828250e-38
5.385083954794991939e-05 1.427586206896551744e+02 1.568027105061008922e-38
8.438740954522506142e-05 1.427586206896551744e+02 1.955253833697983806e-38
1.322399975475340838e-04 1.427586206896551744e+02 2.430476567406354096e-38
2.072277967248174811e-04 1.427586206896551744e+02 3.020794353783751583e-38
3.247380560483306157e-04 1.427586206896551744e+02 3.751120094871749711e-38
5.088834930097947858e-04 1.427586206896551744e+02 4.643043322416052786e-38
7.974501436915305743e-04 1.427586206896551744e+02 5.735602399598318561e-38
1.249650932696697806e-03 1.427586206896551744e+02 7.085909575859924948e-38
1.958275969906644355e-03 1.427586206896551744e+02 8.670074138481849678e-38
3.068732774870470102e-03 1.427586206896551744e+02 1.057573146881635111e-37
4.808883420048897482e-03 1.427586206896551744e+02 1.287858783504505226e-37
7.535801076259317395e-03 1.427586206896551744e+02 1.560416304424600275e-37
1.180904024917569378e-02 1.427586206896551744e+02 1.902333820723661917e-37
1.850545551766008545e-02 1.427586206896551744e+02 2.310813303843462139e-37
2.899912920019047380e-02 1.427586206896551744e+02 2.851838595694247002e-37
4.544332851287052888e-02 1.427586206896551744e+02 3.750664802277512100e-37
7.121234889753541575e-02 1.427586206896551744e+02 6.832952651804103123e-37
1.115939083130332854e-01 1.427586206896551744e+02 2.763750555258872124e-36
1.748741695137182028e-01 1.427586206896551744e+02 3.285927727951606159e-36
2.740380333067072849e-01 1.427586206896551744e+02 1.978009267228442449e-38
4.294335973542230955e-01 1.427586206896551744e+02 0.000000000000000000e+00
9.999999999999999547e-08 1.489655172413793025e+02 5.865451621986644275e-40
1.567058383000412467e-07 1.489655172413793025e+02 7.362574115246786692e-40
2.455671975731871866e-07 1.489655172413793025e+02 9.201852799454346656e-40
3.848181355469815166e-07 1.489655172413793025e+02 1.152957262434203660e-39
6.030324852394863719e-07 1.489655172413793025e+02 1.443210494335272495e-39
9.449871112161095467e-07 1.489655172413793025e+02 1.800685162539732599e-39
1.480849974458550485e-06 1.489655172413793025e+02 2.255557391137592796e-39
2.320578366441218132e-06 1.489655172413793025e+02 2.820793501673012265e-39
3.636481782541113467e-06 1.489655172413793025e+02 3.533877480248551890e-39
5.698579261959346132e-06 1.489655172413793025e+02 4.407704809633715811e-39
8.930006403645696271e-06 1.489655172413793025e+02 5.514821786263765087e-39
1.399384139508035302e-05 1.489655172413793025e+02 6.877060021110958894e-39
2.192916646853889756e-05 1.489655172413793025e+02 8.610498390254098475e-39
3.436428414673535470e-05 1.489655172413793025e+02 1.072088866972744726e-38
5.385083954794991939e-05 1.489655172413793025e+02 1.337136381326020763e-38
8.438740954522506142e-05 1.489655172413793025e+02 1.669434021651005445e-38
1.322399975475340838e-04 1.489655172413793025e+02 2.072125112655400453e-38
2.072277967248174811e-04 1.489655172413793025e+02 2.573364150921509797e-38
3.247380560483306157e-04 1.489655172413793025e+02 3.184376152504506061e-38
5.088834930097947858e-04 1.489655172413793025e+02 3.939993396397071678e-38
7.974501436915305743e-04 1.489655172413793025e+02 4.863939562211794316e-38
1.249650932696697806e-03 1.489655172413793025e+02 5.961681691969473429e-38
1.958275969906644355e-03 1.489655172413793025e+02 7.315211232876313165e-38
3.068732774870470102e-03 1.489655172413793025e+02 8.921399686486417971e-38
4.808883420048897482e-03 1.489655172413793025e+02 1.085475176739181335e-37
7.535801076259317395e-03 1.489655172413793025e+02 1.315545405705879843e-37
1.180904024917569378e-02 1.489655172413793025e+02 1.590396469515118417e-37
1.850545551766008545e-02 1.489655172413793025e+02 1.927418435837567952e-37
2.899912920019047380e-02 1.489655172413793025e+02 2.386912579749503605e-37
4.544332851287052888e-02 1.489655172413793025e+02 3.162975363167088469e-37
7.121234889753541575e-02 1.489655172413793025e+02 6.024682866167977070e-37
1.115939083130332854e-01 1.489655172413793025e+02 2.424025731245181683e-36
1.748741695137182028e-01 1.489655172413793025e+02 2.487705931546429468e-36
2.740380333067072849e-01 1.489655172413793025e+02 9.609252164457029098e-39
4.294335973542230955e-01 1.489655172413793025e+02 0.000000000000000000e+00
9.999999999999999547e-08 1.551724137931034591e+02 4.786283820673637273e-40
1.567058383000412467e-07 1.551724137931034591e+02 5.993770959937647196e-40
2.455671975731871866e-07 1.551724137931034591e+02 7.503526894176887565e-40
3.848181355469815166e-07 1.551724137931034591e+02 9.366042732344361636e-40
6.030324852394863719e-07 1.551724137931034591e+02 1.174165971069999667e-39
9.449871112161095467e-07 1.551724137931034591e+02 1.467457308006460213e-39
1.480849974458550485e-06 1.551724137931034591e+02 1.837685667472283773e-39
2.320578366441218132e-06 1.551724137931034591e+02 2.295678953472168782e-39
3.636481782541113467e-06 1.551724137931034591e+02 2.871556736179628631e-39
5.698579261959346132e-06 1.551724137931034591e+02 3.598387333319917199e-39
8.930006403645696271e-06 1.551724137931034591e+02 4.488373203443594786e-39
1.399384139508035302e-05 1.551724137931034591e+02 5.605975747761301844e-39
2.192916646853889756e-05 1.551724137931034591e+02 6.979501954014151990e-39
3.436428414673535470e-05 1.551724137931034591e+02 8.728064700882817591e-39
5.385083954794991939e-05 1.551724137931034591e+02 1.086262603526492687e-38
8.438740954522506142e-05 1.551724137931034591e+02 1.349261223562516430e-38
1.322399975475340838e-04 1.551724137931034591e+02 1.684620639987127765e-38
2.072277967248174811e-04 1.551724137931034591e+02 2.086885515221646050e-38
3.247380560483306157e-04 1.551724137931034591e+02 2.589546245498873007e-38
5.088834930097947858e-04 1.551724137931034591e+02 3.200517935945054416e-38
7.974501436915305743e-04 1.551724137931034591e+02 3.942598180311346657e-38
1.249650932696697806e-03 1.551724137931034591e+02 4.841172055533946060e-38
1.958275969906644355e-03 1.551724137931034591e+02 5.914947139531789550e-38
3.068732774870470102e-03 1.551724137931034591e+02 7.201567065611111217e-38
4.808883420048897482e-03 1.551724137931034591e+02 8.770579909505730617e-38
7.535801076259317395e-03 1.551724137931034591e+02 1.058271243179823363e-37
1.180904024917569378e-02 1.551724137931034591e+02 1.278883243955911211e-37
1.850545551766008545e-02 1.551724137931034591e+02 1.552097747659475429e-37
2.899912920019047380e-02 1.551724137931034591e+02 1.919040286980677645e-37
4.544332851287052888e-02 1.551724137931034591e+02 2.551674393916225278e-37
7.121234889753541575e-02 1.551724137931034591e+02 5.087260605515174891e-37
1.115939083130332854e-01 1.551724137931034591e+02 2.010519471019681474e-36
1.748741695137182028e-01 1.551724137931034591e+02 1.842003868635028900e-36
2.740380333067072849e-01 1.551724137931034591e+02 4.861809495936417098e-39
4.294335973542230955e-01 1.551724137931034591e+02 0.000000000000000000e+00
9.999999999999999547e-08 1.613793103448276156e+02 3.641731631292829182e-40
1.567058383000412467e-07 1.613793103448276156e+02 4.543717016352726097e-40
2.455671975731871866e-07 1.613793103448276156e+02 5.691502385946105427e-40
3.848181355469815166e-07 1.613793103448276156e+02 7.121664550091565854e-40
6.030324852394863719e-07 1.613793103448276156e+02 8.930201534880021894e-40
9.449871112161095467e-07 1.613793103448276156e+02 1.114967490979496144e-39
1.480849974458550485e-06 1.613793103448276156e+02 1.397023125007663964e-39
2.320578366441218132e-06 1.613793103448276156e+02 1.746731361827200342e-39
3.636481782541113467e-06 1.613793103448276156e+02 2.181888356439055726e-39
5.698579261959346132e-06 1.613793103448276156e+02 2.729851291510918643e-39
8.930006403645696271e-06 1.613793103448276156e+02 3.412603159522209080e-39
1.399384139508035302e-05 1.613793103448276156e+02 4.251348705043273094e-39
2.192916646853889756e-05 1.613793103448276156e+02 5.314270025998239965e-39
3.436428414673535470e-05 1.613793103448276156e+02 6.626169662178998261e-39
5.385083954794991939e-05 1.613793103448276156e+02 8.252675613537845686e-39
8.438740954522506142e-05 1.613793103448276156e+02 1.029348590912564564e-38
1.322399975475340838e-04 1.613793103448276156e+02 1.279392607999362788e-38
2.072277967248174811e-04 1.613793103448276156e+02 1.587217699797482398e-38
3.247380560483306157e-04 1.613793103448276156e+02 1.963910998601759159e-38
5.088834930097947858e-04 1.613793103448276156e+02 2.421793901928479115e-38
7.974501436915305743e-04 1.613793103448276156e+02 2.988943271269437641e-38
1.249650932696697806e-03 1.613793103448276156e+02 3.667380323352807042e-38
1.958275969906644355e-03 1.613793103448276156e+02 4.479691614491950131e-38
3.068732774870470102e-03 1.613793103448276156e+02 5.441758353631051006e-38
4.808883420048897482e-03 1.613793103448276156e+02 6.614565088040256344e-38
7.535801076259317395e-03 1.613793103448276156e+02 7.977870610523193774e-38
1.180904024917569378e-02 1.613793103448276156e+02 9.619085733504824970e-38
1.850545551766008545e-02 1.613793103448276156e+02 1.168011610057499234e-37
2.899912920019047380e-02 1.613793103448276156e+02 1.445173997905676657e-37
4.544332851287052888e-02 1.613793103448276156e+02 1.942873852068265477e-37
7.121234889753541575e-02 1.613793103448276156e+02 3.978283685974368631e-37
1.115939083130332854e-01 1.613793103448276156e+02 1.542293348212078543e-36
1.748741695137182028e-01 1.613793103448276156e+02 1.287592839711498808e-36
2.740380333067072849e-01 1.613793103448276156e+02 2.582046062885095954e-39
4.294335973542230955e-01 1.613793103448276156e+02 0.000000000000000000e+00
9.999999999999999547e-08 1.675862068965517437e+02 2.451518233473440598e-40
1.567058383000412467e-07 1.675862068965517437e+02 3.064891398320773619e-40
2.455671975731871866e-07 1.675862068965517437e+02 3.833401371535686794e-40
3.848181355469815166e-07 1.675862068965517437e+02 4.796105043679481005e-40
6.030324852394863719e-07 1.675862068965517437e+02 6.014443015723717573e-40
9.449871112161095467e-07 1.675862068965517437e+02 7.523139021397215774e-40
1.480849974458550485e-06 1.675862068965517437e+02 9.416142100023238871e-40
2.320578366441218132e-06 1.675862068965517437e+02 1.174527020009539238e-39
3.636481782541113467e-06 1.675862068965517437e+02 1.469188551460578477e-39
5.698579261959346132e-06 1.675862068965517437e+02 1.836428105406085465e-39
8.930006403645696271e-06 1.675862068965517437e+02 2.292442333192431167e-39
1.399384139508035302e-05 1.675862068965517437e+02 2.860865379923708974e-39
2.192916646853889756e-05 1.675862068965517437e+02 3.576070710873614820e-39
3.436428414673535470e-05 1.675862068965517437e+02 4.462253746361302427e-39
5.385083954794991939e-05 1.675862068965517437e+02 5.546359196037774027e-39
8.438740954522506142e-05 1.675862068965517437e+02 6.903861317472435454e-39
1.322399975475340838e-04 1.675862068965517437e+02 8.607687875557791817e-39
2.072277967248174811e-04 1.675862068965517437e+02 1.065262833782287276e-38
3.247380560483306157e-04 1.675862068965517437e+02 1.318436193252866491e-38
5.088834930097947858e-04 1.675862068965517437e+02 1.630361120661053324e-38
7.974501436915305743e-04 1.675862068965517437e+02 2.006580846367037128e-38
1.249650932696697806e-03 1.675862068965517437e+02 2.459969802182655590e-38
1.958275969906644355e-03 1.675862068965517437e+02 3.006454569800440714e-38
3.068732774870470102e-03 1.675862068965517437e+02 3.649213656926661302e-38
4.808883420048897482e-03 1.675862068965517437e+02 4.417375600394689882e-38
7.535801076259317395e-03 1.675862068965517437e+02 5.336544685391483629e-38
1.180904024917569378e-02 1.675862068965517437e+02 6.431425436443432110e-38
1.850545551766008545e-02 1.675862068965517437e+02 7.798992156944958146e-38
2.899912920019047380e-02 1.675862068965517437e+02 9.612096921122935712e-38
4.544332851287052888e-02 1.675862068965517437e+02 1.305325328616988250e-37
7.121234889753541575e-02 1.675862068965517437e+02 2.743975988051130984e-37
1.115939083130332854e-01 1.675862068965517437e+02 1.037321639595335674e-36
1.748741695137182028e-01 1.675862068965517437e+02 8.226418101273845496e-37
2.740380333067072849e-01 1.675862068965517437e+02 1.331603955205014477e-39
4.294335973542230955e-01 1.675862068965517437e+02 0.000000000000000000e+00
9.999999999999999547e-08 1.737931034482758719e+02 1.233468545381884042e-40
1.567058383000412467e-07 1.737931034482758719e+02 1.541848545315376512e-40
2.455671975731871866e-07 1.737931034482758719e+02 1.928147309387356750e-40
3.848181355469815166e-07 1.737931034482758719e+02 2.414977461904992182e-40
6.030324852394863719e-07 1.737931034482758719e+02 3.012115877764617701e-40
9.449871112161095467e-07 1.737931034482758719e+02 3.780527323994310621e-40
1.480849974458550485e-06 1.737931034482758719e+02 4.734624958149367436e-40
2.320578366441218132e-06 1.737931034482758719e+02 5.899668350810870325e-40
3.636481782541113467e-06 1.737931034482758719e+02 7.398533468173894197e-40
5.698579261959346132e-06 1.737931034482758719e+02 9.236337332398238765e-40
8.930006403645696271e-06 1.737931034482758719e+02 1.151851754038234525e-39
1.399384139508035302e-05 1.737931034482758719e+02 1.442482438204433390e-39
2.192916646853889756e-05 1.737931034482758719e+02 1.797196509954779422e-39
3.436428414673535470e-05 1.737931034482758719e+02 2.241969883103232886e-39
5.385083954794991939e-05 1.737931034482758719e+02 2.792826819330911641e-39
8.438740954522506142e-05 1.737931034482758719e+02 3.477156822427912351e-39
1.322399975475340838e-04 1.737931034482758719e+02 4.315715376734427651e-39
2.072277967248174811e-04 1.737931034482758719e+02 5.346184430681812273e-39
3.247380560483306157e-04 1.737931034482758719e+02 6.618280386227035122e-39
5.088834930097947858e-04 1.737931034482758719e+02 8.182281666322994630e-39
7.974501436915305743e-04 1.737931034482758719e+02 1.006070081793398450e-38
1.249650932696697806e-03 1.737931034482758719e+02 1.235849814818250639e-38
1.958275969906644355e-03 1.737931034482758719e+02 1.507260097893285794e-38
3.068732774870470102e-03 1.737931034482758719e+02 1.832996909414590530e-38
4.808883420048897482e-03 1.737931034482758719e+02 2.218338273068209781e-38
7.535801076259317395e-03 1.737931034482758719e+02 2.674620862342770143e-38
1.180904024917569378e-02 1.737931034482758719e+02 3.223737555014644916e-38
1.850545551766008545e-02 1.737931034482758719e+02 3.903963917402790184e-38
2.899912920019047380e-02 1.737931034482758719e+02 4.830873117411216995e-38
4.544332851287052888e-02 1.737931034482758719e+02 6.558884855319361961e-38
7.121234889753541575e-02 1.737931034482758719e+02 1.389998658690798544e-37
1.115939083130332854e-01 1.737931034482758719e+02 5.263533760153813825e-37
1.748741695137182028e-01 1.737931034482758719e+02 3.993422689417647106e-37
2.740380333067072849e-01 1.737931034482758719e+02 5.787908079465114548e-40
4.294335973542230955e-01 1.737931034482758719e+02 0.000000000000000000e+00
9.999999999999999547e-08 1.800000000000000000e+02 1.392839772295226831e-55
1.567058383000412467e-07 1.800000000000000000e+02 1.745551120228393351e-55
2.455671975731871866e-07 1.800000000000000000e+02 2.185687723418926839e-55
3.848181355469815166e-07 1.800000000000000000e+02 2.734476012080655331e-55
6.030324852394863719e-07 1.800000000000000000e+02 0.000000000000000000e+00
9.449871112161095467e-07 1.800000000000000000e+02 4.285568624731618706e-55
1.480849974458550485e-06 1.800000000000000000e+02 5.350727057926112741e-55
2.320578366441218132e-06 1.800000000000000000e+02 0.000000000000000000e+00
3.636481782541113467e-06 1.800000000000000000e+02 8.369667543921506780e-55
5.698579261959346132e-06 1.800000000000000000e+02 1.048315864621912090e-54
8.930006403645696271e-06 1.800000000000000000e+02 1.306630318919493856e-54
1.399384139508035302e-05 1.800000000000000000e+02 1.632448132174304573e-54
2.192916646853889756e-05 1.800000000000000000e+02 2.035760305235484472e-54
3.436428414673535470e-05 1.800000000000000000e+02 2.536611672265134078e-54
5.385083954794991939e-05 1.800000000000000000e+02 3.159121133598342362e-54
8.438740954522506142e-05 1.800000000000000000e+02 0.000000000000000000e+00
1.322399975475340838e-04 1.800000000000000000e+02 4.889556289519329991e-54
2.072277967248174811e-04 1.800000000000000000e+02 6.067162969567670151e-54
3.247380560483306157e-04 1.800000000000000000e+02 7.508243654999347387e-54
5.088834930097947858e-04 1.800000000000000000e+02 0.000000000000000000e+00
7.974501436915305743e-04 1.800000000000000000e+02 1.140601309788546365e-53
1.249650932696697806e-03 1.800000000000000000e+02 1.398921931103597440e-53
1.958275969906644355e-03 1.800000000000000000e+02 1.709162405932303745e-53
3.068732774870470102e-03 1.800000000000000000e+02 2.081755607734988208e-53
4.808883420048897482e-03 1.800000000000000000e+02 2.506780811286369618e-53
7.535801076259317395e-03 1.800000000000000000e+02 3.032097129166465517e-53
1.180904024917569378e-02 1.800000000000000000e+02 3.640803381939552359e-53
1.850545551766008545e-02 1.800000000000000000e+02 0.000000000000000000e+00
2.899912920019047380e-02 1.800000000000000000e+02 5.437857244896972715e-53
4.544332851287052888e-02 1.800000000000000000e+02 7.417215968543022901e-53
7.121234889753541575e-02 1.800000000000000000e+02 1.591813491714037393e-52
1.115939083130332854e-01 1.800000000000000000e+02 5.980308212440526027e-52
1.748741695137182028e-01 1.800000000000000000e+02 4.456483537776014705e-52
2.740380333067072849e-01 1.800000000000000000e+02 6.103161207368344765e-55
4.294335973542230955e-01 1.800000000000000000e+02 0.000000000000000000e+00
