# atom 16: Tchi 0.3562247890262442 [GeV]; m_chi = 0.1 [GeV]; mS = 0.2 [GeV]; gchi =0.01; gN = 0.01
# Tchi^prime [GeV], theta [degree] ,dsigma/dTchip dtheta [cm^2/GeV]
9.999999999999999547e-08 0.000000000000000000e+00 0.000000000000000000e+00
1.556118194739193901e-07 0.000000000000000000e+00 0.000000000000000000e+00
2.421503835998362755e-07 0.000000000000000000e+00 0.000000000000000000e+00
3.768146177827805384e-07 0.000000000000000000e+00 0.000000000000000000e+00
5.863680827754797925e-07 0.000000000000000000e+00 0.000000000000000000e+00
9.124580424212617751e-07 0.000000000000000000e+00 0.000000000000000000e+00
1.419892561747829683e-06 0.000000000000000000e+00 0.000000000000000000e+00
2.209520649910642183e-06 0.000000000000000000e+00 0.000000000000000000e+00
3.438275284977918907e-06 0.000000000000000000e+00 0.000000000000000000e+00
5.350362729476215747e-06 0.000000000000000000e+00 0.000000000000000000e+00
8.325796791792394115e-06 0.000000000000000000e+00 0.000000000000000000e+00
1.295592387340935367e-05 0.000000000000000000e+00 0.000000000000000000e+00
2.016094886906814347e-05 0.000000000000000000e+00 0.000000000000000000e+00
3.137281935836351674e-05 0.000000000000000000e+00 0.000000000000000000e+00
4.881981502381546709e-05 0.000000000000000000e+00 0.000000000000000000e+00
7.596940242236094136e-05 0.000000000000000000e+00 0.000000000000000000e+00
1.182173693528996479e-04 0.000000000000000000e+00 0.000000000000000000e+00
1.839601993842505316e-04 0.000000000000000000e+00 0.000000000000000000e+00
2.862638133696820790e-04 0.000000000000000000e+00 0.000000000000000000e+00
4.454603284799867622e-04 0.000000000000000000e+00 0.000000000000000000e+00
6.931889221822052369e-04 0.000000000000000000e+00 0.000000000000000000e+00
1.078683894199378591e-03 0.000000000000000000e+00 0.000000000000000000e+00
1.678559634135780602e-03 0.000000000000000000e+00 0.000000000000000000e+00
2.612037187633452825e-03 0.000000000000000000e+00 0.000000000000000000e+00
4.064638593011800881e-03 0.000000000000000000e+00 0.000000000000000000e+00
6.325058069624781357e-03 0.000000000000000000e+00 0.000000000000000000e+00
9.842537944925084520e-03 0.000000000000000000e+00 0.000000000000000000e+00
1.531615237850883840e-02 0.000000000000000000e+00 0.000000000000000000e+00
2.383374338959553390e-02 0.000000000000000000e+00 0.000000000000000000e+00
3.708812173729460204e-02 0.000000000000000000e+00 0.000000000000000000e+00
5.771350104410632315e-02 0.000000000000000000e+00 0.000000000000000000e+00
8.980902905683313397e-02 0.000000000000000000e+00 0.000000000000000000e+00
1.397534641671989708e-01 0.000000000000000000e+00 0.000000000000000000e+00
2.174729083684102948e-01 0.000000000000000000e+00 0.000000000000000000e+00
3.384135495749319711e-01 0.000000000000000000e+00 0.000000000000000000e+00
9.999999999999999547e-08 6.206896551724137900e+00 3.191143791420584099e-40
1.556118194739193901e-07 6.206896551724137900e+00 3.977703923513376418e-40
2.421503835998362755e-07 6.206896551724137900e+00 4.974250251712083859e-40
3.768146177827805384e-07 6.206896551724137900e+00 6.207830847415567966e-40
5.863680827754797925e-07 6.206896551724137900e+00 7.734912743433463914e-40
9.124580424212617751e-07 6.206896551724137900e+00 9.662849296007917879e-40
1.419892561747829683e-06 6.206896551724137900e+00 1.204447452275787942e-39
2.209520649910642183e-06 6.206896551724137900e+00 1.506765620163569897e-39
3.438275284977918907e-06 6.206896551724137900e+00 1.878497237448314317e-39
5.350362729476215747e-06 6.206896551724137900e+00 2.347673579773190142e-39
8.325796791792394115e-06 6.206896551724137900e+00 2.930846083346481081e-39
1.295592387340935367e-05 6.206896551724137900e+00 3.672589137053296080e-39
2.016094886906814347e-05 6.206896551724137900e+00 4.604801956446880942e-39
3.137281935836351674e-05 6.206896551724137900e+00 5.761146165043636423e-39
4.881981502381546709e-05 6.206896551724137900e+00 7.203438824501410673e-39
7.596940242236094136e-05 6.206896551724137900e+00 9.050978607340665061e-39
1.182173693528996479e-04 6.206896551724137900e+00 1.137623419786108973e-38
1.839601993842505316e-04 6.206896551724137900e+00 1.433181193406300140e-38
2.862638133696820790e-04 6.206896551724137900e+00 1.805352954046313891e-38
4.454603284799867622e-04 6.206896551724137900e+00 2.286049064227306518e-38
6.931889221822052369e-04 6.206896551724137900e+00 2.903457555700073132e-38
1.078683894199378591e-03 6.206896551724137900e+00 3.717772796865164617e-38
1.678559634135780602e-03 6.206896551724137900e+00 4.778450592762058199e-38
2.612037187633452825e-03 6.206896551724137900e+00 6.192647673181274626e-38
4.064638593011800881e-03 6.206896551724137900e+00 8.158139932273256683e-38
6.325058069624781357e-03 6.206896551724137900e+00 1.084594666134484491e-37
9.842537944925084520e-03 6.206896551724137900e+00 1.481784307411205724e-37
1.531615237850883840e-02 6.206896551724137900e+00 2.068895996504726772e-37
2.383374338959553390e-02 6.206896551724137900e+00 3.013187999189396925e-37
3.708812173729460204e-02 6.206896551724137900e+00 4.616268031304984277e-37
5.771350104410632315e-02 6.206896551724137900e+00 0.000000000000000000e+00
8.980902905683313397e-02 6.206896551724137900e+00 0.000000000000000000e+00
1.397534641671989708e-01 6.206896551724137900e+00 0.000000000000000000e+00
2.174729083684102948e-01 6.206896551724137900e+00 0.000000000000000000e+00
3.384135495749319711e-01 6.206896551724137900e+00 0.000000000000000000e+00
9.999999999999999547e-08 1.241379310344827580e+01 6.347021371251378102e-40
1.556118194739193901e-07 1.241379310344827580e+01 7.917760757034587636e-40
2.421503835998362755e-07 1.241379310344827580e+01 9.891820935320048281e-40
3.768146177827805384e-07 1.241379310344827580e+01 1.230433300164473245e-39
5.863680827754797925e-07 1.241379310344827580e+01 1.538839464346447007e-39
9.124580424212617751e-07 1.241379310344827580e+01 1.920145157240302443e-39
1.419892561747829683e-06 1.241379310344827580e+01 2.400901548145253068e-39
2.209520649910642183e-06 1.241379310344827580e+01 2.989494285302711684e-39
3.438275284977918907e-06 1.241379310344827580e+01 3.745076635449098839e-39
5.350362729476215747e-06 1.241379310344827580e+01 4.666460996670102815e-39
8.325796791792394115e-06 1.241379310344827580e+01 5.839624819216583777e-39
1.295592387340935367e-05 1.241379310344827580e+01 7.287421885163504348e-39
2.016094886906814347e-05 1.241379310344827580e+01 9.130052669247433580e-39
3.137281935836351674e-05 1.241379310344827580e+01 1.142969930170221619e-38
4.881981502381546709e-05 1.241379310344827580e+01 1.429224218405973745e-38
7.596940242236094136e-05 1.241379310344827580e+01 1.797356698640541336e-38
1.182173693528996479e-04 1.241379310344827580e+01 2.260948415126502461e-38
1.839601993842505316e-04 1.241379310344827580e+01 2.840283975669645962e-38
2.862638133696820790e-04 1.241379310344827580e+01 3.588168558205328300e-38
4.454603284799867622e-04 1.241379310344827580e+01 4.541455958066008783e-38
6.931889221822052369e-04 1.241379310344827580e+01 5.766082249331397874e-38
1.078683894199378591e-03 1.241379310344827580e+01 7.374247449718642114e-38
1.678559634135780602e-03 1.241379310344827580e+01 9.486533798981795718e-38
2.612037187633452825e-03 1.241379310344827580e+01 1.231654621030256980e-37
4.064638593011800881e-03 1.241379310344827580e+01 1.607862071348830618e-37
6.325058069624781357e-03 1.241379310344827580e+01 2.145955859918951967e-37
9.842537944925084520e-03 1.241379310344827580e+01 2.922631805751718509e-37
1.531615237850883840e-02 1.241379310344827580e+01 4.071446595455377309e-37
2.383374338959553390e-02 1.241379310344827580e+01 5.903269184103302373e-37
3.708812173729460204e-02 1.241379310344827580e+01 8.967786709377785703e-37
5.771350104410632315e-02 1.241379310344827580e+01 0.000000000000000000e+00
8.980902905683313397e-02 1.241379310344827580e+01 0.000000000000000000e+00
1.397534641671989708e-01 1.241379310344827580e+01 0.000000000000000000e+00
2.174729083684102948e-01 1.241379310344827580e+01 0.000000000000000000e+00
3.384135495749319711e-01 1.241379310344827580e+01 0.000000000000000000e+00
9.999999999999999547e-08 1.862068965517241281e+01 9.412597573541056852e-40
1.556118194739193901e-07 1.862068965517241281e+01 1.175482149957830777e-39
2.421503835998362755e-07 1.862068965517241281e+01 1.469096234392070524e-39
3.768146177827805384e-07 1.862068965517241281e+01 1.830548079317048657e-39
5.863680827754797925e-07 1.862068965517241281e+01 2.284463861204974336e-39
9.124580424212617751e-07 1.862068965517241281e+01 2.846353909750839055e-39
1.419892561747829683e-06 1.862068965517241281e+01 3.577951664202726174e-39
2.209520649910642183e-06 1.862068965517241281e+01 4.447379047929152233e-39
3.438275284977918907e-06 1.862068965517241281e+01 5.546742258297798817e-39
5.350362729476215747e-06 1.862068965517241281e+01 6.951601884979021459e-39
8.325796791792394115e-06 1.862068965517241281e+01 8.657780177345830714e-39
1.295592387340935367e-05 1.862068965517241281e+01 1.083916155393354474e-38
2.016094886906814347e-05 1.862068965517241281e+01 1.356286596613464694e-38
3.137281935836351674e-05 1.862068965517241281e+01 1.698276229581559979e-38
4.881981502381546709e-05 1.862068965517241281e+01 2.131858045153060785e-38
7.596940242236094136e-05 1.862068965517241281e+01 2.666730428022491363e-38
1.182173693528996479e-04 1.862068965517241281e+01 3.347602891880504366e-38
1.839601993842505316e-04 1.862068965517241281e+01 4.221637854025034499e-38
2.862638133696820790e-04 1.862068965517241281e+01 5.312361693642953374e-38
4.454603284799867622e-04 1.862068965517241281e+01 6.726799023588156918e-38
6.931889221822052369e-04 1.862068965517241281e+01 8.572888197601712841e-38
1.078683894199378591e-03 1.862068965517241281e+01 1.090242199751877272e-37
1.678559634135780602e-03 1.862068965517241281e+01 1.402128800175292004e-37
2.612037187633452825e-03 1.862068965517241281e+01 1.815973084167023951e-37
4.064638593011800881e-03 1.862068965517241281e+01 2.378630410708962526e-37
6.325058069624781357e-03 1.862068965517241281e+01 3.152396401678766255e-37
9.842537944925084520e-03 1.862068965517241281e+01 4.275648426297682475e-37
1.531615237850883840e-02 1.862068965517241281e+01 5.937272592347447127e-37
2.383374338959553390e-02 1.862068965517241281e+01 8.570033987969646537e-37
3.708812173729460204e-02 1.862068965517241281e+01 1.284292593260106459e-36
5.771350104410632315e-02 1.862068965517241281e+01 0.000000000000000000e+00
8.980902905683313397e-02 1.862068965517241281e+01 0.000000000000000000e+00
1.397534641671989708e-01 1.862068965517241281e+01 0.000000000000000000e+00
2.174729083684102948e-01 1.862068965517241281e+01 0.000000000000000000e+00
3.384135495749319711e-01 1.862068965517241281e+01 0.000000000000000000e+00
9.999999999999999547e-08 2.482758620689655160e+01 1.238269081164010173e-39
1.556118194739193901e-07 2.482758620689655160e+01 1.547212544823305258e-39
2.421503835998362755e-07 2.482758620689655160e+01 1.931157546340735645e-39
3.768146177827805384e-07 2.482758620689655160e+01 2.409218774126578082e-39
5.863680827754797925e-07 2.482758620689655160e+01 3.008351738558442883e-39
9.124580424212617751e-07 2.482758620689655160e+01 3.756625687572918269e-39
1.419892561747829683e-06 2.482758620689655160e+01 4.677888442863477773e-39
2.209520649910642183e-06 2.482758620689655160e+01 5.845746652001888440e-39
3.438275284977918907e-06 2.482758620689655160e+01 7.303828926866578619e-39
5.350362729476215747e-06 2.482758620689655160e+01 9.118267254285234642e-39
8.325796791792394115e-06 2.482758620689655160e+01 1.140193446853646959e-38
1.295592387340935367e-05 2.482758620689655160e+01 1.423529223694507787e-38
2.016094886906814347e-05 2.482758620689655160e+01 1.774829793441125353e-38
3.137281935836351674e-05 2.482758620689655160e+01 2.230559325235887820e-38
4.881981502381546709e-05 2.482758620689655160e+01 2.794058625270589281e-38
7.596940242236094136e-05 2.482758620689655160e+01 3.499808565040773402e-38
1.182173693528996479e-04 2.482758620689655160e+01 4.400604094636089019e-38
1.839601993842505316e-04 2.482758620689655160e+01 5.537750295575731410e-38
2.862638133696820790e-04 2.482758620689655160e+01 6.988370840633189674e-38
4.454603284799867622e-04 2.482758620689655160e+01 8.827038334393306394e-38
6.931889221822052369e-04 2.482758620689655160e+01 1.117939155942201294e-37
1.078683894199378591e-03 2.482758620689655160e+01 1.427652724461179582e-37
1.678559634135780602e-03 2.482758620689655160e+01 1.831500048198019104e-37
2.612037187633452825e-03 2.482758620689655160e+01 2.363580566080047764e-37
4.064638593011800881e-03 2.482758620689655160e+01 3.086909986731127450e-37
6.325058069624781357e-03 2.482758620689655160e+01 4.092785820041406162e-37
9.842537944925084520e-03 2.482758620689655160e+01 5.515213874947838344e-37
1.531615237850883840e-02 2.482758620689655160e+01 7.628779820158524906e-37
2.383374338959553390e-02 2.482758620689655160e+01 1.088831394065165070e-36
3.708812173729460204e-02 2.482758620689655160e+01 1.616542167593975450e-36
5.771350104410632315e-02 2.482758620689655160e+01 0.000000000000000000e+00
8.980902905683313397e-02 2.482758620689655160e+01 0.000000000000000000e+00
1.397534641671989708e-01 2.482758620689655160e+01 0.000000000000000000e+00
2.174729083684102948e-01 2.482758620689655160e+01 0.000000000000000000e+00
3.384135495749319711e-01 2.482758620689655160e+01 0.000000000000000000e+00
9.999999999999999547e-08 3.103448275862069039e+01 1.521508851896070730e-39
1.556118194739193901e-07 3.103448275862069039e+01 1.901080164168123039e-39
2.421503835998362755e-07 3.103448275862069039e+01 2.364230004288415143e-39
3.768146177827805384e-07 3.103448275862069039e+01 2.956835301559951852e-39
5.863680827754797925e-07 3.103448275862069039e+01 3.691890104661582566e-39
9.124580424212617751e-07 3.103448275862069039e+01 4.604073526364242489e-39
1.419892561747829683e-06 3.103448275862069039e+01 5.739301798625037772e-39
2.209520649910642183e-06 3.103448275862069039e+01 7.180000925734253814e-39
3.438275284977918907e-06 3.103448275862069039e+01 8.955437452874023038e-39
5.350362729476215747e-06 3.103448275862069039e+01 1.119540120541672495e-38
8.325796791792394115e-06 3.103448275862069039e+01 1.394737931974074890e-38
1.295592387340935367e-05 3.103448275862069039e+01 1.750886178586437365e-38
2.016094886906814347e-05 3.103448275862069039e+01 2.185768602195794006e-38
3.137281935836351674e-05 3.103448275862069039e+01 2.740403554896661621e-38
4.881981502381546709e-05 3.103448275862069039e+01 3.429479170660431805e-38
7.596940242236094136e-05 3.103448275862069039e+01 4.291047055066341638e-38
1.182173693528996479e-04 3.103448275862069039e+01 5.390347967228958952e-38
1.839601993842505316e-04 3.103448275862069039e+01 6.764742762303642732e-38
2.862638133696820790e-04 3.103448275862069039e+01 8.536695678764672636e-38
4.454603284799867622e-04 3.103448275862069039e+01 1.079657107819150651e-37
6.931889221822052369e-04 3.103448275862069039e+01 1.368738821526348419e-37
1.078683894199378591e-03 3.103448275862069039e+01 1.739525737172565504e-37
1.678559634135780602e-03 3.103448275862069039e+01 2.232762037770426809e-37
2.612037187633452825e-03 3.103448275862069039e+01 2.884242643867094445e-37
4.064638593011800881e-03 3.103448275862069039e+01 3.743983300525249068e-37
6.325058069624781357e-03 3.103448275862069039e+01 4.943485722652492464e-37
9.842537944925084520e-03 3.103448275862069039e+01 6.615321731405820377e-37
1.531615237850883840e-02 3.103448275862069039e+01 9.063178087255277463e-37
2.383374338959553390e-02 3.103448275862069039e+01 1.281302753091789105e-36
3.708812173729460204e-02 3.103448275862069039e+01 1.880589451902547409e-36
5.771350104410632315e-02 3.103448275862069039e+01 0.000000000000000000e+00
8.980902905683313397e-02 3.103448275862069039e+01 0.000000000000000000e+00
1.397534641671989708e-01 3.103448275862069039e+01 0.000000000000000000e+00
2.174729083684102948e-01 3.103448275862069039e+01 0.000000000000000000e+00
3.384135495749319711e-01 3.103448275862069039e+01 0.000000000000000000e+00
9.999999999999999547e-08 3.724137931034482563e+01 1.789669902187437865e-39
1.556118194739193901e-07 3.724137931034482563e+01 2.230946650644471795e-39
2.421503835998362755e-07 3.724137931034482563e+01 2.779746724034447293e-39
3.768146177827805384e-07 3.724137931034482563e+01 3.471474151955455746e-39
5.863680827754797925e-07 3.724137931034482563e+01 4.338462362135233867e-39
9.124580424212617751e-07 3.724137931034482563e+01 5.402504281614629518e-39
1.419892561747829683e-06 3.724137931034482563e+01 6.743703303448194339e-39
2.209520649910642183e-06 3.724137931034482563e+01 8.412977246200322865e-39
3.438275284977918907e-06 3.724137931034482563e+01 1.050652115636429741e-38
5.350362729476215747e-06 3.724137931034482563e+01 1.315532152322646868e-38
8.325796791792394115e-06 3.724137931034482563e+01 1.636741295539589987e-38
1.295592387340935367e-05 3.724137931034482563e+01 2.049851123002863389e-38
2.016094886906814347e-05 3.724137931034482563e+01 2.557660313791212489e-38
3.137281935836351674e-05 3.724137931034482563e+01 3.202222368937838037e-38
4.881981502381546709e-05 3.724137931034482563e+01 4.028919319704946384e-38
7.596940242236094136e-05 3.724137931034482563e+01 5.034243612983134519e-38
1.182173693528996479e-04 3.724137931034482563e+01 6.312631442117220888e-38
1.839601993842505316e-04 3.724137931034482563e+01 7.947489580968380841e-38
2.862638133696820790e-04 3.724137931034482563e+01 1.000845747637727741e-37
4.454603284799867622e-04 3.724137931034482563e+01 1.262741956749776674e-37
6.931889221822052369e-04 3.724137931034482563e+01 1.595452081691470618e-37
1.078683894199378591e-03 3.724137931034482563e+01 2.032198723114852946e-37
1.678559634135780602e-03 3.724137931034482563e+01 2.595440462213234592e-37
2.612037187633452825e-03 3.724137931034482563e+01 3.346905635299161171e-37
4.064638593011800881e-03 3.724137931034482563e+01 4.331892160839959196e-37
6.325058069624781357e-03 3.724137931034482563e+01 5.697436381490030383e-37
9.842537944925084520e-03 3.724137931034482563e+01 7.569647417040969868e-37
1.531615237850883840e-02 3.724137931034482563e+01 1.030100650076788752e-36
2.383374338959553390e-02 3.724137931034482563e+01 1.437164820026504431e-36
3.708812173729460204e-02 3.724137931034482563e+01 2.079555353531164780e-36
5.771350104410632315e-02 3.724137931034482563e+01 3.145522217286737358e-36
8.980902905683313397e-02 3.724137931034482563e+01 0.000000000000000000e+00
1.397534641671989708e-01 3.724137931034482563e+01 0.000000000000000000e+00
2.174729083684102948e-01 3.724137931034482563e+01 0.000000000000000000e+00
3.384135495749319711e-01 3.724137931034482563e+01 0.000000000000000000e+00
9.999999999999999547e-08 4.344827586206896797e+01 2.031359662726116841e-39
1.556118194739193901e-07 4.344827586206896797e+01 2.536266984211128064e-39
2.421503835998362755e-07 4.344827586206896797e+01 3.159203014019525505e-39
3.768146177827805384e-07 4.344827586206896797e+01 3.950270254142457732e-39
5.863680827754797925e-07 4.344827586206896797e+01 4.920366488316422427e-39
9.124580424212617751e-07 4.344827586206896797e+01 6.139332094035491119e-39
1.419892561747829683e-06 4.344827586206896797e+01 7.669312304597074341e-39
2.209520649910642183e-06 4.344827586206896797e+01 9.573659496483279102e-39
3.438275284977918907e-06 4.344827586206896797e+01 1.195805837800150367e-38
5.350362729476215747e-06 4.344827586206896797e+01 1.487680606495585324e-38
8.325796791792394115e-06 4.344827586206896797e+01 1.859983663485186305e-38
1.295592387340935367e-05 4.344827586206896797e+01 2.331018184895154817e-38
2.016094886906814347e-05 4.344827586206896797e+01 2.910120159765509906e-38
3.137281935836351674e-05 4.344827586206896797e+01 3.639692065744268588e-38
4.881981502381546709e-05 4.344827586206896797e+01 4.557654997584609295e-38
7.596940242236094136e-05 4.344827586206896797e+01 5.721835643547619504e-38
1.182173693528996479e-04 4.344827586206896797e+01 7.146571915943058864e-38
1.839601993842505316e-04 4.344827586206896797e+01 8.996296755318101137e-38
2.862638133696820790e-04 4.344827586206896797e+01 1.132956505144819766e-37
4.454603284799867622e-04 4.344827586206896797e+01 1.424825425958172262e-37
6.931889221822052369e-04 4.344827586206896797e+01 1.801163188705172312e-37
1.078683894199378591e-03 4.344827586206896797e+01 2.292047838579113094e-37
1.678559634135780602e-03 4.344827586206896797e+01 2.926194117816056180e-37
2.612037187633452825e-03 4.344827586206896797e+01 3.743388848040246214e-37
4.064638593011800881e-03 4.344827586206896797e+01 4.825619644518691986e-37
6.325058069624781357e-03 4.344827586206896797e+01 6.326344382202604104e-37
9.842537944925084520e-03 4.344827586206896797e+01 8.380241046563146283e-37
1.531615237850883840e-02 4.344827586206896797e+01 1.125783777316245216e-36
2.383374338959553390e-02 4.344827586206896797e+01 1.555366151175438986e-36
3.708812173729460204e-02 4.344827586206896797e+01 2.211104007053958233e-36
5.771350104410632315e-02 4.344827586206896797e+01 3.288602253936863798e-36
8.980902905683313397e-02 4.344827586206896797e+01 0.000000000000000000e+00
1.397534641671989708e-01 4.344827586206896797e+01 0.000000000000000000e+00
2.174729083684102948e-01 4.344827586206896797e+01 0.000000000000000000e+00
3.384135495749319711e-01 4.344827586206896797e+01 0.000000000000000000e+00
9.999999999999999547e-08 4.965517241379310320e+01 2.250905232625888580e-39
1.556118194739193901e-07 4.965517241379310320e+01 2.810512512069014589e-39
2.421503835998362755e-07 4.965517241379310320e+01 3.506289204278725825e-39
3.768146177827805384e-07 4.965517241379310320e+01 4.366944621255806270e-39
5.863680827754797925e-07 4.965517241379310320e+01 5.443748509204190453e-39
9.124580424212617751e-07 4.965517241379310320e+01 6.785273221554159640e-39
1.419892561747829683e-06 4.965517241379310320e+01 8.477856285285919135e-39
2.209520649910642183e-06 4.965517241379310320e+01 1.060143886358865632e-38
3.438275284977918907e-06 4.965517241379310320e+01 1.320131519630133753e-38
5.350362729476215747e-06 4.965517241379310320e+01 1.653053247704031302e-38
8.325796791792394115e-06 4.965517241379310320e+01 2.068137516988804004e-38
1.295592387340935367e-05 4.965517241379310320e+01 2.581445667204022896e-38
2.016094886906814347e-05 4.965517241379310320e+01 3.218945713106218613e-38
3.137281935836351674e-05 4.965517241379310320e+01 4.028801848313496669e-38
4.881981502381546709e-05 4.965517241379310320e+01 5.040387284027134467e-38
7.596940242236094136e-05 4.965517241379310320e+01 6.298352777855670434e-38
1.182173693528996479e-04 4.965517241379310320e+01 7.921489256502819389e-38
1.839601993842505316e-04 4.965517241379310320e+01 9.925682610964216715e-38
2.862638133696820790e-04 4.965517241379310320e+01 1.248453003806473651e-37
4.454603284799867622e-04 4.965517241379310320e+01 1.568973766988191337e-37
6.931889221822052369e-04 4.965517241379310320e+01 1.989357060180306199e-37
1.078683894199378591e-03 4.965517241379310320e+01 2.514237210539710159e-37
1.678559634135780602e-03 4.965517241379310320e+01 3.197665118643460275e-37
2.612037187633452825e-03 4.965517241379310320e+01 4.089449191786631097e-37
4.064638593011800881e-03 4.965517241379310320e+01 5.256655517022834060e-37
6.325058069624781357e-03 4.965517241379310320e+01 6.837869868041887408e-37
9.842537944925084520e-03 4.965517241379310320e+01 8.995336518969394933e-37
1.531615237850883840e-02 4.965517241379310320e+01 1.198895049135638133e-36
2.383374338959553390e-02 4.965517241379310320e+01 1.630593543856237677e-36
3.708812173729460204e-02 4.965517241379310320e+01 2.286939481967168781e-36
5.771350104410632315e-02 4.965517241379310320e+01 3.337356628626364101e-36
8.980902905683313397e-02 4.965517241379310320e+01 5.220435763641066829e-36
1.397534641671989708e-01 4.965517241379310320e+01 0.000000000000000000e+00
2.174729083684102948e-01 4.965517241379310320e+01 0.000000000000000000e+00
3.384135495749319711e-01 4.965517241379310320e+01 0.000000000000000000e+00
9.999999999999999547e-08 5.586206896551724554e+01 2.445695087468230983e-39
1.556118194739193901e-07 5.586206896551724554e+01 3.044066352610410769e-39
2.421503835998362755e-07 5.586206896551724554e+01 3.812537027753989200e-39
3.768146177827805384e-07 5.586206896551724554e+01 4.734816805639468864e-39
5.863680827754797925e-07 5.586206896551724554e+01 5.925270219026510534e-39
9.124580424212617751e-07 5.586206896551724554e+01 7.387770808463610647e-39
1.419892561747829683e-06 5.586206896551724554e+01 9.226812312794291082e-39
2.209520649910642183e-06 5.586206896551724554e+01 1.147878959898376212e-38
3.438275284977918907e-06 5.586206896551724554e+01 1.434359019374586960e-38
5.350362729476215747e-06 5.586206896551724554e+01 1.792813036762315384e-38
8.325796791792394115e-06 5.586206896551724554e+01 2.234599361956135748e-38
1.295592387340935367e-05 5.586206896551724554e+01 2.793016685993019445e-38
2.016094886906814347e-05 5.586206896551724554e+01 3.501308897768495193e-38
3.137281935836351674e-05 5.586206896551724554e+01 4.376917045201310991e-38
4.881981502381546709e-05 5.586206896551724554e+01 5.458756500024955874e-38
7.596940242236094136e-05 5.586206896551724554e+01 6.834584147759174121e-38
1.182173693528996479e-04 5.586206896551724554e+01 8.550515257775170625e-38
1.839601993842505316e-04 5.586206896551724554e+01 1.073973329030265746e-37
2.862638133696820790e-04 5.586206896551724554e+01 1.346785982842870200e-37
4.454603284799867622e-04 5.586206896551724554e+01 1.693969620959674087e-37
6.931889221822052369e-04 5.586206896551724554e+01 2.139824419306132973e-37
1.078683894199378591e-03 5.586206896551724554e+01 2.702309177015535922e-37
1.678559634135780602e-03 5.586206896551724554e+01 3.422636626048344101e-37
2.612037187633452825e-03 5.586206896551724554e+01 4.360732667345363921e-37
4.064638593011800881e-03 5.586206896551724554e+01 5.592822659125155648e-37
6.325058069624781357e-03 5.586206896551724554e+01 7.232770622998150600e-37
9.842537944925084520e-03 5.586206896551724554e+01 9.436623362311799387e-37
1.531615237850883840e-02 5.586206896551724554e+01 1.245759069406335591e-36
2.383374338959553390e-02 5.586206896551724554e+01 1.679588261465796572e-36
3.708812173729460204e-02 5.586206896551724554e+01 2.317492031085529277e-36
5.771350104410632315e-02 5.586206896551724554e+01 3.327078388900849753e-36
8.980902905683313397e-02 5.586206896551724554e+01 5.114868173329594398e-36
1.397534641671989708e-01 5.586206896551724554e+01 1.050808240374421662e-35
2.174729083684102948e-01 5.586206896551724554e+01 1.034720006737820886e-34
3.384135495749319711e-01 5.586206896551724554e+01 0.000000000000000000e+00
9.999999999999999547e-08 6.206896551724138078e+01 2.611465715755692139e-39
1.556118194739193901e-07 6.206896551724138078e+01 3.258170410503764691e-39
2.421503835998362755e-07 6.206896551724138078e+01 4.059893185324174402e-39
3.768146177827805384e-07 6.206896551724138078e+01 5.054775286576688111e-39
5.863680827754797925e-07 6.206896551724138078e+01 6.316298764724139604e-39
9.124580424212617751e-07 6.206896551724138078e+01 7.880643912995549885e-39
1.419892561747829683e-06 6.206896551724138078e+01 9.844948598993527053e-39
2.209520649910642183e-06 6.206896551724138078e+01 1.226791832828695750e-38
3.438275284977918907e-06 6.206896551724138078e+01 1.533037920128259261e-38
5.350362729476215747e-06 6.206896551724138078e+01 1.912056968219057900e-38
8.325796791792394115e-06 6.206896551724138078e+01 2.385661138985272218e-38
1.295592387340935367e-05 6.206896551724138078e+01 2.985035047310728885e-38
2.016094886906814347e-05 6.206896551724138078e+01 3.723112189120037920e-38
3.137281935836351674e-05 6.206896551724138078e+01 4.654074044104552460e-38
4.881981502381546709e-05 6.206896551724138078e+01 5.815079763435824435e-38
7.596940242236094136e-05 6.206896551724138078e+01 7.273893773011037686e-38
1.182173693528996479e-04 6.206896551724138078e+01 9.117037261802453150e-38
1.839601993842505316e-04 6.206896551724138078e+01 1.139294384718337103e-37
2.862638133696820790e-04 6.206896551724138078e+01 1.431651302630000194e-37
4.454603284799867622e-04 6.206896551724138078e+01 1.796604392583068603e-37
6.931889221822052369e-04 6.206896551724138078e+01 2.261023281130660082e-37
1.078683894199378591e-03 6.206896551724138078e+01 2.850527638064764272e-37
1.678559634135780602e-03 6.206896551724138078e+01 3.601672299311397359e-37
2.612037187633452825e-03 6.206896551724138078e+01 4.584969878690284362e-37
4.064638593011800881e-03 6.206896551724138078e+01 5.857269781233957572e-37
6.325058069624781357e-03 6.206896551724138078e+01 7.505889190518269318e-37
9.842537944925084520e-03 6.206896551724138078e+01 9.718099915850349528e-37
1.531615237850883840e-02 6.206896551724138078e+01 1.276041707823700633e-36
2.383374338959553390e-02 6.206896551724138078e+01 1.694192184281970272e-36
3.708812173729460204e-02 6.206896551724138078e+01 2.306183584031118343e-36
5.771350104410632315e-02 6.206896551724138078e+01 3.271232079705870124e-36
8.980902905683313397e-02 6.206896551724138078e+01 5.000177969937735794e-36
1.397534641671989708e-01 6.206896551724138078e+01 1.201281537454495726e-35
2.174729083684102948e-01 6.206896551724138078e+01 9.946201332180062214e-35
3.384135495749319711e-01 6.206896551724138078e+01 0.000000000000000000e+00
9.999999999999999547e-08 6.827586206896552312e+01 2.745857074170207995e-39
1.556118194739193901e-07 6.827586206896552312e+01 3.414257937151342765e-39
2.421503835998362755e-07 6.827586206896552312e+01 4.261476363646273383e-39
3.768146177827805384e-07 6.827586206896552312e+01 5.315302144471074346e-39
5.863680827754797925e-07 6.827586206896552312e+01 6.629184902591685619e-39
9.124580424212617751e-07 6.827586206896552312e+01 8.291692072272455826e-39
1.419892561747829683e-06 6.827586206896552312e+01 1.034764618964038385e-38
2.209520649910642183e-06 6.827586206896552312e+01 1.291714342070111175e-38
3.438275284977918907e-06 6.827586206896552312e+01 1.611003976600194220e-38
5.350362729476215747e-06 6.827586206896552312e+01 2.009459853133781715e-38
8.325796791792394115e-06 6.827586206896552312e+01 2.506211480532144454e-38
1.295592387340935367e-05 6.827586206896552312e+01 3.127291766531982796e-38
2.016094886906814347e-05 6.827586206896552312e+01 3.913370645673860271e-38
3.137281935836351674e-05 6.827586206896552312e+01 4.889695108680865645e-38
4.881981502381546709e-05 6.827586206896552312e+01 6.107832156322202796e-38
7.596940242236094136e-05 6.827586206896552312e+01 7.631734493686490815e-38
1.182173693528996479e-04 6.827586206896552312e+01 9.542093747358328846e-38
1.839601993842505316e-04 6.827586206896552312e+01 1.193504999559413764e-37
2.862638133696820790e-04 6.827586206896552312e+01 1.497629735200701399e-37
4.454603284799867622e-04 6.827586206896552312e+01 1.878751251022871195e-37
6.931889221822052369e-04 6.827586206896552312e+01 2.352486567656606904e-37
1.078683894199378591e-03 6.827586206896552312e+01 2.970905891567320222e-37
1.678559634135780602e-03 6.827586206896552312e+01 3.732262589947761184e-37
2.612037187633452825e-03 6.827586206896552312e+01 4.737104859336070943e-37
4.064638593011800881e-03 6.827586206896552312e+01 6.022385700571663890e-37
6.325058069624781357e-03 6.827586206896552312e+01 7.665847786780889615e-37
9.842537944925084520e-03 6.827586206896552312e+01 9.862099408396135836e-37
1.531615237850883840e-02 6.827586206896552312e+01 1.281782968918193514e-36
2.383374338959553390e-02 6.827586206896552312e+01 1.686436368012224705e-36
3.708812173729460204e-02 6.827586206896552312e+01 2.272919760914290525e-36
5.771350104410632315e-02 6.827586206896552312e+01 3.170409892766940963e-36
8.980902905683313397e-02 6.827586206896552312e+01 4.871735663244008502e-36
1.397534641671989708e-01 6.827586206896552312e+01 1.412817473288353269e-35
2.174729083684102948e-01 6.827586206896552312e+01 8.475929236977659707e-35
3.384135495749319711e-01 6.827586206896552312e+01 0.000000000000000000e+00
9.999999999999999547e-08 7.448275862068965125e+01 2.836652008201308130e-39
1.556118194739193901e-07 7.448275862068965125e+01 3.540290173866801716e-39
2.421503835998362755e-07 7.448275862068965125e+01 4.427865421603021869e-39
3.768146177827805384e-07 7.448275862068965125e+01 5.529423264457854802e-39
5.863680827754797925e-07 7.448275862068965125e+01 6.878154351856142290e-39
9.124580424212617751e-07 7.448275862068965125e+01 8.586747479678006128e-39
1.419892561747829683e-06 7.448275862068965125e+01 1.073038019002623352e-38
2.209520649910642183e-06 7.448275862068965125e+01 1.336037875199181127e-38
3.438275284977918907e-06 7.448275862068965125e+01 1.668690881962018341e-38
5.350362729476215747e-06 7.448275862068965125e+01 2.076463733273752685e-38
8.325796791792394115e-06 7.448275862068965125e+01 2.600559828349431294e-38
1.295592387340935367e-05 7.448275862068965125e+01 3.238305239453998785e-38
2.016094886906814347e-05 7.448275862068965125e+01 4.054069070649664899e-38
3.137281935836351674e-05 7.448275862068965125e+01 5.054874498117923718e-38
4.881981502381546709e-05 7.448275862068965125e+01 6.324714690530312941e-38
7.596940242236094136e-05 7.448275862068965125e+01 7.895924863470088425e-38
1.182173693528996479e-04 7.448275862068965125e+01 9.867117264222079170e-38
1.839601993842505316e-04 7.448275862068965125e+01 1.233730012333436982e-37
2.862638133696820790e-04 7.448275862068965125e+01 1.541029158691449387e-37
4.454603284799867622e-04 7.448275862068965125e+01 1.937225125741285138e-37
6.931889221822052369e-04 7.448275862068965125e+01 2.418991008663238574e-37
1.078683894199378591e-03 7.448275862068965125e+01 3.041533986149415044e-37
1.678559634135780602e-03 7.448275862068965125e+01 3.833718396614976716e-37
2.612037187633452825e-03 7.448275862068965125e+01 4.823934384285072075e-37
4.064638593011800881e-03 7.448275862068965125e+01 6.085509906302719899e-37
6.325058069624781357e-03 7.448275862068965125e+01 7.746011508650366642e-37
9.842537944925084520e-03 7.448275862068965125e+01 9.890586688347962007e-37
1.531615237850883840e-02 7.448275862068965125e+01 1.274203704709324625e-36
2.383374338959553390e-02 7.448275862068965125e+01 1.659147045658183834e-36
3.708812173729460204e-02 7.448275862068965125e+01 2.211441654337343107e-36
5.771350104410632315e-02 7.448275862068965125e+01 3.056674962201542850e-36
8.980902905683313397e-02 7.448275862068965125e+01 4.816474446520620864e-36
1.397534641671989708e-01 7.448275862068965125e+01 1.748590241649407625e-35
2.174729083684102948e-01 7.448275862068965125e+01 6.630493392472887254e-35
3.384135495749319711e-01 7.448275862068965125e+01 0.000000000000000000e+00
9.999999999999999547e-08 8.068965517241380780e+01 2.909502161976357526e-39
1.556118194739193901e-07 8.068965517241380780e+01 3.630003361484893152e-39
2.421503835998362755e-07 8.068965517241380780e+01 4.525094074391452035e-39
3.768146177827805384e-07 8.068965517241380780e+01 5.642433355967666844e-39
5.863680827754797925e-07 8.068965517241380780e+01 7.035731815062189487e-39
9.124580424212617751e-07 8.068965517241380780e+01 8.801800116475462856e-39
1.419892561747829683e-06 8.068965517241380780e+01 1.097806309906350101e-38
2.209520649910642183e-06 8.068965517241380780e+01 1.372002283557068563e-38
3.438275284977918907e-06 8.068965517241380780e+01 1.708569421104854618e-38
5.350362729476215747e-06 8.068965517241380780e+01 2.136600858999894200e-38
8.325796791792394115e-06 8.068965517241380780e+01 2.662494062951258739e-38
1.295592387340935367e-05 8.068965517241380780e+01 3.313042688479235149e-38
2.016094886906814347e-05 8.068965517241380780e+01 4.133311570133658701e-38
3.137281935836351674e-05 8.068965517241380780e+01 5.179163623053677744e-38
4.881981502381546709e-05 8.068965517241380780e+01 6.461654239902978111e-38
7.596940242236094136e-05 8.068965517241380780e+01 8.037352804848820216e-38
1.182173693528996479e-04 8.068965517241380780e+01 1.007878717248251599e-37
1.839601993842505316e-04 8.068965517241380780e+01 1.255124142532502919e-37
2.862638133696820790e-04 8.068965517241380780e+01 1.567700039880737638e-37
4.454603284799867622e-04 8.068965517241380780e+01 1.966722105792528467e-37
6.931889221822052369e-04 8.068965517241380780e+01 2.462542271539474343e-37
1.078683894199378591e-03 8.068965517241380780e+01 3.081591657408031737e-37
1.678559634135780602e-03 8.068965517241380780e+01 3.854470491797388191e-37
2.612037187633452825e-03 8.068965517241380780e+01 4.851837190551202044e-37
4.064638593011800881e-03 8.068965517241380780e+01 6.093102588315065423e-37
6.325058069624781357e-03 8.068965517241380780e+01 7.704766229354971673e-37
9.842537944925084520e-03 8.068965517241380780e+01 9.759269777708697797e-37
1.531615237850883840e-02 8.068965517241380780e+01 1.249071199652987626e-36
2.383374338959553390e-02 8.068965517241380780e+01 1.615383420444029225e-36
3.708812173729460204e-02 8.068965517241380780e+01 2.128830054500388259e-36
5.771350104410632315e-02 8.068965517241380780e+01 2.926673433801086978e-36
8.980902905683313397e-02 8.068965517241380780e+01 4.866360260383549518e-36
1.397534641671989708e-01 8.068965517241380780e+01 2.129485118462373334e-35
2.174729083684102948e-01 8.068965517241380780e+01 4.971934014759875163e-35
3.384135495749319711e-01 8.068965517241380780e+01 0.000000000000000000e+00
9.999999999999999547e-08 8.689655172413793593e+01 2.946858115228794983e-39
1.556118194739193901e-07 8.689655172413793593e+01 3.674446389091609892e-39
2.421503835998362755e-07 8.689655172413793593e+01 4.582642641766958614e-39
3.768146177827805384e-07 8.689655172413793593e+01 5.711153318850231677e-39
5.863680827754797925e-07 8.689655172413793593e+01 7.126770744842508720e-39
9.124580424212617751e-07 8.689655172413793593e+01 8.874273701277142559e-39
1.419892561747829683e-06 8.689655172413793593e+01 1.109417679893321837e-38
2.209520649910642183e-06 8.689655172413793593e+01 1.380791889293730465e-38
3.438275284977918907e-06 8.689655172413793593e+01 1.725649246535547336e-38
5.350362729476215747e-06 8.689655172413793593e+01 2.153466918587960777e-38
8.325796791792394115e-06 8.689655172413793593e+01 2.690909401207467090e-38
1.295592387340935367e-05 8.689655172413793593e+01 3.352265543004830028e-38
2.016094886906814347e-05 8.689655172413793593e+01 4.186068948730884226e-38
3.137281935836351674e-05 8.689655172413793593e+01 5.217550685690519265e-38
4.881981502381546709e-05 8.689655172413793593e+01 6.516222646076828264e-38
7.596940242236094136e-05 8.689655172413793593e+01 8.131477963813939079e-38
1.182173693528996479e-04 8.689655172413793593e+01 1.013878421839939874e-37
1.839601993842505316e-04 8.689655172413793593e+01 1.267611731486145901e-37
2.862638133696820790e-04 8.689655172413793593e+01 1.580280000625824330e-37
4.454603284799867622e-04 8.689655172413793593e+01 1.970306648068703094e-37
6.931889221822052369e-04 8.689655172413793593e+01 2.464542641800670079e-37
1.078683894199378591e-03 8.689655172413793593e+01 3.077704887854155705e-37
1.678559634135780602e-03 8.689655172413793593e+01 3.861303376280143293e-37
2.612037187633452825e-03 8.689655172413793593e+01 4.826969534937622422e-37
4.064638593011800881e-03 8.689655172413793593e+01 6.040730813018144727e-37
6.325058069624781357e-03 8.689655172413793593e+01 7.574099527463824872e-37
9.842537944925084520e-03 8.689655172413793593e+01 9.567143689185507237e-37
1.531615237850883840e-02 8.689655172413793593e+01 1.212779314270672443e-36
2.383374338959553390e-02 8.689655172413793593e+01 1.549552380188822873e-36
3.708812173729460204e-02 8.689655172413793593e+01 2.028855124092645590e-36
5.771350104410632315e-02 8.689655172413793593e+01 2.789507890512384654e-36
8.980902905683313397e-02 8.689655172413793593e+01 5.021253974694485634e-36
1.397534641671989708e-01 8.689655172413793593e+01 2.440402062357798777e-35
2.174729083684102948e-01 8.689655172413793593e+01 3.659904909603170383e-35
3.384135495749319711e-01 8.689655172413793593e+01 0.000000000000000000e+00
9.999999999999999547e-08 9.310344827586206407e+01 2.950433982901909840e-39
1.556118194739193901e-07 9.310344827586206407e+01 3.674956931877954267e-39
2.421503835998362755e-07 9.310344827586206407e+01 4.579873184114219893e-39
3.768146177827805384e-07 9.310344827586206407e+01 5.704278521543113778e-39
5.863680827754797925e-07 9.310344827586206407e+01 7.141231209294739912e-39
9.124580424212617751e-07 9.310344827586206407e+01 8.876239576070405430e-39
1.419892561747829683e-06 9.310344827586206407e+01 1.108032716782644872e-38
2.209520649910642183e-06 9.310344827586206407e+01 1.382896780427850045e-38
3.438275284977918907e-06 9.310344827586206407e+01 1.724349613705123397e-38
5.350362729476215747e-06 9.310344827586206407e+01 2.149439885994677643e-38
8.325796791792394115e-06 9.310344827586206407e+01 2.686671505961271167e-38
1.295592387340935367e-05 9.310344827586206407e+01 3.346363082157127773e-38
2.016094886906814347e-05 9.310344827586206407e+01 4.176995177007896555e-38
3.137281935836351674e-05 9.310344827586206407e+01 5.203262753054590133e-38
4.881981502381546709e-05 9.310344827586206407e+01 6.499138030630433802e-38
7.596940242236094136e-05 9.310344827586206407e+01 8.093966595950592655e-38
1.182173693528996479e-04 9.310344827586206407e+01 1.009072120488217547e-37
1.839601993842505316e-04 9.310344827586206407e+01 1.262241003113419292e-37
2.862638133696820790e-04 9.310344827586206407e+01 1.568499333810157922e-37
4.454603284799867622e-04 9.310344827586206407e+01 1.956510495007034710e-37
6.931889221822052369e-04 9.310344827586206407e+01 2.443169632226843124e-37
1.078683894199378591e-03 9.310344827586206407e+01 3.047332666141127351e-37
1.678559634135780602e-03 9.310344827586206407e+01 3.794339754660589304e-37
2.612037187633452825e-03 9.310344827586206407e+01 4.744024101118456023e-37
4.064638593011800881e-03 9.310344827586206407e+01 5.915720649003930335e-37
6.325058069624781357e-03 9.310344827586206407e+01 7.397960387487110837e-37
9.842537944925084520e-03 9.310344827586206407e+01 9.253347899073219536e-37
1.531615237850883840e-02 9.310344827586206407e+01 1.163957360052699749e-36
2.383374338959553390e-02 9.310344827586206407e+01 1.482862433407649740e-36
3.708812173729460204e-02 9.310344827586206407e+01 1.919530631440536476e-36
5.771350104410632315e-02 9.310344827586206407e+01 2.672195797270616928e-36
8.980902905683313397e-02 9.310344827586206407e+01 5.310223015316270454e-36
1.397534641671989708e-01 9.310344827586206407e+01 2.638361193214412724e-35
2.174729083684102948e-01 9.310344827586206407e+01 2.646026766741803812e-35
3.384135495749319711e-01 9.310344827586206407e+01 0.000000000000000000e+00
9.999999999999999547e-08 9.931034482758620641e+01 2.906055248100532899e-39
1.556118194739193901e-07 9.931034482758620641e+01 3.628654480810838454e-39
2.421503835998362755e-07 9.931034482758620641e+01 4.526170141471353126e-39
3.768146177827805384e-07 9.931034482758620641e+01 5.634774574123389930e-39
5.863680827754797925e-07 9.931034482758620641e+01 7.048550450603377741e-39
9.124580424212617751e-07 9.931034482758620641e+01 8.759138574018154402e-39
1.419892561747829683e-06 9.931034482758620641e+01 1.094432881974831562e-38
2.209520649910642183e-06 9.931034482758620641e+01 1.366930941148159771e-38
3.438275284977918907e-06 9.931034482758620641e+01 1.703947396511857864e-38
5.350362729476215747e-06 9.931034482758620641e+01 2.129966535817563102e-38
8.325796791792394115e-06 9.931034482758620641e+01 2.646866462623761907e-38
1.295592387340935367e-05 9.931034482758620641e+01 3.298380507574105089e-38
2.016094886906814347e-05 9.931034482758620641e+01 4.127786689991629924e-38
3.137281935836351674e-05 9.931034482758620641e+01 5.144713010921502274e-38
4.881981502381546709e-05 9.931034482758620641e+01 6.397458428225952048e-38
7.596940242236094136e-05 9.931034482758620641e+01 7.989449439153638220e-38
1.182173693528996479e-04 9.931034482758620641e+01 9.920771335000188408e-38
1.839601993842505316e-04 9.931034482758620641e+01 1.239735798329335396e-37
2.862638133696820790e-04 9.931034482758620641e+01 1.543962095526846273e-37
4.454603284799867622e-04 9.931034482758620641e+01 1.920954696728322335e-37
6.931889221822052369e-04 9.931034482758620641e+01 2.387538131465494440e-37
1.078683894199378591e-03 9.931034482758620641e+01 2.977091476263295501e-37
1.678559634135780602e-03 9.931034482758620641e+01 3.706599966213524319e-37
2.612037187633452825e-03 9.931034482758620641e+01 4.603032239836552026e-37
4.064638593011800881e-03 9.931034482758620641e+01 5.709085284282407361e-37
6.325058069624781357e-03 9.931034482758620641e+01 7.109337857296975702e-37
9.842537944925084520e-03 9.931034482758620641e+01 8.859215780947873454e-37
1.531615237850883840e-02 9.931034482758620641e+01 1.110158386794886598e-36
2.383374338959553390e-02 9.931034482758620641e+01 1.401905317352933700e-36
3.708812173729460204e-02 9.931034482758620641e+01 1.817727250413200411e-36
5.771350104410632315e-02 9.931034482758620641e+01 2.553217932582416896e-36
8.980902905683313397e-02 9.931034482758620641e+01 5.677111194715119198e-36
1.397534641671989708e-01 9.931034482758620641e+01 2.683658603838169191e-35
2.174729083684102948e-01 9.931034482758620641e+01 1.840377417200193607e-35
3.384135495749319711e-01 9.931034482758620641e+01 0.000000000000000000e+00
9.999999999999999547e-08 1.055172413793103630e+02 2.843493838416371422e-39
1.556118194739193901e-07 1.055172413793103630e+02 3.542326994046705365e-39
2.421503835998362755e-07 1.055172413793103630e+02 4.423199769545448466e-39
3.768146177827805384e-07 1.055172413793103630e+02 5.526281841218625097e-39
5.863680827754797925e-07 1.055172413793103630e+02 6.873692911116751369e-39
9.124580424212617751e-07 1.055172413793103630e+02 8.587055211439447691e-39
1.419892561747829683e-06 1.055172413793103630e+02 1.068956361197718981e-38
2.209520649910642183e-06 1.055172413793103630e+02 1.333841621104295156e-38
3.438275284977918907e-06 1.055172413793103630e+02 1.666636169975842611e-38
5.350362729476215747e-06 1.055172413793103630e+02 2.072490054577408005e-38
8.325796791792394115e-06 1.055172413793103630e+02 2.587606694035711839e-38
1.295592387340935367e-05 1.055172413793103630e+02 3.227343990931328907e-38
2.016094886906814347e-05 1.055172413793103630e+02 4.012211354476294587e-38
3.137281935836351674e-05 1.055172413793103630e+02 5.003415915116583964e-38
4.881981502381546709e-05 1.055172413793103630e+02 6.238465398950597871e-38
7.596940242236094136e-05 1.055172413793103630e+02 7.776210786574660126e-38
1.182173693528996479e-04 1.055172413793103630e+02 9.671046359688245428e-38
1.839601993842505316e-04 1.055172413793103630e+02 1.203260213821731727e-37
2.862638133696820790e-04 1.055172413793103630e+02 1.496699789478550944e-37
4.454603284799867622e-04 1.055172413793103630e+02 1.865403857992589253e-37
6.931889221822052369e-04 1.055172413793103630e+02 2.314522320040987859e-37
1.078683894199378591e-03 1.055172413793103630e+02 2.874668952646652468e-37
1.678559634135780602e-03 1.055172413793103630e+02 3.562028732405997376e-37
2.612037187633452825e-03 1.055172413793103630e+02 4.420601589508247193e-37
4.064638593011800881e-03 1.055172413793103630e+02 5.474719400835278143e-37
6.325058069624781357e-03 1.055172413793103630e+02 6.765465155799281935e-37
9.842537944925084520e-03 1.055172413793103630e+02 8.403704430646858290e-37
1.531615237850883840e-02 1.055172413793103630e+02 1.044315763296608913e-36
2.383374338959553390e-02 1.055172413793103630e+02 1.310697949577513499e-36
3.708812173729460204e-02 1.055172413793103630e+02 1.695315735094965766e-36
5.771350104410632315e-02 1.055172413793103630e+02 2.469371814208742174e-36
8.980902905683313397e-02 1.055172413793103630e+02 6.161338505178885417e-36
1.397534641671989708e-01 1.055172413793103630e+02 2.541719558871664507e-35
2.174729083684102948e-01 1.055172413793103630e+02 1.219518117516701531e-35
3.384135495749319711e-01 1.055172413793103630e+02 0.000000000000000000e+00
9.999999999999999547e-08 1.117241379310344911e+02 2.737085662910492399e-39
1.556118194739193901e-07 1.117241379310344911e+02 3.417351845614483232e-39
2.421503835998362755e-07 1.117241379310344911e+02 4.259377551411611570e-39
3.768146177827805384e-07 1.117241379310344911e+02 5.323498718706672237e-39
5.863680827754797925e-07 1.117241379310344911e+02 6.618929908625646204e-39
9.124580424212617751e-07 1.117241379310344911e+02 8.273214641872924223e-39
1.419892561747829683e-06 1.117241379310344911e+02 1.030394958128285115e-38
2.209520649910642183e-06 1.117241379310344911e+02 1.284454124422247835e-38
3.438275284977918907e-06 1.117241379310344911e+02 1.602568635311314559e-38
5.350362729476215747e-06 1.117241379310344911e+02 2.000247194435426703e-38
8.325796791792394115e-06 1.117241379310344911e+02 2.486938228666049297e-38
1.295592387340935367e-05 1.117241379310344911e+02 3.108737492125251628e-38
2.016094886906814347e-05 1.117241379310344911e+02 3.866427987277824172e-38
3.137281935836351674e-05 1.117241379310344911e+02 4.820135420675173543e-38
4.881981502381546709e-05 1.117241379310344911e+02 5.989944995991601363e-38
7.596940242236094136e-05 1.117241379310344911e+02 7.466899335524670211e-38
1.182173693528996479e-04 1.117241379310344911e+02 9.334381424621304885e-38
1.839601993842505316e-04 1.117241379310344911e+02 1.158224329451271393e-37
2.862638133696820790e-04 1.117241379310344911e+02 1.438090568870636895e-37
4.454603284799867622e-04 1.117241379310344911e+02 1.786918767441343045e-37
6.931889221822052369e-04 1.117241379310344911e+02 2.211393423315900360e-37
1.078683894199378591e-03 1.117241379310344911e+02 2.746539287614529796e-37
1.678559634135780602e-03 1.117241379310344911e+02 3.390630548359700352e-37
2.612037187633452825e-03 1.117241379310344911e+02 4.195636366587767777e-37
4.064638593011800881e-03 1.117241379310344911e+02 5.171991518547354943e-37
6.325058069624781357e-03 1.117241379310344911e+02 6.371870072736588935e-37
9.842537944925084520e-03 1.117241379310344911e+02 7.876746453770184470e-37
1.531615237850883840e-02 1.117241379310344911e+02 9.745169127043493980e-37
2.383374338959553390e-02 1.117241379310344911e+02 1.225792998319476498e-36
3.708812173729460204e-02 1.117241379310344911e+02 1.583536878307565693e-36
5.771350104410632315e-02 1.117241379310344911e+02 2.370981325809059567e-36
8.980902905683313397e-02 1.117241379310344911e+02 6.600936255413895958e-36
1.397534641671989708e-01 1.117241379310344911e+02 2.285752867059857831e-35
2.174729083684102948e-01 1.117241379310344911e+02 7.678207286302431331e-36
3.384135495749319711e-01 1.117241379310344911e+02 0.000000000000000000e+00
9.999999999999999547e-08 1.179310344827586192e+02 2.608874945070573421e-39
1.556118194739193901e-07 1.179310344827586192e+02 3.239606695612445735e-39
2.421503835998362755e-07 1.179310344827586192e+02 4.049732864772352573e-39
3.768146177827805384e-07 1.179310344827586192e+02 5.063366468781298632e-39
5.863680827754797925e-07 1.179310344827586192e+02 6.299506701078253927e-39
9.124580424212617751e-07 1.179310344827586192e+02 7.854738715919076189e-39
1.419892561747829683e-06 1.179310344827586192e+02 9.793362918120199008e-39
2.209520649910642183e-06 1.179310344827586192e+02 1.223277945162760902e-38
3.438275284977918907e-06 1.179310344827586192e+02 1.521832567472159388e-38
5.350362729476215747e-06 1.179310344827586192e+02 1.895675817505886269e-38
8.325796791792394115e-06 1.179310344827586192e+02 2.366718373704110962e-38
1.295592387340935367e-05 1.179310344827586192e+02 2.948974441186358224e-38
2.016094886906814347e-05 1.179310344827586192e+02 3.681090022315372196e-38
3.137281935836351674e-05 1.179310344827586192e+02 4.578646833645801488e-38
4.881981502381546709e-05 1.179310344827586192e+02 5.701501599120286960e-38
7.596940242236094136e-05 1.179310344827586192e+02 7.082663043520934869e-38
1.182173693528996479e-04 1.179310344827586192e+02 8.822070126289299198e-38
1.839601993842505316e-04 1.179310344827586192e+02 1.095328566246558811e-37
2.862638133696820790e-04 1.179310344827586192e+02 1.353770600025385001e-37
4.454603284799867622e-04 1.179310344827586192e+02 1.680961777609428870e-37
6.931889221822052369e-04 1.179310344827586192e+02 2.088832486787302769e-37
1.078683894199378591e-03 1.179310344827586192e+02 2.578580031592294252e-37
1.678559634135780602e-03 1.179310344827586192e+02 3.197207975469483321e-37
2.612037187633452825e-03 1.179310344827586192e+02 3.925118904679823285e-37
4.064638593011800881e-03 1.179310344827586192e+02 4.828489535554321749e-37
6.325058069624781357e-03 1.179310344827586192e+02 5.943695830910187708e-37
9.842537944925084520e-03 1.179310344827586192e+02 7.293222646414600703e-37
1.531615237850883840e-02 1.179310344827586192e+02 8.996167335674821459e-37
2.383374338959553390e-02 1.179310344827586192e+02 1.123466447064047271e-36
3.708812173729460204e-02 1.179310344827586192e+02 1.456587522356818180e-36
5.771350104410632315e-02 1.179310344827586192e+02 2.303663659943622867e-36
8.980902905683313397e-02 1.179310344827586192e+02 7.002572304338711416e-36
1.397534641671989708e-01 1.179310344827586192e+02 1.982933444954810151e-35
2.174729083684102948e-01 1.179310344827586192e+02 4.571454866541215370e-36
3.384135495749319711e-01 1.179310344827586192e+02 0.000000000000000000e+00
9.999999999999999547e-08 1.241379310344827616e+02 2.438960102570896958e-39
1.556118194739193901e-07 1.241379310344827616e+02 3.041815657111224424e-39
2.421503835998362755e-07 1.241379310344827616e+02 3.798974699140651421e-39
3.768146177827805384e-07 1.241379310344827616e+02 4.729987927969631255e-39
5.863680827754797925e-07 1.241379310344827616e+02 5.895777524476105118e-39
9.124580424212617751e-07 1.241379310344827616e+02 7.377846106379937170e-39
1.419892561747829683e-06 1.241379310344827616e+02 9.183055815514661977e-39
2.209520649910642183e-06 1.241379310344827616e+02 1.143680928727137063e-38
3.438275284977918907e-06 1.241379310344827616e+02 1.425132139433021488e-38
5.350362729476215747e-06 1.241379310344827616e+02 1.775341736675312589e-38
8.325796791792394115e-06 1.241379310344827616e+02 2.215279750722542883e-38
1.295592387340935367e-05 1.241379310344827616e+02 2.764151435848488583e-38
2.016094886906814347e-05 1.241379310344827616e+02 3.435794674806801246e-38
3.137281935836351674e-05 1.241379310344827616e+02 4.289270610365834258e-38
4.881981502381546709e-05 1.241379310344827616e+02 5.318715872206772481e-38
7.596940242236094136e-05 1.241379310344827616e+02 6.622740265543752116e-38
1.182173693528996479e-04 1.241379310344827616e+02 8.229555738965448850e-38
1.839601993842505316e-04 1.241379310344827616e+02 1.020946837514916767e-37
2.862638133696820790e-04 1.241379310344827616e+02 1.267220264904795541e-37
4.454603284799867622e-04 1.241379310344827616e+02 1.568493638267030385e-37
6.931889221822052369e-04 1.241379310344827616e+02 1.941893353011629555e-37
1.078683894199378591e-03 1.241379310344827616e+02 2.397537706581167350e-37
1.678559634135780602e-03 1.241379310344827616e+02 2.955156311419289061e-37
2.612037187633452825e-03 1.241379310344827616e+02 3.631131528669701490e-37
4.064638593011800881e-03 1.241379310344827616e+02 4.451986513225468624e-37
6.325058069624781357e-03 1.241379310344827616e+02 5.448713444806054767e-37
9.842537944925084520e-03 1.241379310344827616e+02 6.663745936779201745e-37
1.531615237850883840e-02 1.241379310344827616e+02 8.216177761868068874e-37
2.383374338959553390e-02 1.241379310344827616e+02 1.020788437297466772e-36
3.708812173729460204e-02 1.241379310344827616e+02 1.336836938272723841e-36
5.771350104410632315e-02 1.241379310344827616e+02 2.208038936665365735e-36
8.980902905683313397e-02 1.241379310344827616e+02 7.167328592699102148e-36
1.397534641671989708e-01 1.241379310344827616e+02 1.667873994112411585e-35
2.174729083684102948e-01 1.241379310344827616e+02 2.669446364853268059e-36
3.384135495749319711e-01 1.241379310344827616e+02 0.000000000000000000e+00
9.999999999999999547e-08 1.303448275862068897e+02 2.242482733615223563e-39
1.556118194739193901e-07 1.303448275862068897e+02 2.803585008454953792e-39
2.421503835998362755e-07 1.303448275862068897e+02 3.490901731231519333e-39
3.768146177827805384e-07 1.303448275862068897e+02 4.361427747082009327e-39
5.863680827754797925e-07 1.303448275862068897e+02 5.427493696404810861e-39
9.124580424212617751e-07 1.303448275862068897e+02 6.776860901409285440e-39
1.419892561747829683e-06 1.303448275862068897e+02 8.447951132770248218e-39
2.209520649910642183e-06 1.303448275862068897e+02 1.052684023332598170e-38
3.438275284977918907e-06 1.303448275862068897e+02 1.311280575574533000e-38
5.350362729476215747e-06 1.303448275862068897e+02 1.638589145151721822e-38
8.325796791792394115e-06 1.303448275862068897e+02 2.038363383356597473e-38
1.295592387340935367e-05 1.303448275862068897e+02 2.536461141241572134e-38
2.016094886906814347e-05 1.303448275862068897e+02 3.156292443179242623e-38
3.137281935836351674e-05 1.303448275862068897e+02 3.929083520948258261e-38
4.881981502381546709e-05 1.303448275862068897e+02 4.900912593261504950e-38
7.596940242236094136e-05 1.303448275862068897e+02 6.077652915042748154e-38
1.182173693528996479e-04 1.303448275862068897e+02 7.554666574772264580e-38
1.839601993842505316e-04 1.303448275862068897e+02 9.396436054511969354e-38
2.862638133696820790e-04 1.303448275862068897e+02 1.163532170503631885e-37
4.454603284799867622e-04 1.303448275862068897e+02 1.438802510538524410e-37
6.931889221822052369e-04 1.303448275862068897e+02 1.777297668721271705e-37
1.078683894199378591e-03 1.303448275862068897e+02 2.190444590514559875e-37
1.678559634135780602e-03 1.303448275862068897e+02 2.693539633966995481e-37
2.612037187633452825e-03 1.303448275862068897e+02 3.298455613866035861e-37
4.064638593011800881e-03 1.303448275862068897e+02 4.036252473981176424e-37
6.325058069624781357e-03 1.303448275862068897e+02 4.934646227397735965e-37
9.842537944925084520e-03 1.303448275862068897e+02 6.006208680562610566e-37
1.531615237850883840e-02 1.303448275862068897e+02 7.386463810080292909e-37
2.383374338959553390e-02 1.303448275862068897e+02 9.148258283106418463e-37
3.708812173729460204e-02 1.303448275862068897e+02 1.210271769075547764e-36
5.771350104410632315e-02 1.303448275862068897e+02 2.095141831681129982e-36
8.980902905683313397e-02 1.303448275862068897e+02 7.115561831325237925e-36
1.397534641671989708e-01 1.303448275862068897e+02 1.362209012921715566e-35
2.174729083684102948e-01 1.303448275862068897e+02 1.518536032385141569e-36
3.384135495749319711e-01 1.303448275862068897e+02 0.000000000000000000e+00
9.999999999999999547e-08 1.365517241379310462e+02 2.031761429753271853e-39
1.556118194739193901e-07 1.365517241379310462e+02 2.527870569683559757e-39
2.421503835998362755e-07 1.365517241379310462e+02 3.155887596678945044e-39
3.768146177827805384e-07 1.365517241379310462e+02 3.935767968055729785e-39
5.863680827754797925e-07 1.365517241379310462e+02 4.899382509177490508e-39
9.124580424212617751e-07 1.365517241379310462e+02 6.108762633673447753e-39
1.419892561747829683e-06 1.365517241379310462e+02 7.631029747404498393e-39
2.209520649910642183e-06 1.365517241379310462e+02 9.502442416192212204e-39
3.438275284977918907e-06 1.365517241379310462e+02 1.185071965572918136e-38
5.350362729476215747e-06 1.365517241379310462e+02 1.473619984456780914e-38
8.325796791792394115e-06 1.365517241379310462e+02 1.839272550187779856e-38
1.295592387340935367e-05 1.365517241379310462e+02 2.292002207581234217e-38
2.016094886906814347e-05 1.365517241379310462e+02 2.852926844763539104e-38
3.137281935836351674e-05 1.365517241379310462e+02 3.541383847826774349e-38
4.881981502381546709e-05 1.365517241379310462e+02 4.413865029675882155e-38
7.596940242236094136e-05 1.365517241379310462e+02 5.488828898958623404e-38
1.182173693528996479e-04 1.365517241379310462e+02 6.789525047541816603e-38
1.839601993842505316e-04 1.365517241379310462e+02 8.423579519567493127e-38
2.862638133696820790e-04 1.365517241379310462e+02 1.044285173460991386e-37
4.454603284799867622e-04 1.365517241379310462e+02 1.290937011429076958e-37
6.931889221822052369e-04 1.365517241379310462e+02 1.587438805492661378e-37
1.078683894199378591e-03 1.365517241379310462e+02 1.959503842905548172e-37
1.678559634135780602e-03 1.365517241379310462e+02 2.406493669018017256e-37
2.612037187633452825e-03 1.365517241379310462e+02 2.942011759854998649e-37
4.064638593011800881e-03 1.365517241379310462e+02 3.594004460161347903e-37
6.325058069624781357e-03 1.365517241379310462e+02 4.371855022350165564e-37
9.842537944925084520e-03 1.365517241379310462e+02 5.334106065368387688e-37
1.531615237850883840e-02 1.365517241379310462e+02 6.523765565362678082e-37
2.383374338959553390e-02 1.365517241379310462e+02 8.072642464523528853e-37
3.708812173729460204e-02 1.365517241379310462e+02 1.084316433712531278e-36
5.771350104410632315e-02 1.365517241379310462e+02 1.955992387808625349e-36
8.980902905683313397e-02 1.365517241379310462e+02 6.792902496213253572e-36
1.397534641671989708e-01 1.365517241379310462e+02 1.097571628320126676e-35
2.174729083684102948e-01 1.365517241379310462e+02 8.665075252280202709e-37
3.384135495749319711e-01 1.365517241379310462e+02 0.000000000000000000e+00
9.999999999999999547e-08 1.427586206896551744e+02 1.786278617661051233e-39
1.556118194739193901e-07 1.427586206896551744e+02 2.227145520140602829e-39
2.421503835998362755e-07 1.427586206896551744e+02 2.777725168906984698e-39
3.768146177827805384e-07 1.427586206896551744e+02 3.457128776652196789e-39
5.863680827754797925e-07 1.427586206896551744e+02 4.306756925997707088e-39
9.124580424212617751e-07 1.427586206896551744e+02 5.376747023864133828e-39
1.419892561747829683e-06 1.427586206896551744e+02 6.694291014176323147e-39
2.209520649910642183e-06 1.427586206896551744e+02 8.369642634368063280e-39
3.438275284977918907e-06 1.427586206896551744e+02 1.039220654916783388e-38
5.350362729476215747e-06 1.427586206896551744e+02 1.300381562077402518e-38
8.325796791792394115e-06 1.427586206896551744e+02 1.613082160981713610e-38
1.295592387340935367e-05 1.427586206896551744e+02 2.007734687874830685e-38
2.016094886906814347e-05 1.427586206896551744e+02 2.501129511293257939e-38
3.137281935836351674e-05 1.427586206896551744e+02 3.115603695362630206e-38
4.881981502381546709e-05 1.427586206896551744e+02 3.874792735474282517e-38
7.596940242236094136e-05 1.427586206896551744e+02 4.812486766072781738e-38
1.182173693528996479e-04 1.427586206896551744e+02 5.975179795142555514e-38
1.839601993842505316e-04 1.427586206896551744e+02 7.395535735308970364e-38
2.862638133696820790e-04 1.427586206896551744e+02 9.132226999757703431e-38
4.454603284799867622e-04 1.427586206896551744e+02 1.131245218153127786e-37
6.931889221822052369e-04 1.427586206896551744e+02 1.391509201272214395e-37
1.078683894199378591e-03 1.427586206896551744e+02 1.714287864200404393e-37
1.678559634135780602e-03 1.427586206896551744e+02 2.095302630533897617e-37
2.612037187633452825e-03 1.427586206896551744e+02 2.561761303353037614e-37
4.064638593011800881e-03 1.427586206896551744e+02 3.122082977908272004e-37
6.325058069624781357e-03 1.427586206896551744e+02 3.789676745042413115e-37
9.842537944925084520e-03 1.427586206896551744e+02 4.620374222323716309e-37
1.531615237850883840e-02 1.427586206896551744e+02 5.635785673665176668e-37
2.383374338959553390e-02 1.427586206896551744e+02 6.983144021541560607e-37
3.708812173729460204e-02 1.427586206896551744e+02 9.495668669275210065e-37
5.771350104410632315e-02 1.427586206896551744e+02 1.806407003124121535e-36
8.980902905683313397e-02 1.427586206896551744e+02 6.213079573702233076e-36
1.397534641671989708e-01 1.427586206896551744e+02 8.680778771819714625e-36
2.174729083684102948e-01 1.427586206896551744e+02 4.844145124404029827e-37
3.384135495749319711e-01 1.427586206896551744e+02 0.000000000000000000e+00
9.999999999999999547e-08 1.489655172413793025e+02 1.518065635438072387e-39
1.556118194739193901e-07 1.489655172413793025e+02 1.898279586939073804e-39
2.421503835998362755e-07 1.489655172413793025e+02 2.363860239606166655e-39
3.768146177827805384e-07 1.489655172413793025e+02 2.941364330717140226e-39
5.863680827754797925e-07 1.489655172413793025e+02 3.666304495160602416e-39
9.124580424212617751e-07 1.489655172413793025e+02 4.575424005849103699e-39
1.419892561747829683e-06 1.489655172413793025e+02 5.711029809393603794e-39
2.209520649910642183e-06 1.489655172413793025e+02 7.119211187729450979e-39
3.438275284977918907e-06 1.489655172413793025e+02 8.876890343124536307e-39
5.350362729476215747e-06 1.489655172413793025e+02 1.104381225785417295e-38
8.325796791792394115e-06 1.489655172413793025e+02 1.376976162013718411e-38
1.295592387340935367e-05 1.489655172413793025e+02 1.711502081729784490e-38
2.016094886906814347e-05 1.489655172413793025e+02 2.133885307778560248e-38
3.137281935836351674e-05 1.489655172413793025e+02 2.649721949156636427e-38
4.881981502381546709e-05 1.489655172413793025e+02 3.288447187769021905e-38
7.596940242236094136e-05 1.489655172413793025e+02 4.093095736525479484e-38
1.182173693528996479e-04 1.489655172413793025e+02 5.063962668457812247e-38
1.839601993842505316e-04 1.489655172413793025e+02 6.264646106394872728e-38
2.862638133696820790e-04 1.489655172413793025e+02 7.747967674623355521e-38
4.454603284799867622e-04 1.489655172413793025e+02 9.560041441287892186e-38
6.931889221822052369e-04 1.489655172413793025e+02 1.180781156654236600e-37
1.078683894199378591e-03 1.489655172413793025e+02 1.450270856053749862e-37
1.678559634135780602e-03 1.489655172413793025e+02 1.775261264654401337e-37
2.612037187633452825e-03 1.489655172413793025e+02 2.169312421623387474e-37
4.064638593011800881e-03 1.489655172413793025e+02 2.628979842841402465e-37
6.325058069624781357e-03 1.489655172413793025e+02 3.197882549335664840e-37
9.842537944925084520e-03 1.489655172413793025e+02 3.885489103448613571e-37
1.531615237850883840e-02 1.489655172413793025e+02 4.715687912392447248e-37
2.383374338959553390e-02 1.489655172413793025e+02 5.896975808613861669e-37
3.708812173729460204e-02 1.489655172413793025e+02 8.084125068552525937e-37
5.771350104410632315e-02 1.489655172413793025e+02 1.582592161271195634e-36
8.980902905683313397e-02 1.489655172413793025e+02 5.418055706531598098e-36
1.397534641671989708e-01 1.489655172413793025e+02 6.771939556880797904e-36
2.174729083684102948e-01 1.489655172413793025e+02 2.744739167397849690e-37
3.384135495749319711e-01 1.489655172413793025e+02 0.000000000000000000e+00
9.999999999999999547e-08 1.551724137931034591e+02 1.235336444089190098e-39
1.556118194739193901e-07 1.551724137931034591e+02 1.542594862909788824e-39
2.421503835998362755e-07 1.551724137931034591e+02 1.923940017201465575e-39
3.768146177827805384e-07 1.551724137931034591e+02 2.403451512654053867e-39
5.863680827754797925e-07 1.551724137931034591e+02 2.991227508586932937e-39
9.124580424212617751e-07 1.551724137931034591e+02 3.727712639540000983e-39
1.419892561747829683e-06 1.551724137931034591e+02 4.636922919219617505e-39
2.209520649910642183e-06 1.551724137931034591e+02 5.796725876847232226e-39
3.438275284977918907e-06 1.551724137931034591e+02 7.215962000173444486e-39
5.350362729476215747e-06 1.551724137931034591e+02 8.986957740926112856e-39
8.325796791792394115e-06 1.551724137931034591e+02 1.121911376160631071e-38
1.295592387340935367e-05 1.551724137931034591e+02 1.393100481613922488e-38
2.016094886906814347e-05 1.551724137931034591e+02 1.732378810812146892e-38
3.137281935836351674e-05 1.551724137931034591e+02 2.159573302277579965e-38
4.881981502381546709e-05 1.551724137931034591e+02 2.685446389130731625e-38
7.596940242236094136e-05 1.551724137931034591e+02 3.328599126786626147e-38
1.182173693528996479e-04 1.551724137931034591e+02 4.131336429115013944e-38
1.839601993842505316e-04 1.551724137931034591e+02 5.112747252287907552e-38
2.862638133696820790e-04 1.551724137931034591e+02 6.313266038818814231e-38
4.454603284799867622e-04 1.551724137931034591e+02 7.785054798685473622e-38
6.931889221822052369e-04 1.551724137931034591e+02 9.571588328791809671e-38
1.078683894199378591e-03 1.551724137931034591e+02 1.176652145978529071e-37
1.678559634135780602e-03 1.551724137931034591e+02 1.433632655533761577e-37
2.612037187633452825e-03 1.551724137931034591e+02 1.751915781725163366e-37
4.064638593011800881e-03 1.551724137931034591e+02 2.125796131790365938e-37
6.325058069624781357e-03 1.551724137931034591e+02 2.583464972366829116e-37
9.842537944925084520e-03 1.551724137931034591e+02 3.128420179896877261e-37
1.531615237850883840e-02 1.551724137931034591e+02 3.800947671062809253e-37
2.383374338959553390e-02 1.551724137931034591e+02 4.732460158378365027e-37
3.708812173729460204e-02 1.551724137931034591e+02 6.567080977887570119e-37
5.771350104410632315e-02 1.551724137931034591e+02 1.347013997087215382e-36
8.980902905683313397e-02 1.551724137931034591e+02 4.520794980451811264e-36
1.397534641671989708e-01 1.551724137931034591e+02 5.111541135046131145e-36
2.174729083684102948e-01 1.551724137931034591e+02 1.560347046954162253e-37
3.384135495749319711e-01 1.551724137931034591e+02 0.000000000000000000e+00
9.999999999999999547e-08 1.613793103448276156e+02 9.414048378145655417e-40
1.556118194739193901e-07 1.613793103448276156e+02 1.172480347895530469e-39
2.421503835998362755e-07 1.613793103448276156e+02 1.465009904990588746e-39
3.768146177827805384e-07 1.613793103448276156e+02 1.824974836162477590e-39
5.863680827754797925e-07 1.613793103448276156e+02 2.273251638127188112e-39
9.124580424212617751e-07 1.613793103448276156e+02 2.834900221317044410e-39
1.419892561747829683e-06 1.613793103448276156e+02 3.532303792021874662e-39
2.209520649910642183e-06 1.613793103448276156e+02 4.402985322562751514e-39
3.438275284977918907e-06 1.613793103448276156e+02 5.483216127276567635e-39
5.350362729476215747e-06 1.613793103448276156e+02 6.829030206857201575e-39
8.325796791792394115e-06 1.613793103448276156e+02 8.529316570387830174e-39
1.295592387340935367e-05 1.613793103448276156e+02 1.059390006381893808e-38
2.016094886906814347e-05 1.613793103448276156e+02 1.321608611848272412e-38
3.137281935836351674e-05 1.613793103448276156e+02 1.640770337987599002e-38
4.881981502381546709e-05 1.613793103448276156e+02 2.036878871749386546e-38
7.596940242236094136e-05 1.613793103448276156e+02 2.526484190307079320e-38
1.182173693528996479e-04 1.613793103448276156e+02 3.137736505657736870e-38
1.839601993842505316e-04 1.613793103448276156e+02 3.872600180814996336e-38
2.862638133696820790e-04 1.613793103448276156e+02 4.794366190263992894e-38
4.454603284799867622e-04 1.613793103448276156e+02 5.894782759978203190e-38
6.931889221822052369e-04 1.613793103448276156e+02 7.256825358325653186e-38
1.078683894199378591e-03 1.613793103448276156e+02 8.932955546542871714e-38
1.678559634135780602e-03 1.613793103448276156e+02 1.084264280137209900e-37
2.612037187633452825e-03 1.613793103448276156e+02 1.325283028312560800e-37
4.064638593011800881e-03 1.613793103448276156e+02 1.609802118896796868e-37
6.325058069624781357e-03 1.613793103448276156e+02 1.946636880330904776e-37
9.842537944925084520e-03 1.613793103448276156e+02 2.358924029672377151e-37
1.531615237850883840e-02 1.613793103448276156e+02 2.858896630040732008e-37
2.383374338959553390e-02 1.613793103448276156e+02 3.580387253517616533e-37
3.708812173729460204e-02 1.613793103448276156e+02 5.027272804894492659e-37
5.771350104410632315e-02 1.613793103448276156e+02 1.047696711350354752e-36
8.980902905683313397e-02 1.613793103448276156e+02 3.471505881285245982e-36
1.397534641671989708e-01 1.613793103448276156e+02 3.644771566137006622e-36
2.174729083684102948e-01 1.613793103448276156e+02 9.019608063477198943e-38
3.384135495749319711e-01 1.613793103448276156e+02 0.000000000000000000e+00
9.999999999999999547e-08 1.675862068965517437e+02 6.341194645407828696e-40
1.556118194739193901e-07 1.675862068965517437e+02 7.892244857117582940e-40
2.421503835998362755e-07 1.675862068965517437e+02 9.867326788152190428e-40
3.768146177827805384e-07 1.675862068965517437e+02 1.230085252564545725e-39
5.863680827754797925e-07 1.675862068965517437e+02 1.532469110922167885e-39
9.124580424212617751e-07 1.675862068965517437e+02 1.911977951607524153e-39
1.419892561747829683e-06 1.675862068965517437e+02 2.379954799298799692e-39
2.209520649910642183e-06 1.675862068965517437e+02 2.964397127085597623e-39
3.438275284977918907e-06 1.675862068965517437e+02 3.694345636340500067e-39
5.350362729476215747e-06 1.675862068965517437e+02 4.599562751435404412e-39
8.325796791792394115e-06 1.675862068965517437e+02 5.744332004186042798e-39
1.295592387340935367e-05 1.675862068965517437e+02 7.132419021198977086e-39
2.016094886906814347e-05 1.675862068965517437e+02 8.852364237647446880e-39
3.137281935836351674e-05 1.675862068965517437e+02 1.102941998312516989e-38
4.881981502381546709e-05 1.675862068965517437e+02 1.367096212680688794e-38
7.596940242236094136e-05 1.675862068965517437e+02 1.703201829934975805e-38
1.182173693528996479e-04 1.675862068965517437e+02 2.111267301026786654e-38
1.839601993842505316e-04 1.675862068965517437e+02 2.601853411798271021e-38
2.862638133696820790e-04 1.675862068965517437e+02 3.218417332614914031e-38
4.454603284799867622e-04 1.675862068965517437e+02 3.972710421641904099e-38
6.931889221822052369e-04 1.675862068965517437e+02 4.872438334833994710e-38
1.078683894199378591e-03 1.675862068965517437e+02 5.975470964500257579e-38
1.678559634135780602e-03 1.675862068965517437e+02 7.300074637714584348e-38
2.612037187633452825e-03 1.675862068965517437e+02 8.888582524481953550e-38
4.064638593011800881e-03 1.675862068965517437e+02 1.076742177726692337e-37
6.325058069624781357e-03 1.675862068965517437e+02 1.299455944117653260e-37
9.842537944925084520e-03 1.675862068965517437e+02 1.571401252692303877e-37
1.531615237850883840e-02 1.675862068965517437e+02 1.915005488905526944e-37
2.383374338959553390e-02 1.675862068965517437e+02 2.385216006190138025e-37
3.708812173729460204e-02 1.675862068965517437e+02 3.376851067292749266e-37
5.771350104410632315e-02 1.675862068965517437e+02 7.193091784524111024e-37
8.980902905683313397e-02 1.675862068965517437e+02 2.351210868649711297e-36
1.397534641671989708e-01 1.675862068965517437e+02 2.350889165646276384e-36
2.174729083684102948e-01 1.675862068965517437e+02 4.900486434321476065e-38
3.384135495749319711e-01 1.675862068965517437e+02 0.000000000000000000e+00
9.999999999999999547e-08 1.737931034482758719e+02 3.179864276655592062e-40
1.556118194739193901e-07 1.737931034482758719e+02 3.971866697869888176e-40
2.421503835998362755e-07 1.737931034482758719e+02 4.953921562895800182e-40
3.768146177827805384e-07 1.737931034482758719e+02 6.175801750933114182e-40
5.863680827754797925e-07 1.737931034482758719e+02 7.688966769564591582e-40
9.124580424212617751e-07 1.737931034482758719e+02 9.574205191839417945e-40
1.419892561747829683e-06 1.737931034482758719e+02 1.195567567689910774e-39
2.209520649910642183e-06 1.737931034482758719e+02 1.489896171190216648e-39
3.438275284977918907e-06 1.737931034482758719e+02 1.863203127109520444e-39
5.350362729476215747e-06 1.737931034482758719e+02 2.313534001887483917e-39
8.325796791792394115e-06 1.737931034482758719e+02 2.889734958630941722e-39
1.295592387340935367e-05 1.737931034482758719e+02 3.593470305133241106e-39
2.016094886906814347e-05 1.737931034482758719e+02 4.467628704365169690e-39
3.137281935836351674e-05 1.737931034482758719e+02 5.531316561726995054e-39
4.881981502381546709e-05 1.737931034482758719e+02 6.877017443641268422e-39
7.596940242236094136e-05 1.737931034482758719e+02 8.563542121509363929e-39
1.182173693528996479e-04 1.737931034482758719e+02 1.063441641493348640e-38
1.839601993842505316e-04 1.737931034482758719e+02 1.309910409318775030e-38
2.862638133696820790e-04 1.737931034482758719e+02 1.615347300784925462e-38
4.454603284799867622e-04 1.737931034482758719e+02 1.990061695771068247e-38
6.931889221822052369e-04 1.737931034482758719e+02 2.449481901007867542e-38
1.078683894199378591e-03 1.737931034482758719e+02 2.999184869845229329e-38
1.678559634135780602e-03 1.737931034482758719e+02 3.669875269506773176e-38
2.612037187633452825e-03 1.737931034482758719e+02 4.460646766940597076e-38
4.064638593011800881e-03 1.737931034482758719e+02 5.397709344871260909e-38
6.325058069624781357e-03 1.737931034482758719e+02 6.539397515578228535e-38
9.842537944925084520e-03 1.737931034482758719e+02 7.900884134775978569e-38
1.531615237850883840e-02 1.737931034482758719e+02 9.595680062205790919e-38
2.383374338959553390e-02 1.737931034482758719e+02 1.196225763004375778e-37
3.708812173729460204e-02 1.737931034482758719e+02 1.706595610227829750e-37
5.771350104410632315e-02 1.737931034482758719e+02 3.655680958357792616e-37
8.980902905683313397e-02 1.737931034482758719e+02 1.182760264900201965e-36
1.397534641671989708e-01 1.737931034482758719e+02 1.146121513648887565e-36
2.174729083684102948e-01 1.737931034482758719e+02 2.146077964269497451e-38
3.384135495749319711e-01 1.737931034482758719e+02 0.000000000000000000e+00
9.999999999999999547e-08 1.800000000000000000e+02 0.000000000000000000e+00
1.556118194739193901e-07 1.800000000000000000e+02 4.502704962848716450e-55
2.421503835998362755e-07 1.800000000000000000e+02 5.616954912907667710e-55
3.768146177827805384e-07 1.800000000000000000e+02 6.986547761230065980e-55
5.863680827754797925e-07 1.800000000000000000e+02 8.731014786788090963e-55
9.124580424212617751e-07 1.800000000000000000e+02 0.000000000000000000e+00
1.419892561747829683e-06 1.800000000000000000e+02 1.354560470293571630e-54
2.209520649910642183e-06 1.800000000000000000e+02 1.690766304774119757e-54
3.438275284977918907e-06 1.800000000000000000e+02 2.103597251388253814e-54
5.350362729476215747e-06 1.800000000000000000e+02 2.617210775365342576e-54
8.325796791792394115e-06 1.800000000000000000e+02 3.261032715882655480e-54
1.295592387340935367e-05 1.800000000000000000e+02 4.068129633850701361e-54
2.016094886906814347e-05 1.800000000000000000e+02 5.062322074146841949e-54
3.137281935836351674e-05 1.800000000000000000e+02 6.290013749140947480e-54
4.881981502381546709e-05 1.800000000000000000e+02 0.000000000000000000e+00
7.596940242236094136e-05 1.800000000000000000e+02 9.669372389879653271e-54
1.182173693528996479e-04 1.800000000000000000e+02 1.200003314082972014e-53
1.839601993842505316e-04 1.800000000000000000e+02 0.000000000000000000e+00
2.862638133696820790e-04 1.800000000000000000e+02 1.832573888289893847e-53
4.454603284799867622e-04 1.800000000000000000e+02 0.000000000000000000e+00
6.931889221822052369e-04 1.800000000000000000e+02 2.771566747386720795e-53
1.078683894199378591e-03 1.800000000000000000e+02 3.398208780515670837e-53
1.678559634135780602e-03 1.800000000000000000e+02 4.158504136953163480e-53
2.612037187633452825e-03 1.800000000000000000e+02 5.067447771535974222e-53
4.064638593011800881e-03 1.800000000000000000e+02 6.117631361897093484e-53
6.325058069624781357e-03 1.800000000000000000e+02 7.399618941459700586e-53
9.842537944925084520e-03 1.800000000000000000e+02 8.912101331058342812e-53
1.531615237850883840e-02 1.800000000000000000e+02 1.086621762897130828e-52
2.383374338959553390e-02 1.800000000000000000e+02 0.000000000000000000e+00
3.708812173729460204e-02 1.800000000000000000e+02 0.000000000000000000e+00
5.771350104410632315e-02 1.800000000000000000e+02 4.177380359065136139e-52
8.980902905683313397e-02 1.800000000000000000e+02 1.337977217143275122e-51
1.397534641671989708e-01 1.800000000000000000e+02 0.000000000000000000e+00
2.174729083684102948e-01 1.800000000000000000e+02 2.364831201088589947e-53
3.384135495749319711e-01 1.800000000000000000e+02 0.000000000000000000e+00
