# atom 16: Tchi 0.2807216203941177 [GeV]; m_chi = 0.08 [GeV]; mS = 0.3 [GeV]; gchi =0.01; gN = 0.01
# Tchi^prime [GeV], theta [degree] ,dsigma/dTchip dtheta [cm^2/GeV]
9.999999999999999547e-08 0.000000000000000000e+00 0.000000000000000000e+00
1.545254383797725850e-07 0.000000000000000000e+00 0.000000000000000000e+00
2.387811110646088987e-07 0.000000000000000000e+00 0.000000000000000000e+00
3.689775586406785640e-07 0.000000000000000000e+00 0.000000000000000000e+00
5.701641900124909537e-07 0.000000000000000000e+00 0.000000000000000000e+00
8.810487141012812234e-07 0.000000000000000000e+00 0.000000000000000000e+00
1.361444387804353894e-06 0.000000000000000000e+00 0.000000000000000000e+00
2.103777908551489167e-06 0.000000000000000000e+00 0.000000000000000000e+00
3.250872035725999525e-06 0.000000000000000000e+00 0.000000000000000000e+00
5.023424264371037676e-06 0.000000000000000000e+00 0.000000000000000000e+00
7.762468366195211052e-06 0.000000000000000000e+00 0.000000000000000000e+00
1.199498827195432052e-05 0.000000000000000000e+00 0.000000000000000000e+00
1.853530821083972151e-05 0.000000000000000000e+00 0.000000000000000000e+00
2.864176626784206136e-05 0.000000000000000000e+00 0.000000000000000000e+00
4.425881488509277571e-05 0.000000000000000000e+00 0.000000000000000000e+00
6.839112772288164464e-05 0.000000000000000000e+00 0.000000000000000000e+00
1.056816899266531411e-04 0.000000000000000000e+00 0.000000000000000000e+00
1.633050946463127421e-04 0.000000000000000000e+00 0.000000000000000000e+00
2.523479133987172724e-04 0.000000000000000000e+00 0.000000000000000000e+00
3.899417194215767132e-04 0.000000000000000000e+00 0.000000000000000000e+00
6.025591513618141571e-04 0.000000000000000000e+00 0.000000000000000000e+00
9.311071701392808391e-04 0.000000000000000000e+00 0.000000000000000000e+00
1.438797436443220012e-03 0.000000000000000000e+00 0.000000000000000000e+00
2.223308046060815547e-03 0.000000000000000000e+00 0.000000000000000000e+00
3.435576504708231019e-03 0.000000000000000000e+00 0.000000000000000000e+00
5.308839654772861891e-03 0.000000000000000000e+00 0.000000000000000000e+00
8.203507749416969960e-03 0.000000000000000000e+00 0.000000000000000000e+00
1.267650631230518923e-02 0.000000000000000000e+00 0.000000000000000000e+00
1.958842695032913736e-02 0.000000000000000000e+00 0.000000000000000000e+00
3.026910261669761223e-02 0.000000000000000000e+00 0.000000000000000000e+00
4.677346351207520292e-02 0.000000000000000000e+00 0.000000000000000000e+00
7.227689953743716977e-02 0.000000000000000000e+00 0.000000000000000000e+00
1.116861958575326164e-01 0.000000000000000000e+00 0.000000000000000000e+00
1.725835837585436572e-01 0.000000000000000000e+00 0.000000000000000000e+00
2.666855393744118063e-01 0.000000000000000000e+00 0.000000000000000000e+00
9.999999999999999547e-08 6.206896551724137900e+00 2.527056226533615748e-40
1.545254383797725850e-07 6.206896551724137900e+00 3.150737188063785832e-40
2.387811110646088987e-07 6.206896551724137900e+00 3.906865432460138677e-40
3.689775586406785640e-07 6.206896551724137900e+00 4.864303568735899868e-40
5.701641900124909537e-07 6.206896551724137900e+00 6.046492305105862449e-40
8.810487141012812234e-07 6.206896551724137900e+00 7.501001679841408360e-40
1.361444387804353894e-06 6.206896551724137900e+00 9.327486285179892627e-40
2.103777908551489167e-06 6.206896551724137900e+00 1.160657800015486566e-39
3.250872035725999525e-06 6.206896551724137900e+00 1.440038040983269912e-39
5.023424264371037676e-06 6.206896551724137900e+00 1.791982006710619038e-39
7.762468366195211052e-06 6.206896551724137900e+00 2.223005607941952779e-39
1.199498827195432052e-05 6.206896551724137900e+00 2.772211368302574025e-39
1.853530821083972151e-05 6.206896551724137900e+00 3.435197664946114372e-39
2.864176626784206136e-05 6.206896551724137900e+00 0.000000000000000000e+00
4.425881488509277571e-05 6.206896551724137900e+00 0.000000000000000000e+00
6.839112772288164464e-05 6.206896551724137900e+00 0.000000000000000000e+00
1.056816899266531411e-04 6.206896551724137900e+00 0.000000000000000000e+00
1.633050946463127421e-04 6.206896551724137900e+00 0.000000000000000000e+00
2.523479133987172724e-04 6.206896551724137900e+00 0.000000000000000000e+00
3.899417194215767132e-04 6.206896551724137900e+00 0.000000000000000000e+00
6.025591513618141571e-04 6.206896551724137900e+00 0.000000000000000000e+00
9.311071701392808391e-04 6.206896551724137900e+00 0.000000000000000000e+00
1.438797436443220012e-03 6.206896551724137900e+00 0.000000000000000000e+00
2.223308046060815547e-03 6.206896551724137900e+00 0.000000000000000000e+00
3.435576504708231019e-03 6.206896551724137900e+00 0.000000000000000000e+00
5.308839654772861891e-03 6.206896551724137900e+00 0.000000000000000000e+00
8.203507749416969960e-03 6.206896551724137900e+00 0.000000000000000000e+00
1.267650631230518923e-02 6.206896551724137900e+00 0.000000000000000000e+00
1.958842695032913736e-02 6.206896551724137900e+00 0.000000000000000000e+00
3.026910261669761223e-02 6.206896551724137900e+00 0.000000000000000000e+00
4.677346351207520292e-02 6.206896551724137900e+00 0.000000000000000000e+00
7.227689953743716977e-02 6.206896551724137900e+00 0.000000000000000000e+00
1.116861958575326164e-01 6.206896551724137900e+00 0.000000000000000000e+00
1.725835837585436572e-01 6.206896551724137900e+00 0.000000000000000000e+00
2.666855393744118063e-01 6.206896551724137900e+00 0.000000000000000000e+00
9.999999999999999547e-08 1.241379310344827580e+01 5.036659216388178135e-40
1.545254383797725850e-07 1.241379310344827580e+01 6.250621811621910962e-40
2.387811110646088987e-07 1.241379310344827580e+01 7.792390926874229609e-40
3.689775586406785640e-07 1.241379310344827580e+01 9.642918510398165204e-40
5.701641900124909537e-07 1.241379310344827580e+01 1.198131211706973733e-39
8.810487141012812234e-07 1.241379310344827580e+01 1.490790949469381964e-39
1.361444387804353894e-06 1.241379310344827580e+01 1.854871948328910012e-39
2.103777908551489167e-06 1.241379310344827580e+01 2.304578690041971991e-39
3.250872035725999525e-06 1.241379310344827580e+01 2.865842692610251409e-39
5.023424264371037676e-06 1.241379310344827580e+01 3.567076019844594535e-39
7.762468366195211052e-06 1.241379310344827580e+01 4.421374602057668627e-39
1.199498827195432052e-05 1.241379310344827580e+01 5.493259086073914552e-39
1.853530821083972151e-05 1.241379310344827580e+01 6.826550981603540304e-39
2.864176626784206136e-05 1.241379310344827580e+01 0.000000000000000000e+00
4.425881488509277571e-05 1.241379310344827580e+01 0.000000000000000000e+00
6.839112772288164464e-05 1.241379310344827580e+01 0.000000000000000000e+00
1.056816899266531411e-04 1.241379310344827580e+01 0.000000000000000000e+00
1.633050946463127421e-04 1.241379310344827580e+01 0.000000000000000000e+00
2.523479133987172724e-04 1.241379310344827580e+01 0.000000000000000000e+00
3.899417194215767132e-04 1.241379310344827580e+01 0.000000000000000000e+00
6.025591513618141571e-04 1.241379310344827580e+01 0.000000000000000000e+00
9.311071701392808391e-04 1.241379310344827580e+01 0.000000000000000000e+00
1.438797436443220012e-03 1.241379310344827580e+01 0.000000000000000000e+00
2.223308046060815547e-03 1.241379310344827580e+01 0.000000000000000000e+00
3.435576504708231019e-03 1.241379310344827580e+01 0.000000000000000000e+00
5.308839654772861891e-03 1.241379310344827580e+01 0.000000000000000000e+00
8.203507749416969960e-03 1.241379310344827580e+01 0.000000000000000000e+00
1.267650631230518923e-02 1.241379310344827580e+01 0.000000000000000000e+00
1.958842695032913736e-02 1.241379310344827580e+01 0.000000000000000000e+00
3.026910261669761223e-02 1.241379310344827580e+01 0.000000000000000000e+00
4.677346351207520292e-02 1.241379310344827580e+01 0.000000000000000000e+00
7.227689953743716977e-02 1.241379310344827580e+01 0.000000000000000000e+00
1.116861958575326164e-01 1.241379310344827580e+01 0.000000000000000000e+00
1.725835837585436572e-01 1.241379310344827580e+01 0.000000000000000000e+00
2.666855393744118063e-01 1.241379310344827580e+01 0.000000000000000000e+00
9.999999999999999547e-08 1.862068965517241281e+01 7.468232468529124211e-40
1.545254383797725850e-07 1.862068965517241281e+01 9.278616850102806204e-40
2.387811110646088987e-07 1.862068965517241281e+01 1.152921663348173253e-39
3.689775586406785640e-07 1.862068965517241281e+01 1.433307700614820113e-39
5.701641900124909537e-07 1.862068965517241281e+01 1.777187090379295328e-39
8.810487141012812234e-07 1.862068965517241281e+01 2.218489206358677177e-39
1.361444387804353894e-06 1.862068965517241281e+01 2.755811255025236314e-39
2.103777908551489167e-06 1.862068965517241281e+01 3.429488927281391467e-39
3.250872035725999525e-06 1.862068965517241281e+01 4.258839377583885454e-39
5.023424264371037676e-06 1.862068965517241281e+01 5.283230463253883013e-39
7.762468366195211052e-06 1.862068965517241281e+01 6.558051180874092821e-39
1.199498827195432052e-05 1.862068965517241281e+01 8.179315378229372168e-39
1.853530821083972151e-05 1.862068965517241281e+01 1.014387195636207221e-38
2.864176626784206136e-05 1.862068965517241281e+01 0.000000000000000000e+00
4.425881488509277571e-05 1.862068965517241281e+01 0.000000000000000000e+00
6.839112772288164464e-05 1.862068965517241281e+01 0.000000000000000000e+00
1.056816899266531411e-04 1.862068965517241281e+01 0.000000000000000000e+00
1.633050946463127421e-04 1.862068965517241281e+01 0.000000000000000000e+00
2.523479133987172724e-04 1.862068965517241281e+01 0.000000000000000000e+00
3.899417194215767132e-04 1.862068965517241281e+01 0.000000000000000000e+00
6.025591513618141571e-04 1.862068965517241281e+01 0.000000000000000000e+00
9.311071701392808391e-04 1.862068965517241281e+01 0.000000000000000000e+00
1.438797436443220012e-03 1.862068965517241281e+01 0.000000000000000000e+00
2.223308046060815547e-03 1.862068965517241281e+01 0.000000000000000000e+00
3.435576504708231019e-03 1.862068965517241281e+01 0.000000000000000000e+00
5.308839654772861891e-03 1.862068965517241281e+01 0.000000000000000000e+00
8.203507749416969960e-03 1.862068965517241281e+01 0.000000000000000000e+00
1.267650631230518923e-02 1.862068965517241281e+01 0.000000000000000000e+00
1.958842695032913736e-02 1.862068965517241281e+01 0.000000000000000000e+00
3.026910261669761223e-02 1.862068965517241281e+01 0.000000000000000000e+00
4.677346351207520292e-02 1.862068965517241281e+01 0.000000000000000000e+00
7.227689953743716977e-02 1.862068965517241281e+01 0.000000000000000000e+00
1.116861958575326164e-01 1.862068965517241281e+01 0.000000000000000000e+00
1.725835837585436572e-01 1.862068965517241281e+01 0.000000000000000000e+00
2.666855393744118063e-01 1.862068965517241281e+01 0.000000000000000000e+00
9.999999999999999547e-08 2.482758620689655160e+01 9.819289173808153078e-40
1.545254383797725850e-07 2.482758620689655160e+01 1.221154934570662958e-39
2.387811110646088987e-07 2.482758620689655160e+01 1.512882555267194677e-39
3.689775586406785640e-07 2.482758620689655160e+01 1.887496270563378938e-39
5.701641900124909537e-07 2.482758620689655160e+01 2.338587540375122791e-39
8.810487141012812234e-07 2.482758620689655160e+01 2.907991154319971371e-39
1.361444387804353894e-06 2.482758620689655160e+01 3.620171466261910858e-39
2.103777908551489167e-06 2.482758620689655160e+01 4.498472678885564409e-39
3.250872035725999525e-06 2.482758620689655160e+01 5.595317827916420320e-39
5.023424264371037676e-06 2.482758620689655160e+01 6.975672607106100165e-39
7.762468366195211052e-06 2.482758620689655160e+01 8.652914706338822731e-39
1.199498827195432052e-05 2.482758620689655160e+01 1.075044913988401550e-38
1.853530821083972151e-05 2.482758620689655160e+01 1.339750227070844464e-38
2.864176626784206136e-05 2.482758620689655160e+01 0.000000000000000000e+00
4.425881488509277571e-05 2.482758620689655160e+01 0.000000000000000000e+00
6.839112772288164464e-05 2.482758620689655160e+01 0.000000000000000000e+00
1.056816899266531411e-04 2.482758620689655160e+01 0.000000000000000000e+00
1.633050946463127421e-04 2.482758620689655160e+01 0.000000000000000000e+00
2.523479133987172724e-04 2.482758620689655160e+01 0.000000000000000000e+00
3.899417194215767132e-04 2.482758620689655160e+01 0.000000000000000000e+00
6.025591513618141571e-04 2.482758620689655160e+01 0.000000000000000000e+00
9.311071701392808391e-04 2.482758620689655160e+01 0.000000000000000000e+00
1.438797436443220012e-03 2.482758620689655160e+01 0.000000000000000000e+00
2.223308046060815547e-03 2.482758620689655160e+01 0.000000000000000000e+00
3.435576504708231019e-03 2.482758620689655160e+01 0.000000000000000000e+00
5.308839654772861891e-03 2.482758620689655160e+01 0.000000000000000000e+00
8.203507749416969960e-03 2.482758620689655160e+01 0.000000000000000000e+00
1.267650631230518923e-02 2.482758620689655160e+01 0.000000000000000000e+00
1.958842695032913736e-02 2.482758620689655160e+01 0.000000000000000000e+00
3.026910261669761223e-02 2.482758620689655160e+01 0.000000000000000000e+00
4.677346351207520292e-02 2.482758620689655160e+01 0.000000000000000000e+00
7.227689953743716977e-02 2.482758620689655160e+01 0.000000000000000000e+00
1.116861958575326164e-01 2.482758620689655160e+01 0.000000000000000000e+00
1.725835837585436572e-01 2.482758620689655160e+01 0.000000000000000000e+00
2.666855393744118063e-01 2.482758620689655160e+01 0.000000000000000000e+00
9.999999999999999547e-08 3.103448275862069039e+01 1.205128572750521085e-39
1.545254383797725850e-07 3.103448275862069039e+01 1.497462463583487125e-39
2.387811110646088987e-07 3.103448275862069039e+01 1.865296135216280211e-39
3.689775586406785640e-07 3.103448275862069039e+01 2.316286896314293994e-39
5.701641900124909537e-07 3.103448275862069039e+01 2.873045130794365791e-39
8.810487141012812234e-07 3.103448275862069039e+01 3.576997630040472813e-39
1.361444387804353894e-06 3.103448275862069039e+01 4.451760522047534418e-39
2.103777908551489167e-06 3.103448275862069039e+01 5.520047922539627754e-39
3.250872035725999525e-06 3.103448275862069039e+01 6.878384339392474602e-39
5.023424264371037676e-06 3.103448275862069039e+01 8.539783103294947898e-39
7.762468366195211052e-06 3.103448275862069039e+01 1.061809988034449067e-38
1.199498827195432052e-05 3.103448275862069039e+01 1.319398159809889844e-38
1.853530821083972151e-05 3.103448275862069039e+01 1.641183922172196813e-38
2.864176626784206136e-05 3.103448275862069039e+01 0.000000000000000000e+00
4.425881488509277571e-05 3.103448275862069039e+01 0.000000000000000000e+00
6.839112772288164464e-05 3.103448275862069039e+01 0.000000000000000000e+00
1.056816899266531411e-04 3.103448275862069039e+01 0.000000000000000000e+00
1.633050946463127421e-04 3.103448275862069039e+01 0.000000000000000000e+00
2.523479133987172724e-04 3.103448275862069039e+01 0.000000000000000000e+00
3.899417194215767132e-04 3.103448275862069039e+01 0.000000000000000000e+00
6.025591513618141571e-04 3.103448275862069039e+01 0.000000000000000000e+00
9.311071701392808391e-04 3.103448275862069039e+01 0.000000000000000000e+00
1.438797436443220012e-03 3.103448275862069039e+01 0.000000000000000000e+00
2.223308046060815547e-03 3.103448275862069039e+01 0.000000000000000000e+00
3.435576504708231019e-03 3.103448275862069039e+01 0.000000000000000000e+00
5.308839654772861891e-03 3.103448275862069039e+01 0.000000000000000000e+00
8.203507749416969960e-03 3.103448275862069039e+01 0.000000000000000000e+00
1.267650631230518923e-02 3.103448275862069039e+01 0.000000000000000000e+00
1.958842695032913736e-02 3.103448275862069039e+01 0.000000000000000000e+00
3.026910261669761223e-02 3.103448275862069039e+01 0.000000000000000000e+00
4.677346351207520292e-02 3.103448275862069039e+01 0.000000000000000000e+00
7.227689953743716977e-02 3.103448275862069039e+01 0.000000000000000000e+00
1.116861958575326164e-01 3.103448275862069039e+01 0.000000000000000000e+00
1.725835837585436572e-01 3.103448275862069039e+01 0.000000000000000000e+00
2.666855393744118063e-01 3.103448275862069039e+01 0.000000000000000000e+00
9.999999999999999547e-08 3.724137931034482563e+01 1.412883301623431701e-39
1.545254383797725850e-07 3.724137931034482563e+01 1.759938899761147765e-39
2.387811110646088987e-07 3.724137931034482563e+01 2.185712107090473646e-39
3.689775586406785640e-07 3.724137931034482563e+01 2.716960163133142604e-39
5.701641900124909537e-07 3.724137931034482563e+01 3.373442435516522796e-39
8.810487141012812234e-07 3.724137931034482563e+01 4.204271662985847913e-39
1.361444387804353894e-06 3.724137931034482563e+01 5.221145902153573599e-39
2.103777908551489167e-06 3.724137931034482563e+01 6.490035162062771721e-39
3.250872035725999525e-06 3.724137931034482563e+01 8.058118734217371209e-39
5.023424264371037676e-06 3.724137931034482563e+01 1.001788922135558015e-38
7.762468366195211052e-06 3.724137931034482563e+01 1.247567117395766602e-38
1.199498827195432052e-05 3.724137931034482563e+01 1.549662785046681611e-38
1.853530821083972151e-05 3.724137931034482563e+01 1.928119297764925164e-38
2.864176626784206136e-05 3.724137931034482563e+01 2.393322792681119620e-38
4.425881488509277571e-05 3.724137931034482563e+01 0.000000000000000000e+00
6.839112772288164464e-05 3.724137931034482563e+01 0.000000000000000000e+00
1.056816899266531411e-04 3.724137931034482563e+01 0.000000000000000000e+00
1.633050946463127421e-04 3.724137931034482563e+01 0.000000000000000000e+00
2.523479133987172724e-04 3.724137931034482563e+01 0.000000000000000000e+00
3.899417194215767132e-04 3.724137931034482563e+01 0.000000000000000000e+00
6.025591513618141571e-04 3.724137931034482563e+01 0.000000000000000000e+00
9.311071701392808391e-04 3.724137931034482563e+01 0.000000000000000000e+00
1.438797436443220012e-03 3.724137931034482563e+01 0.000000000000000000e+00
2.223308046060815547e-03 3.724137931034482563e+01 0.000000000000000000e+00
3.435576504708231019e-03 3.724137931034482563e+01 0.000000000000000000e+00
5.308839654772861891e-03 3.724137931034482563e+01 0.000000000000000000e+00
8.203507749416969960e-03 3.724137931034482563e+01 0.000000000000000000e+00
1.267650631230518923e-02 3.724137931034482563e+01 0.000000000000000000e+00
1.958842695032913736e-02 3.724137931034482563e+01 0.000000000000000000e+00
3.026910261669761223e-02 3.724137931034482563e+01 0.000000000000000000e+00
4.677346351207520292e-02 3.724137931034482563e+01 0.000000000000000000e+00
7.227689953743716977e-02 3.724137931034482563e+01 0.000000000000000000e+00
1.116861958575326164e-01 3.724137931034482563e+01 0.000000000000000000e+00
1.725835837585436572e-01 3.724137931034482563e+01 0.000000000000000000e+00
2.666855393744118063e-01 3.724137931034482563e+01 0.000000000000000000e+00
9.999999999999999547e-08 4.344827586206896797e+01 1.607967923538376490e-39
1.545254383797725850e-07 4.344827586206896797e+01 1.995808092392542630e-39
2.387811110646088987e-07 4.344827586206896797e+01 2.482416219014376677e-39
3.689775586406785640e-07 4.344827586206896797e+01 3.084876705114382017e-39
5.701641900124909537e-07 4.344827586206896797e+01 3.841073831458735577e-39
8.810487141012812234e-07 4.344827586206896797e+01 4.767404849352078544e-39
1.361444387804353894e-06 4.344827586206896797e+01 5.927028813843627752e-39
2.103777908551489167e-06 4.344827586206896797e+01 7.380778012212855480e-39
3.250872035725999525e-06 4.344827586206896797e+01 9.160708283627665737e-39
5.023424264371037676e-06 4.344827586206896797e+01 1.136842380781273692e-38
7.762468366195211052e-06 4.344827586206896797e+01 1.415977197366913264e-38
1.199498827195432052e-05 4.344827586206896797e+01 1.761502119573975491e-38
1.853530821083972151e-05 4.344827586206896797e+01 2.188580965554028644e-38
2.864176626784206136e-05 4.344827586206896797e+01 2.723328137443248486e-38
4.425881488509277571e-05 4.344827586206896797e+01 0.000000000000000000e+00
6.839112772288164464e-05 4.344827586206896797e+01 0.000000000000000000e+00
1.056816899266531411e-04 4.344827586206896797e+01 0.000000000000000000e+00
1.633050946463127421e-04 4.344827586206896797e+01 0.000000000000000000e+00
2.523479133987172724e-04 4.344827586206896797e+01 0.000000000000000000e+00
3.899417194215767132e-04 4.344827586206896797e+01 0.000000000000000000e+00
6.025591513618141571e-04 4.344827586206896797e+01 0.000000000000000000e+00
9.311071701392808391e-04 4.344827586206896797e+01 0.000000000000000000e+00
1.438797436443220012e-03 4.344827586206896797e+01 0.000000000000000000e+00
2.223308046060815547e-03 4.344827586206896797e+01 0.000000000000000000e+00
3.435576504708231019e-03 4.344827586206896797e+01 0.000000000000000000e+00
5.308839654772861891e-03 4.344827586206896797e+01 0.000000000000000000e+00
8.203507749416969960e-03 4.344827586206896797e+01 0.000000000000000000e+00
1.267650631230518923e-02 4.344827586206896797e+01 0.000000000000000000e+00
1.958842695032913736e-02 4.344827586206896797e+01 0.000000000000000000e+00
3.026910261669761223e-02 4.344827586206896797e+01 0.000000000000000000e+00
4.677346351207520292e-02 4.344827586206896797e+01 0.000000000000000000e+00
7.227689953743716977e-02 4.344827586206896797e+01 0.000000000000000000e+00
1.116861958575326164e-01 4.344827586206896797e+01 0.000000000000000000e+00
1.725835837585436572e-01 4.344827586206896797e+01 0.000000000000000000e+00
2.666855393744118063e-01 4.344827586206896797e+01 0.000000000000000000e+00
9.999999999999999547e-08 4.965517241379310320e+01 1.781982709807464448e-39
1.545254383797725850e-07 4.965517241379310320e+01 2.214955619934259063e-39
2.387811110646088987e-07 4.965517241379310320e+01 2.753312547828371717e-39
3.689775586406785640e-07 4.965517241379310320e+01 3.421747653341595912e-39
5.701641900124909537e-07 4.965517241379310320e+01 4.249228154487329004e-39
8.810487141012812234e-07 4.965517241379310320e+01 5.283614810061079071e-39
1.361444387804353894e-06 4.965517241379310320e+01 6.576441785311629899e-39
2.103777908551489167e-06 4.965517241379310320e+01 8.165186112181146262e-39
3.250872035725999525e-06 4.965517241379310320e+01 1.014541430188280404e-38
5.023424264371037676e-06 4.965517241379310320e+01 1.262978546950761989e-38
7.762468366195211052e-06 4.965517241379310320e+01 1.568941179536579737e-38
1.199498827195432052e-05 4.965517241379310320e+01 1.950569815909213888e-38
1.853530821083972151e-05 4.965517241379310320e+01 2.428606807269419671e-38
2.864176626784206136e-05 4.965517241379310320e+01 3.015652622838223721e-38
4.425881488509277571e-05 4.965517241379310320e+01 3.750372035199693332e-38
6.839112772288164464e-05 4.965517241379310320e+01 0.000000000000000000e+00
1.056816899266531411e-04 4.965517241379310320e+01 0.000000000000000000e+00
1.633050946463127421e-04 4.965517241379310320e+01 0.000000000000000000e+00
2.523479133987172724e-04 4.965517241379310320e+01 0.000000000000000000e+00
3.899417194215767132e-04 4.965517241379310320e+01 0.000000000000000000e+00
6.025591513618141571e-04 4.965517241379310320e+01 0.000000000000000000e+00
9.311071701392808391e-04 4.965517241379310320e+01 0.000000000000000000e+00
1.438797436443220012e-03 4.965517241379310320e+01 0.000000000000000000e+00
2.223308046060815547e-03 4.965517241379310320e+01 0.000000000000000000e+00
3.435576504708231019e-03 4.965517241379310320e+01 0.000000000000000000e+00
5.308839654772861891e-03 4.965517241379310320e+01 0.000000000000000000e+00
8.203507749416969960e-03 4.965517241379310320e+01 0.000000000000000000e+00
1.267650631230518923e-02 4.965517241379310320e+01 0.000000000000000000e+00
1.958842695032913736e-02 4.965517241379310320e+01 0.000000000000000000e+00
3.026910261669761223e-02 4.965517241379310320e+01 0.000000000000000000e+00
4.677346351207520292e-02 4.965517241379310320e+01 0.000000000000000000e+00
7.227689953743716977e-02 4.965517241379310320e+01 0.000000000000000000e+00
1.116861958575326164e-01 4.965517241379310320e+01 0.000000000000000000e+00
1.725835837585436572e-01 4.965517241379310320e+01 0.000000000000000000e+00
2.666855393744118063e-01 4.965517241379310320e+01 0.000000000000000000e+00
9.999999999999999547e-08 5.586206896551724554e+01 1.935564313379419314e-39
1.545254383797725850e-07 5.586206896551724554e+01 2.409635391443239738e-39
2.387811110646088987e-07 5.586206896551724554e+01 2.991514748639400745e-39
3.689775586406785640e-07 5.586206896551724554e+01 3.721847523960611133e-39
5.701641900124909537e-07 5.586206896551724554e+01 4.617131802278559333e-39
8.810487141012812234e-07 5.586206896551724554e+01 5.750084495298054114e-39
1.361444387804353894e-06 5.586206896551724554e+01 7.137936161580670314e-39
2.103777908551489167e-06 5.586206896551724554e+01 8.875115059117507614e-39
3.250872035725999525e-06 5.586206896551724554e+01 1.103035536878937487e-38
5.023424264371037676e-06 5.586206896551724554e+01 1.370960911235226839e-38
7.762468366195211052e-06 5.586206896551724554e+01 1.705018872405885080e-38
1.199498827195432052e-05 5.586206896551724554e+01 2.119763076005250084e-38
1.853530821083972151e-05 5.586206896551724554e+01 2.627888754734290976e-38
2.864176626784206136e-05 5.586206896551724554e+01 3.280520712848251203e-38
4.425881488509277571e-05 5.586206896551724554e+01 4.073778560720616866e-38
6.839112772288164464e-05 5.586206896551724554e+01 0.000000000000000000e+00
1.056816899266531411e-04 5.586206896551724554e+01 0.000000000000000000e+00
1.633050946463127421e-04 5.586206896551724554e+01 0.000000000000000000e+00
2.523479133987172724e-04 5.586206896551724554e+01 0.000000000000000000e+00
3.899417194215767132e-04 5.586206896551724554e+01 0.000000000000000000e+00
6.025591513618141571e-04 5.586206896551724554e+01 0.000000000000000000e+00
9.311071701392808391e-04 5.586206896551724554e+01 0.000000000000000000e+00
1.438797436443220012e-03 5.586206896551724554e+01 0.000000000000000000e+00
2.223308046060815547e-03 5.586206896551724554e+01 0.000000000000000000e+00
3.435576504708231019e-03 5.586206896551724554e+01 0.000000000000000000e+00
5.308839654772861891e-03 5.586206896551724554e+01 0.000000000000000000e+00
8.203507749416969960e-03 5.586206896551724554e+01 0.000000000000000000e+00
1.267650631230518923e-02 5.586206896551724554e+01 0.000000000000000000e+00
1.958842695032913736e-02 5.586206896551724554e+01 0.000000000000000000e+00
3.026910261669761223e-02 5.586206896551724554e+01 0.000000000000000000e+00
4.677346351207520292e-02 5.586206896551724554e+01 0.000000000000000000e+00
7.227689953743716977e-02 5.586206896551724554e+01 0.000000000000000000e+00
1.116861958575326164e-01 5.586206896551724554e+01 0.000000000000000000e+00
1.725835837585436572e-01 5.586206896551724554e+01 0.000000000000000000e+00
2.666855393744118063e-01 5.586206896551724554e+01 0.000000000000000000e+00
9.999999999999999547e-08 6.206896551724138078e+01 2.062843012623999035e-39
1.545254383797725850e-07 6.206896551724138078e+01 2.567700294491258306e-39
2.387811110646088987e-07 6.206896551724138078e+01 3.197633762305841068e-39
3.689775586406785640e-07 6.206896551724138078e+01 3.971737096314314951e-39
5.701641900124909537e-07 6.206896551724138078e+01 4.939496813348381910e-39
8.810487141012812234e-07 6.206896551724138078e+01 6.116011906256140512e-39
1.361444387804353894e-06 6.206896551724138078e+01 7.610522960036059200e-39
2.103777908551489167e-06 6.206896551724138078e+01 9.483451808642665766e-39
3.250872035725999525e-06 6.206896551724138078e+01 1.178051515316770396e-38
5.023424264371037676e-06 6.206896551724138078e+01 1.464558654854290655e-38
7.762468366195211052e-06 6.206896551724138078e+01 1.819880617251367433e-38
1.199498827195432052e-05 6.206896551724138078e+01 2.263899480653117374e-38
1.853530821083972151e-05 6.206896551724138078e+01 2.811716780837475694e-38
2.864176626784206136e-05 6.206896551724138078e+01 3.501991921565462966e-38
4.425881488509277571e-05 6.206896551724138078e+01 4.348172993870486990e-38
6.839112772288164464e-05 6.206896551724138078e+01 5.402100065410349019e-38
1.056816899266531411e-04 6.206896551724138078e+01 0.000000000000000000e+00
1.633050946463127421e-04 6.206896551724138078e+01 0.000000000000000000e+00
2.523479133987172724e-04 6.206896551724138078e+01 0.000000000000000000e+00
3.899417194215767132e-04 6.206896551724138078e+01 0.000000000000000000e+00
6.025591513618141571e-04 6.206896551724138078e+01 0.000000000000000000e+00
9.311071701392808391e-04 6.206896551724138078e+01 0.000000000000000000e+00
1.438797436443220012e-03 6.206896551724138078e+01 0.000000000000000000e+00
2.223308046060815547e-03 6.206896551724138078e+01 0.000000000000000000e+00
3.435576504708231019e-03 6.206896551724138078e+01 0.000000000000000000e+00
5.308839654772861891e-03 6.206896551724138078e+01 0.000000000000000000e+00
8.203507749416969960e-03 6.206896551724138078e+01 0.000000000000000000e+00
1.267650631230518923e-02 6.206896551724138078e+01 0.000000000000000000e+00
1.958842695032913736e-02 6.206896551724138078e+01 0.000000000000000000e+00
3.026910261669761223e-02 6.206896551724138078e+01 0.000000000000000000e+00
4.677346351207520292e-02 6.206896551724138078e+01 0.000000000000000000e+00
7.227689953743716977e-02 6.206896551724138078e+01 0.000000000000000000e+00
1.116861958575326164e-01 6.206896551724138078e+01 0.000000000000000000e+00
1.725835837585436572e-01 6.206896551724138078e+01 0.000000000000000000e+00
2.666855393744118063e-01 6.206896551724138078e+01 0.000000000000000000e+00
9.999999999999999547e-08 6.827586206896552312e+01 2.174077755290019503e-39
1.545254383797725850e-07 6.827586206896552312e+01 2.701777430615916523e-39
2.387811110646088987e-07 6.827586206896552312e+01 3.357918597072440224e-39
3.689775586406785640e-07 6.827586206896552312e+01 4.171564080413516989e-39
5.701641900124909537e-07 6.827586206896552312e+01 5.199672170887798342e-39
8.810487141012812234e-07 6.827586206896552312e+01 6.445043057889282356e-39
1.361444387804353894e-06 6.827586206896552312e+01 8.009378109042456811e-39
2.103777908551489167e-06 6.827586206896552312e+01 9.980485112654091731e-39
3.250872035725999525e-06 6.827586206896552312e+01 1.238354812330556711e-38
5.023424264371037676e-06 6.827586206896552312e+01 1.541046514311070291e-38
7.762468366195211052e-06 6.827586206896552312e+01 1.912074253256165566e-38
1.199498827195432052e-05 6.827586206896552312e+01 2.377950887316928062e-38
1.853530821083972151e-05 6.827586206896552312e+01 2.958692734119859511e-38
2.864176626784206136e-05 6.827586206896552312e+01 3.677068336363545369e-38
4.425881488509277571e-05 6.827586206896552312e+01 4.578907114305497911e-38
6.839112772288164464e-05 6.827586206896552312e+01 5.690175687531548881e-38
1.056816899266531411e-04 6.827586206896552312e+01 7.048655470026319921e-38
1.633050946463127421e-04 6.827586206896552312e+01 0.000000000000000000e+00
2.523479133987172724e-04 6.827586206896552312e+01 0.000000000000000000e+00
3.899417194215767132e-04 6.827586206896552312e+01 0.000000000000000000e+00
6.025591513618141571e-04 6.827586206896552312e+01 0.000000000000000000e+00
9.311071701392808391e-04 6.827586206896552312e+01 0.000000000000000000e+00
1.438797436443220012e-03 6.827586206896552312e+01 0.000000000000000000e+00
2.223308046060815547e-03 6.827586206896552312e+01 0.000000000000000000e+00
3.435576504708231019e-03 6.827586206896552312e+01 0.000000000000000000e+00
5.308839654772861891e-03 6.827586206896552312e+01 0.000000000000000000e+00
8.203507749416969960e-03 6.827586206896552312e+01 0.000000000000000000e+00
1.267650631230518923e-02 6.827586206896552312e+01 0.000000000000000000e+00
1.958842695032913736e-02 6.827586206896552312e+01 0.000000000000000000e+00
3.026910261669761223e-02 6.827586206896552312e+01 0.000000000000000000e+00
4.677346351207520292e-02 6.827586206896552312e+01 0.000000000000000000e+00
7.227689953743716977e-02 6.827586206896552312e+01 0.000000000000000000e+00
1.116861958575326164e-01 6.827586206896552312e+01 0.000000000000000000e+00
1.725835837585436572e-01 6.827586206896552312e+01 0.000000000000000000e+00
2.666855393744118063e-01 6.827586206896552312e+01 0.000000000000000000e+00
9.999999999999999547e-08 7.448275862068965125e+01 2.256356376406601583e-39
1.545254383797725850e-07 7.448275862068965125e+01 2.801749781624110684e-39
2.387811110646088987e-07 7.448275862068965125e+01 3.480404465657120640e-39
3.689775586406785640e-07 7.448275862068965125e+01 4.327609035764319127e-39
5.701641900124909537e-07 7.448275862068965125e+01 5.370218985767071931e-39
8.810487141012812234e-07 7.448275862068965125e+01 6.685475988752553778e-39
1.361444387804353894e-06 7.448275862068965125e+01 8.320933878812122392e-39
2.103777908551489167e-06 7.448275862068965125e+01 1.034262088837941402e-38
3.250872035725999525e-06 7.448275862068965125e+01 1.283376651301276385e-38
5.023424264371037676e-06 7.448275862068965125e+01 1.597164779446885446e-38
7.762468366195211052e-06 7.448275862068965125e+01 1.985531950979060471e-38
1.199498827195432052e-05 7.448275862068965125e+01 2.466830393053747515e-38
1.853530821083972151e-05 7.448275862068965125e+01 3.066973311445723347e-38
2.864176626784206136e-05 7.448275862068965125e+01 3.811723012471749910e-38
4.425881488509277571e-05 7.448275862068965125e+01 4.734352118456828428e-38
6.839112772288164464e-05 7.448275862068965125e+01 5.889876637890243153e-38
1.056816899266531411e-04 7.448275862068965125e+01 7.334950190265211704e-38
1.633050946463127421e-04 7.448275862068965125e+01 9.133542599299061207e-38
2.523479133987172724e-04 7.448275862068965125e+01 1.134740458356085787e-37
3.899417194215767132e-04 7.448275862068965125e+01 0.000000000000000000e+00
6.025591513618141571e-04 7.448275862068965125e+01 0.000000000000000000e+00
9.311071701392808391e-04 7.448275862068965125e+01 0.000000000000000000e+00
1.438797436443220012e-03 7.448275862068965125e+01 0.000000000000000000e+00
2.223308046060815547e-03 7.448275862068965125e+01 0.000000000000000000e+00
3.435576504708231019e-03 7.448275862068965125e+01 0.000000000000000000e+00
5.308839654772861891e-03 7.448275862068965125e+01 0.000000000000000000e+00
8.203507749416969960e-03 7.448275862068965125e+01 0.000000000000000000e+00
1.267650631230518923e-02 7.448275862068965125e+01 0.000000000000000000e+00
1.958842695032913736e-02 7.448275862068965125e+01 0.000000000000000000e+00
3.026910261669761223e-02 7.448275862068965125e+01 0.000000000000000000e+00
4.677346351207520292e-02 7.448275862068965125e+01 0.000000000000000000e+00
7.227689953743716977e-02 7.448275862068965125e+01 0.000000000000000000e+00
1.116861958575326164e-01 7.448275862068965125e+01 0.000000000000000000e+00
1.725835837585436572e-01 7.448275862068965125e+01 8.103742085643337853e-35
2.666855393744118063e-01 7.448275862068965125e+01 0.000000000000000000e+00
9.999999999999999547e-08 8.068965517241380780e+01 2.310150050271677013e-39
1.545254383797725850e-07 8.068965517241380780e+01 2.871704051542057315e-39
2.387811110646088987e-07 8.068965517241380780e+01 3.572548090441372125e-39
3.689775586406785640e-07 8.068965517241380780e+01 4.431332085038675493e-39
5.701641900124909537e-07 8.068965517241380780e+01 5.504910100500099124e-39
8.810487141012812234e-07 8.068965517241380780e+01 6.862242855003161946e-39
1.361444387804353894e-06 8.068965517241380780e+01 8.539167347416406924e-39
2.103777908551489167e-06 8.068965517241380780e+01 1.059649204517264931e-38
3.250872035725999525e-06 8.068965517241380780e+01 1.315768291350226113e-38
5.023424264371037676e-06 8.068965517241380780e+01 1.636777687686628071e-38
7.762468366195211052e-06 8.068965517241380780e+01 2.032451675335934445e-38
1.199498827195432052e-05 8.068965517241380780e+01 2.525506306970891822e-38
1.853530821083972151e-05 8.068965517241380780e+01 3.138386806371679118e-38
2.864176626784206136e-05 8.068965517241380780e+01 3.909650378680800139e-38
4.425881488509277571e-05 8.068965517241380780e+01 4.844746721374475904e-38
6.839112772288164464e-05 8.068965517241380780e+01 6.024628350416219440e-38
1.056816899266531411e-04 8.068965517241380780e+01 7.511646872602737275e-38
1.633050946463127421e-04 8.068965517241380780e+01 9.339062894933306424e-38
2.523479133987172724e-04 8.068965517241380780e+01 1.162868212191677433e-37
3.899417194215767132e-04 8.068965517241380780e+01 1.446715503515806254e-37
6.025591513618141571e-04 8.068965517241380780e+01 1.799876514080705840e-37
9.311071701392808391e-04 8.068965517241380780e+01 0.000000000000000000e+00
1.438797436443220012e-03 8.068965517241380780e+01 0.000000000000000000e+00
2.223308046060815547e-03 8.068965517241380780e+01 0.000000000000000000e+00
3.435576504708231019e-03 8.068965517241380780e+01 0.000000000000000000e+00
5.308839654772861891e-03 8.068965517241380780e+01 0.000000000000000000e+00
8.203507749416969960e-03 8.068965517241380780e+01 0.000000000000000000e+00
1.267650631230518923e-02 8.068965517241380780e+01 0.000000000000000000e+00
1.958842695032913736e-02 8.068965517241380780e+01 0.000000000000000000e+00
3.026910261669761223e-02 8.068965517241380780e+01 0.000000000000000000e+00
4.677346351207520292e-02 8.068965517241380780e+01 0.000000000000000000e+00
7.227689953743716977e-02 8.068965517241380780e+01 4.717527022400502329e-36
1.116861958575326164e-01 8.068965517241380780e+01 2.109665574864160376e-35
1.725835837585436572e-01 8.068965517241380780e+01 6.958117337660132385e-35
2.666855393744118063e-01 8.068965517241380780e+01 0.000000000000000000e+00
9.999999999999999547e-08 8.689655172413793593e+01 2.335618316522849797e-39
1.545254383797725850e-07 8.689655172413793593e+01 2.898680703266011577e-39
2.387811110646088987e-07 8.689655172413793593e+01 3.612230900135026500e-39
3.689775586406785640e-07 8.689655172413793593e+01 4.490824733741543482e-39
5.701641900124909537e-07 8.689655172413793593e+01 5.569842424028129636e-39
8.810487141012812234e-07 8.689655172413793593e+01 6.940609152707748738e-39
1.361444387804353894e-06 8.689655172413793593e+01 8.606665494817295351e-39
2.103777908551489167e-06 8.689655172413793593e+01 1.068779440152867258e-38
3.250872035725999525e-06 8.689655172413793593e+01 1.329864564130270220e-38
5.023424264371037676e-06 8.689655172413793593e+01 1.653693232058125438e-38
7.762468366195211052e-06 8.689655172413793593e+01 2.058684857611876716e-38
1.199498827195432052e-05 8.689655172413793593e+01 2.556327368209132024e-38
1.853530821083972151e-05 8.689655172413793593e+01 3.181861895850199757e-38
2.864176626784206136e-05 8.689655172413793593e+01 3.951613543174792313e-38
4.425881488509277571e-05 8.689655172413793593e+01 4.911139195697761371e-38
6.839112772288164464e-05 8.689655172413793593e+01 6.107940895025426326e-38
1.056816899266531411e-04 8.689655172413793593e+01 7.611799654309862910e-38
1.633050946463127421e-04 8.689655172413793593e+01 9.456863634231119227e-38
2.523479133987172724e-04 8.689655172413793593e+01 1.174538816542017111e-37
3.899417194215767132e-04 8.689655172413793593e+01 1.465919555924533672e-37
6.025591513618141571e-04 8.689655172413793593e+01 1.817879292893300358e-37
9.311071701392808391e-04 8.689655172413793593e+01 2.269861179549441361e-37
1.438797436443220012e-03 8.689655172413793593e+01 2.845578614493998503e-37
2.223308046060815547e-03 8.689655172413793593e+01 3.563378567760518168e-37
3.435576504708231019e-03 8.689655172413793593e+01 4.486292109418264883e-37
5.308839654772861891e-03 8.689655172413793593e+01 5.701244540704968703e-37
8.203507749416969960e-03 8.689655172413793593e+01 7.283699469223025251e-37
1.267650631230518923e-02 8.689655172413793593e+01 9.462748037199884774e-37
1.958842695032913736e-02 8.689655172413793593e+01 1.258116076073038221e-36
3.026910261669761223e-02 8.689655172413793593e+01 1.739040325723654910e-36
4.677346351207520292e-02 8.689655172413793593e+01 2.578881636874303477e-36
7.227689953743716977e-02 8.689655172413793593e+01 5.151511099133300279e-36
1.116861958575326164e-01 8.689655172413793593e+01 2.503273234901336267e-35
1.725835837585436572e-01 8.689655172413793593e+01 5.781021928143620452e-35
2.666855393744118063e-01 8.689655172413793593e+01 0.000000000000000000e+00
9.999999999999999547e-08 9.310344827586206407e+01 2.333106680830663572e-39
1.545254383797725850e-07 9.310344827586206407e+01 2.907690371123642751e-39
2.387811110646088987e-07 9.310344827586206407e+01 3.604975018835464472e-39
3.689775586406785640e-07 9.310344827586206407e+01 4.490318089863663548e-39
5.701641900124909537e-07 9.310344827586206407e+01 5.577814886073889152e-39
8.810487141012812234e-07 9.310344827586206407e+01 6.927483179762245506e-39
1.361444387804353894e-06 9.310344827586206407e+01 8.610153639335635453e-39
2.103777908551489167e-06 9.310344827586206407e+01 1.072056887361454694e-38
3.250872035725999525e-06 9.310344827586206407e+01 1.333447318279322904e-38
5.023424264371037676e-06 9.310344827586206407e+01 1.653167267720542718e-38
7.762468366195211052e-06 9.310344827586206407e+01 2.060689295838991152e-38
1.199498827195432052e-05 9.310344827586206407e+01 2.553328084117028660e-38
1.853530821083972151e-05 9.310344827586206407e+01 3.179166213819694507e-38
2.864176626784206136e-05 9.310344827586206407e+01 3.958130574239747305e-38
4.425881488509277571e-05 9.310344827586206407e+01 4.918676738383115826e-38
6.839112772288164464e-05 9.310344827586206407e+01 6.113010736477122088e-38
1.056816899266531411e-04 9.310344827586206407e+01 7.593879339461016695e-38
1.633050946463127421e-04 9.310344827586206407e+01 9.464129842785415620e-38
2.523479133987172724e-04 9.310344827586206407e+01 1.173726567686336576e-37
3.899417194215767132e-04 9.310344827586206407e+01 1.462917928224121752e-37
6.025591513618141571e-04 9.310344827586206407e+01 1.825997390381304525e-37
9.311071701392808391e-04 9.310344827586206407e+01 2.273043574491179592e-37
1.438797436443220012e-03 9.310344827586206407e+01 2.840827975125021080e-37
2.223308046060815547e-03 9.310344827586206407e+01 3.563844247611720118e-37
3.435576504708231019e-03 9.310344827586206407e+01 4.488982762528634831e-37
5.308839654772861891e-03 9.310344827586206407e+01 5.695960864660317843e-37
8.203507749416969960e-03 9.310344827586206407e+01 7.268764376781942682e-37
1.267650631230518923e-02 9.310344827586206407e+01 9.442042655843116531e-37
1.958842695032913736e-02 9.310344827586206407e+01 1.256205851471160900e-36
3.026910261669761223e-02 9.310344827586206407e+01 1.738639575000002333e-36
4.677346351207520292e-02 9.310344827586206407e+01 2.615384668745548476e-36
7.227689953743716977e-02 9.310344827586206407e+01 5.675491556396122424e-36
1.116861958575326164e-01 9.310344827586206407e+01 2.827338465149710401e-35
1.725835837585436572e-01 9.310344827586206407e+01 4.728643656341726237e-35
2.666855393744118063e-01 9.310344827586206407e+01 0.000000000000000000e+00
9.999999999999999547e-08 9.931034482758620641e+01 2.304704609230243800e-39
1.545254383797725850e-07 9.931034482758620641e+01 2.873182697246883743e-39
2.387811110646088987e-07 9.931034482758620641e+01 3.565183659183093734e-39
3.689775586406785640e-07 9.931034482758620641e+01 4.423746541516094825e-39
5.701641900124909537e-07 9.931034482758620641e+01 5.512878930465867820e-39
8.810487141012812234e-07 9.931034482758620641e+01 6.858511206829483863e-39
1.361444387804353894e-06 9.931034482758620641e+01 8.511929216986571672e-39
2.103777908551489167e-06 9.931034482758620641e+01 1.057444063754093383e-38
3.250872035725999525e-06 9.931034482758620641e+01 1.316556133154550200e-38
5.023424264371037676e-06 9.931034482758620641e+01 1.634472168369825311e-38
7.762468366195211052e-06 9.931034482758620641e+01 2.032323632613828821e-38
1.199498827195432052e-05 9.931034482758620641e+01 2.538041022796343901e-38
1.853530821083972151e-05 9.931034482758620641e+01 3.145335285693920401e-38
2.864176626784206136e-05 9.931034482758620641e+01 3.912665813673174061e-38
4.425881488509277571e-05 9.931034482758620641e+01 4.862398456571273905e-38
6.839112772288164464e-05 9.931034482758620641e+01 6.044659534999907312e-38
1.056816899266531411e-04 9.931034482758620641e+01 7.509371547436990808e-38
1.633050946463127421e-04 9.931034482758620641e+01 9.337802665825063811e-38
2.523479133987172724e-04 9.931034482758620641e+01 1.161001504520974653e-37
3.899417194215767132e-04 9.931034482758620641e+01 1.444942481566915675e-37
6.025591513618141571e-04 9.931034482758620641e+01 1.800951293184366005e-37
9.311071701392808391e-04 9.931034482758620641e+01 2.246579751802341391e-37
1.438797436443220012e-03 9.931034482758620641e+01 2.807908361705787408e-37
2.223308046060815547e-03 9.931034482758620641e+01 3.526131268884967783e-37
3.435576504708231019e-03 9.931034482758620641e+01 4.435738852629737212e-37
5.308839654772861891e-03 9.931034482758620641e+01 5.634883588284528986e-37
8.203507749416969960e-03 9.931034482758620641e+01 7.174624658508676773e-37
1.267650631230518923e-02 9.931034482758620641e+01 9.366338654257566450e-37
1.958842695032913736e-02 9.931034482758620641e+01 1.239481550899680931e-36
3.026910261669761223e-02 9.931034482758620641e+01 1.713087906453568613e-36
4.677346351207520292e-02 9.931034482758620641e+01 2.637334868410041625e-36
7.227689953743716977e-02 9.931034482758620641e+01 6.221449771942182759e-36
1.116861958575326164e-01 9.931034482758620641e+01 3.037463946322170693e-35
1.725835837585436572e-01 9.931034482758620641e+01 3.821953873676989485e-35
2.666855393744118063e-01 9.931034482758620641e+01 0.000000000000000000e+00
9.999999999999999547e-08 1.055172413793103630e+02 2.255275677302806975e-39
1.545254383797725850e-07 1.055172413793103630e+02 2.801253351368209159e-39
2.387811110646088987e-07 1.055172413793103630e+02 3.486530332599004647e-39
3.689775586406785640e-07 1.055172413793103630e+02 4.330138805714273108e-39
5.701641900124909537e-07 1.055172413793103630e+02 5.378663377152575145e-39
8.810487141012812234e-07 1.055172413793103630e+02 6.692088012386844239e-39
1.361444387804353894e-06 1.055172413793103630e+02 8.304256829986488922e-39
2.103777908551489167e-06 1.055172413793103630e+02 1.036661138582070699e-38
3.250872035725999525e-06 1.055172413793103630e+02 1.285927734286840862e-38
5.023424264371037676e-06 1.055172413793103630e+02 1.591370405088006779e-38
7.762468366195211052e-06 1.055172413793103630e+02 1.985938750684256975e-38
1.199498827195432052e-05 1.055172413793103630e+02 2.467141341215309116e-38
1.853530821083972151e-05 1.055172413793103630e+02 3.069873463719045584e-38
2.864176626784206136e-05 1.055172413793103630e+02 3.809834094165459239e-38
4.425881488509277571e-05 1.055172413793103630e+02 4.746979093819653982e-38
6.839112772288164464e-05 1.055172413793103630e+02 5.900530218373700080e-38
1.056816899266531411e-04 1.055172413793103630e+02 7.334109615869976494e-38
1.633050946463127421e-04 1.055172413793103630e+02 9.165475502277076827e-38
2.523479133987172724e-04 1.055172413793103630e+02 1.137930566297157407e-37
3.899417194215767132e-04 1.055172413793103630e+02 1.413870090042530683e-37
6.025591513618141571e-04 1.055172413793103630e+02 1.760229802205473763e-37
9.311071701392808391e-04 1.055172413793103630e+02 2.203234241162383819e-37
1.438797436443220012e-03 1.055172413793103630e+02 2.745883938652723421e-37
2.223308046060815547e-03 1.055172413793103630e+02 3.439460413171301777e-37
3.435576504708231019e-03 1.055172413793103630e+02 4.332486897327581669e-37
5.308839654772861891e-03 1.055172413793103630e+02 5.506307745377559032e-37
8.203507749416969960e-03 1.055172413793103630e+02 7.016340168835261903e-37
1.267650631230518923e-02 1.055172413793103630e+02 9.103641506040040710e-37
1.958842695032913736e-02 1.055172413793103630e+02 1.207425556526607794e-36
3.026910261669761223e-02 1.055172413793103630e+02 1.674337851321251019e-36
4.677346351207520292e-02 1.055172413793103630e+02 2.644228558139763497e-36
7.227689953743716977e-02 1.055172413793103630e+02 6.818043733601903723e-36
1.116861958575326164e-01 1.055172413793103630e+02 3.108765059829532995e-35
1.725835837585436572e-01 1.055172413793103630e+02 3.046343775107470927e-35
2.666855393744118063e-01 1.055172413793103630e+02 0.000000000000000000e+00
9.999999999999999547e-08 1.117241379310344911e+02 2.171576046271324220e-39
1.545254383797725850e-07 1.117241379310344911e+02 2.695884551798013457e-39
2.387811110646088987e-07 1.117241379310344911e+02 3.361878740855456359e-39
3.689775586406785640e-07 1.117241379310344911e+02 4.179244345314487431e-39
5.701641900124909537e-07 1.117241379310344911e+02 5.186626238573506796e-39
8.810487141012812234e-07 1.117241379310344911e+02 6.466353555085423937e-39
1.361444387804353894e-06 1.117241379310344911e+02 8.017421205592132624e-39
2.103777908551489167e-06 1.117241379310344911e+02 9.957245300368595027e-39
3.250872035725999525e-06 1.117241379310344911e+02 1.237096769462195558e-38
5.023424264371037676e-06 1.117241379310344911e+02 1.542920114867963572e-38
7.762468366195211052e-06 1.117241379310344911e+02 1.912929544828878797e-38
1.199498827195432052e-05 1.117241379310344911e+02 2.382212639599395256e-38
1.853530821083972151e-05 1.117241379310344911e+02 2.958740977793518637e-38
2.864176626784206136e-05 1.117241379310344911e+02 3.679900726166934594e-38
4.425881488509277571e-05 1.117241379310344911e+02 4.586869078704503877e-38
6.839112772288164464e-05 1.117241379310344911e+02 5.690139581601548239e-38
1.056816899266531411e-04 1.117241379310344911e+02 7.084075349183722442e-38
1.633050946463127421e-04 1.117241379310344911e+02 8.792841999181330133e-38
2.523479133987172724e-04 1.117241379310344911e+02 1.095145634103455281e-37
3.899417194215767132e-04 1.117241379310344911e+02 1.365860311992297096e-37
6.025591513618141571e-04 1.117241379310344911e+02 1.700124642834137301e-37
9.311071701392808391e-04 1.117241379310344911e+02 2.119829427324404140e-37
1.438797436443220012e-03 1.117241379310344911e+02 2.647428967563305818e-37
2.223308046060815547e-03 1.117241379310344911e+02 3.316208046076227224e-37
3.435576504708231019e-03 1.117241379310344911e+02 4.178897843464691138e-37
5.308839654772861891e-03 1.117241379310344911e+02 5.296777813294335477e-37
8.203507749416969960e-03 1.117241379310344911e+02 6.729126582288479839e-37
1.267650631230518923e-02 1.117241379310344911e+02 8.731935278396968836e-37
1.958842695032913736e-02 1.117241379310344911e+02 1.160571837793760178e-36
3.026910261669761223e-02 1.117241379310344911e+02 1.618155983008677913e-36
4.677346351207520292e-02 1.117241379310344911e+02 2.658079152027016784e-36
7.227689953743716977e-02 1.117241379310344911e+02 7.378604706789482787e-36
1.116861958575326164e-01 1.117241379310344911e+02 3.030274975708959413e-35
1.725835837585436572e-01 1.117241379310344911e+02 2.387521041007333960e-35
2.666855393744118063e-01 1.117241379310344911e+02 0.000000000000000000e+00
9.999999999999999547e-08 1.179310344827586192e+02 2.065298508961912889e-39
1.545254383797725850e-07 1.179310344827586192e+02 2.567499990938875662e-39
2.387811110646088987e-07 1.179310344827586192e+02 3.194824697062508835e-39
3.689775586406785640e-07 1.179310344827586192e+02 3.960578003698045760e-39
5.701641900124909537e-07 1.179310344827586192e+02 4.929518600073034971e-39
8.810487141012812234e-07 1.179310344827586192e+02 6.140737951245820543e-39
1.361444387804353894e-06 1.179310344827586192e+02 7.622255403527762287e-39
2.103777908551489167e-06 1.179310344827586192e+02 9.484572036659266719e-39
3.250872035725999525e-06 1.179310344827586192e+02 1.180529851613113311e-38
5.023424264371037676e-06 1.179310344827586192e+02 1.464523167774185696e-38
7.762468366195211052e-06 1.179310344827586192e+02 1.824070908247906368e-38
1.199498827195432052e-05 1.179310344827586192e+02 2.262856466690652945e-38
1.853530821083972151e-05 1.179310344827586192e+02 2.810443118159368096e-38
2.864176626784206136e-05 1.179310344827586192e+02 3.498395266579805718e-38
4.425881488509277571e-05 1.179310344827586192e+02 4.348954106090122451e-38
6.839112772288164464e-05 1.179310344827586192e+02 5.405319302683364051e-38
1.056816899266531411e-04 1.179310344827586192e+02 6.721897390309123603e-38
1.633050946463127421e-04 1.179310344827586192e+02 8.375733376033058464e-38
2.523479133987172724e-04 1.179310344827586192e+02 1.038885884543543694e-37
3.899417194215767132e-04 1.179310344827586192e+02 1.295592562785633396e-37
6.025591513618141571e-04 1.179310344827586192e+02 1.614949114436827735e-37
9.311071701392808391e-04 1.179310344827586192e+02 2.019981611932960711e-37
1.438797436443220012e-03 1.179310344827586192e+02 2.521442315594011994e-37
2.223308046060815547e-03 1.179310344827586192e+02 3.152539652881158375e-37
3.435576504708231019e-03 1.179310344827586192e+02 3.966524586385590339e-37
5.308839654772861891e-03 1.179310344827586192e+02 5.031498575675262743e-37
8.203507749416969960e-03 1.179310344827586192e+02 6.429457036670594204e-37
1.267650631230518923e-02 1.179310344827586192e+02 8.308831955178807675e-37
1.958842695032913736e-02 1.179310344827586192e+02 1.102961970463335982e-36
3.026910261669761223e-02 1.179310344827586192e+02 1.545422468301996968e-36
4.677346351207520292e-02 1.179310344827586192e+02 2.625488216314818209e-36
7.227689953743716977e-02 1.179310344827586192e+02 7.732464300386760947e-36
1.116861958575326164e-01 1.179310344827586192e+02 2.845566444420151082e-35
1.725835837585436572e-01 1.179310344827586192e+02 1.822331464562754699e-35
2.666855393744118063e-01 1.179310344827586192e+02 0.000000000000000000e+00
9.999999999999999547e-08 1.241379310344827616e+02 1.937209077534944567e-39
1.545254383797725850e-07 1.241379310344827616e+02 2.403936703939748165e-39
2.387811110646088987e-07 1.241379310344827616e+02 2.994799426367694058e-39
3.689775586406785640e-07 1.241379310344827616e+02 3.712228200714528645e-39
5.701641900124909537e-07 1.241379310344827616e+02 4.615161448313688484e-39
8.810487141012812234e-07 1.241379310344827616e+02 5.757124736874084367e-39
1.361444387804353894e-06 1.241379310344827616e+02 7.153127777077284255e-39
2.103777908551489167e-06 1.241379310344827616e+02 8.853254320653482439e-39
3.250872035725999525e-06 1.241379310344827616e+02 1.103601224755223885e-38
5.023424264371037676e-06 1.241379310344827616e+02 1.369762251138540559e-38
7.762468366195211052e-06 1.241379310344827616e+02 1.704948265145702606e-38
1.199498827195432052e-05 1.241379310344827616e+02 2.122683153398790777e-38
1.853530821083972151e-05 1.241379310344827616e+02 2.633730815659488987e-38
2.864176626784206136e-05 1.241379310344827616e+02 3.285577339449143968e-38
4.425881488509277571e-05 1.241379310344827616e+02 4.077699817211891371e-38
6.839112772288164464e-05 1.241379310344827616e+02 5.065323475087696529e-38
1.056816899266531411e-04 1.241379310344827616e+02 6.299104823721029110e-38
1.633050946463127421e-04 1.241379310344827616e+02 7.833902115548954251e-38
2.523479133987172724e-04 1.241379310344827616e+02 9.759596595471671288e-38
3.899417194215767132e-04 1.241379310344827616e+02 1.214331062330611796e-37
6.025591513618141571e-04 1.241379310344827616e+02 1.514746938482106110e-37
9.311071701392808391e-04 1.241379310344827616e+02 1.890504261554293948e-37
1.438797436443220012e-03 1.241379310344827616e+02 2.358965419574150151e-37
2.223308046060815547e-03 1.241379310344827616e+02 2.953622098237293880e-37
3.435576504708231019e-03 1.241379310344827616e+02 3.716388015129277717e-37
5.308839654772861891e-03 1.241379310344827616e+02 4.703645357684441608e-37
8.203507749416969960e-03 1.241379310344827616e+02 5.993333163579508746e-37
1.267650631230518923e-02 1.241379310344827616e+02 7.747672074914762853e-37
1.958842695032913736e-02 1.241379310344827616e+02 1.030692252944423106e-36
3.026910261669761223e-02 1.241379310344827616e+02 1.458858403932138270e-36
4.677346351207520292e-02 1.241379310344827616e+02 2.556213500588888178e-36
7.227689953743716977e-02 1.241379310344827616e+02 8.043660455690587873e-36
1.116861958575326164e-01 1.241379310344827616e+02 2.568378604065349543e-35
1.725835837585436572e-01 1.241379310344827616e+02 1.362350810761480694e-35
2.666855393744118063e-01 1.241379310344827616e+02 0.000000000000000000e+00
9.999999999999999547e-08 1.303448275862068897e+02 1.785178836591422338e-39
1.545254383797725850e-07 1.303448275862068897e+02 2.219637859752096445e-39
2.387811110646088987e-07 1.303448275862068897e+02 2.753483645227605811e-39
3.689775586406785640e-07 1.303448275862068897e+02 3.421895720604605884e-39
5.701641900124909537e-07 1.303448275862068897e+02 4.264554253808884811e-39
8.810487141012812234e-07 1.303448275862068897e+02 5.296644760426469701e-39
1.361444387804353894e-06 1.303448275862068897e+02 6.565146800606787105e-39
2.103777908551489167e-06 1.303448275862068897e+02 8.162314881242995647e-39
3.250872035725999525e-06 1.303448275862068897e+02 1.016606894179270118e-38
5.023424264371037676e-06 1.303448275862068897e+02 1.263627145706563905e-38
7.762468366195211052e-06 1.303448275862068897e+02 1.569101705544355917e-38
1.199498827195432052e-05 1.303448275862068897e+02 1.950928073617460262e-38
1.853530821083972151e-05 1.303448275862068897e+02 2.428644699412848936e-38
2.864176626784206136e-05 1.303448275862068897e+02 3.016037047914868009e-38
4.425881488509277571e-05 1.303448275862068897e+02 3.758683644811904712e-38
6.839112772288164464e-05 1.303448275862068897e+02 4.669957640537966270e-38
1.056816899266531411e-04 1.303448275862068897e+02 5.806757972679963407e-38
1.633050946463127421e-04 1.303448275862068897e+02 7.196395284706156014e-38
2.523479133987172724e-04 1.303448275862068897e+02 8.991937943411044916e-38
3.899417194215767132e-04 1.303448275862068897e+02 1.123650748215073550e-37
6.025591513618141571e-04 1.303448275862068897e+02 1.391048870288922473e-37
9.311071701392808391e-04 1.303448275862068897e+02 1.739736932357486022e-37
1.438797436443220012e-03 1.303448275862068897e+02 2.170055341160558430e-37
2.223308046060815547e-03 1.303448275862068897e+02 2.721077047451494562e-37
3.435576504708231019e-03 1.303448275862068897e+02 3.419435363727048587e-37
5.308839654772861891e-03 1.303448275862068897e+02 4.321540864975999078e-37
8.203507749416969960e-03 1.303448275862068897e+02 5.529461812795147752e-37
1.267650631230518923e-02 1.303448275862068897e+02 7.124325606064557887e-37
1.958842695032913736e-02 1.303448275862068897e+02 9.451496501680212867e-37
3.026910261669761223e-02 1.303448275862068897e+02 1.350714046945125092e-36
4.677346351207520292e-02 1.303448275862068897e+02 2.475216278792371597e-36
7.227689953743716977e-02 1.303448275862068897e+02 8.005682724538298611e-36
1.116861958575326164e-01 1.303448275862068897e+02 2.268805758961733830e-35
1.725835837585436572e-01 1.303448275862068897e+02 9.972920576554794679e-36
2.666855393744118063e-01 1.303448275862068897e+02 0.000000000000000000e+00
9.999999999999999547e-08 1.365517241379310462e+02 1.606222491427979190e-39
1.545254383797725850e-07 1.365517241379310462e+02 2.000234651179013938e-39
2.387811110646088987e-07 1.365517241379310462e+02 2.490300244735347657e-39
3.689775586406785640e-07 1.365517241379310462e+02 3.093408973064698535e-39
5.701641900124909537e-07 1.365517241379310462e+02 3.834042852882788821e-39
8.810487141012812234e-07 1.365517241379310462e+02 4.768091525403359198e-39
1.361444387804353894e-06 1.365517241379310462e+02 5.931543717704445901e-39
2.103777908551489167e-06 1.365517241379310462e+02 7.370875540805693303e-39
3.250872035725999525e-06 1.365517241379310462e+02 9.144530744197719958e-39
5.023424264371037676e-06 1.365517241379310462e+02 1.137085741169397547e-38
7.762468366195211052e-06 1.365517241379310462e+02 1.418099141741358512e-38
1.199498827195432052e-05 1.365517241379310462e+02 1.763457367375125616e-38
1.853530821083972151e-05 1.365517241379310462e+02 2.191838699963363346e-38
2.864176626784206136e-05 1.365517241379310462e+02 2.722496478080494924e-38
4.425881488509277571e-05 1.365517241379310462e+02 3.379998137082703987e-38
6.839112772288164464e-05 1.365517241379310462e+02 4.221369403234972982e-38
1.056816899266531411e-04 1.365517241379310462e+02 5.236847636788636121e-38
1.633050946463127421e-04 1.365517241379310462e+02 6.502445999401942571e-38
2.523479133987172724e-04 1.365517241379310462e+02 8.105888975926599466e-38
3.899417194215767132e-04 1.365517241379310462e+02 1.010513518114982940e-37
6.025591513618141571e-04 1.365517241379310462e+02 1.258342699960057278e-37
9.311071701392808391e-04 1.365517241379310462e+02 1.569393311121425996e-37
1.438797436443220012e-03 1.365517241379310462e+02 1.958464798777957025e-37
2.223308046060815547e-03 1.365517241379310462e+02 2.453812237562640269e-37
3.435576504708231019e-03 1.365517241379310462e+02 3.084263266240527657e-37
5.308839654772861891e-03 1.365517241379310462e+02 3.893540502912062986e-37
8.203507749416969960e-03 1.365517241379310462e+02 4.968698238619254366e-37
1.267650631230518923e-02 1.365517241379310462e+02 6.417238267035625567e-37
1.958842695032913736e-02 1.365517241379310462e+02 8.532133267051401237e-37
3.026910261669761223e-02 1.365517241379310462e+02 1.236844029827088316e-36
4.677346351207520292e-02 1.365517241379310462e+02 2.330326333685101387e-36
7.227689953743716977e-02 1.365517241379310462e+02 7.792408931806732784e-36
1.116861958575326164e-01 1.365517241379310462e+02 1.936105072903014633e-35
1.725835837585436572e-01 1.365517241379310462e+02 7.139004071221385727e-36
2.666855393744118063e-01 1.365517241379310462e+02 0.000000000000000000e+00
9.999999999999999547e-08 1.427586206896551744e+02 1.417335357423319389e-39
1.545254383797725850e-07 1.427586206896551744e+02 1.762319730691853420e-39
2.387811110646088987e-07 1.427586206896551744e+02 2.186072402358931344e-39
3.689775586406785640e-07 1.427586206896551744e+02 2.711174479533735690e-39
5.701641900124909537e-07 1.427586206896551744e+02 3.373271235957788184e-39
8.810487141012812234e-07 1.427586206896551744e+02 4.209697980155453778e-39
1.361444387804353894e-06 1.427586206896551744e+02 5.225917964474231918e-39
2.103777908551489167e-06 1.427586206896551744e+02 6.510022896125307945e-39
3.250872035725999525e-06 1.427586206896551744e+02 8.060800962118909826e-39
5.023424264371037676e-06 1.427586206896551744e+02 1.002532909837398237e-38
7.762468366195211052e-06 1.427586206896551744e+02 1.250217588493312887e-38
1.199498827195432052e-05 1.427586206896551744e+02 1.550284669829778544e-38
1.853530821083972151e-05 1.427586206896551744e+02 1.930896227062878937e-38
2.864176626784206136e-05 1.427586206896551744e+02 2.391148701623465071e-38
4.425881488509277571e-05 1.427586206896551744e+02 2.980962284071985992e-38
6.839112772288164464e-05 1.427586206896551744e+02 3.708811725518335439e-38
1.056816899266531411e-04 1.427586206896551744e+02 4.612549470058415704e-38
1.633050946463127421e-04 1.427586206896551744e+02 5.732948583708752911e-38
2.523479133987172724e-04 1.427586206896551744e+02 7.132122408821210579e-38
3.899417194215767132e-04 1.427586206896551744e+02 8.891707277988412636e-38
6.025591513618141571e-04 1.427586206896551744e+02 1.107262224605709702e-37
9.311071701392808391e-04 1.427586206896551744e+02 1.380220458956503797e-37
1.438797436443220012e-03 1.427586206896551744e+02 1.726308994447483818e-37
2.223308046060815547e-03 1.427586206896551744e+02 2.160501670844761398e-37
3.435576504708231019e-03 1.427586206896551744e+02 2.713761087571497474e-37
5.308839654772861891e-03 1.427586206896551744e+02 3.422470861281528071e-37
8.203507749416969960e-03 1.427586206896551744e+02 4.366337047941655920e-37
1.267650631230518923e-02 1.427586206896551744e+02 5.647378967951774263e-37
1.958842695032913736e-02 1.427586206896551744e+02 7.511927992505863819e-37
3.026910261669761223e-02 1.427586206896551744e+02 1.100646103133257245e-36
4.677346351207520292e-02 1.427586206896551744e+02 2.128750781664137353e-36
7.227689953743716977e-02 1.427586206896551744e+02 7.239617080867370370e-36
1.116861958575326164e-01 1.427586206896551744e+02 1.621882211016816686e-35
1.725835837585436572e-01 1.427586206896551744e+02 5.085906904322957962e-36
2.666855393744118063e-01 1.427586206896551744e+02 0.000000000000000000e+00
9.999999999999999547e-08 1.489655172413793025e+02 1.205697673360155468e-39
1.545254383797725850e-07 1.489655172413793025e+02 1.497935179294644876e-39
2.387811110646088987e-07 1.489655172413793025e+02 1.860894490660863649e-39
3.689775586406785640e-07 1.489655172413793025e+02 2.314158559311714791e-39
5.701641900124909537e-07 1.489655172413793025e+02 2.881916060670887494e-39
8.810487141012812234e-07 1.489655172413793025e+02 3.577887703333369506e-39
1.361444387804353894e-06 1.489655172413793025e+02 4.442129235329009693e-39
2.103777908551489167e-06 1.489655172413793025e+02 5.531500544536460647e-39
3.250872035725999525e-06 1.489655172413793025e+02 6.874682808121630652e-39
5.023424264371037676e-06 1.489655172413793025e+02 8.581300341968090585e-39
7.762468366195211052e-06 1.489655172413793025e+02 1.061438786701464841e-38
1.199498827195432052e-05 1.489655172413793025e+02 1.320750851785698086e-38
1.853530821083972151e-05 1.489655172413793025e+02 1.643228546061844141e-38
2.864176626784206136e-05 1.489655172413793025e+02 2.037896752645970576e-38
4.425881488509277571e-05 1.489655172413793025e+02 2.546362652503269112e-38
6.839112772288164464e-05 1.489655172413793025e+02 3.155531258903088645e-38
1.056816899266531411e-04 1.489655172413793025e+02 3.931473603789567968e-38
1.633050946463127421e-04 1.489655172413793025e+02 4.874540109071996666e-38
2.523479133987172724e-04 1.489655172413793025e+02 6.078419759769483997e-38
3.899417194215767132e-04 1.489655172413793025e+02 7.582513646762533948e-38
6.025591513618141571e-04 1.489655172413793025e+02 9.429215918991046847e-38
9.311071701392808391e-04 1.489655172413793025e+02 1.176824648356546505e-37
1.438797436443220012e-03 1.489655172413793025e+02 1.470470450261599339e-37
2.223308046060815547e-03 1.489655172413793025e+02 1.840513272807310815e-37
3.435576504708231019e-03 1.489655172413793025e+02 2.307668093240690899e-37
5.308839654772861891e-03 1.489655172413793025e+02 2.912551905124428771e-37
8.203507749416969960e-03 1.489655172413793025e+02 3.714318362097229617e-37
1.267650631230518923e-02 1.489655172413793025e+02 4.804036705311996341e-37
1.958842695032913736e-02 1.489655172413793025e+02 6.413466933841129246e-37
3.026910261669761223e-02 1.489655172413793025e+02 9.468475743402850091e-37
4.677346351207520292e-02 1.489655172413793025e+02 1.883113699398000621e-36
7.227689953743716977e-02 1.489655172413793025e+02 6.446590927792181877e-36
1.116861958575326164e-01 1.489655172413793025e+02 1.307184418849969349e-35
1.725835837585436572e-01 1.489655172413793025e+02 3.559852258621996762e-36
2.666855393744118063e-01 1.489655172413793025e+02 0.000000000000000000e+00
9.999999999999999547e-08 1.551724137931034591e+02 9.827325485117029022e-40
1.545254383797725850e-07 1.551724137931034591e+02 1.219031238260880311e-39
2.387811110646088987e-07 1.551724137931034591e+02 1.515812843176153092e-39
3.689775586406785640e-07 1.551724137931034591e+02 1.884942148873978188e-39
5.701641900124909537e-07 1.551724137931034591e+02 2.343584412398926374e-39
8.810487141012812234e-07 1.551724137931034591e+02 2.915582312055982728e-39
1.361444387804353894e-06 1.551724137931034591e+02 3.625270606912081175e-39
2.103777908551489167e-06 1.551724137931034591e+02 4.506686910358338150e-39
3.250872035725999525e-06 1.551724137931034591e+02 5.599212527867042443e-39
5.023424264371037676e-06 1.551724137931034591e+02 6.950146632852330172e-39
7.762468366195211052e-06 1.551724137931034591e+02 8.644325454899437359e-39
1.199498827195432052e-05 1.551724137931034591e+02 1.076316613537470417e-38
1.853530821083972151e-05 1.551724137931034591e+02 1.338673123719917030e-38
2.864176626784206136e-05 1.551724137931034591e+02 1.667603688141669467e-38
4.425881488509277571e-05 1.551724137931034591e+02 2.071378272970887101e-38
6.839112772288164464e-05 1.551724137931034591e+02 2.571794935524072207e-38
1.056816899266531411e-04 1.551724137931034591e+02 3.199402281171988280e-38
1.633050946463127421e-04 1.551724137931034591e+02 3.965606300343136847e-38
2.523479133987172724e-04 1.551724137931034591e+02 4.950286444800708080e-38
3.899417194215767132e-04 1.551724137931034591e+02 6.168069640513431067e-38
6.025591513618141571e-04 1.551724137931034591e+02 7.687076003498550955e-38
9.311071701392808391e-04 1.551724137931034591e+02 9.580338428163008746e-38
1.438797436443220012e-03 1.551724137931034591e+02 1.198027777565365088e-37
2.223308046060815547e-03 1.551724137931034591e+02 1.493874796443866543e-37
3.435576504708231019e-03 1.551724137931034591e+02 1.881559366742232208e-37
5.308839654772861891e-03 1.551724137931034591e+02 2.373100262901389535e-37
8.203507749416969960e-03 1.551724137931034591e+02 3.019022345460783441e-37
1.267650631230518923e-02 1.551724137931034591e+02 3.908612366224634063e-37
1.958842695032913736e-02 1.551724137931034591e+02 5.211739260291428034e-37
3.026910261669761223e-02 1.551724137931034591e+02 7.792005966089006882e-37
4.677346351207520292e-02 1.551724137931034591e+02 1.587734168141196387e-36
7.227689953743716977e-02 1.551724137931034591e+02 5.428214985480379311e-36
1.116861958575326164e-01 1.551724137931034591e+02 1.018055398859967682e-35
1.725835837585436572e-01 1.551724137931034591e+02 2.433684595580650624e-36
2.666855393744118063e-01 1.551724137931034591e+02 0.000000000000000000e+00
9.999999999999999547e-08 1.613793103448276156e+02 7.455832430109974590e-40
1.545254383797725850e-07 1.613793103448276156e+02 9.292521666484260387e-40
2.387811110646088987e-07 1.613793103448276156e+02 1.155540526553646337e-39
3.689775586406785640e-07 1.613793103448276156e+02 1.439698092853191574e-39
5.701641900124909537e-07 1.613793103448276156e+02 1.786973990074769896e-39
8.810487141012812234e-07 1.613793103448276156e+02 2.212998728184385162e-39
1.361444387804353894e-06 1.613793103448276156e+02 2.752881886990494762e-39
2.103777908551489167e-06 1.613793103448276156e+02 3.430080289371842279e-39
3.250872035725999525e-06 1.613793103448276156e+02 4.257124923094221182e-39
5.023424264371037676e-06 1.613793103448276156e+02 5.302683504917617857e-39
7.762468366195211052e-06 1.613793103448276156e+02 6.568136027715639677e-39
1.199498827195432052e-05 1.613793103448276156e+02 8.185631901631742783e-39
1.853530821083972151e-05 1.613793103448276156e+02 1.015536204530263700e-38
2.864176626784206136e-05 1.613793103448276156e+02 1.264847679601528946e-38
4.425881488509277571e-05 1.613793103448276156e+02 1.574213837626318036e-38
6.839112772288164464e-05 1.613793103448276156e+02 1.954957114691309324e-38
1.056816899266531411e-04 1.613793103448276156e+02 2.430017903791468503e-38
1.633050946463127421e-04 1.613793103448276156e+02 3.026544698158534195e-38
2.523479133987172724e-04 1.613793103448276156e+02 3.759733010723183883e-38
3.899417194215767132e-04 1.613793103448276156e+02 4.682344981240221064e-38
6.025591513618141571e-04 1.613793103448276156e+02 5.836989601242165141e-38
9.311071701392808391e-04 1.613793103448276156e+02 7.274019292778215941e-38
1.438797436443220012e-03 1.613793103448276156e+02 9.099658565443209468e-38
2.223308046060815547e-03 1.613793103448276156e+02 1.134376876691518946e-37
3.435576504708231019e-03 1.613793103448276156e+02 1.431298110581353622e-37
5.308839654772861891e-03 1.613793103448276156e+02 1.800225799584515109e-37
8.203507749416969960e-03 1.613793103448276156e+02 2.294118203702769280e-37
1.267650631230518923e-02 1.613793103448276156e+02 2.967907164272515569e-37
1.958842695032913736e-02 1.613793103448276156e+02 3.963928273738592278e-37
3.026910261669761223e-02 1.613793103448276156e+02 5.972599409278217199e-37
4.677346351207520292e-02 1.613793103448276156e+02 1.250466934137439365e-36
7.227689953743716977e-02 1.613793103448276156e+02 4.246453960581656649e-36
1.116861958575326164e-01 1.613793103448276156e+02 7.509480915341136311e-36
1.725835837585436572e-01 1.613793103448276156e+02 1.618356853547785557e-36
2.666855393744118063e-01 1.613793103448276156e+02 0.000000000000000000e+00
9.999999999999999547e-08 1.675862068965517437e+02 5.034835665553536060e-40
1.545254383797725850e-07 1.675862068965517437e+02 6.249818705573976983e-40
2.387811110646088987e-07 1.675862068965517437e+02 7.757919954457494570e-40
3.689775586406785640e-07 1.675862068965517437e+02 9.665098002842551062e-40
5.701641900124909537e-07 1.675862068965517437e+02 1.201586750022243896e-39
8.810487141012812234e-07 1.675862068965517437e+02 1.492194153055753890e-39
1.361444387804353894e-06 1.675862068965517437e+02 1.851140911704975147e-39
2.103777908551489167e-06 1.675862068965517437e+02 2.305831237977889268e-39
3.250872035725999525e-06 1.675862068965517437e+02 2.862122737030325916e-39
5.023424264371037676e-06 1.675862068965517437e+02 3.564286756014994869e-39
7.762468366195211052e-06 1.675862068965517437e+02 4.423508629715631774e-39
1.199498827195432052e-05 1.675862068965517437e+02 5.519080973764009960e-39
1.853530821083972151e-05 1.675862068965517437e+02 6.839975264630582629e-39
2.864176626784206136e-05 1.675862068965517437e+02 8.508916656162477230e-39
4.425881488509277571e-05 1.675862068965517437e+02 1.059486388963949572e-38
6.839112772288164464e-05 1.675862068965517437e+02 1.316632185705892534e-38
1.056816899266531411e-04 1.675862068965517437e+02 1.635084097044625460e-38
1.633050946463127421e-04 1.675862068965517437e+02 2.037905177444468264e-38
2.523479133987172724e-04 1.675862068965517437e+02 2.533724269564017123e-38
3.899417194215767132e-04 1.675862068965517437e+02 3.155464041330816300e-38
6.025591513618141571e-04 1.675862068965517437e+02 3.925559523432241862e-38
9.311071701392808391e-04 1.675862068965517437e+02 4.906834105998959460e-38
1.438797436443220012e-03 1.675862068965517437e+02 6.117713196520908834e-38
2.223308046060815547e-03 1.675862068965517437e+02 7.663119337843602171e-38
3.435576504708231019e-03 1.675862068965517437e+02 9.602057961046968524e-38
5.308839654772861891e-03 1.675862068965517437e+02 1.216127366799652221e-37
8.203507749416969960e-03 1.675862068965517437e+02 1.545997525141826989e-37
1.267650631230518923e-02 1.675862068965517437e+02 1.998016633169678666e-37
1.958842695032913736e-02 1.675862068965517437e+02 2.678924508036833880e-37
3.026910261669761223e-02 1.675862068965517437e+02 4.040485547838008443e-37
4.677346351207520292e-02 1.675862068965517437e+02 8.549379558139495254e-37
7.227689953743716977e-02 1.675862068965517437e+02 2.897661162295785028e-36
1.116861958575326164e-01 1.675862068965517437e+02 4.902668344217682879e-36
1.725835837585436572e-01 1.675862068965517437e+02 9.787902684016994633e-37
2.666855393744118063e-01 1.675862068965517437e+02 0.000000000000000000e+00
9.999999999999999547e-08 1.737931034482758719e+02 2.531897896268641226e-40
1.545254383797725850e-07 1.737931034482758719e+02 3.136106891923013351e-40
2.387811110646088987e-07 1.737931034482758719e+02 3.904550227052748690e-40
3.689775586406785640e-07 1.737931034482758719e+02 4.851639919760929809e-40
5.701641900124909537e-07 1.737931034482758719e+02 6.057173549607757527e-40
8.810487141012812234e-07 1.737931034482758719e+02 7.506591573775986971e-40
1.361444387804353894e-06 1.737931034482758719e+02 9.324479898364137651e-40
2.103777908551489167e-06 1.737931034482758719e+02 1.157315850994779142e-39
3.250872035725999525e-06 1.737931034482758719e+02 1.442097913825317223e-39
5.023424264371037676e-06 1.737931034482758719e+02 1.788644244713625318e-39
7.762468366195211052e-06 1.737931034482758719e+02 2.226132420354437208e-39
1.199498827195432052e-05 1.737931034482758719e+02 2.766151680312182233e-39
1.853530821083972151e-05 1.737931034482758719e+02 3.436375341085461742e-39
2.864176626784206136e-05 1.737931034482758719e+02 4.286027244360529599e-39
4.425881488509277571e-05 1.737931034482758719e+02 5.332376609949521618e-39
6.839112772288164464e-05 1.737931034482758719e+02 6.622386612000252358e-39
1.056816899266531411e-04 1.737931034482758719e+02 8.224430803496491090e-39
1.633050946463127421e-04 1.737931034482758719e+02 1.023934644766100004e-38
2.523479133987172724e-04 1.737931034482758719e+02 1.275766897557252309e-38
3.899417194215767132e-04 1.737931034482758719e+02 1.586203194996127902e-38
6.025591513618141571e-04 1.737931034482758719e+02 1.976418949361107343e-38
9.311071701392808391e-04 1.737931034482758719e+02 2.462273046801508344e-38
1.438797436443220012e-03 1.737931034482758719e+02 3.085568575989109990e-38
2.223308046060815547e-03 1.737931034482758719e+02 3.843643927040719706e-38
3.435576504708231019e-03 1.737931034482758719e+02 4.841138427122605639e-38
5.308839654772861891e-03 1.737931034482758719e+02 6.099267245267883291e-38
8.203507749416969960e-03 1.737931034482758719e+02 7.767960106626312982e-38
1.267650631230518923e-02 1.737931034482758719e+02 1.004843374388581514e-37
1.958842695032913736e-02 1.737931034482758719e+02 1.348997845750302748e-37
3.026910261669761223e-02 1.737931034482758719e+02 2.047597705468337455e-37
4.677346351207520292e-02 1.737931034482758719e+02 4.351491407565882608e-37
7.227689953743716977e-02 1.737931034482758719e+02 1.466389213175407781e-36
1.116861958575326164e-01 1.737931034482758719e+02 2.425158359651771330e-36
1.725835837585436572e-01 1.737931034482758719e+02 4.630705742438467267e-37
2.666855393744118063e-01 1.737931034482758719e+02 0.000000000000000000e+00
9.999999999999999547e-08 1.800000000000000000e+02 2.871700703032116680e-55
1.545254383797725850e-07 1.800000000000000000e+02 0.000000000000000000e+00
2.387811110646088987e-07 1.800000000000000000e+02 4.422301556420954931e-55
3.689775586406785640e-07 1.800000000000000000e+02 0.000000000000000000e+00
5.701641900124909537e-07 1.800000000000000000e+02 6.828057583327100288e-55
8.810487141012812234e-07 1.800000000000000000e+02 8.512918242929105629e-55
1.361444387804353894e-06 1.800000000000000000e+02 1.055051406489723168e-54
2.103777908551489167e-06 1.800000000000000000e+02 1.313296209873885964e-54
3.250872035725999525e-06 1.800000000000000000e+02 0.000000000000000000e+00
5.023424264371037676e-06 1.800000000000000000e+02 0.000000000000000000e+00
7.762468366195211052e-06 1.800000000000000000e+02 2.530787949775579987e-54
1.199498827195432052e-05 1.800000000000000000e+02 0.000000000000000000e+00
1.853530821083972151e-05 1.800000000000000000e+02 0.000000000000000000e+00
2.864176626784206136e-05 1.800000000000000000e+02 4.851316421478453001e-54
4.425881488509277571e-05 1.800000000000000000e+02 6.042026029456254523e-54
6.839112772288164464e-05 1.800000000000000000e+02 7.513615133595993208e-54
1.056816899266531411e-04 1.800000000000000000e+02 9.337924965022965605e-54
1.633050946463127421e-04 1.800000000000000000e+02 0.000000000000000000e+00
2.523479133987172724e-04 1.800000000000000000e+02 1.446078760090108721e-53
3.899417194215767132e-04 1.800000000000000000e+02 1.800571694480730721e-53
6.025591513618141571e-04 1.800000000000000000e+02 0.000000000000000000e+00
9.311071701392808391e-04 1.800000000000000000e+02 0.000000000000000000e+00
1.438797436443220012e-03 1.800000000000000000e+02 0.000000000000000000e+00
2.223308046060815547e-03 1.800000000000000000e+02 4.363311728279557342e-53
3.435576504708231019e-03 1.800000000000000000e+02 5.478855277488912488e-53
5.308839654772861891e-03 1.800000000000000000e+02 0.000000000000000000e+00
8.203507749416969960e-03 1.800000000000000000e+02 0.000000000000000000e+00
1.267650631230518923e-02 1.800000000000000000e+02 1.136898247383320311e-52
1.958842695032913736e-02 1.800000000000000000e+02 1.529885321175888637e-52
3.026910261669761223e-02 1.800000000000000000e+02 2.319237335705969428e-52
4.677346351207520292e-02 1.800000000000000000e+02 4.925278581062372435e-52
7.227689953743716977e-02 1.800000000000000000e+02 1.671267511340152482e-51
1.116861958575326164e-01 1.800000000000000000e+02 0.000000000000000000e+00
1.725835837585436572e-01 1.800000000000000000e+02 5.197000093517774946e-52
2.666855393744118063e-01 1.800000000000000000e+02 0.000000000000000000e+00
