# atom 16: Tchi 0.7880462815669912 [GeV]; m_chi = 0.0001 [GeV]; mS = 0.3 [GeV]; gchi =0.01; gN = 0.01
# Tchi^prime [GeV], theta [degree] ,dsigma/dTchip dtheta [cm^2/GeV]
9.999999999999999547e-08 0.000000000000000000e+00 0.000000000000000000e+00
1.592885535214725096e-07 0.000000000000000000e+00 0.000000000000000000e+00
2.537284328296300856e-07 0.000000000000000000e+00 0.000000000000000000e+00
4.041603505270179570e-07 0.000000000000000000e+00 0.000000000000000000e+00
6.437811762617998739e-07 0.000000000000000000e+00 0.000000000000000000e+00
1.025469723510942276e-06 0.000000000000000000e+00 0.000000000000000000e+00
1.633455889381223358e-06 0.000000000000000000e+00 0.000000000000000000e+00
2.601908258606654861e-06 0.000000000000000000e+00 0.000000000000000000e+00
4.144542029090266371e-06 0.000000000000000000e+00 0.000000000000000000e+00
6.601781048227371505e-06 0.000000000000000000e+00 0.000000000000000000e+00
1.051588153837608446e-05 0.000000000000000000e+00 0.000000000000000000e+00
1.675059559251080012e-05 0.000000000000000000e+00 0.000000000000000000e+00
2.668178142554203833e-05 0.000000000000000000e+00 0.000000000000000000e+00
4.250102368650674752e-05 0.000000000000000000e+00 0.000000000000000000e+00
6.769926586205501733e-05 0.000000000000000000e+00 0.000000000000000000e+00
1.078371813363233488e-04 0.000000000000000000e+00 0.000000000000000000e+00
1.717722863089567891e-04 0.000000000000000000e+00 0.000000000000000000e+00
2.736135902122996313e-04 0.000000000000000000e+00 0.000000000000000000e+00
4.358351300873408870e-04 0.000000000000000000e+00 0.000000000000000000e+00
6.942354744545533056e-04 0.000000000000000000e+00 0.000000000000000000e+00
1.105837645291589616e-03 0.000000000000000000e+00 0.000000000000000000e+00
1.761472789480881531e-03 0.000000000000000000e+00 0.000000000000000000e+00
2.805824527038428690e-03 0.000000000000000000e+00 0.000000000000000000e+00
4.469357303470210090e-03 0.000000000000000000e+00 0.000000000000000000e+00
7.119174600403985892e-03 0.000000000000000000e+00 0.000000000000000000e+00
1.134003024365157902e-02 0.000000000000000000e+00 0.000000000000000000e+00
1.806337014401007690e-02 0.000000000000000000e+00 0.000000000000000000e+00
2.877288101962317823e-02 0.000000000000000000e+00 0.000000000000000000e+00
4.583190598261207421e-02 0.000000000000000000e+00 0.000000000000000000e+00
7.300498009102399100e-02 0.000000000000000000e+00 0.000000000000000000e+00
1.162885767856308566e-01 0.000000000000000000e+00 0.000000000000000000e+00
1.852343918725382621e-01 0.000000000000000000e+00 0.000000000000000000e+00
2.950571834380621983e-01 0.000000000000000000e+00 0.000000000000000000e+00
4.699923195596870107e-01 0.000000000000000000e+00 0.000000000000000000e+00
7.486439674886415929e-01 0.000000000000000000e+00 0.000000000000000000e+00
9.999999999999999547e-08 6.206896551724137900e+00 9.395381469376447885e-46
1.592885535214725096e-07 6.206896551724137900e+00 1.174333229265696328e-45
2.537284328296300856e-07 6.206896551724137900e+00 1.462316910353957082e-45
4.041603505270179570e-07 6.206896551724137900e+00 1.813058366306256929e-45
6.437811762617998739e-07 6.206896551724137900e+00 2.231202765989140824e-45
1.025469723510942276e-06 6.206896551724137900e+00 2.741997979221194658e-45
1.633455889381223358e-06 6.206896551724137900e+00 3.326275010508466199e-45
2.601908258606654861e-06 6.206896551724137900e+00 4.038088557471955236e-45
4.144542029090266371e-06 6.206896551724137900e+00 4.817870141269034193e-45
6.601781048227371505e-06 6.206896551724137900e+00 5.689511381403218480e-45
1.051588153837608446e-05 6.206896551724137900e+00 6.594311081061235710e-45
1.675059559251080012e-05 6.206896551724137900e+00 7.556018234468258538e-45
2.668178142554203833e-05 6.206896551724137900e+00 8.467715771958524842e-45
4.250102368650674752e-05 6.206896551724137900e+00 9.310528964783408624e-45
6.769926586205501733e-05 6.206896551724137900e+00 1.008130339174412903e-44
1.078371813363233488e-04 6.206896551724137900e+00 1.071213825078020392e-44
1.717722863089567891e-04 6.206896551724137900e+00 1.148742867264453394e-44
2.736135902122996313e-04 6.206896551724137900e+00 1.252802745015466366e-44
4.358351300873408870e-04 6.206896551724137900e+00 1.451907727090710423e-44
6.942354744545533056e-04 6.206896551724137900e+00 1.909075650816148560e-44
1.105837645291589616e-03 6.206896551724137900e+00 2.983557404973667576e-44
1.761472789480881531e-03 6.206896551724137900e+00 5.625068555513626974e-44
2.805824527038428690e-03 6.206896551724137900e+00 1.218485890875142865e-43
4.469357303470210090e-03 6.206896551724137900e+00 2.863372425439223260e-43
7.119174600403985892e-03 6.206896551724137900e+00 7.083392789698702130e-43
1.134003024365157902e-02 6.206896551724137900e+00 1.795289662431305173e-42
1.806337014401007690e-02 6.206896551724137900e+00 4.661892991755188058e-42
2.877288101962317823e-02 6.206896551724137900e+00 1.234687899489702749e-41
4.583190598261207421e-02 6.206896551724137900e+00 3.394382812813813326e-41
7.300498009102399100e-02 6.206896551724137900e+00 9.814322238805339098e-41
1.162885767856308566e-01 6.206896551724137900e+00 3.076771281771641340e-40
1.852343918725382621e-01 6.206896551724137900e+00 1.130170432639286190e-39
2.950571834380621983e-01 6.206896551724137900e+00 5.398795743252450129e-39
4.699923195596870107e-01 6.206896551724137900e+00 0.000000000000000000e+00
7.486439674886415929e-01 6.206896551724137900e+00 0.000000000000000000e+00
9.999999999999999547e-08 1.241379310344827580e+01 1.872454577629479829e-45
1.592885535214725096e-07 1.241379310344827580e+01 2.339347605720562067e-45
2.537284328296300856e-07 1.241379310344827580e+01 2.907665171791476981e-45
4.041603505270179570e-07 1.241379310344827580e+01 3.605557596896196606e-45
6.437811762617998739e-07 1.241379310344827580e+01 4.453101321328438884e-45
1.025469723510942276e-06 1.241379310344827580e+01 5.479524347739747382e-45
1.633455889381223358e-06 1.241379310344827580e+01 6.658787595849170627e-45
2.601908258606654861e-06 1.241379310344827580e+01 8.048729992653554477e-45
4.144542029090266371e-06 1.241379310344827580e+01 9.639683496516222697e-45
6.601781048227371505e-06 1.241379310344827580e+01 1.141118581726045055e-44
1.051588153837608446e-05 1.241379310344827580e+01 1.330914973300955444e-44
1.675059559251080012e-05 1.241379310344827580e+01 1.527693686116748003e-44
2.668178142554203833e-05 1.241379310344827580e+01 1.728112699396308036e-44
4.250102368650674752e-05 1.241379310344827580e+01 1.928089798623475674e-44
6.769926586205501733e-05 1.241379310344827580e+01 2.135007750079787989e-44
1.078371813363233488e-04 1.241379310344827580e+01 2.390824844932954500e-44
1.717722863089567891e-04 1.241379310344827580e+01 2.773582977723084500e-44
2.736135902122996313e-04 1.241379310344827580e+01 3.489695235611934065e-44
4.358351300873408870e-04 1.241379310344827580e+01 5.024343543772539796e-44
6.942354744545533056e-04 1.241379310344827580e+01 8.594921349821367320e-44
1.105837645291589616e-03 1.241379310344827580e+01 1.708339152634092302e-43
1.761472789480881531e-03 1.241379310344827580e+01 3.792933447012410991e-43
2.805824527038428690e-03 1.241379310344827580e+01 8.976791486775335403e-43
4.469357303470210090e-03 1.241379310344827580e+01 2.202910001639229299e-42
7.119174600403985892e-03 1.241379310344827580e+01 5.520479651094460509e-42
1.134003024365157902e-02 1.241379310344827580e+01 1.407583576134956383e-41
1.806337014401007690e-02 1.241379310344827580e+01 3.652721852098111124e-41
2.877288101962317823e-02 1.241379310344827580e+01 9.618560060384273866e-41
4.583190598261207421e-02 1.241379310344827580e+01 2.611558505762523271e-40
7.300498009102399100e-02 1.241379310344827580e+01 7.438209046984179256e-40
1.162885767856308566e-01 1.241379310344827580e+01 2.297649425986871689e-39
1.852343918725382621e-01 1.241379310344827580e+01 8.073379866339659510e-39
2.950571834380621983e-01 1.241379310344827580e+01 3.631926902067987592e-38
4.699923195596870107e-01 1.241379310344827580e+01 0.000000000000000000e+00
7.486439674886415929e-01 1.241379310344827580e+01 0.000000000000000000e+00
9.999999999999999547e-08 1.862068965517241281e+01 2.788081834163334686e-45
1.592885535214725096e-07 1.862068965517241281e+01 3.477257465453013527e-45
2.537284328296300856e-07 1.862068965517241281e+01 4.335250046325053834e-45
4.041603505270179570e-07 1.862068965517241281e+01 5.379738850632473390e-45
6.437811762617998739e-07 1.862068965517241281e+01 6.639784944495534184e-45
1.025469723510942276e-06 1.862068965517241281e+01 8.155249621259533546e-45
1.633455889381223358e-06 1.862068965517241281e+01 9.936525387433787430e-45
2.601908258606654861e-06 1.862068965517241281e+01 1.206195603187144077e-44
4.144542029090266371e-06 1.862068965517241281e+01 1.445827022461784258e-44
6.601781048227371505e-06 1.862068965517241281e+01 1.721729128948010206e-44
1.051588153837608446e-05 1.862068965517241281e+01 2.020190510407363971e-44
1.675059559251080012e-05 1.862068965517241281e+01 2.339755138968801570e-44
2.668178142554203833e-05 1.862068965517241281e+01 2.676831741865771279e-44
4.250102368650674752e-05 1.862068965517241281e+01 3.061050881031210677e-44
6.769926586205501733e-05 1.862068965517241281e+01 3.520009138214468624e-44
1.078371813363233488e-04 1.862068965517241281e+01 4.178715167383959084e-44
1.717722863089567891e-04 1.862068965517241281e+01 5.296780093525885721e-44
2.736135902122996313e-04 1.862068965517241281e+01 7.626520673540769634e-44
4.358351300873408870e-04 1.862068965517241281e+01 1.270226559389660199e-43
6.942354744545533056e-04 1.862068965517241281e+01 2.447170001181216148e-43
1.105837645291589616e-03 1.862068965517241281e+01 5.274606597328266991e-43
1.761472789480881531e-03 1.862068965517241281e+01 1.219046878054682353e-42
2.805824527038428690e-03 1.862068965517241281e+01 2.931950493422188759e-42
4.469357303470210090e-03 1.862068965517241281e+01 7.246868510346330296e-42
7.119174600403985892e-03 1.862068965517241281e+01 1.821702877294624976e-41
1.134003024365157902e-02 1.862068965517241281e+01 4.625667463695227838e-41
1.806337014401007690e-02 1.862068965517241281e+01 1.191769388858062053e-40
2.877288101962317823e-02 1.862068965517241281e+01 3.113164992361020668e-40
4.583190598261207421e-02 1.862068965517241281e+01 8.328431265316750390e-40
7.300498009102399100e-02 1.862068965517241281e+01 2.316193002335999807e-39
1.162885767856308566e-01 1.862068965517241281e+01 6.871296496359753792e-39
1.852343918725382621e-01 1.862068965517241281e+01 2.292452005661778663e-38
2.950571834380621983e-01 1.862068965517241281e+01 9.490687525515056451e-38
4.699923195596870107e-01 1.862068965517241281e+01 5.749576006254267517e-37
7.486439674886415929e-01 1.862068965517241281e+01 0.000000000000000000e+00
9.999999999999999547e-08 2.482758620689655160e+01 3.666095996605440868e-45
1.592885535214725096e-07 2.482758620689655160e+01 4.580661956169425346e-45
2.537284328296300856e-07 2.482758620689655160e+01 5.696159104742427882e-45
4.041603505270179570e-07 2.482758620689655160e+01 7.089940495073805321e-45
6.437811762617998739e-07 2.482758620689655160e+01 8.782470645082525352e-45
1.025469723510942276e-06 2.482758620689655160e+01 1.078191412330647459e-44
1.633455889381223358e-06 2.482758620689655160e+01 1.321059090780644523e-44
2.601908258606654861e-06 2.482758620689655160e+01 1.599932888987742791e-44
4.144542029090266371e-06 2.482758620689655160e+01 1.936336356137657609e-44
6.601781048227371505e-06 2.482758620689655160e+01 2.306514613952983457e-44
1.051588153837608446e-05 2.482758620689655160e+01 2.728785935820171408e-44
1.675059559251080012e-05 2.482758620689655160e+01 3.192118509777013125e-44
2.668178142554203833e-05 2.482758620689655160e+01 3.732066069781784804e-44
4.250102368650674752e-05 2.482758620689655160e+01 4.380183525105020329e-44
6.769926586205501733e-05 2.482758620689655160e+01 5.235056886272703601e-44
1.078371813363233488e-04 2.482758620689655160e+01 6.630746057637602643e-44
1.717722863089567891e-04 2.482758620689655160e+01 9.183784511942499955e-44
2.736135902122996313e-04 2.482758620689655160e+01 1.451107204626283591e-43
4.358351300873408870e-04 2.482758620689655160e+01 2.614644479223252509e-43
6.942354744545533056e-04 2.482758620689655160e+01 5.345114822139605949e-43
1.105837645291589616e-03 2.482758620689655160e+01 1.187445783441845324e-42
1.761472789480881531e-03 2.482758620689655160e+01 2.789072022134541922e-42
2.805824527038428690e-03 2.482758620689655160e+01 6.764966934320338751e-42
4.469357303470210090e-03 2.482758620689655160e+01 1.666524009698091921e-41
7.119174600403985892e-03 2.482758620689655160e+01 4.177845048610243257e-41
1.134003024365157902e-02 2.482758620689655160e+01 1.057691908939114546e-40
1.806337014401007690e-02 2.482758620689655160e+01 2.701984669979748165e-40
2.877288101962317823e-02 2.482758620689655160e+01 6.954383805033213373e-40
4.583190598261207421e-02 2.482758620689655160e+01 1.827122415327781677e-39
7.300498009102399100e-02 2.482758620689655160e+01 4.910432697299203258e-39
1.162885767856308566e-01 2.482758620689655160e+01 1.392297827397192702e-38
1.852343918725382621e-01 2.482758620689655160e+01 4.340966236885504085e-38
2.950571834380621983e-01 2.482758620689655160e+01 1.651100987149703686e-37
4.699923195596870107e-01 2.482758620689655160e+01 9.056492581779045685e-37
7.486439674886415929e-01 2.482758620689655160e+01 0.000000000000000000e+00
9.999999999999999547e-08 3.103448275862069039e+01 4.529204425572107557e-45
1.592885535214725096e-07 3.103448275862069039e+01 5.650169065613492412e-45
2.537284328296300856e-07 3.103448275862069039e+01 7.038166615430780908e-45
4.041603505270179570e-07 3.103448275862069039e+01 8.765757287684278701e-45
6.437811762617998739e-07 3.103448275862069039e+01 1.085529131183340452e-44
1.025469723510942276e-06 3.103448275862069039e+01 1.336682079328630507e-44
1.633455889381223358e-06 3.103448275862069039e+01 1.643267899242256781e-44
2.601908258606654861e-06 3.103448275862069039e+01 2.000165600661816032e-44
4.144542029090266371e-06 3.103448275862069039e+01 2.422001201724927512e-44
6.601781048227371505e-06 3.103448275862069039e+01 2.906242279109622917e-44
1.051588153837608446e-05 3.103448275862069039e+01 3.467019268148665802e-44
1.675059559251080012e-05 3.103448275862069039e+01 4.123276574648120948e-44
2.668178142554203833e-05 3.103448275862069039e+01 4.906493489755765779e-44
4.250102368650674752e-05 3.103448275862069039e+01 5.925255705683392727e-44
6.769926586205501733e-05 3.103448275862069039e+01 7.391106239082939627e-44
1.078371813363233488e-04 3.103448275862069039e+01 9.892644956450087230e-44
1.717722863089567891e-04 3.103448275862069039e+01 1.467446354020921484e-43
2.736135902122996313e-04 3.103448275862069039e+01 2.471173654927955725e-43
4.358351300873408870e-04 3.103448275862069039e+01 4.691571511909280780e-43
6.942354744545533056e-04 3.103448275862069039e+01 9.867664504988761976e-43
1.105837645291589616e-03 3.103448275862069039e+01 2.232436915894317521e-42
1.761472789480881531e-03 3.103448275862069039e+01 5.253535692832715066e-42
2.805824527038428690e-03 3.103448275862069039e+01 1.275455630498713184e-41
4.469357303470210090e-03 3.103448275862069039e+01 3.147552614460554183e-41
7.119174600403985892e-03 3.103448275862069039e+01 7.877130687474868191e-41
1.134003024365157902e-02 3.103448275862069039e+01 1.971083329001320638e-40
1.806337014401007690e-02 3.103448275862069039e+01 4.989832194966587731e-40
2.877288101962317823e-02 3.103448275862069039e+01 1.264945244979605948e-39
4.583190598261207421e-02 3.103448275862069039e+01 3.236941705951472617e-39
7.300498009102399100e-02 3.103448275862069039e+01 8.409778364733315056e-39
1.162885767856308566e-01 3.103448275862069039e+01 2.261231042113494721e-38
1.852343918725382621e-01 3.103448275862069039e+01 6.593185128458145109e-38
2.950571834380621983e-01 3.103448275862069039e+01 2.298479282625817964e-37
4.699923195596870107e-01 3.103448275862069039e+01 1.168818131077513600e-36
7.486439674886415929e-01 3.103448275862069039e+01 6.497102442200784234e-37
9.999999999999999547e-08 3.724137931034482563e+01 5.309134872651992360e-45
1.592885535214725096e-07 3.724137931034482563e+01 6.645314346019436333e-45
2.537284328296300856e-07 3.724137931034482563e+01 8.312489653590755372e-45
4.041603505270179570e-07 3.724137931034482563e+01 1.034996919340314195e-44
6.437811762617998739e-07 3.724137931034482563e+01 1.280373019284481785e-44
1.025469723510942276e-06 3.724137931034482563e+01 1.584570453282790573e-44
1.633455889381223358e-06 3.724137931034482563e+01 1.951981779303109773e-44
2.601908258606654861e-06 3.724137931034482563e+01 2.376811522226019144e-44
4.144542029090266371e-06 3.724137931034482563e+01 2.898147216495459643e-44
6.601781048227371505e-06 3.724137931034482563e+01 3.514572079141528377e-44
1.051588153837608446e-05 3.724137931034482563e+01 4.229066006983213492e-44
1.675059559251080012e-05 3.724137931034482563e+01 5.117407115171067617e-44
2.668178142554203833e-05 3.724137931034482563e+01 6.216322655449810287e-44
4.250102368650674752e-05 3.724137931034482563e+01 7.730549200836877400e-44
6.769926586205501733e-05 3.724137931034482563e+01 1.005894529881315112e-43
1.078371813363233488e-04 3.724137931034482563e+01 1.410826867782484513e-43
1.717722863089567891e-04 3.724137931034482563e+01 2.198652603344883231e-43
2.736135902122996313e-04 3.724137931034482563e+01 3.874156057030467800e-43
4.358351300873408870e-04 3.724137931034482563e+01 7.569183207602516650e-43
6.942354744545533056e-04 3.724137931034482563e+01 1.621074605564137098e-42
1.105837645291589616e-03 3.724137931034482563e+01 3.687550938454892987e-42
1.761472789480881531e-03 3.724137931034482563e+01 8.705433729951875670e-42
2.805824527038428690e-03 3.724137931034482563e+01 2.119949463271875220e-41
4.469357303470210090e-03 3.724137931034482563e+01 5.221798941263244827e-41
7.119174600403985892e-03 3.724137931034482563e+01 1.295184223864258790e-40
1.134003024365157902e-02 3.724137931034482563e+01 3.228827913283053590e-40
1.806337014401007690e-02 3.724137931034482563e+01 8.053907004418126501e-40
2.877288101962317823e-02 3.724137931034482563e+01 2.002337468405465177e-39
4.583190598261207421e-02 3.724137931034482563e+01 4.981986702017544026e-39
7.300498009102399100e-02 3.724137931034482563e+01 1.245631357410408702e-38
1.162885767856308566e-01 3.724137931034482563e+01 3.184021284155938911e-38
1.852343918725382621e-01 3.724137931034482563e+01 8.702071925995656519e-38
2.950571834380621983e-01 3.724137931034482563e+01 2.813692546655597166e-37
4.699923195596870107e-01 3.724137931034482563e+01 1.385708945333515617e-36
7.486439674886415929e-01 3.724137931034482563e+01 1.159333254338035312e-41
9.999999999999999547e-08 4.344827586206896797e+01 6.078010314091345537e-45
1.592885535214725096e-07 4.344827586206896797e+01 7.582530511978230527e-45
2.537284328296300856e-07 4.344827586206896797e+01 9.486102121130265429e-45
4.041603505270179570e-07 4.344827586206896797e+01 1.183525160304006900e-44
6.437811762617998739e-07 4.344827586206896797e+01 1.468398647352897838e-44
1.025469723510942276e-06 4.344827586206896797e+01 1.821972714112454223e-44
1.633455889381223358e-06 4.344827586206896797e+01 2.246589722492089750e-44
2.601908258606654861e-06 4.344827586206896797e+01 2.763840735145244297e-44
4.144542029090266371e-06 4.344827586206896797e+01 3.386686054548395299e-44
6.601781048227371505e-06 4.344827586206896797e+01 4.116320461895526962e-44
1.051588153837608446e-05 4.344827586206896797e+01 5.022712151863994575e-44
1.675059559251080012e-05 4.344827586206896797e+01 6.166830166757565767e-44
2.668178142554203833e-05 4.344827586206896797e+01 7.628429501584406661e-44
4.250102368650674752e-05 4.344827586206896797e+01 9.781773958519761616e-44
6.769926586205501733e-05 4.344827586206896797e+01 1.320926790123649401e-43
1.078371813363233488e-04 4.344827586206896797e+01 1.929080031180793720e-43
1.717722863089567891e-04 4.344827586206896797e+01 3.126267961593680036e-43
2.736135902122996313e-04 4.344827586206896797e+01 5.664262964999386531e-43
4.358351300873408870e-04 4.344827586206896797e+01 1.130994371674146402e-42
6.942354744545533056e-04 4.344827586206896797e+01 2.447706216540794856e-42
1.105837645291589616e-03 4.344827586206896797e+01 5.595244110184328362e-42
1.761472789480881531e-03 4.344827586206896797e+01 1.323251180892193493e-41
2.805824527038428690e-03 4.344827586206896797e+01 3.210910711921126477e-41
4.469357303470210090e-03 4.344827586206896797e+01 7.865963151569665512e-41
7.119174600403985892e-03 4.344827586206896797e+01 1.946522613921622494e-40
1.134003024365157902e-02 4.344827586206896797e+01 4.801943954497344887e-40
1.806337014401007690e-02 4.344827586206896797e+01 1.181626161011479565e-39
2.877288101962317823e-02 4.344827586206896797e+01 2.887713976088036538e-39
4.583190598261207421e-02 4.344827586206896797e+01 6.967305379959236879e-39
7.300498009102399100e-02 4.344827586206896797e+01 1.673767684566623150e-38
1.162885767856308566e-01 4.344827586206896797e+01 4.057474112129746213e-38
1.852343918725382621e-01 4.344827586206896797e+01 1.042534516656803071e-37
2.950571834380621983e-01 4.344827586206896797e+01 3.158475755329885106e-37
4.699923195596870107e-01 4.344827586206896797e+01 1.854564236335638716e-36
7.486439674886415929e-01 4.344827586206896797e+01 0.000000000000000000e+00
9.999999999999999547e-08 4.965517241379310320e+01 6.753613769354151720e-45
1.592885535214725096e-07 4.965517241379310320e+01 8.426897874861565850e-45
2.537284328296300856e-07 4.965517241379310320e+01 1.058409330440570287e-44
4.041603505270179570e-07 4.965517241379310320e+01 1.320082401128570141e-44
6.437811762617998739e-07 4.965517241379310320e+01 1.643401941518007199e-44
1.025469723510942276e-06 4.965517241379310320e+01 2.042713844599019885e-44
1.633455889381223358e-06 4.965517241379310320e+01 2.532356480974688964e-44
2.601908258606654861e-06 4.965517241379310320e+01 3.120627892848455159e-44
4.144542029090266371e-06 4.965517241379310320e+01 3.855718324724098727e-44
6.601781048227371505e-06 4.965517241379310320e+01 4.736749572307089596e-44
1.051588153837608446e-05 4.965517241379310320e+01 5.851037252124329350e-44
1.675059559251080012e-05 4.965517241379310320e+01 7.277607247324395846e-44
2.668178142554203833e-05 4.965517241379310320e+01 9.208744894947013789e-44
4.250102368650674752e-05 4.965517241379310320e+01 1.207074058496979885e-43
6.769926586205501733e-05 4.965517241379310320e+01 1.683598648597657274e-43
1.078371813363233488e-04 4.965517241379310320e+01 2.541845215424427855e-43
1.717722863089567891e-04 4.965517241379310320e+01 4.240355969956024763e-43
2.736135902122996313e-04 4.965517241379310320e+01 7.850434764373054707e-43
4.358351300873408870e-04 4.965517241379310320e+01 1.589430097098767502e-42
6.942354744545533056e-04 4.965517241379310320e+01 3.460270985384622856e-42
1.105837645291589616e-03 4.965517241379310320e+01 7.924482889793578103e-42
1.761472789480881531e-03 4.965517241379310320e+01 1.877922445836193654e-41
2.805824527038428690e-03 4.965517241379310320e+01 4.535726492608592047e-41
4.469357303470210090e-03 4.965517241379310320e+01 1.111863467375344164e-40
7.119174600403985892e-03 4.965517241379310320e+01 2.721101620200337369e-40
1.134003024365157902e-02 4.965517241379310320e+01 6.664861944373639286e-40
1.806337014401007690e-02 4.965517241379310320e+01 1.616162741005101189e-39
2.877288101962317823e-02 4.965517241379310320e+01 3.857658444904872306e-39
4.583190598261207421e-02 4.965517241379310320e+01 9.024156881326783568e-39
7.300498009102399100e-02 4.965517241379310320e+01 2.083666444302838520e-38
1.162885767856308566e-01 4.965517241379310320e+01 4.811402600785642544e-38
1.852343918725382621e-01 4.965517241379310320e+01 1.175068921961602650e-37
2.950571834380621983e-01 4.965517241379310320e+01 3.368893709336279355e-37
4.699923195596870107e-01 4.965517241379310320e+01 3.016943248789013375e-36
7.486439674886415929e-01 4.965517241379310320e+01 0.000000000000000000e+00
9.999999999999999547e-08 5.586206896551724554e+01 7.358096321370722745e-45
1.592885535214725096e-07 5.586206896551724554e+01 9.206907493308866170e-45
2.537284328296300856e-07 5.586206896551724554e+01 1.156550340310115347e-44
4.041603505270179570e-07 5.586206896551724554e+01 1.444464076138964229e-44
6.437811762617998739e-07 5.586206896551724554e+01 1.805566666964747392e-44
1.025469723510942276e-06 5.586206896551724554e+01 2.252635277063969100e-44
1.633455889381223358e-06 5.586206896551724554e+01 2.800741144030860769e-44
2.601908258606654861e-06 5.586206896551724554e+01 3.473766092145092037e-44
4.144542029090266371e-06 5.586206896551724554e+01 4.291926383898964062e-44
6.601781048227371505e-06 5.586206896551724554e+01 5.346319915354842848e-44
1.051588153837608446e-05 5.586206896551724554e+01 6.675716325698771738e-44
1.675059559251080012e-05 5.586206896551724554e+01 8.418006041589171247e-44
2.668178142554203833e-05 5.586206896551724554e+01 1.088594776000591432e-43
4.250102368650674752e-05 5.586206896551724554e+01 1.463058007510425289e-43
6.769926586205501733e-05 5.586206896551724554e+01 2.094307020405476073e-43
1.078371813363233488e-04 5.586206896551724554e+01 3.240296935748762722e-43
1.717722863089567891e-04 5.586206896551724554e+01 5.530854262233615057e-43
2.736135902122996313e-04 5.586206896551724554e+01 1.040401745105007711e-42
4.358351300873408870e-04 5.586206896551724554e+01 2.128635291388271833e-42
6.942354744545533056e-04 5.586206896551724554e+01 4.648279366880037955e-42
1.105837645291589616e-03 5.586206896551724554e+01 1.067818746279995258e-41
1.761472789480881531e-03 5.586206896551724554e+01 2.519572868432303023e-41
2.805824527038428690e-03 5.586206896551724554e+01 6.088507578449317460e-41
4.469357303470210090e-03 5.586206896551724554e+01 1.478192432264031837e-40
7.119174600403985892e-03 5.586206896551724554e+01 3.607085822494197243e-40
1.134003024365157902e-02 5.586206896551724554e+01 8.734242837551908269e-40
1.806337014401007690e-02 5.586206896551724554e+01 2.079697864463519607e-39
2.877288101962317823e-02 5.586206896551724554e+01 4.861998283524759137e-39
4.583190598261207421e-02 5.586206896551724554e+01 1.105639072773587482e-38
7.300498009102399100e-02 5.586206896551724554e+01 2.460648232647995381e-38
1.162885767856308566e-01 5.586206896551724554e+01 5.436504606323047200e-38
1.852343918725382621e-01 5.586206896551724554e+01 1.260498721206430266e-37
2.950571834380621983e-01 5.586206896551724554e+01 3.474015351751558803e-37
4.699923195596870107e-01 5.586206896551724554e+01 5.220706108392197900e-36
7.486439674886415929e-01 5.586206896551724554e+01 0.000000000000000000e+00
9.999999999999999547e-08 6.206896551724138078e+01 7.893491783943126551e-45
1.592885535214725096e-07 6.206896551724138078e+01 9.879198300690127733e-45
2.537284328296300856e-07 6.206896551724138078e+01 1.240207801285649218e-44
4.041603505270179570e-07 6.206896551724138078e+01 1.553117093277051928e-44
6.437811762617998739e-07 6.206896551724138078e+01 1.945217287677444544e-44
1.025469723510942276e-06 6.206896551724138078e+01 2.438344446787926380e-44
1.633455889381223358e-06 6.206896551724138078e+01 3.035778888334232996e-44
2.601908258606654861e-06 6.206896551724138078e+01 3.788996697515010542e-44
4.144542029090266371e-06 6.206896551724138078e+01 4.733520331099674099e-44
6.601781048227371505e-06 6.206896551724138078e+01 5.943762976304506230e-44
1.051588153837608446e-05 6.206896551724138078e+01 7.489837708950255501e-44
1.675059559251080012e-05 6.206896551724138078e+01 9.591477223685137590e-44
2.668178142554203833e-05 6.206896551724138078e+01 1.261499428778165635e-43
4.250102368650674752e-05 6.206896551724138078e+01 1.734590983261833661e-43
6.769926586205501733e-05 6.206896551724138078e+01 2.531022396604804642e-43
1.078371813363233488e-04 6.206896551724138078e+01 4.011260330368807985e-43
1.717722863089567891e-04 6.206896551724138078e+01 6.945307514345826225e-43
2.736135902122996313e-04 6.206896551724138078e+01 1.324462845890743508e-42
4.358351300873408870e-04 6.206896551724138078e+01 2.728141322966497408e-42
6.942354744545533056e-04 6.206896551724138078e+01 5.986570379605683481e-42
1.105837645291589616e-03 6.206896551724138078e+01 1.370581320550971788e-41
1.761472789480881531e-03 6.206896551724138078e+01 3.244333091996819835e-41
2.805824527038428690e-03 6.206896551724138078e+01 7.799231478136004182e-41
4.469357303470210090e-03 6.206896551724138078e+01 1.887900078633791395e-40
7.119174600403985892e-03 6.206896551724138078e+01 4.570000674858423133e-40
1.134003024365157902e-02 6.206896551724138078e+01 1.095254630614523497e-39
1.806337014401007690e-02 6.206896551724138078e+01 2.574975346772412490e-39
2.877288101962317823e-02 6.206896551724138078e+01 5.851299309240251441e-39
4.583190598261207421e-02 6.206896551724138078e+01 1.293539571889727847e-38
7.300498009102399100e-02 6.206896551724138078e+01 2.774601468433056518e-38
1.162885767856308566e-01 6.206896551724138078e+01 5.887535739225966818e-38
1.852343918725382621e-01 6.206896551724138078e+01 1.310977298989306920e-37
2.950571834380621983e-01 6.206896551724138078e+01 3.528243406130843699e-37
4.699923195596870107e-01 6.206896551724138078e+01 6.763150192909064816e-36
7.486439674886415929e-01 6.206896551724138078e+01 0.000000000000000000e+00
9.999999999999999547e-08 6.827586206896552312e+01 8.319403552824344845e-45
1.592885535214725096e-07 6.827586206896552312e+01 1.046803433205394377e-44
2.537284328296300856e-07 6.827586206896552312e+01 1.318084097522186136e-44
4.041603505270179570e-07 6.827586206896552312e+01 1.653199125969415099e-44
6.437811762617998739e-07 6.827586206896552312e+01 2.070790655724009082e-44
1.025469723510942276e-06 6.827586206896552312e+01 2.600969493466705300e-44
1.633455889381223358e-06 6.827586206896552312e+01 3.256651139527941517e-44
2.601908258606654861e-06 6.827586206896552312e+01 4.086639140548754226e-44
4.144542029090266371e-06 6.827586206896552312e+01 5.130416551726615294e-44
6.601781048227371505e-06 6.827586206896552312e+01 6.494832049040048278e-44
1.051588153837608446e-05 6.827586206896552312e+01 8.284592890028986211e-44
1.675059559251080012e-05 6.827586206896552312e+01 1.075670397204489302e-43
2.668178142554203833e-05 6.827586206896552312e+01 1.438150074782207991e-43
4.250102368650674752e-05 6.827586206896552312e+01 2.013994311573088936e-43
6.769926586205501733e-05 6.827586206896552312e+01 2.995691623812646980e-43
1.078371813363233488e-04 6.827586206896552312e+01 4.825389529914683578e-43
1.717722863089567891e-04 6.827586206896552312e+01 8.506727865398955808e-43
2.736135902122996313e-04 6.827586206896552312e+01 1.625780684802093921e-42
4.358351300873408870e-04 6.827586206896552312e+01 3.362833573714945206e-42
6.942354744545533056e-04 6.827586206896552312e+01 7.405262110411936408e-42
1.105837645291589616e-03 6.827586206896552312e+01 1.700391746331692810e-41
1.761472789480881531e-03 6.827586206896552312e+01 4.007514113925820987e-41
2.805824527038428690e-03 6.827586206896552312e+01 9.615490168975555678e-41
4.469357303470210090e-03 6.827586206896552312e+01 2.317454957878282192e-40
7.119174600403985892e-03 6.827586206896552312e+01 5.579176222061270058e-40
1.134003024365157902e-02 6.827586206896552312e+01 1.317885837030231969e-39
1.806337014401007690e-02 6.827586206896552312e+01 3.046179036251762607e-39
2.877288101962317823e-02 6.827586206896552312e+01 6.808374567560474805e-39
4.583190598261207421e-02 6.827586206896552312e+01 1.456219259302560821e-38
7.300498009102399100e-02 6.827586206896552312e+01 3.018118840698154151e-38
1.162885767856308566e-01 6.827586206896552312e+01 6.169565302661517268e-38
1.852343918725382621e-01 6.827586206896552312e+01 1.331090751056210649e-37
2.950571834380621983e-01 6.827586206896552312e+01 3.570666821937842287e-37
4.699923195596870107e-01 6.827586206896552312e+01 6.132446712817570430e-36
7.486439674886415929e-01 6.827586206896552312e+01 0.000000000000000000e+00
9.999999999999999547e-08 7.448275862068965125e+01 8.681856498475826485e-45
1.592885535214725096e-07 7.448275862068965125e+01 1.094691600264735235e-44
2.537284328296300856e-07 7.448275862068965125e+01 1.373157685071356188e-44
4.041603505270179570e-07 7.448275862068965125e+01 1.732619737553220276e-44
6.437811762617998739e-07 7.448275862068965125e+01 2.171838536270353519e-44
1.025469723510942276e-06 7.448275862068965125e+01 2.732633465012340517e-44
1.633455889381223358e-06 7.448275862068965125e+01 3.439642065242892559e-44
2.601908258606654861e-06 7.448275862068965125e+01 4.341301917578840159e-44
4.144542029090266371e-06 7.448275862068965125e+01 5.499273063228585404e-44
6.601781048227371505e-06 7.448275862068965125e+01 7.004521636657796255e-44
1.051588153837608446e-05 7.448275862068965125e+01 9.051183494777676875e-44
1.675059559251080012e-05 7.448275862068965125e+01 1.188975222145536670e-43
2.668178142554203833e-05 7.448275862068965125e+01 1.616596627637788426e-43
4.250102368650674752e-05 7.448275862068965125e+01 2.295761245688238521e-43
6.769926586205501733e-05 7.448275862068965125e+01 3.466855080181745107e-43
1.078371813363233488e-04 7.448275862068965125e+01 5.667948871885414519e-43
1.717722863089567891e-04 7.448275862068965125e+01 1.008084646020247601e-42
2.736135902122996313e-04 7.448275862068965125e+01 1.947455652091458792e-42
4.358351300873408870e-04 7.448275862068965125e+01 4.047589945304172265e-42
6.942354744545533056e-04 7.448275862068965125e+01 8.898138720193369133e-42
1.105837645291589616e-03 7.448275862068965125e+01 2.041455489671908788e-41
1.761472789480881531e-03 7.448275862068965125e+01 4.811871524707749514e-41
2.805824527038428690e-03 7.448275862068965125e+01 1.149400491326353662e-40
4.469357303470210090e-03 7.448275862068965125e+01 2.763182264524712753e-40
7.119174600403985892e-03 7.448275862068965125e+01 6.573100575956893451e-40
1.134003024365157902e-02 7.448275862068965125e+01 1.533172678956367050e-39
1.806337014401007690e-02 7.448275862068965125e+01 3.489267211743533947e-39
2.877288101962317823e-02 7.448275862068965125e+01 7.616398266677688080e-39
4.583190598261207421e-02 7.448275862068965125e+01 1.590634264630189992e-38
7.300498009102399100e-02 7.448275862068965125e+01 3.190376853599632550e-38
1.162885767856308566e-01 7.448275862068965125e+01 6.319733803886389458e-38
1.852343918725382621e-01 7.448275862068965125e+01 1.328429386023448653e-37
2.950571834380621983e-01 7.448275862068965125e+01 3.719632543245674453e-37
4.699923195596870107e-01 7.448275862068965125e+01 4.443769024572233052e-36
7.486439674886415929e-01 7.448275862068965125e+01 0.000000000000000000e+00
9.999999999999999547e-08 8.068965517241380780e+01 8.911143155222147805e-45
1.592885535214725096e-07 8.068965517241380780e+01 1.123206534647476197e-44
2.537284328296300856e-07 8.068965517241380780e+01 1.418996427802485286e-44
4.041603505270179570e-07 8.068965517241380780e+01 1.789124090157212719e-44
6.437811762617998739e-07 8.068965517241380780e+01 2.249462833995584587e-44
1.025469723510942276e-06 8.068965517241380780e+01 2.842497886898745356e-44
1.633455889381223358e-06 8.068965517241380780e+01 3.596225772077727532e-44
2.601908258606654861e-06 8.068965517241380780e+01 4.550285907039318436e-44
4.144542029090266371e-06 8.068965517241380780e+01 5.807670747390353621e-44
6.601781048227371505e-06 8.068965517241380780e+01 7.456496321540591744e-44
1.051588153837608446e-05 8.068965517241380780e+01 9.728340304373723113e-44
1.675059559251080012e-05 8.068965517241380780e+01 1.295716057218573426e-43
2.668178142554203833e-05 8.068965517241380780e+01 1.780027837175750542e-43
4.250102368650674752e-05 8.068965517241380780e+01 2.568075706756725367e-43
6.769926586205501733e-05 8.068965517241380780e+01 3.934204861565091180e-43
1.078371813363233488e-04 8.068965517241380780e+01 6.503558294405204365e-43
1.717722863089567891e-04 8.068965517241380780e+01 1.170299682726564352e-42
2.736135902122996313e-04 8.068965517241380780e+01 2.268725560158965221e-42
4.358351300873408870e-04 8.068965517241380780e+01 4.707479916927074637e-42
6.942354744545533056e-04 8.068965517241380780e+01 1.039927947036693212e-41
1.105837645291589616e-03 8.068965517241380780e+01 2.378737608821214099e-41
1.761472789480881531e-03 8.068965517241380780e+01 5.602858778322629415e-41
2.805824527038428690e-03 8.068965517241380780e+01 1.334020865560913767e-40
4.469357303470210090e-03 8.068965517241380780e+01 3.182898649297317709e-40
7.119174600403985892e-03 8.068965517241380780e+01 7.547543694666849410e-40
1.134003024365157902e-02 8.068965517241380780e+01 1.742302885759445566e-39
1.806337014401007690e-02 8.068965517241380780e+01 3.883412160597798985e-39
2.877288101962317823e-02 8.068965517241380780e+01 8.315691262475110098e-39
4.583190598261207421e-02 8.068965517241380780e+01 1.690546237252009000e-38
7.300498009102399100e-02 8.068965517241380780e+01 3.303266375035188977e-38
1.162885767856308566e-01 8.068965517241380780e+01 6.382976326577354943e-38
1.852343918725382621e-01 8.068965517241380780e+01 1.305062794847343978e-37
2.950571834380621983e-01 8.068965517241380780e+01 4.236664545455222671e-37
4.699923195596870107e-01 8.068965517241380780e+01 2.915822277044151623e-36
7.486439674886415929e-01 8.068965517241380780e+01 0.000000000000000000e+00
9.999999999999999547e-08 8.689655172413793593e+01 9.088790814504753590e-45
1.592885535214725096e-07 8.689655172413793593e+01 1.145122139902600315e-44
2.537284328296300856e-07 8.689655172413793593e+01 1.444892922690441439e-44
4.041603505270179570e-07 8.689655172413793593e+01 1.825662977335390438e-44
6.437811762617998739e-07 8.689655172413793593e+01 2.312423015998440402e-44
1.025469723510942276e-06 8.689655172413793593e+01 2.923866227589280150e-44
1.633455889381223358e-06 8.689655172413793593e+01 3.712541164755344071e-44
2.601908258606654861e-06 8.689655172413793593e+01 4.727421528495031757e-44
4.144542029090266371e-06 8.689655172413793593e+01 6.071107775377799522e-44
6.601781048227371505e-06 8.689655172413793593e+01 7.845416080571963562e-44
1.051588153837608446e-05 8.689655172413793593e+01 1.030520174385635503e-43
1.675059559251080012e-05 8.689655172413793593e+01 1.389501136551800150e-43
2.668178142554203833e-05 8.689655172413793593e+01 1.935774280914934991e-43
4.250102368650674752e-05 8.689655172413793593e+01 2.823915750445749881e-43
6.769926586205501733e-05 8.689655172413793593e+01 4.377001390071396980e-43
1.078371813363233488e-04 8.689655172413793593e+01 7.310981274765301247e-43
1.717722863089567891e-04 8.689655172413793593e+01 1.319385169754901564e-42
2.736135902122996313e-04 8.689655172413793593e+01 2.568041657424232856e-42
4.358351300873408870e-04 8.689655172413793593e+01 5.366403694007881636e-42
6.942354744545533056e-04 8.689655172413793593e+01 1.180885580827810346e-41
1.105837645291589616e-03 8.689655172413793593e+01 2.706005051774108405e-41
1.761472789480881531e-03 8.689655172413793593e+01 6.352248741246716468e-41
2.805824527038428690e-03 8.689655172413793593e+01 1.506525442930432503e-40
4.469357303470210090e-03 8.689655172413793593e+01 3.588114830318652654e-40
7.119174600403985892e-03 8.689655172413793593e+01 8.378543405262122405e-40
1.134003024365157902e-02 8.689655172413793593e+01 1.917048723055206001e-39
1.806337014401007690e-02 8.689655172413793593e+01 4.222509568825318089e-39
2.877288101962317823e-02 8.689655172413793593e+01 8.857062309156963960e-39
4.583190598261207421e-02 8.689655172413793593e+01 1.758238589188354307e-38
7.300498009102399100e-02 8.689655172413793593e+01 3.343478997862911358e-38
1.162885767856308566e-01 8.689655172413793593e+01 6.303313547511724979e-38
1.852343918725382621e-01 8.689655172413793593e+01 1.270957724959456617e-37
2.950571834380621983e-01 8.689655172413793593e+01 5.148870250729486558e-37
4.699923195596870107e-01 8.689655172413793593e+01 1.704665608660773641e-36
7.486439674886415929e-01 8.689655172413793593e+01 0.000000000000000000e+00
9.999999999999999547e-08 9.310344827586206407e+01 9.096930314532844249e-45
1.592885535214725096e-07 9.310344827586206407e+01 1.150322372609153369e-44
2.537284328296300856e-07 9.310344827586206407e+01 1.457969416419090828e-44
4.041603505270179570e-07 9.310344827586206407e+01 1.844726370994903030e-44
6.437811762617998739e-07 9.310344827586206407e+01 2.331972766366896054e-44
1.025469723510942276e-06 9.310344827586206407e+01 2.968150528379621509e-44
1.633455889381223358e-06 9.310344827586206407e+01 3.781826501741081259e-44
2.601908258606654861e-06 9.310344827586206407e+01 4.835676073164990623e-44
4.144542029090266371e-06 9.310344827586206407e+01 6.248538246652886487e-44
6.601781048227371505e-06 9.310344827586206407e+01 8.134267866164900956e-44
1.051588153837608446e-05 9.310344827586206407e+01 1.080577999691283086e-43
1.675059559251080012e-05 9.310344827586206407e+01 1.470233772644743925e-43
2.668178142554203833e-05 9.310344827586206407e+01 2.065787950454349620e-43
4.250102368650674752e-05 9.310344827586206407e+01 3.054803809155530778e-43
6.769926586205501733e-05 9.310344827586206407e+01 4.777475741188014540e-43
1.078371813363233488e-04 9.310344827586206407e+01 8.032591205932099091e-43
1.717722863089567891e-04 9.310344827586206407e+01 1.457264483525515117e-42
2.736135902122996313e-04 9.310344827586206407e+01 2.847720014261092974e-42
4.358351300873408870e-04 9.310344827586206407e+01 5.951986141871684266e-42
6.942354744545533056e-04 9.310344827586206407e+01 1.313055990630758465e-41
1.105837645291589616e-03 9.310344827586206407e+01 2.996887509889597743e-41
1.761472789480881531e-03 9.310344827586206407e+01 7.040595968930208612e-41
2.805824527038428690e-03 9.310344827586206407e+01 1.658467842425992018e-40
4.469357303470210090e-03 9.310344827586206407e+01 3.920243783636131878e-40
7.119174600403985892e-03 9.310344827586206407e+01 9.143114171289894461e-40
1.134003024365157902e-02 9.310344827586206407e+01 2.067980303848220267e-39
1.806337014401007690e-02 9.310344827586206407e+01 4.493392344945091737e-39
2.877288101962317823e-02 9.310344827586206407e+01 9.207228993407396800e-39
4.583190598261207421e-02 9.310344827586206407e+01 1.794065774091106089e-38
7.300498009102399100e-02 9.310344827586206407e+01 3.334918172780161377e-38
1.162885767856308566e-01 9.310344827586206407e+01 6.150918981007941456e-38
1.852343918725382621e-01 9.310344827586206407e+01 1.224541616423083318e-37
2.950571834380621983e-01 9.310344827586206407e+01 6.657038406839635366e-37
4.699923195596870107e-01 9.310344827586206407e+01 8.312455200140515421e-37
7.486439674886415929e-01 9.310344827586206407e+01 0.000000000000000000e+00
9.999999999999999547e-08 9.931034482758620641e+01 9.057898461295706545e-45
1.592885535214725096e-07 9.931034482758620641e+01 1.145031423250653462e-44
2.537284328296300856e-07 9.931034482758620641e+01 1.450062740815526458e-44
4.041603505270179570e-07 9.931034482758620641e+01 1.837577465204093771e-44
6.437811762617998739e-07 9.931034482758620641e+01 2.337984704968551169e-44
1.025469723510942276e-06 9.931034482758620641e+01 2.985205168101794030e-44
1.633455889381223358e-06 9.931034482758620641e+01 3.812582089519337756e-44
2.601908258606654861e-06 9.931034482758620641e+01 4.899155337070845781e-44
4.144542029090266371e-06 9.931034482758620641e+01 6.354966156391169966e-44
6.601781048227371505e-06 9.931034482758620641e+01 8.348246442737409081e-44
1.051588153837608446e-05 9.931034482758620641e+01 1.116824656258489076e-43
1.675059559251080012e-05 9.931034482758620641e+01 1.530184733056510593e-43
2.668178142554203833e-05 9.931034482758620641e+01 2.170023306173975645e-43
4.250102368650674752e-05 9.931034482758620641e+01 3.232175186473329881e-43
6.769926586205501733e-05 9.931034482758620641e+01 5.103551263316229317e-43
1.078371813363233488e-04 9.931034482758620641e+01 8.674805125967930441e-43
1.717722863089567891e-04 9.931034482758620641e+01 1.576398772358594076e-42
2.736135902122996313e-04 9.931034482758620641e+01 3.093368994219035023e-42
4.358351300873408870e-04 9.931034482758620641e+01 6.467819019946397412e-42
6.942354744545533056e-04 9.931034482758620641e+01 1.423246131000316199e-41
1.105837645291589616e-03 9.931034482758620641e+01 3.250587703504314203e-41
1.761472789480881531e-03 9.931034482758620641e+01 7.602968225293007719e-41
2.805824527038428690e-03 9.931034482758620641e+01 1.796628238570192022e-40
4.469357303470210090e-03 9.931034482758620641e+01 4.218475859132920383e-40
7.119174600403985892e-03 9.931034482758620641e+01 9.735952920176907556e-40
1.134003024365157902e-02 9.931034482758620641e+01 2.179549546219389866e-39
1.806337014401007690e-02 9.931034482758620641e+01 4.653340575383897849e-39
2.877288101962317823e-02 9.931034482758620641e+01 9.398219776182359531e-39
4.583190598261207421e-02 9.931034482758620641e+01 1.794510354726627836e-38
7.300498009102399100e-02 9.931034482758620641e+01 3.274985718367885596e-38
1.162885767856308566e-01 9.931034482758620641e+01 5.930875475924859791e-38
1.852343918725382621e-01 9.931034482758620641e+01 1.168642371486927780e-37
2.950571834380621983e-01 9.931034482758620641e+01 8.735403425052450894e-37
4.699923195596870107e-01 9.931034482758620641e+01 3.289378464421053569e-37
7.486439674886415929e-01 9.931034482758620641e+01 0.000000000000000000e+00
9.999999999999999547e-08 1.055172413793103630e+02 8.897190465576335680e-45
1.592885535214725096e-07 1.055172413793103630e+02 1.124514018237999103e-44
2.537284328296300856e-07 1.055172413793103630e+02 1.427635801418802062e-44
4.041603505270179570e-07 1.055172413793103630e+02 1.814789295584245450e-44
6.437811762617998739e-07 1.055172413793103630e+02 2.310490095016582689e-44
1.025469723510942276e-06 1.055172413793103630e+02 2.953626729174539476e-44
1.633455889381223358e-06 1.055172413793103630e+02 3.788997481974560121e-44
2.601908258606654861e-06 1.055172413793103630e+02 4.896252532257525547e-44
4.144542029090266371e-06 1.055172413793103630e+02 6.382111077590653454e-44
6.601781048227371505e-06 1.055172413793103630e+02 8.430440946781351936e-44
1.051588153837608446e-05 1.055172413793103630e+02 1.134222346077734558e-43
1.675059559251080012e-05 1.055172413793103630e+02 1.566566864455246674e-43
2.668178142554203833e-05 1.055172413793103630e+02 2.240078711815899405e-43
4.250102368650674752e-05 1.055172413793103630e+02 3.375582676036200903e-43
6.769926586205501733e-05 1.055172413793103630e+02 5.358929270304359682e-43
1.078371813363233488e-04 1.055172413793103630e+02 9.129089507444581300e-43
1.717722863089567891e-04 1.055172413793103630e+02 1.670105982301972065e-42
2.736135902122996313e-04 1.055172413793103630e+02 3.273971439998903606e-42
4.358351300873408870e-04 1.055172413793103630e+02 6.860681327330468462e-42
6.942354744545533056e-04 1.055172413793103630e+02 1.513539253409555562e-41
1.105837645291589616e-03 1.055172413793103630e+02 3.444617869098936140e-41
1.761472789480881531e-03 1.055172413793103630e+02 8.054360967357656112e-41
2.805824527038428690e-03 1.055172413793103630e+02 1.892471344806473807e-40
4.469357303470210090e-03 1.055172413793103630e+02 4.413494342312278065e-40
7.119174600403985892e-03 1.055172413793103630e+02 1.013285481028679628e-39
1.134003024365157902e-02 1.055172413793103630e+02 2.247974734985045844e-39
1.806337014401007690e-02 1.055172413793103630e+02 4.748429858123834077e-39
2.877288101962317823e-02 1.055172413793103630e+02 9.442084989940319048e-39
4.583190598261207421e-02 1.055172413793103630e+02 1.764838672864739989e-38
7.300498009102399100e-02 1.055172413793103630e+02 3.168096742938576858e-38
1.162885767856308566e-01 1.055172413793103630e+02 5.636692241783811384e-38
1.852343918725382621e-01 1.055172413793103630e+02 1.114632191781458629e-37
2.950571834380621983e-01 1.055172413793103630e+02 1.053819876487841392e-36
4.699923195596870107e-01 1.055172413793103630e+02 1.102317626872567295e-37
7.486439674886415929e-01 1.055172413793103630e+02 0.000000000000000000e+00
9.999999999999999547e-08 1.117241379310344911e+02 8.600787564350113587e-45
1.592885535214725096e-07 1.117241379310344911e+02 1.091379286748193248e-44
2.537284328296300856e-07 1.117241379310344911e+02 1.389961648439222247e-44
4.041603505270179570e-07 1.117241379310344911e+02 1.760767740406448102e-44
6.437811762617998739e-07 1.117241379310344911e+02 2.250179704146032738e-44
1.025469723510942276e-06 1.117241379310344911e+02 2.886146564406523756e-44
1.633455889381223358e-06 1.117241379310344911e+02 3.716105225073801093e-44
2.601908258606654861e-06 1.117241379310344911e+02 4.820153393585306357e-44
4.144542029090266371e-06 1.117241379310344911e+02 6.313234102626880965e-44
6.601781048227371505e-06 1.117241379310344911e+02 8.361742049684924208e-44
1.051588153837608446e-05 1.117241379310344911e+02 1.135704500122003944e-43
1.675059559251080012e-05 1.117241379310344911e+02 1.579546667880472219e-43
2.668178142554203833e-05 1.117241379310344911e+02 2.286242421071295021e-43
4.250102368650674752e-05 1.117241379310344911e+02 3.441414180936108221e-43
6.769926586205501733e-05 1.117241379310344911e+02 5.522155778673756605e-43
1.078371813363233488e-04 1.117241379310344911e+02 9.432645272487103879e-43
1.717722863089567891e-04 1.117241379310344911e+02 1.731351916042190691e-42
2.736135902122996313e-04 1.117241379310344911e+02 3.402261019949374950e-42
4.358351300873408870e-04 1.117241379310344911e+02 7.137740468191240661e-42
6.942354744545533056e-04 1.117241379310344911e+02 1.569486996640295295e-41
1.105837645291589616e-03 1.117241379310344911e+02 3.580090443359234147e-41
1.761472789480881531e-03 1.117241379310344911e+02 8.334095815299317634e-41
2.805824527038428690e-03 1.117241379310344911e+02 1.957523277042125538e-40
4.469357303470210090e-03 1.117241379310344911e+02 4.546257141510322336e-40
7.119174600403985892e-03 1.117241379310344911e+02 1.031742089200440035e-39
1.134003024365157902e-02 1.117241379310344911e+02 2.271670584591073427e-39
1.806337014401007690e-02 1.117241379310344911e+02 4.725581470740072532e-39
2.877288101962317823e-02 1.117241379310344911e+02 9.276803006816681264e-39
4.583190598261207421e-02 1.117241379310344911e+02 1.709613769243347544e-38
7.300498009102399100e-02 1.117241379310344911e+02 3.010878245301775217e-38
1.162885767856308566e-01 1.117241379310344911e+02 5.317931018131352723e-38
1.852343918725382621e-01 1.117241379310344911e+02 1.058909109511459250e-37
2.950571834380621983e-01 1.117241379310344911e+02 1.142801286808594089e-36
4.699923195596870107e-01 1.117241379310344911e+02 3.156578924861823662e-38
7.486439674886415929e-01 1.117241379310344911e+02 0.000000000000000000e+00
9.999999999999999547e-08 1.179310344827586192e+02 8.210019866510282641e-45
1.592885535214725096e-07 1.179310344827586192e+02 1.043476816261979576e-44
2.537284328296300856e-07 1.179310344827586192e+02 1.325882190989055335e-44
4.041603505270179570e-07 1.179310344827586192e+02 1.691996749545411158e-44
6.437811762617998739e-07 1.179310344827586192e+02 2.163480052818146177e-44
1.025469723510942276e-06 1.179310344827586192e+02 2.777655148408045486e-44
1.633455889381223358e-06 1.179310344827586192e+02 3.586942162028515930e-44
2.601908258606654861e-06 1.179310344827586192e+02 4.681741367921782125e-44
4.144542029090266371e-06 1.179310344827586192e+02 6.159680984029298969e-44
6.601781048227371505e-06 1.179310344827586192e+02 8.227462226247965594e-44
1.051588153837608446e-05 1.179310344827586192e+02 1.120967097351731043e-43
1.675059559251080012e-05 1.179310344827586192e+02 1.565455110193247071e-43
2.668178142554203833e-05 1.179310344827586192e+02 2.277292430939078897e-43
4.250102368650674752e-05 1.179310344827586192e+02 3.463915308715316382e-43
6.769926586205501733e-05 1.179310344827586192e+02 5.557993094139304401e-43
1.078371813363233488e-04 1.179310344827586192e+02 9.555497225725590862e-43
1.717722863089567891e-04 1.179310344827586192e+02 1.758956616957481781e-42
2.736135902122996313e-04 1.179310344827586192e+02 3.466020015876993068e-42
4.358351300873408870e-04 1.179310344827586192e+02 7.253819390744781609e-42
6.942354744545533056e-04 1.179310344827586192e+02 1.596175022646630439e-41
1.105837645291589616e-03 1.179310344827586192e+02 3.634755446077103861e-41
1.761472789480881531e-03 1.179310344827586192e+02 8.446391904990419201e-41
2.805824527038428690e-03 1.179310344827586192e+02 1.976874975598370491e-40
4.469357303470210090e-03 1.179310344827586192e+02 4.590640163092588563e-40
7.119174600403985892e-03 1.179310344827586192e+02 1.035075964465383048e-39
1.134003024365157902e-02 1.179310344827586192e+02 2.249470732426623803e-39
1.806337014401007690e-02 1.179310344827586192e+02 4.647664527134574936e-39
2.877288101962317823e-02 1.179310344827586192e+02 8.952044291052099629e-39
4.583190598261207421e-02 1.179310344827586192e+02 1.621943686803583541e-38
7.300498009102399100e-02 1.179310344827586192e+02 2.831707294142609905e-38
1.162885767856308566e-01 1.179310344827586192e+02 4.947824234234969534e-38
1.852343918725382621e-01 1.179310344827586192e+02 1.004357562339926090e-37
2.950571834380621983e-01 1.179310344827586192e+02 1.108559663957468803e-36
4.699923195596870107e-01 1.179310344827586192e+02 9.751058019453553192e-39
7.486439674886415929e-01 1.179310344827586192e+02 0.000000000000000000e+00
9.999999999999999547e-08 1.241379310344827616e+02 7.730595723882669420e-45
1.592885535214725096e-07 1.241379310344827616e+02 9.819960932789121030e-45
2.537284328296300856e-07 1.241379310344827616e+02 1.251357236583096445e-44
4.041603505270179570e-07 1.241379310344827616e+02 1.597294541984614963e-44
6.437811762617998739e-07 1.241379310344827616e+02 2.050490353104107689e-44
1.025469723510942276e-06 1.241379310344827616e+02 2.632795144621986223e-44
1.633455889381223358e-06 1.241379310344827616e+02 3.415331271678671398e-44
2.601908258606654861e-06 1.241379310344827616e+02 4.461949595302126810e-44
4.144542029090266371e-06 1.241379310344827616e+02 5.896457784689329549e-44
6.601781048227371505e-06 1.241379310344827616e+02 7.919094286213772402e-44
1.051588153837608446e-05 1.241379310344827616e+02 1.083825657295580174e-43
1.675059559251080012e-05 1.241379310344827616e+02 1.524134731802526922e-43
2.668178142554203833e-05 1.241379310344827616e+02 2.226260122434157192e-43
4.250102368650674752e-05 1.241379310344827616e+02 3.399548728745047558e-43
6.769926586205501733e-05 1.241379310344827616e+02 5.496773675473952368e-43
1.078371813363233488e-04 1.241379310344827616e+02 9.429404159591456868e-43
1.717722863089567891e-04 1.241379310344827616e+02 1.742176455774156714e-42
2.736135902122996313e-04 1.241379310344827616e+02 3.446485839221941848e-42
4.358351300873408870e-04 1.241379310344827616e+02 7.202272342462311841e-42
6.942354744545533056e-04 1.241379310344827616e+02 1.587618017088246070e-41
1.105837645291589616e-03 1.241379310344827616e+02 3.608032797815316709e-41
1.761472789480881531e-03 1.241379310344827616e+02 8.381196645161555547e-41
2.805824527038428690e-03 1.241379310344827616e+02 1.954363307379031075e-40
4.469357303470210090e-03 1.241379310344827616e+02 4.500424922136953464e-40
7.119174600403985892e-03 1.241379310344827616e+02 1.012740126991350401e-39
1.134003024365157902e-02 1.241379310344827616e+02 2.184562207460459835e-39
1.806337014401007690e-02 1.241379310344827616e+02 4.445536474159474877e-39
2.877288101962317823e-02 1.241379310344827616e+02 8.485253864252393986e-39
4.583190598261207421e-02 1.241379310344827616e+02 1.518507941758158260e-38
7.300498009102399100e-02 1.241379310344827616e+02 2.622901691045160137e-38
1.162885767856308566e-01 1.241379310344827616e+02 4.529912389670323564e-38
1.852343918725382621e-01 1.241379310344827616e+02 9.532673296416551791e-38
2.950571834380621983e-01 1.241379310344827616e+02 9.963918816340338029e-37
4.699923195596870107e-01 1.241379310344827616e+02 3.549327534825435011e-39
7.486439674886415929e-01 1.241379310344827616e+02 0.000000000000000000e+00
9.999999999999999547e-08 1.303448275862068897e+02 7.121217462620888654e-45
1.592885535214725096e-07 1.303448275862068897e+02 9.083289767374670657e-45
2.537284328296300856e-07 1.303448275862068897e+02 1.157968335751612999e-44
4.041603505270179570e-07 1.303448275862068897e+02 1.479704548450774815e-44
6.437811762617998739e-07 1.303448275862068897e+02 1.898970563801097169e-44
1.025469723510942276e-06 1.303448275862068897e+02 2.456124432604878982e-44
1.633455889381223358e-06 1.303448275862068897e+02 3.182613789073250653e-44
2.601908258606654861e-06 1.303448275862068897e+02 4.180148310150083071e-44
4.144542029090266371e-06 1.303448275862068897e+02 5.533868816732007989e-44
6.601781048227371505e-06 1.303448275862068897e+02 7.481299912987208656e-44
1.051588153837608446e-05 1.303448275862068897e+02 1.026643181454263236e-43
1.675059559251080012e-05 1.303448275862068897e+02 1.451799135070153272e-43
2.668178142554203833e-05 1.303448275862068897e+02 2.127628618579826863e-43
4.250102368650674752e-05 1.303448275862068897e+02 3.266629437360465567e-43
6.769926586205501733e-05 1.303448275862068897e+02 5.301362291772610593e-43
1.078371813363233488e-04 1.303448275862068897e+02 9.132140179851051444e-43
1.717722863089567891e-04 1.303448275862068897e+02 1.691843015590253589e-42
2.736135902122996313e-04 1.303448275862068897e+02 3.342603616700057113e-42
4.358351300873408870e-04 1.303448275862068897e+02 6.991174297608107093e-42
6.942354744545533056e-04 1.303448275862068897e+02 1.538533851280955375e-41
1.105837645291589616e-03 1.303448275862068897e+02 3.496817661128389004e-41
1.761472789480881531e-03 1.303448275862068897e+02 8.105165081342893573e-41
2.805824527038428690e-03 1.303448275862068897e+02 1.879959477380004910e-40
4.469357303470210090e-03 1.303448275862068897e+02 4.326034807886391734e-40
7.119174600403985892e-03 1.303448275862068897e+02 9.653787834441456302e-40
1.134003024365157902e-02 1.303448275862068897e+02 2.074998927145591920e-39
1.806337014401007690e-02 1.303448275862068897e+02 4.175112394154691436e-39
2.877288101962317823e-02 1.303448275862068897e+02 7.887767335135451126e-39
4.583190598261207421e-02 1.303448275862068897e+02 1.398790135442730754e-38
7.300498009102399100e-02 1.303448275862068897e+02 2.378754784624775048e-38
1.162885767856308566e-01 1.303448275862068897e+02 4.090150918131273316e-38
1.852343918725382621e-01 1.303448275862068897e+02 9.104378943461874030e-38
2.950571834380621983e-01 1.303448275862068897e+02 8.372047314794051791e-37
4.699923195596870107e-01 1.303448275862068897e+02 1.514369103549532461e-39
7.486439674886415929e-01 1.303448275862068897e+02 0.000000000000000000e+00
9.999999999999999547e-08 1.365517241379310462e+02 6.460779281154146970e-45
1.592885535214725096e-07 1.365517241379310462e+02 8.243494029950088860e-45
2.537284328296300856e-07 1.365517241379310462e+02 1.053186386382707340e-44
4.041603505270179570e-07 1.365517241379310462e+02 1.344241111894619270e-44
6.437811762617998739e-07 1.365517241379310462e+02 1.729564877227937679e-44
1.025469723510942276e-06 1.365517241379310462e+02 2.238242969883668543e-44
1.633455889381223358e-06 1.365517241379310462e+02 2.912814635914101325e-44
2.601908258606654861e-06 1.365517241379310462e+02 3.826602054552310095e-44
4.144542029090266371e-06 1.365517241379310462e+02 5.093600559536296713e-44
6.601781048227371505e-06 1.365517241379310462e+02 6.897407703772020770e-44
1.051588153837608446e-05 1.365517241379310462e+02 9.512865005408422872e-44
1.675059559251080012e-05 1.365517241379310462e+02 1.352300372379875919e-43
2.668178142554203833e-05 1.365517241379310462e+02 1.984895606905642903e-43
4.250102368650674752e-05 1.365517241379310462e+02 3.068666703227342724e-43
6.769926586205501733e-05 1.365517241379310462e+02 4.972798471000987287e-43
1.078371813363233488e-04 1.365517241379310462e+02 8.614852525977712586e-43
1.717722863089567891e-04 1.365517241379310462e+02 1.593112772237068090e-42
2.736135902122996313e-04 1.365517241379310462e+02 3.146989902135955033e-42
4.358351300873408870e-04 1.365517241379310462e+02 6.601598353475168091e-42
6.942354744545533056e-04 1.365517241379310462e+02 1.448634552816735459e-41
1.105837645291589616e-03 1.365517241379310462e+02 3.298199755165641839e-41
1.761472789480881531e-03 1.365517241379310462e+02 7.620188804127687692e-41
2.805824527038428690e-03 1.365517241379310462e+02 1.762807004000961925e-40
4.469357303470210090e-03 1.365517241379310462e+02 4.048716938607428092e-40
7.119174600403985892e-03 1.365517241379310462e+02 8.970944637575024518e-40
1.134003024365157902e-02 1.365517241379310462e+02 1.917618687592248291e-39
1.806337014401007690e-02 1.365517241379310462e+02 3.834809054450643664e-39
2.877288101962317823e-02 1.365517241379310462e+02 7.156644247537416966e-39
4.583190598261207421e-02 1.365517241379310462e+02 1.257284055223719179e-38
7.300498009102399100e-02 1.365517241379310462e+02 2.123069526792193960e-38
1.162885767856308566e-01 1.365517241379310462e+02 3.627108696301864730e-38
1.852343918725382621e-01 1.365517241379310462e+02 8.612638722633284590e-38
2.950571834380621983e-01 1.365517241379310462e+02 6.715802505446736527e-37
4.699923195596870107e-01 1.365517241379310462e+02 7.695360153464390103e-40
7.486439674886415929e-01 1.365517241379310462e+02 0.000000000000000000e+00
9.999999999999999547e-08 1.427586206896551744e+02 5.715855530470330318e-45
1.592885535214725096e-07 1.427586206896551744e+02 7.265384564002792412e-45
2.537284328296300856e-07 1.427586206896551744e+02 9.309618670334233057e-45
4.041603505270179570e-07 1.427586206896551744e+02 1.192301185824680362e-44
6.437811762617998739e-07 1.427586206896551744e+02 1.530740440755268292e-44
1.025469723510942276e-06 1.427586206896551744e+02 1.983653270782514807e-44
1.633455889381223358e-06 1.427586206896551744e+02 2.591239509757568080e-44
2.601908258606654861e-06 1.427586206896551744e+02 3.415069466389385089e-44
4.144542029090266371e-06 1.427586206896551744e+02 4.559327016207777728e-44
6.601781048227371505e-06 1.427586206896551744e+02 6.192171260154716369e-44
1.051588153837608446e-05 1.427586206896551744e+02 8.559199092795876496e-44
1.675059559251080012e-05 1.427586206896551744e+02 1.220847651065253795e-43
2.668178142554203833e-05 1.427586206896551744e+02 1.798912768462265099e-43
4.250102368650674752e-05 1.427586206896551744e+02 2.778443287457520700e-43
6.769926586205501733e-05 1.427586206896551744e+02 4.534936206337802394e-43
1.078371813363233488e-04 1.427586206896551744e+02 7.846123859652205371e-43
1.717722863089567891e-04 1.427586206896551744e+02 1.456464588277877762e-42
2.736135902122996313e-04 1.427586206896551744e+02 2.879120226083734740e-42
4.358351300873408870e-04 1.427586206896551744e+02 6.034760902593498916e-42
6.942354744545533056e-04 1.427586206896551744e+02 1.325749276337736950e-41
1.105837645291589616e-03 1.427586206896551744e+02 3.001109859407082009e-41
1.761472789480881531e-03 1.427586206896551744e+02 6.951092535042346996e-41
2.805824527038428690e-03 1.427586206896551744e+02 1.605531708822996302e-40
4.469357303470210090e-03 1.427586206896551744e+02 3.679365470589714364e-40
7.119174600403985892e-03 1.427586206896551744e+02 8.135955017697911015e-40
1.134003024365157902e-02 1.427586206896551744e+02 1.719866979781670258e-39
1.806337014401007690e-02 1.427586206896551744e+02 3.409881616370534755e-39
2.877288101962317823e-02 1.427586206896551744e+02 6.340438786271313193e-39
4.583190598261207421e-02 1.427586206896551744e+02 1.102476720258593569e-38
7.300498009102399100e-02 1.427586206896551744e+02 1.849685735982471133e-38
1.162885767856308566e-01 1.427586206896551744e+02 3.140240124999448327e-38
1.852343918725382621e-01 1.427586206896551744e+02 8.058941923787770618e-38
2.950571834380621983e-01 1.427586206896551744e+02 5.263130028784019109e-37
4.699923195596870107e-01 1.427586206896551744e+02 4.062507566235234336e-40
7.486439674886415929e-01 1.427586206896551744e+02 0.000000000000000000e+00
9.999999999999999547e-08 1.489655172413793025e+02 4.878373299942788432e-45
1.592885535214725096e-07 1.489655172413793025e+02 6.221501457791394242e-45
2.537284328296300856e-07 1.489655172413793025e+02 7.930997959200081427e-45
4.041603505270179570e-07 1.489655172413793025e+02 1.021154618694585019e-44
6.437811762617998739e-07 1.489655172413793025e+02 1.317251268784889339e-44
1.025469723510942276e-06 1.489655172413793025e+02 1.709096085991242568e-44
1.633455889381223358e-06 1.489655172413793025e+02 2.235597754665732664e-44
2.601908258606654861e-06 1.489655172413793025e+02 2.947393604587252972e-44
4.144542029090266371e-06 1.489655172413793025e+02 3.925072974449349877e-44
6.601781048227371505e-06 1.489655172413793025e+02 5.359674859399781272e-44
1.051588153837608446e-05 1.489655172413793025e+02 7.430857077056703425e-44
1.675059559251080012e-05 1.489655172413793025e+02 1.061169281905914299e-43
2.668178142554203833e-05 1.489655172413793025e+02 1.570047314577212545e-43
4.250102368650674752e-05 1.489655172413793025e+02 2.431083148870676526e-43
6.769926586205501733e-05 1.489655172413793025e+02 3.968521572929472211e-43
1.078371813363233488e-04 1.489655172413793025e+02 6.893646679030699100e-43
1.717722863089567891e-04 1.489655172413793025e+02 1.278523111811790431e-42
2.736135902122996313e-04 1.489655172413793025e+02 2.528504167261658071e-42
4.358351300873408870e-04 1.489655172413793025e+02 5.302224871387019449e-42
6.942354744545533056e-04 1.489655172413793025e+02 1.161808152006515016e-41
1.105837645291589616e-03 1.489655172413793025e+02 2.639786663443408485e-41
1.761472789480881531e-03 1.489655172413793025e+02 6.091980549939273831e-41
2.805824527038428690e-03 1.489655172413793025e+02 1.410291633764147121e-40
4.469357303470210090e-03 1.489655172413793025e+02 3.200474430214783349e-40
7.119174600403985892e-03 1.489655172413793025e+02 7.085469304621852976e-40
1.134003024365157902e-02 1.489655172413793025e+02 1.489657578463866916e-39
1.806337014401007690e-02 1.489655172413793025e+02 2.947257136214940556e-39
2.877288101962317823e-02 1.489655172413793025e+02 5.425779358860123081e-39
4.583190598261207421e-02 1.489655172413793025e+02 9.378722297057890855e-39
7.300498009102399100e-02 1.489655172413793025e+02 1.564480165222772039e-38
1.162885767856308566e-01 1.489655172413793025e+02 2.641989083157081089e-38
1.852343918725382621e-01 1.489655172413793025e+02 7.195085314403602761e-38
2.950571834380621983e-01 1.489655172413793025e+02 4.024833488875361194e-37
4.699923195596870107e-01 1.489655172413793025e+02 2.322860789024332233e-40
7.486439674886415929e-01 1.489655172413793025e+02 0.000000000000000000e+00
9.999999999999999547e-08 1.551724137931034591e+02 3.987151099328524976e-45
1.592885535214725096e-07 1.551724137931034591e+02 5.074575591715241804e-45
2.537284328296300856e-07 1.551724137931034591e+02 6.495501388068919417e-45
4.041603505270179570e-07 1.551724137931034591e+02 8.321069757819727025e-45
6.437811762617998739e-07 1.551724137931034591e+02 1.076120390646861855e-44
1.025469723510942276e-06 1.551724137931034591e+02 1.399791429214896372e-44
1.633455889381223358e-06 1.551724137931034591e+02 1.826402402684826310e-44
2.601908258606654861e-06 1.551724137931034591e+02 2.419495255674488379e-44
4.144542029090266371e-06 1.551724137931034591e+02 3.236842773457249979e-44
6.601781048227371505e-06 1.551724137931034591e+02 4.416495747583660885e-44
1.051588153837608446e-05 1.551724137931034591e+02 6.153603188814878674e-44
1.675059559251080012e-05 1.551724137931034591e+02 8.796252042698902871e-44
2.668178142554203833e-05 1.551724137931034591e+02 1.305091211270887596e-43
4.250102368650674752e-05 1.551724137931034591e+02 2.028866884509901320e-43
6.769926586205501733e-05 1.551724137931034591e+02 3.305069609894696992e-43
1.078371813363233488e-04 1.551724137931034591e+02 5.757808391362312571e-43
1.717722863089567891e-04 1.551724137931034591e+02 1.069658244065219493e-42
2.736135902122996313e-04 1.551724137931034591e+02 2.108033866170940091e-42
4.358351300873408870e-04 1.551724137931034591e+02 4.434757639053754882e-42
6.942354744545533056e-04 1.551724137931034591e+02 9.708228885511699714e-42
1.105837645291589616e-03 1.551724137931034591e+02 2.205409359498587675e-41
1.761472789480881531e-03 1.551724137931034591e+02 5.092804158940853138e-41
2.805824527038428690e-03 1.551724137931034591e+02 1.172446191818774620e-40
4.469357303470210090e-03 1.551724137931034591e+02 2.667915967822945533e-40
7.119174600403985892e-03 1.551724137931034591e+02 5.872670537966669229e-40
1.134003024365157902e-02 1.551724137931034591e+02 1.229878600154584021e-39
1.806337014401007690e-02 1.551724137931034591e+02 2.416934940114651795e-39
2.877288101962317823e-02 1.551724137931034591e+02 4.424122253452098681e-39
4.583190598261207421e-02 1.551724137931034591e+02 7.621137900459301568e-39
7.300498009102399100e-02 1.551724137931034591e+02 1.262602312075274506e-38
1.162885767856308566e-01 1.551724137931034591e+02 2.132847662832474000e-38
1.852343918725382621e-01 1.551724137931034591e+02 6.144887694561903266e-38
2.950571834380621983e-01 1.551724137931034591e+02 2.992224088089406760e-37
4.699923195596870107e-01 1.551724137931034591e+02 1.369146653911127519e-40
7.486439674886415929e-01 1.551724137931034591e+02 0.000000000000000000e+00
9.999999999999999547e-08 1.613793103448276156e+02 3.030369147214805663e-45
1.592885535214725096e-07 1.613793103448276156e+02 3.863574335212987103e-45
2.537284328296300856e-07 1.613793103448276156e+02 4.954732728690950953e-45
4.041603505270179570e-07 1.613793103448276156e+02 6.370510648276633677e-45
6.437811762617998739e-07 1.613793103448276156e+02 8.222789320278755892e-45
1.025469723510942276e-06 1.613793103448276156e+02 1.069575951096263690e-44
1.633455889381223358e-06 1.613793103448276156e+02 1.401073503049258312e-44
2.601908258606654861e-06 1.613793103448276156e+02 1.856795224627257436e-44
4.144542029090266371e-06 1.613793103448276156e+02 2.485188467629286368e-44
6.601781048227371505e-06 1.613793103448276156e+02 3.387405222824267012e-44
1.051588153837608446e-05 1.613793103448276156e+02 4.731551839283945216e-44
1.675059559251080012e-05 1.613793103448276156e+02 6.770541715406873481e-44
2.668178142554203833e-05 1.613793103448276156e+02 1.008803994468155796e-43
4.250102368650674752e-05 1.613793103448276156e+02 1.569612418985593328e-43
6.769926586205501733e-05 1.613793103448276156e+02 2.559922965852432059e-43
1.078371813363233488e-04 1.613793103448276156e+02 4.460402904496706074e-43
1.717722863089567891e-04 1.613793103448276156e+02 8.278721872304353771e-43
2.736135902122996313e-04 1.613793103448276156e+02 1.640184588986814656e-42
4.358351300873408870e-04 1.613793103448276156e+02 3.436544376733357245e-42
6.942354744545533056e-04 1.613793103448276156e+02 7.530703034681665232e-42
1.105837645291589616e-03 1.613793103448276156e+02 1.710366056373550866e-41
1.761472789480881531e-03 1.613793103448276156e+02 3.938209460951892595e-41
2.805824527038428690e-03 1.613793103448276156e+02 9.077859598270975851e-41
4.469357303470210090e-03 1.613793103448276156e+02 2.062491656699498179e-40
7.119174600403985892e-03 1.613793103448276156e+02 4.528551270244668484e-40
1.134003024365157902e-02 1.613793103448276156e+02 9.431985985748441997e-40
1.806337014401007690e-02 1.613793103448276156e+02 1.850930961475288211e-39
2.877288101962317823e-02 1.613793103448276156e+02 3.366017570826713720e-39
4.583190598261207421e-02 1.613793103448276156e+02 5.777717259549698264e-39
7.300498009102399100e-02 1.613793103448276156e+02 9.531089819094692776e-39
1.162885767856308566e-01 1.613793103448276156e+02 1.609440725924338029e-38
1.852343918725382621e-01 1.613793103448276156e+02 4.894090220062387005e-38
2.950571834380621983e-01 1.613793103448276156e+02 2.113227932118753676e-37
4.699923195596870107e-01 1.613793103448276156e+02 7.955221229312558111e-41
7.486439674886415929e-01 1.613793103448276156e+02 0.000000000000000000e+00
9.999999999999999547e-08 1.675862068965517437e+02 2.043557285603128104e-45
1.592885535214725096e-07 1.675862068965517437e+02 2.615698209917037162e-45
2.537284328296300856e-07 1.675862068965517437e+02 3.344265331099937416e-45
4.041603505270179570e-07 1.675862068965517437e+02 4.297831124515169256e-45
6.437811762617998739e-07 1.675862068965517437e+02 5.562629462423166119e-45
1.025469723510942276e-06 1.675862068965517437e+02 7.238032552560215542e-45
1.633455889381223358e-06 1.675862068965517437e+02 9.463861511082191977e-45
2.601908258606654861e-06 1.675862068965517437e+02 1.253009475448755715e-44
4.144542029090266371e-06 1.675862068965517437e+02 1.678453668859490405e-44
6.601781048227371505e-06 1.675862068965517437e+02 2.298364635523026493e-44
1.051588153837608446e-05 1.675862068965517437e+02 3.219351658971135310e-44
1.675059559251080012e-05 1.675862068965517437e+02 4.620358877721877858e-44
2.668178142554203833e-05 1.675862068965517437e+02 6.874603279898895593e-44
4.250102368650674752e-05 1.675862068965517437e+02 1.066018773632267097e-43
6.769926586205501733e-05 1.675862068965517437e+02 1.747909848441849515e-43
1.078371813363233488e-04 1.675862068965517437e+02 3.038795515520164455e-43
1.717722863089567891e-04 1.675862068965517437e+02 5.659622663522290799e-43
2.736135902122996313e-04 1.675862068965517437e+02 1.120253126035012824e-42
4.358351300873408870e-04 1.675862068965517437e+02 2.345426803708003718e-42
6.942354744545533056e-04 1.675862068965517437e+02 5.166300401031843244e-42
1.105837645291589616e-03 1.675862068965517437e+02 1.165255281147094264e-41
1.761472789480881531e-03 1.675862068965517437e+02 2.684130256228051538e-41
2.805824527038428690e-03 1.675862068965517437e+02 6.188657007012554813e-41
4.469357303470210090e-03 1.675862068965517437e+02 1.401784195084620399e-40
7.119174600403985892e-03 1.675862068965517437e+02 3.077618285522824583e-40
1.134003024365157902e-02 1.675862068965517437e+02 6.388972952463572588e-40
1.806337014401007690e-02 1.675862068965517437e+02 1.247683321747028323e-39
2.877288101962317823e-02 1.675862068965517437e+02 2.276349101581670297e-39
4.583190598261207421e-02 1.675862068965517437e+02 3.885360779841907657e-39
7.300498009102399100e-02 1.675862068965517437e+02 6.394042340039818960e-39
1.162885767856308566e-01 1.675862068965517437e+02 1.078131010617579592e-38
1.852343918725382621e-01 1.675862068965517437e+02 3.371904779548047507e-38
2.950571834380621983e-01 1.675862068965517437e+02 1.340954620578569732e-37
4.699923195596870107e-01 1.675862068965517437e+02 4.392538195505494316e-41
7.486439674886415929e-01 1.675862068965517437e+02 0.000000000000000000e+00
9.999999999999999547e-08 1.737931034482758719e+02 1.027694907280838833e-45
1.592885535214725096e-07 1.737931034482758719e+02 1.312308278970691086e-45
2.537284328296300856e-07 1.737931034482758719e+02 1.680209460425657574e-45
4.041603505270179570e-07 1.737931034482758719e+02 2.167852492042516037e-45
6.437811762617998739e-07 1.737931034482758719e+02 2.798169667349315844e-45
1.025469723510942276e-06 1.737931034482758719e+02 3.646262424715057956e-45
1.633455889381223358e-06 1.737931034482758719e+02 4.775174565234893539e-45
2.601908258606654861e-06 1.737931034482758719e+02 6.343687039316579119e-45
4.144542029090266371e-06 1.737931034482758719e+02 8.509320417892567338e-45
6.601781048227371505e-06 1.737931034482758719e+02 1.161799906755865394e-44
1.051588153837608446e-05 1.737931034482758719e+02 1.621980695659540669e-44
1.675059559251080012e-05 1.737931034482758719e+02 2.335827346763688067e-44
2.668178142554203833e-05 1.737931034482758719e+02 3.480815843061529350e-44
4.250102368650674752e-05 1.737931034482758719e+02 5.425000643532075334e-44
6.769926586205501733e-05 1.737931034482758719e+02 8.881996792319865945e-44
1.078371813363233488e-04 1.737931034482758719e+02 1.544595348156248608e-43
1.717722863089567891e-04 1.737931034482758719e+02 2.866416407044508721e-43
2.736135902122996313e-04 1.737931034482758719e+02 5.675516896217220827e-43
4.358351300873408870e-04 1.737931034482758719e+02 1.188749273597874469e-42
6.942354744545533056e-04 1.737931034482758719e+02 2.610700888389805297e-42
1.105837645291589616e-03 1.737931034482758719e+02 5.916979282489441751e-42
1.761472789480881531e-03 1.737931034482758719e+02 1.361679213604577215e-41
2.805824527038428690e-03 1.737931034482758719e+02 3.135797869070363902e-41
4.469357303470210090e-03 1.737931034482758719e+02 7.103223274488975826e-41
7.119174600403985892e-03 1.737931034482758719e+02 1.548596781154456974e-40
1.134003024365157902e-02 1.737931034482758719e+02 3.222894044138061622e-40
1.806337014401007690e-02 1.737931034482758719e+02 6.304122443223446095e-40
2.877288101962317823e-02 1.737931034482758719e+02 1.143316804448332664e-39
4.583190598261207421e-02 1.737931034482758719e+02 1.953619376948911217e-39
7.300498009102399100e-02 1.737931034482758719e+02 3.208392034610997357e-39
1.162885767856308566e-01 1.737931034482758719e+02 5.406253125980489087e-39
1.852343918725382621e-01 1.737931034482758719e+02 1.751191213761354659e-38
2.950571834380621983e-01 1.737931034482758719e+02 6.504674759334830429e-38
4.699923195596870107e-01 1.737931034482758719e+02 1.964114615960214744e-41
7.486439674886415929e-01 1.737931034482758719e+02 0.000000000000000000e+00
9.999999999999999547e-08 1.800000000000000000e+02 1.164442662741354787e-60
1.592885535214725096e-07 1.800000000000000000e+02 1.489909247040939437e-60
2.537284328296300856e-07 1.800000000000000000e+02 1.909361128220209391e-60
4.041603505270179570e-07 1.800000000000000000e+02 0.000000000000000000e+00
6.437811762617998739e-07 1.800000000000000000e+02 3.165651916786497384e-60
1.025469723510942276e-06 1.800000000000000000e+02 4.119381151944713680e-60
1.633455889381223358e-06 1.800000000000000000e+02 5.408173383452399174e-60
2.601908258606654861e-06 1.800000000000000000e+02 7.180221349889449140e-60
4.144542029090266371e-06 1.800000000000000000e+02 9.632783893364248253e-60
6.601781048227371505e-06 1.800000000000000000e+02 1.319672896220399771e-59
1.051588153837608446e-05 1.800000000000000000e+02 1.845841653411513319e-59
1.675059559251080012e-05 1.800000000000000000e+02 2.650507423347885771e-59
2.668178142554203833e-05 1.800000000000000000e+02 3.951733892604493173e-59
4.250102368650674752e-05 1.800000000000000000e+02 6.151762267136971180e-59
6.769926586205501733e-05 1.800000000000000000e+02 1.005250565777858986e-58
1.078371813363233488e-04 1.800000000000000000e+02 1.757018144382234070e-58
1.717722863089567891e-04 1.800000000000000000e+02 3.252529585268702373e-58
2.736135902122996313e-04 1.800000000000000000e+02 6.452222667372346204e-58
4.358351300873408870e-04 1.800000000000000000e+02 1.351674861338566579e-57
6.942354744545533056e-04 1.800000000000000000e+02 2.973045370609610993e-57
1.105837645291589616e-03 1.800000000000000000e+02 6.738587379321364501e-57
1.761472789480881531e-03 1.800000000000000000e+02 1.549348346454164822e-56
2.805824527038428690e-03 1.800000000000000000e+02 3.559954298108545834e-56
4.469357303470210090e-03 1.800000000000000000e+02 8.045699642130030943e-56
7.119174600403985892e-03 1.800000000000000000e+02 1.764565645348440092e-55
1.134003024365157902e-02 1.800000000000000000e+02 3.656551871343008714e-55
1.806337014401007690e-02 1.800000000000000000e+02 7.139769686326362223e-55
2.877288101962317823e-02 1.800000000000000000e+02 1.298340305562274307e-54
4.583190598261207421e-02 1.800000000000000000e+02 2.212547378825488085e-54
7.300498009102399100e-02 1.800000000000000000e+02 3.638620440825944322e-54
1.162885767856308566e-01 1.800000000000000000e+02 6.118178958392908355e-54
1.852343918725382621e-01 1.800000000000000000e+02 2.004087349784379154e-53
2.950571834380621983e-01 1.800000000000000000e+02 7.330532056153600927e-53
4.699923195596870107e-01 1.800000000000000000e+02 2.156005023969272009e-56
7.486439674886415929e-01 1.800000000000000000e+02 0.000000000000000000e+00
