# m_chi = 0.05 [GeV]; mS = 0.2 [GeV]; gchi =0.01; gN = 0.01
# Tchi [GeV], sigma [cm^2]
9.999999999999999547e-07 0.000000000000000000e+00
1.264855216855295881e-06 0.000000000000000000e+00
1.599858719606057360e-06 0.000000000000000000e+00
2.023589647725155726e-06 0.000000000000000000e+00
2.559547922699533382e-06 0.000000000000000000e+00
3.237457542817646685e-06 0.000000000000000000e+00
4.094915062380427237e-06 0.000000000000000000e+00
5.179474679231212330e-06 0.000000000000000000e+00
6.551285568595509496e-06 0.000000000000000000e+00
8.286427728546842542e-06 0.000000000000000000e+00
1.048113134154685250e-05 0.000000000000000000e+00
1.325711365590110898e-05 0.000000000000000000e+00
1.676832936811009972e-05 0.000000000000000000e+00
2.120950887920192640e-05 0.000000000000000000e+00
2.682695795279727390e-05 0.000000000000000000e+00
3.393221771895329857e-05 0.000000000000000000e+00
4.291934260128778017e-05 0.000000000000000000e+00
5.428675439323859403e-05 0.000000000000000000e+00
6.866488450042998925e-05 0.000000000000000000e+00
8.685113737513520580e-05 0.000000000000000000e+00
1.098541141987558346e-04 0.000000000000000000e+00
1.389495494373137348e-04 0.000000000000000000e+00
1.757510624854793067e-04 0.000000000000000000e+00
2.222996482526195465e-04 0.000000000000000000e+00
2.811768697974231118e-04 0.000000000000000000e+00
3.556480306223128661e-04 0.000000000000000000e+00
4.498432668969443876e-04 0.000000000000000000e+00
5.689866029018298636e-04 0.000000000000000000e+00
7.196856730011521675e-04 0.000000000000000000e+00
9.102981779915217267e-04 0.000000000000000000e+00
1.151395399326448146e-03 0.000000000000000000e+00
1.456348477501244378e-03 0.000000000000000000e+00
1.842069969326716331e-03 0.000000000000000000e+00
2.329951810515372077e-03 0.000000000000000000e+00
2.947051702551809708e-03 0.000000000000000000e+00
3.727593720314941773e-03 0.000000000000000000e+00
4.714866363457394238e-03 0.000000000000000000e+00
5.963623316594642357e-03 0.000000000000000000e+00
7.543120063354623143e-03 0.000000000000000000e+00
9.540954763499944619e-03 0.000000000000000000e+00
1.206792640639328847e-02 0.000000000000000000e+00
1.526417967175233356e-02 0.000000000000000000e+00
1.930697728883249559e-02 0.000000000000000000e+00
2.442053094548649744e-02 0.000000000000000000e+00
3.088843596477484910e-02 0.000000000000000000e+00
3.906939937054620948e-02 0.000000000000000000e+00
4.941713361323837872e-02 0.000000000000000000e+00
6.250551925273975518e-02 0.000000000000000000e+00
7.906043210907701124e-02 0.000000000000000000e+00
1.000000000000000056e-01 0.000000000000000000e+00
1.258925411794167282e-01 0.000000000000000000e+00
1.313310289679490150e-01 0.000000000000000000e+00
1.370044564053987113e-01 0.000000000000000000e+00
1.429229727539835237e-01 0.000000000000000000e+00
1.490971657184064214e-01 0.000000000000000000e+00
1.555380803863272154e-01 6.456629023510209019e-38
1.622572389870521326e-01 1.152497025820063232e-37
1.692666615037875799e-01 3.926843155509539599e-37
1.765788871763319112e-01 8.634668887465402121e-37
1.842069969326715906e-01 1.536366140638179077e-36
1.921646367896096275e-01 2.271349607528969843e-36
2.004660422642884077e-01 3.194823615397836595e-36
2.091260638402766547e-01 4.097628755869172533e-36
2.181601935337768583e-01 4.994006211806757722e-36
2.275845926074788750e-01 5.822066091092983388e-36
2.374161204816356840e-01 6.488860271099029179e-36
2.476723648940822031e-01 7.092878606068167377e-36
2.583716733631498119e-01 7.542626773914995392e-36
2.695331860097615051e-01 7.846274333471060941e-36
2.811768697974230680e-01 8.103780193800587763e-36
2.933235542513630834e-01 8.218067956070045359e-36
3.059949687207196289e-01 8.370972362827650034e-36
3.192137812504330929e-01 8.348039123921222284e-36
3.330036391323831224e-01 8.298771613910663415e-36
3.473892112083115657e-01 8.133432303812309423e-36
3.623962320002086512e-01 8.052697675951825464e-36
3.780515477471075858e-01 7.857200145490617762e-36
3.943831644306425854e-01 7.637700872962236102e-36
4.114202978752842244e-01 7.397374025628436626e-36
4.291934260128778544e-01 7.121822140555398965e-36
4.477343434049798621e-01 6.857212458860222555e-36
4.670762181205299624e-01 6.620980709121514434e-36
4.872536510706058088e-01 6.294454788967848455e-36
5.083027379064073425e-01 5.989824801822568238e-36
5.302611335911987522e-01 5.732444687182825565e-36
5.531681197617227541e-01 5.410557818122051897e-36
5.770646749995906877e-01 5.116952461806691443e-36
6.019935481383572595e-01 4.846754560555129604e-36
6.279993347374204227e-01 4.523198843633422127e-36
6.551285568595509590e-01 4.270200347755813392e-36
6.834297462947672708e-01 4.005915332140843489e-36
7.129535313794351792e-01 3.737244996712195511e-36
7.437527275659046033e-01 3.497815870005161731e-36
7.758824319047037399e-01 3.265459541819065166e-36
8.094001216083124284e-01 3.052293473213859669e-36
8.443657568728348828e-01 2.875793183052183324e-36
8.808418881415118751e-01 2.642191859555290020e-36
9.188937680019572118e-01 2.458439285444825544e-36
9.585894679172923816e-01 2.287317645842989851e-36
1.000000000000000000e+00 2.107359700930357841e-36
