# m_chi = 0.03 [GeV]; mS = 0.2 [GeV]; gchi =0.01; gN = 0.01
# Tchi [GeV], sigma [cm^2]
9.999999999999999547e-07 0.000000000000000000e+00
1.264855216855295881e-06 0.000000000000000000e+00
1.599858719606057360e-06 0.000000000000000000e+00
2.023589647725155726e-06 0.000000000000000000e+00
2.559547922699533382e-06 0.000000000000000000e+00
3.237457542817646685e-06 0.000000000000000000e+00
4.094915062380427237e-06 0.000000000000000000e+00
5.179474679231212330e-06 0.000000000000000000e+00
6.551285568595509496e-06 0.000000000000000000e+00
8.286427728546842542e-06 0.000000000000000000e+00
1.048113134154685250e-05 0.000000000000000000e+00
1.325711365590110898e-05 0.000000000000000000e+00
1.676832936811009972e-05 0.000000000000000000e+00
2.120950887920192640e-05 0.000000000000000000e+00
2.682695795279727390e-05 0.000000000000000000e+00
3.393221771895329857e-05 0.000000000000000000e+00
4.291934260128778017e-05 0.000000000000000000e+00
5.428675439323859403e-05 0.000000000000000000e+00
6.866488450042998925e-05 0.000000000000000000e+00
8.685113737513520580e-05 0.000000000000000000e+00
1.098541141987558346e-04 0.000000000000000000e+00
1.389495494373137348e-04 0.000000000000000000e+00
1.757510624854793067e-04 0.000000000000000000e+00
2.222996482526195465e-04 0.000000000000000000e+00
2.811768697974231118e-04 0.000000000000000000e+00
3.556480306223128661e-04 0.000000000000000000e+00
4.498432668969443876e-04 0.000000000000000000e+00
5.689866029018298636e-04 0.000000000000000000e+00
7.196856730011521675e-04 0.000000000000000000e+00
9.102981779915217267e-04 0.000000000000000000e+00
1.151395399326448146e-03 0.000000000000000000e+00
1.456348477501244378e-03 0.000000000000000000e+00
1.842069969326716331e-03 0.000000000000000000e+00
2.329951810515372077e-03 0.000000000000000000e+00
2.947051702551809708e-03 0.000000000000000000e+00
3.727593720314941773e-03 0.000000000000000000e+00
4.714866363457394238e-03 0.000000000000000000e+00
5.963623316594642357e-03 0.000000000000000000e+00
7.543120063354623143e-03 0.000000000000000000e+00
9.540954763499944619e-03 0.000000000000000000e+00
1.206792640639328847e-02 0.000000000000000000e+00
1.526417967175233356e-02 0.000000000000000000e+00
1.930697728883249559e-02 0.000000000000000000e+00
2.442053094548649744e-02 0.000000000000000000e+00
3.088843596477484910e-02 0.000000000000000000e+00
3.906939937054620948e-02 0.000000000000000000e+00
4.941713361323837872e-02 0.000000000000000000e+00
6.250551925273975518e-02 0.000000000000000000e+00
7.906043210907701124e-02 0.000000000000000000e+00
1.000000000000000056e-01 0.000000000000000000e+00
1.258925411794167282e-01 0.000000000000000000e+00
1.313310289679490150e-01 0.000000000000000000e+00
1.370044564053987113e-01 0.000000000000000000e+00
1.429229727539835237e-01 0.000000000000000000e+00
1.490971657184064214e-01 0.000000000000000000e+00
1.555380803863272154e-01 0.000000000000000000e+00
1.622572389870521326e-01 0.000000000000000000e+00
1.692666615037875799e-01 0.000000000000000000e+00
1.765788871763319112e-01 8.229700247472199657e-38
1.842069969326715906e-01 3.542157026323444763e-37
1.921646367896096275e-01 8.331976418714990355e-37
2.004660422642884077e-01 1.497985783023801077e-36
2.091260638402766547e-01 2.326030595941762069e-36
2.181601935337768583e-01 3.290377239298574058e-36
2.275845926074788750e-01 4.227050683521274946e-36
2.374161204816356840e-01 5.172050025548626740e-36
2.476723648940822031e-01 5.935123802180170142e-36
2.583716733631498119e-01 6.592125602593421112e-36
2.695331860097615051e-01 7.113313772374483660e-36
2.811768697974230680e-01 7.447862618799143188e-36
2.933235542513630834e-01 7.835754165014723838e-36
3.059949687207196289e-01 7.949448859500937125e-36
3.192137812504330929e-01 8.086004901899728449e-36
3.330036391323831224e-01 8.166167824163473552e-36
3.473892112083115657e-01 8.023721846741587627e-36
3.623962320002086512e-01 8.125804961219306023e-36
3.780515477471075858e-01 7.907483097563117074e-36
3.943831644306425854e-01 7.642993746936006502e-36
4.114202978752842244e-01 7.455396256642194630e-36
4.291934260128778544e-01 7.240272506755367612e-36
4.477343434049798621e-01 6.968449159122661774e-36
4.670762181205299624e-01 6.665886671891312519e-36
4.872536510706058088e-01 6.428787412710779605e-36
5.083027379064073425e-01 6.080975966065373225e-36
5.302611335911987522e-01 5.749863270262099864e-36
5.531681197617227541e-01 5.489577763774753705e-36
5.770646749995906877e-01 5.193241727229447546e-36
6.019935481383572595e-01 4.888641932578709173e-36
6.279993347374204227e-01 4.575548455142274361e-36
6.551285568595509590e-01 4.302044453377507628e-36
6.834297462947672708e-01 4.055665195461584729e-36
7.129535313794351792e-01 3.783591132295285136e-36
7.437527275659046033e-01 3.545711435211468419e-36
7.758824319047037399e-01 3.316205420644656588e-36
8.094001216083124284e-01 3.068486324264266223e-36
8.443657568728348828e-01 2.870057944133639616e-36
8.808418881415118751e-01 2.683320891503161658e-36
9.188937680019572118e-01 2.494664046768558001e-36
9.585894679172923816e-01 2.280976892102961904e-36
1.000000000000000000e+00 2.127771567027469083e-36
