# atom 56: Tchi 0.5736152510448679 [GeV]; m_chi = 0.013333333333333334 [GeV]; mS = 0.04 [GeV]; gchi =0.01; gN = 0.01
# Tchi^prime [GeV], theta [degree] ,dsigma/dTchip dtheta [cm^2/GeV]
9.999999999999999547e-08 0.000000000000000000e+00 0.000000000000000000e+00
1.578075485547191318e-07 0.000000000000000000e+00 0.000000000000000000e+00
2.490322238085003244e-07 0.000000000000000000e+00 0.000000000000000000e+00
3.929916475034959908e-07 0.000000000000000000e+00 0.000000000000000000e+00
6.201704849500700412e-07 0.000000000000000000e+00 0.000000000000000000e+00
9.786758391596188787e-07 0.000000000000000000e+00 0.000000000000000000e+00
1.544424350075120399e-06 0.000000000000000000e+00 0.000000000000000000e+00
2.437218206135700938e-06 0.000000000000000000e+00 0.000000000000000000e+00
3.846114304032050578e-06 0.000000000000000000e+00 0.000000000000000000e+00
6.069458697805375515e-06 0.000000000000000000e+00 0.000000000000000000e+00
9.578063981547841780e-06 0.000000000000000000e+00 0.000000000000000000e+00
1.511490796828317329e-05 0.000000000000000000e+00 0.000000000000000000e+00
2.385246573104953216e-05 0.000000000000000000e+00 0.000000000000000000e+00
3.764099144002372579e-05 0.000000000000000000e+00 0.000000000000000000e+00
5.940032584319311263e-05 0.000000000000000000e+00 0.000000000000000000e+00
9.373819804665835351e-05 0.000000000000000000e+00 0.000000000000000000e+00
1.479259523967991520e-04 0.000000000000000000e+00 0.000000000000000000e+00
2.334383191536095023e-04 0.000000000000000000e+00 0.000000000000000000e+00
3.683832888436525143e-04 0.000000000000000000e+00 0.000000000000000000e+00
5.813366374094181130e-04 0.000000000000000000e+00 0.000000000000000000e+00
9.173930963462390009e-04 0.000000000000000000e+00 0.000000000000000000e+00
1.447715555954232330e-03 0.000000000000000000e+00 0.000000000000000000e+00
2.284604428896697213e-03 0.000000000000000000e+00 0.000000000000000000e+00
3.605278243414418785e-03 0.000000000000000000e+00 0.000000000000000000e+00
5.689401214508922090e-03 0.000000000000000000e+00 0.000000000000000000e+00
8.978304584058946491e-03 0.000000000000000000e+00 0.000000000000000000e+00
1.416844236587939607e-02 0.000000000000000000e+00 0.000000000000000000e+00
2.235887156598252365e-02 0.000000000000000000e+00 0.000000000000000000e+00
3.528398710277515921e-02 0.000000000000000000e+00 0.000000000000000000e+00
5.568079507925274146e-02 0.000000000000000000e+00 0.000000000000000000e+00
8.786849773034542677e-02 0.000000000000000000e+00 0.000000000000000000e+00
1.386631222201171465e-01 0.000000000000000000e+00 0.000000000000000000e+00
2.188208739250008805e-01 0.000000000000000000e+00 0.000000000000000000e+00
3.453158568670564588e-01 0.000000000000000000e+00 0.000000000000000000e+00
5.449344884926244914e-01 0.000000000000000000e+00 0.000000000000000000e+00
9.999999999999999547e-08 6.206896551724137900e+00 4.267730592718050996e-40
1.578075485547191318e-07 6.206896551724137900e+00 5.371764985531003437e-40
2.490322238085003244e-07 6.206896551724137900e+00 6.750764287441690315e-40
3.929916475034959908e-07 6.206896551724137900e+00 8.501986597863123002e-40
6.201704849500700412e-07 6.206896551724137900e+00 1.067016057520978615e-39
9.786758391596188787e-07 6.206896551724137900e+00 1.342529390287016273e-39
1.544424350075120399e-06 6.206896551724137900e+00 1.691147808043030882e-39
2.437218206135700938e-06 6.206896551724137900e+00 2.133995106140848810e-39
3.846114304032050578e-06 6.206896551724137900e+00 2.695357305135803945e-39
6.069458697805375515e-06 6.206896551724137900e+00 3.404653808193434090e-39
9.578063981547841780e-06 6.206896551724137900e+00 4.296156750459004752e-39
1.511490796828317329e-05 6.206896551724137900e+00 5.454061151588979643e-39
2.385246573104953216e-05 6.206896551724137900e+00 6.931900610694624595e-39
3.764099144002372579e-05 6.206896551724137900e+00 8.818212122663977458e-39
5.940032584319311263e-05 6.206896551724137900e+00 1.127258024945507271e-38
9.373819804665835351e-05 6.206896551724137900e+00 1.447066484277535486e-38
1.479259523967991520e-04 6.206896551724137900e+00 1.865577027633204882e-38
2.334383191536095023e-04 6.206896551724137900e+00 2.419796247662697791e-38
3.683832888436525143e-04 6.206896551724137900e+00 3.176950133934591337e-38
5.813366374094181130e-04 6.206896551724137900e+00 4.215049900605690020e-38
9.173930963462390009e-04 6.206896551724137900e+00 5.683518846538020694e-38
1.447715555954232330e-03 6.206896551724137900e+00 7.802867199826709987e-38
2.284604428896697213e-03 6.206896551724137900e+00 1.093522292088699841e-37
3.605278243414418785e-03 6.206896551724137900e+00 1.572002374660528316e-37
5.689401214508922090e-03 6.206896551724137900e+00 2.345121632950432434e-37
8.978304584058946491e-03 6.206896551724137900e+00 3.628423298557398094e-37
1.416844236587939607e-02 6.206896551724137900e+00 5.813394003043254288e-37
2.235887156598252365e-02 6.206896551724137900e+00 9.715924030145514547e-37
3.528398710277515921e-02 6.206896551724137900e+00 1.668216057775343825e-36
5.568079507925274146e-02 6.206896551724137900e+00 2.963478460740564370e-36
8.786849773034542677e-02 6.206896551724137900e+00 5.457870878900391386e-36
1.386631222201171465e-01 6.206896551724137900e+00 1.077321182571366812e-35
2.188208739250008805e-01 6.206896551724137900e+00 2.428206655486488360e-35
3.453158568670564588e-01 6.206896551724137900e+00 0.000000000000000000e+00
5.449344884926244914e-01 6.206896551724137900e+00 0.000000000000000000e+00
9.999999999999999547e-08 1.241379310344827580e+01 8.480933182755609813e-40
1.578075485547191318e-07 1.241379310344827580e+01 1.065420124342773510e-39
2.490322238085003244e-07 1.241379310344827580e+01 1.340976386483128843e-39
3.929916475034959908e-07 1.241379310344827580e+01 1.688128273303255445e-39
6.201704849500700412e-07 1.241379310344827580e+01 2.126924437075870268e-39
9.786758391596188787e-07 1.241379310344827580e+01 2.669173325624651447e-39
1.544424350075120399e-06 1.241379310344827580e+01 3.359801790189766597e-39
2.437218206135700938e-06 1.241379310344827580e+01 4.236714263040780088e-39
3.846114304032050578e-06 1.241379310344827580e+01 5.357477966300332933e-39
6.069458697805375515e-06 1.241379310344827580e+01 6.767645547524869875e-39
9.578063981547841780e-06 1.241379310344827580e+01 8.550597106270266361e-39
1.511490796828317329e-05 1.241379310344827580e+01 1.080607408644575947e-38
2.385246573104953216e-05 1.241379310344827580e+01 1.377357227332336721e-38
3.764099144002372579e-05 1.241379310344827580e+01 1.745960552855944631e-38
5.940032584319311263e-05 1.241379310344827580e+01 2.234241658166812180e-38
9.373819804665835351e-05 1.241379310344827580e+01 2.864649728436435983e-38
1.479259523967991520e-04 1.241379310344827580e+01 3.697492696333126732e-38
2.334383191536095023e-04 1.241379310344827580e+01 4.802454197144192418e-38
3.683832888436525143e-04 1.241379310344827580e+01 6.291290981279982345e-38
5.813366374094181130e-04 1.241379310344827580e+01 8.348893489932676311e-38
9.173930963462390009e-04 1.241379310344827580e+01 1.118634276129203798e-37
1.447715555954232330e-03 1.241379310344827580e+01 1.534390710281171441e-37
2.284604428896697213e-03 1.241379310344827580e+01 2.141232962853350473e-37
3.605278243414418785e-03 1.241379310344827580e+01 3.066268232913330071e-37
5.689401214508922090e-03 1.241379310344827580e+01 4.512904235734190955e-37
8.978304584058946491e-03 1.241379310344827580e+01 6.890038284380098082e-37
1.416844236587939607e-02 1.241379310344827580e+01 1.077616683657405641e-36
2.235887156598252365e-02 1.241379310344827580e+01 1.732677339517688413e-36
3.528398710277515921e-02 1.241379310344827580e+01 2.813994606598815596e-36
5.568079507925274146e-02 1.241379310344827580e+01 4.594962037758657516e-36
8.786849773034542677e-02 1.241379310344827580e+01 7.540300687577913143e-36
1.386631222201171465e-01 1.241379310344827580e+01 1.282162081285194607e-35
2.188208739250008805e-01 1.241379310344827580e+01 2.424072299697075127e-35
3.453158568670564588e-01 1.241379310344827580e+01 0.000000000000000000e+00
5.449344884926244914e-01 1.241379310344827580e+01 0.000000000000000000e+00
9.999999999999999547e-08 1.862068965517241281e+01 1.260718097853400438e-39
1.578075485547191318e-07 1.862068965517241281e+01 1.584583378730836246e-39
2.490322238085003244e-07 1.862068965517241281e+01 1.995684220707904160e-39
3.929916475034959908e-07 1.862068965517241281e+01 2.503632025615353454e-39
6.201704849500700412e-07 1.862068965517241281e+01 3.158541163073081699e-39
9.786758391596188787e-07 1.862068965517241281e+01 3.960485047438315627e-39
1.544424350075120399e-06 1.862068965517241281e+01 5.000960280096176471e-39
2.437218206135700938e-06 1.862068965517241281e+01 6.297794751208315877e-39
3.846114304032050578e-06 1.862068965517241281e+01 7.951828647293538075e-39
6.069458697805375515e-06 1.862068965517241281e+01 1.002289949975393664e-38
9.578063981547841780e-06 1.862068965517241281e+01 1.268773126910409074e-38
1.511490796828317329e-05 1.862068965517241281e+01 1.607581971594625510e-38
2.385246573104953216e-05 1.862068965517241281e+01 2.038414339571311858e-38
3.764099144002372579e-05 1.862068965517241281e+01 2.595644985239010566e-38
5.940032584319311263e-05 1.862068965517241281e+01 3.311391874585221612e-38
9.373819804665835351e-05 1.862068965517241281e+01 4.251089320237628830e-38
1.479259523967991520e-04 1.862068965517241281e+01 5.459126883402364522e-38
2.334383191536095023e-04 1.862068965517241281e+01 7.113526501830996949e-38
3.683832888436525143e-04 1.862068965517241281e+01 9.291496116586638964e-38
5.813366374094181130e-04 1.862068965517241281e+01 1.228047061527904304e-37
9.173930963462390009e-04 1.862068965517241281e+01 1.646796683980930593e-37
1.447715555954232330e-03 1.862068965517241281e+01 2.238091417071857774e-37
2.284604428896697213e-03 1.862068965517241281e+01 3.103898667487752014e-37
3.605278243414418785e-03 1.862068965517241281e+01 4.394350813653407037e-37
5.689401214508922090e-03 1.862068965517241281e+01 6.377914926647759775e-37
8.978304584058946491e-03 1.862068965517241281e+01 9.474200542101151295e-37
1.416844236587939607e-02 1.862068965517241281e+01 1.435187031074503530e-36
2.235887156598252365e-02 1.862068965517241281e+01 2.191297611301877358e-36
3.528398710277515921e-02 1.862068965517241281e+01 3.316776479332146348e-36
5.568079507925274146e-02 1.862068965517241281e+01 4.926441309221641046e-36
8.786849773034542677e-02 1.862068965517241281e+01 7.262251759807129975e-36
1.386631222201171465e-01 1.862068965517241281e+01 1.117484883836073369e-35
2.188208739250008805e-01 1.862068965517241281e+01 1.951868427496187401e-35
3.453158568670564588e-01 1.862068965517241281e+01 0.000000000000000000e+00
5.449344884926244914e-01 1.862068965517241281e+01 0.000000000000000000e+00
9.999999999999999547e-08 2.482758620689655160e+01 1.658061529719251578e-39
1.578075485547191318e-07 2.482758620689655160e+01 2.086029642587958641e-39
2.490322238085003244e-07 2.482758620689655160e+01 2.619776035569097069e-39
3.929916475034959908e-07 2.482758620689655160e+01 3.299600487786611569e-39
6.201704849500700412e-07 2.482758620689655160e+01 4.151313387618222360e-39
9.786758391596188787e-07 2.482758620689655160e+01 5.220180487056703524e-39
1.544424350075120399e-06 2.482758620689655160e+01 6.575962456913971427e-39
2.437218206135700938e-06 2.482758620689655160e+01 8.279974831402872498e-39
3.846114304032050578e-06 2.482758620689655160e+01 1.045222240118446353e-38
6.069458697805375515e-06 2.482758620689655160e+01 1.319129484899255548e-38
9.578063981547841780e-06 2.482758620689655160e+01 1.668196145305600527e-38
1.511490796828317329e-05 2.482758620689655160e+01 2.109206813463305557e-38
2.385246573104953216e-05 2.482758620689655160e+01 2.671775909224336541e-38
3.764099144002372579e-05 2.482758620689655160e+01 3.394322929514098549e-38
5.940032584319311263e-05 2.482758620689655160e+01 4.336733357197548584e-38
9.373819804665835351e-05 2.482758620689655160e+01 5.538269702117581347e-38
1.479259523967991520e-04 2.482758620689655160e+01 7.165268521349479569e-38
2.334383191536095023e-04 2.482758620689655160e+01 9.240655430678294711e-38
3.683832888436525143e-04 2.482758620689655160e+01 1.208539030990274698e-37
5.813366374094181130e-04 2.482758620689655160e+01 1.593677704627868288e-37
9.173930963462390009e-04 2.482758620689655160e+01 2.121201876751586637e-37
1.447715555954232330e-03 2.482758620689655160e+01 2.871044969379995030e-37
2.284604428896697213e-03 2.482758620689655160e+01 3.944785847885067336e-37
3.605278243414418785e-03 2.482758620689655160e+01 5.532518650823737380e-37
5.689401214508922090e-03 2.482758620689655160e+01 7.876354228089153975e-37
8.978304584058946491e-03 2.482758620689655160e+01 1.138432614907957959e-36
1.416844236587939607e-02 2.482758620689655160e+01 1.652143988919145806e-36
2.235887156598252365e-02 2.482758620689655160e+01 2.385179741505277530e-36
3.528398710277515921e-02 2.482758620689655160e+01 3.364664293759519099e-36
5.568079507925274146e-02 2.482758620689655160e+01 4.643699018814627434e-36
8.786849773034542677e-02 2.482758620689655160e+01 6.417992876794615436e-36
1.386631222201171465e-01 2.482758620689655160e+01 9.342469422654612417e-36
2.188208739250008805e-01 2.482758620689655160e+01 1.578801953986028146e-35
3.453158568670564588e-01 2.482758620689655160e+01 0.000000000000000000e+00
5.449344884926244914e-01 2.482758620689655160e+01 0.000000000000000000e+00
9.999999999999999547e-08 3.103448275862069039e+01 2.036451429773371410e-39
1.578075485547191318e-07 3.103448275862069039e+01 2.559862777003244226e-39
2.490322238085003244e-07 3.103448275862069039e+01 3.212376271903177726e-39
3.929916475034959908e-07 3.103448275862069039e+01 4.043466278714885265e-39
6.201704849500700412e-07 3.103448275862069039e+01 5.091393816009222984e-39
9.786758391596188787e-07 3.103448275862069039e+01 6.408897267269763971e-39
1.544424350075120399e-06 3.103448275862069039e+01 8.058413443267792860e-39
2.437218206135700938e-06 3.103448275862069039e+01 1.016209949947252001e-38
3.846114304032050578e-06 3.103448275862069039e+01 1.280319609783258955e-38
6.069458697805375515e-06 3.103448275862069039e+01 1.616988259714646009e-38
9.578063981547841780e-06 3.103448275862069039e+01 2.037116987016648086e-38
1.511490796828317329e-05 3.103448275862069039e+01 2.585952747774782775e-38
2.385246573104953216e-05 3.103448275862069039e+01 3.282932840790134652e-38
3.764099144002372579e-05 3.103448275862069039e+01 4.162808504343072800e-38
5.940032584319311263e-05 3.103448275862069039e+01 5.300597493827592404e-38
9.373819804665835351e-05 3.103448275862069039e+01 6.779388832423465026e-38
1.479259523967991520e-04 3.103448275862069039e+01 8.713005735388123747e-38
2.334383191536095023e-04 3.103448275862069039e+01 1.126674132313536222e-37
3.683832888436525143e-04 3.103448275862069039e+01 1.466514904017443316e-37
5.813366374094181130e-04 3.103448275862069039e+01 1.923908045886222533e-37
9.173930963462390009e-04 3.103448275862069039e+01 2.555462669597572849e-37
1.447715555954232330e-03 3.103448275862069039e+01 3.429397746251747983e-37
2.284604428896697213e-03 3.103448275862069039e+01 4.665117166059358152e-37
3.605278243414418785e-03 3.103448275862069039e+01 6.427156101601831912e-37
5.689401214508922090e-03 3.103448275862069039e+01 8.956342948753848973e-37
8.978304584058946491e-03 3.103448275862069039e+01 1.259617409623490297e-36
1.416844236587939607e-02 3.103448275862069039e+01 1.752853414900735712e-36
2.235887156598252365e-02 3.103448275862069039e+01 2.408674288850858522e-36
3.528398710277515921e-02 3.103448275862069039e+01 3.210520201462778459e-36
5.568079507925274146e-02 3.103448275862069039e+01 4.196608856787676986e-36
8.786849773034542677e-02 3.103448275862069039e+01 5.535941224520768678e-36
1.386631222201171465e-01 3.103448275862069039e+01 7.836017296174540134e-36
2.188208739250008805e-01 3.103448275862069039e+01 1.305106544257733687e-35
3.453158568670564588e-01 3.103448275862069039e+01 0.000000000000000000e+00
5.449344884926244914e-01 3.103448275862069039e+01 0.000000000000000000e+00
9.999999999999999547e-08 3.724137931034482563e+01 2.388663286561773337e-39
1.578075485547191318e-07 3.724137931034482563e+01 2.999239064063708343e-39
2.490322238085003244e-07 3.724137931034482563e+01 3.773737344903022608e-39
3.929916475034959908e-07 3.724137931034482563e+01 4.740240948490592134e-39
6.201704849500700412e-07 3.724137931034482563e+01 5.962271466059628185e-39
9.786758391596188787e-07 3.724137931034482563e+01 7.517371836938517604e-39
1.544424350075120399e-06 3.724137931034482563e+01 9.468185465830894161e-39
2.437218206135700938e-06 3.724137931034482563e+01 1.191616034484453868e-38
3.846114304032050578e-06 3.724137931034482563e+01 1.501842164324380613e-38
6.069458697805375515e-06 3.724137931034482563e+01 1.895357565711602529e-38
9.578063981547841780e-06 3.724137931034482563e+01 2.387149384880985131e-38
1.511490796828317329e-05 3.724137931034482563e+01 3.018988439523167517e-38
2.385246573104953216e-05 3.724137931034482563e+01 3.835068671364095694e-38
3.764099144002372579e-05 3.724137931034482563e+01 4.875181049375584510e-38
5.940032584319311263e-05 3.724137931034482563e+01 6.192846178322946566e-38
9.373819804665835351e-05 3.724137931034482563e+01 7.911242258203559061e-38
1.479259523967991520e-04 3.724137931034482563e+01 1.012939997845583330e-37
2.334383191536095023e-04 3.724137931034482563e+01 1.306999461918770353e-37
3.683832888436525143e-04 3.724137931034482563e+01 1.696312644365702455e-37
5.813366374094181130e-04 3.724137931034482563e+01 2.215175356075534693e-37
9.173930963462390009e-04 3.724137931034482563e+01 2.920840202488364444e-37
1.447715555954232330e-03 3.724137931034482563e+01 3.885867858671804758e-37
2.284604428896697213e-03 3.724137931034482563e+01 5.230677993073370591e-37
3.605278243414418785e-03 3.724137931034482563e+01 7.112117357854270154e-37
5.689401214508922090e-03 3.724137931034482563e+01 9.667756667898320002e-37
8.978304584058946491e-03 3.724137931034482563e+01 1.320013412092411658e-36
1.416844236587939607e-02 3.724137931034482563e+01 1.764939729545773060e-36
2.235887156598252365e-02 3.724137931034482563e+01 2.322459650602910127e-36
3.528398710277515921e-02 3.724137931034482563e+01 2.963099314221846131e-36
5.568079507925274146e-02 3.724137931034482563e+01 3.741112798141806365e-36
8.786849773034542677e-02 3.724137931034482563e+01 4.796300483236698366e-36
1.386631222201171465e-01 3.724137931034482563e+01 6.702328782352172059e-36
2.188208739250008805e-01 3.724137931034482563e+01 1.101560387105769866e-35
3.453158568670564588e-01 3.724137931034482563e+01 2.934547123469171818e-35
5.449344884926244914e-01 3.724137931034482563e+01 0.000000000000000000e+00
9.999999999999999547e-08 4.344827586206896797e+01 2.714719332819548549e-39
1.578075485547191318e-07 4.344827586206896797e+01 3.410361476332247593e-39
2.490322238085003244e-07 4.344827586206896797e+01 4.280767160141015099e-39
3.929916475034959908e-07 4.344827586206896797e+01 5.388191938546330539e-39
6.201704849500700412e-07 4.344827586206896797e+01 6.782959084354487128e-39
9.786758391596188787e-07 4.344827586206896797e+01 8.537073357186277552e-39
1.544424350075120399e-06 4.344827586206896797e+01 1.074152606656770059e-38
2.437218206135700938e-06 4.344827586206896797e+01 1.351311630286095785e-38
3.846114304032050578e-06 4.344827586206896797e+01 1.707027042586602701e-38
6.069458697805375515e-06 4.344827586206896797e+01 2.149027053204883988e-38
9.578063981547841780e-06 4.344827586206896797e+01 2.711675406062931888e-38
1.511490796828317329e-05 4.344827586206896797e+01 3.431336691323190533e-38
2.385246573104953216e-05 4.344827586206896797e+01 4.335893745098900526e-38
3.764099144002372579e-05 4.344827586206896797e+01 5.504125460055278392e-38
5.940032584319311263e-05 4.344827586206896797e+01 6.988103983575455900e-38
9.373819804665835351e-05 4.344827586206896797e+01 8.933042345738985551e-38
1.479259523967991520e-04 4.344827586206896797e+01 1.140503935134355268e-37
2.334383191536095023e-04 4.344827586206896797e+01 1.466539926308926353e-37
3.683832888436525143e-04 4.344827586206896797e+01 1.898625408204492897e-37
5.813366374094181130e-04 4.344827586206896797e+01 2.469444743938559058e-37
9.173930963462390009e-04 4.344827586206896797e+01 3.229048248506819288e-37
1.447715555954232330e-03 4.344827586206896797e+01 4.259084243769376586e-37
2.284604428896697213e-03 4.344827586206896797e+01 5.655537406817451574e-37
3.605278243414418785e-03 4.344827586206896797e+01 7.528110783106859931e-37
5.689401214508922090e-03 4.344827586206896797e+01 1.007313956094144256e-36
8.978304584058946491e-03 4.344827586206896797e+01 1.329085290128336164e-36
1.416844236587939607e-02 4.344827586206896797e+01 1.728901273236362971e-36
2.235887156598252365e-02 4.344827586206896797e+01 2.189958464524854965e-36
3.528398710277515921e-02 4.344827586206896797e+01 2.704969640246756173e-36
5.568079507925274146e-02 4.344827586206896797e+01 3.328873962072663826e-36
8.786849773034542677e-02 4.344827586206896797e+01 4.210804002967533440e-36
1.386631222201171465e-01 4.344827586206896797e+01 5.816927691529806273e-36
2.188208739250008805e-01 4.344827586206896797e+01 9.401736136682190215e-36
3.453158568670564588e-01 4.344827586206896797e+01 4.177251862746519464e-35
5.449344884926244914e-01 4.344827586206896797e+01 0.000000000000000000e+00
9.999999999999999547e-08 4.965517241379310320e+01 3.003670869286364031e-39
1.578075485547191318e-07 4.965517241379310320e+01 3.775941543463725374e-39
2.490322238085003244e-07 4.965517241379310320e+01 4.757273822438945957e-39
3.929916475034959908e-07 4.965517241379310320e+01 5.975629615541868979e-39
6.201704849500700412e-07 4.965517241379310320e+01 7.515920052532414265e-39
9.786758391596188787e-07 4.965517241379310320e+01 9.476739570352673778e-39
1.544424350075120399e-06 4.965517241379310320e+01 1.188678884529532920e-38
2.437218206135700938e-06 4.965517241379310320e+01 1.493603783221424791e-38
3.846114304032050578e-06 4.965517241379310320e+01 1.888597971024875713e-38
6.069458697805375515e-06 4.965517241379310320e+01 2.378587634246409532e-38
9.578063981547841780e-06 4.965517241379310320e+01 2.998581315306613844e-38
1.511490796828317329e-05 4.965517241379310320e+01 3.784271326395678007e-38
2.385246573104953216e-05 4.965517241379310320e+01 4.800223860679869934e-38
3.764099144002372579e-05 4.965517241379310320e+01 6.046704230034983448e-38
5.940032584319311263e-05 4.965517241379310320e+01 7.703601358564228262e-38
9.373819804665835351e-05 4.965517241379310320e+01 9.824649318000258858e-38
1.479259523967991520e-04 4.965517241379310320e+01 1.254508327384138016e-37
2.334383191536095023e-04 4.965517241379310320e+01 1.606237716788040203e-37
3.683832888436525143e-04 4.965517241379310320e+01 2.061281437131453818e-37
5.813366374094181130e-04 4.965517241379310320e+01 2.666107452583868154e-37
9.173930963462390009e-04 4.965517241379310320e+01 3.463500947254586854e-37
1.447715555954232330e-03 4.965517241379310320e+01 4.519188255086462882e-37
2.284604428896697213e-03 4.965517241379310320e+01 5.938226128269959466e-37
3.605278243414418785e-03 4.965517241379310320e+01 7.776625410725276278e-37
5.689401214508922090e-03 4.965517241379310320e+01 1.017882597507402818e-36
8.978304584058946491e-03 4.965517241379310320e+01 1.309626266191280280e-36
1.416844236587939607e-02 4.965517241379310320e+01 1.655773976855328653e-36
2.235887156598252365e-02 4.965517241379310320e+01 2.039341732458849113e-36
3.528398710277515921e-02 4.965517241379310320e+01 2.459467068932665863e-36
5.568079507925274146e-02 4.965517241379310320e+01 2.964012068553945258e-36
8.786849773034542677e-02 4.965517241379310320e+01 3.701824737100744510e-36
1.386631222201171465e-01 4.965517241379310320e+01 5.090929178432570442e-36
2.188208739250008805e-01 4.965517241379310320e+01 8.129952376105071175e-36
3.453158568670564588e-01 4.965517241379310320e+01 6.718992442217077110e-35
5.449344884926244914e-01 4.965517241379310320e+01 0.000000000000000000e+00
9.999999999999999547e-08 5.586206896551724554e+01 3.264899018221944265e-39
1.578075485547191318e-07 5.586206896551724554e+01 4.114066062558241464e-39
2.490322238085003244e-07 5.586206896551724554e+01 5.162482056553133790e-39
3.929916475034959908e-07 5.586206896551724554e+01 6.486122407578523115e-39
6.201704849500700412e-07 5.586206896551724554e+01 8.157666603177572300e-39
9.786758391596188787e-07 5.586206896551724554e+01 1.024171085248691339e-38
1.544424350075120399e-06 5.586206896551724554e+01 1.287847667409413703e-38
2.437218206135700938e-06 5.586206896551724554e+01 1.618782936794206064e-38
3.846114304032050578e-06 5.586206896551724554e+01 2.040416600349533676e-38
6.069458697805375515e-06 5.586206896551724554e+01 2.576079386547962130e-38
9.578063981547841780e-06 5.586206896551724554e+01 3.243222678349481146e-38
1.511490796828317329e-05 5.586206896551724554e+01 4.099574393619201925e-38
2.385246573104953216e-05 5.586206896551724554e+01 5.172580342355807125e-38
3.764099144002372579e-05 5.586206896551724554e+01 6.561106445629579992e-38
5.940032584319311263e-05 5.586206896551724554e+01 8.299986842311746414e-38
9.373819804665835351e-05 5.586206896551724554e+01 1.053700188785752125e-37
1.479259523967991520e-04 5.586206896551724554e+01 1.342855632643328482e-37
2.334383191536095023e-04 5.586206896551724554e+01 1.715859912565394885e-37
3.683832888436525143e-04 5.586206896551724554e+01 2.194616419182495927e-37
5.813366374094181130e-04 5.586206896551724554e+01 2.828692836642988722e-37
9.173930963462390009e-04 5.586206896551724554e+01 3.638465100682939572e-37
1.447715555954232330e-03 5.586206896551724554e+01 4.714294493524272314e-37
2.284604428896697213e-03 5.586206896551724554e+01 6.090674480200699695e-37
3.605278243414418785e-03 5.586206896551724554e+01 7.869744583565972353e-37
5.689401214508922090e-03 5.586206896551724554e+01 1.008644258311278796e-36
8.978304584058946491e-03 5.586206896551724554e+01 1.271299078207201958e-36
1.416844236587939607e-02 5.586206896551724554e+01 1.564197806485442370e-36
2.235887156598252365e-02 5.586206896551724554e+01 1.878549806091776636e-36
3.528398710277515921e-02 5.586206896551724554e+01 2.224967190228492930e-36
5.568079507925274146e-02 5.586206896551724554e+01 2.655863748107049595e-36
8.786849773034542677e-02 5.586206896551724554e+01 3.288728931866262895e-36
1.386631222201171465e-01 5.586206896551724554e+01 4.514252169330237596e-36
2.188208739250008805e-01 5.586206896551724554e+01 7.044807934979150572e-36
3.453158568670564588e-01 5.586206896551724554e+01 9.743071864976819104e-35
5.449344884926244914e-01 5.586206896551724554e+01 0.000000000000000000e+00
9.999999999999999547e-08 6.206896551724138078e+01 3.483777065864693645e-39
1.578075485547191318e-07 6.206896551724138078e+01 4.377005859633120624e-39
2.490322238085003244e-07 6.206896551724138078e+01 5.511008411205363259e-39
3.929916475034959908e-07 6.206896551724138078e+01 6.910164202750118155e-39
6.201704849500700412e-07 6.206896551724138078e+01 8.706805832564792872e-39
9.786758391596188787e-07 6.206896551724138078e+01 1.093304790943340796e-38
1.544424350075120399e-06 6.206896551724138078e+01 1.371695549750615853e-38
2.437218206135700938e-06 6.206896551724138078e+01 1.724983011178013627e-38
3.846114304032050578e-06 6.206896551724138078e+01 2.177575869786216093e-38
6.069458697805375515e-06 6.206896551724138078e+01 2.740450464442544006e-38
9.578063981547841780e-06 6.206896551724138078e+01 3.454225100214371241e-38
1.511490796828317329e-05 6.206896551724138078e+01 4.356958493614585126e-38
2.385246573104953216e-05 6.206896551724138078e+01 5.504930276897860210e-38
3.764099144002372579e-05 6.206896551724138078e+01 6.951722867515066975e-38
5.940032584319311263e-05 6.206896551724138078e+01 8.797071939423261892e-38
9.373819804665835351e-05 6.206896551724138078e+01 1.114952573388357626e-37
1.479259523967991520e-04 6.206896551724138078e+01 1.415644536415870319e-37
2.334383191536095023e-04 6.206896551724138078e+01 1.798511991942268507e-37
3.683832888436525143e-04 6.206896551724138078e+01 2.295733709924790514e-37
5.813366374094181130e-04 6.206896551724138078e+01 2.937023821008654339e-37
9.173930963462390009e-04 6.206896551724138078e+01 3.760954069340454782e-37
1.447715555954232330e-03 6.206896551724138078e+01 4.814470065684861080e-37
2.284604428896697213e-03 6.206896551724138078e+01 6.151174662045395365e-37
3.605278243414418785e-03 6.206896551724138078e+01 7.812433823066909517e-37
5.689401214508922090e-03 6.206896551724138078e+01 9.847873563614782098e-37
8.978304584058946491e-03 6.206896551724138078e+01 1.214622609172625658e-36
1.416844236587939607e-02 6.206896551724138078e+01 1.463119983513878872e-36
2.235887156598252365e-02 6.206896551724138078e+01 1.728766779581779222e-36
3.528398710277515921e-02 6.206896551724138078e+01 2.016660036308753592e-36
5.568079507925274146e-02 6.206896551724138078e+01 2.379052904766750350e-36
8.786849773034542677e-02 6.206896551724138078e+01 2.941614031035191430e-36
1.386631222201171465e-01 6.206896551724138078e+01 4.014180594961058084e-36
2.188208739250008805e-01 6.206896551724138078e+01 6.179651536400006328e-36
3.453158568670564588e-01 6.206896551724138078e+01 1.126963364196448320e-34
5.449344884926244914e-01 6.206896551724138078e+01 0.000000000000000000e+00
9.999999999999999547e-08 6.827586206896552312e+01 3.661571495972170358e-39
1.578075485547191318e-07 6.827586206896552312e+01 4.591966441030742850e-39
2.490322238085003244e-07 6.827586206896552312e+01 5.776777668674590452e-39
3.929916475034959908e-07 6.827586206896552312e+01 7.262170078097426529e-39
6.201704849500700412e-07 6.827586206896552312e+01 9.130920380341423882e-39
9.786758391596188787e-07 6.827586206896552312e+01 1.149690804966767695e-38
1.544424350075120399e-06 6.827586206896552312e+01 1.444248770281698230e-38
2.437218206135700938e-06 6.827586206896552312e+01 1.819244498349914975e-38
3.846114304032050578e-06 6.827586206896552312e+01 2.288302981486480244e-38
6.069458697805375515e-06 6.827586206896552312e+01 2.873890906814162920e-38
9.578063981547841780e-06 6.827586206896552312e+01 3.617551660520579605e-38
1.511490796828317329e-05 6.827586206896552312e+01 4.558158205907039178e-38
2.385246573104953216e-05 6.827586206896552312e+01 5.739540424967316704e-38
3.764099144002372579e-05 6.827586206896552312e+01 7.259087176830293739e-38
5.940032584319311263e-05 6.827586206896552312e+01 9.168706193088522960e-38
9.373819804665835351e-05 6.827586206896552312e+01 1.156992741452412707e-37
1.479259523967991520e-04 6.827586206896552312e+01 1.463039336243506287e-37
2.334383191536095023e-04 6.827586206896552312e+01 1.857184507927810652e-37
3.683832888436525143e-04 6.827586206896552312e+01 2.357742079381867071e-37
5.813366374094181130e-04 6.827586206896552312e+01 3.004914824875110444e-37
9.173930963462390009e-04 6.827586206896552312e+01 3.809217692841562541e-37
1.447715555954232330e-03 6.827586206896552312e+01 4.836917681804162217e-37
2.284604428896697213e-03 6.827586206896552312e+01 6.122333981136861370e-37
3.605278243414418785e-03 6.827586206896552312e+01 7.669612929278874023e-37
5.689401214508922090e-03 6.827586206896552312e+01 9.487298177359118900e-37
8.978304584058946491e-03 6.827586206896552312e+01 1.148297960197685481e-36
1.416844236587939607e-02 6.827586206896552312e+01 1.363726755607460707e-36
2.235887156598252365e-02 6.827586206896552312e+01 1.584971870777075162e-36
3.528398710277515921e-02 6.827586206896552312e+01 1.829285662179951348e-36
5.568079507925274146e-02 6.827586206896552312e+01 2.135751452102897572e-36
8.786849773034542677e-02 6.827586206896552312e+01 2.630758590831808729e-36
1.386631222201171465e-01 6.827586206896552312e+01 3.589462917553008853e-36
2.188208739250008805e-01 6.827586206896552312e+01 5.577117523796651275e-36
3.453158568670564588e-01 6.827586206896552312e+01 1.040886382704175579e-34
5.449344884926244914e-01 6.827586206896552312e+01 0.000000000000000000e+00
9.999999999999999547e-08 7.448275862068965125e+01 3.786755398135930426e-39
1.578075485547191318e-07 7.448275862068965125e+01 4.771429743341575498e-39
2.490322238085003244e-07 7.448275862068965125e+01 5.989444540341164520e-39
3.929916475034959908e-07 7.448275862068965125e+01 7.532230868433482823e-39
6.201704849500700412e-07 7.448275862068965125e+01 9.461075722257082682e-39
9.786758391596188787e-07 7.448275862068965125e+01 1.189514957652058323e-38
1.544424350075120399e-06 7.448275862068965125e+01 1.491816357865138607e-38
2.437218206135700938e-06 7.448275862068965125e+01 1.879283069543426748e-38
3.846114304032050578e-06 7.448275862068965125e+01 2.358225596507174912e-38
6.069458697805375515e-06 7.448275862068965125e+01 2.977342664301560943e-38
9.578063981547841780e-06 7.448275862068965125e+01 3.740477659318420509e-38
1.511490796828317329e-05 7.448275862068965125e+01 4.701901435619298921e-38
2.385246573104953216e-05 7.448275862068965125e+01 5.922155152260597793e-38
3.764099144002372579e-05 7.448275862068965125e+01 7.468622779011451837e-38
5.940032584319311263e-05 7.448275862068965125e+01 9.430989913548125374e-38
9.373819804665835351e-05 7.448275862068965125e+01 1.185715577579475012e-37
1.479259523967991520e-04 7.448275862068965125e+01 1.502427813429184568e-37
2.334383191536095023e-04 7.448275862068965125e+01 1.901727583244387331e-37
3.683832888436525143e-04 7.448275862068965125e+01 2.395292030071522348e-37
5.813366374094181130e-04 7.448275862068965125e+01 3.028405085333687626e-37
9.173930963462390009e-04 7.448275862068965125e+01 3.818076065741953464e-37
1.447715555954232330e-03 7.448275862068965125e+01 4.797849820522131592e-37
2.284604428896697213e-03 7.448275862068965125e+01 5.992968220948138948e-37
3.605278243414418785e-03 7.448275862068965125e+01 7.427165194622699919e-37
5.689401214508922090e-03 7.448275862068965125e+01 9.048730368663333475e-37
8.978304584058946491e-03 7.448275862068965125e+01 1.081528122764521278e-36
1.416844236587939607e-02 7.448275862068965125e+01 1.265422268705818013e-36
2.235887156598252365e-02 7.448275862068965125e+01 1.450614095662429656e-36
3.528398710277515921e-02 7.448275862068965125e+01 1.656975223105113355e-36
5.568079507925274146e-02 7.448275862068965125e+01 1.931915395614405309e-36
8.786849773034542677e-02 7.448275862068965125e+01 2.369738914501335904e-36
1.386631222201171465e-01 7.448275862068965125e+01 3.199040933607131731e-36
2.188208739250008805e-01 7.448275862068965125e+01 5.661876545491544088e-36
3.453158568670564588e-01 7.448275862068965125e+01 8.419134583856632543e-35
5.449344884926244914e-01 7.448275862068965125e+01 0.000000000000000000e+00
9.999999999999999547e-08 8.068965517241380780e+01 3.883369488653494957e-39
1.578075485547191318e-07 8.068965517241380780e+01 4.872279004886800450e-39
2.490322238085003244e-07 8.068965517241380780e+01 6.128851212975257351e-39
3.929916475034959908e-07 8.068965517241380780e+01 7.689314656754758393e-39
6.201704849500700412e-07 8.068965517241380780e+01 9.678171750271618351e-39
9.786758391596188787e-07 8.068965517241380780e+01 1.217682610375000892e-38
1.544424350075120399e-06 8.068965517241380780e+01 1.526359458650169482e-38
2.437218206135700938e-06 8.068965517241380780e+01 1.920262568909300471e-38
3.846114304032050578e-06 8.068965517241380780e+01 2.417195136055460535e-38
6.069458697805375515e-06 8.068965517241380780e+01 3.040908818010103269e-38
9.578063981547841780e-06 8.068965517241380780e+01 3.824073391585491894e-38
1.511490796828317329e-05 8.068965517241380780e+01 4.800341530222583325e-38
2.385246573104953216e-05 8.068965517241380780e+01 6.045027168960076664e-38
3.764099144002372579e-05 8.068965517241380780e+01 7.593409377334290332e-38
5.940032584319311263e-05 8.068965517241380780e+01 9.571361460484684185e-38
9.373819804665835351e-05 8.068965517241380780e+01 1.204248988312181984e-37
1.479259523967991520e-04 8.068965517241380780e+01 1.516701689958073552e-37
2.334383191536095023e-04 8.068965517241380780e+01 1.907632647243442043e-37
3.683832888436525143e-04 8.068965517241380780e+01 2.396167798680610921e-37
5.813366374094181130e-04 8.068965517241380780e+01 3.016148112580478501e-37
9.173930963462390009e-04 8.068965517241380780e+01 3.775832704099362567e-37
1.447715555954232330e-03 8.068965517241380780e+01 4.701030918692836669e-37
2.284604428896697213e-03 8.068965517241380780e+01 5.806978745762311872e-37
3.605278243414418785e-03 8.068965517241380780e+01 7.112652142395059183e-37
5.689401214508922090e-03 8.068965517241380780e+01 8.545418492464323425e-37
8.978304584058946491e-03 8.068965517241380780e+01 1.009332178814706632e-36
1.416844236587939607e-02 8.068965517241380780e+01 1.162038978482912640e-36
2.235887156598252365e-02 8.068965517241380780e+01 1.325342231416133087e-36
3.528398710277515921e-02 8.068965517241380780e+01 1.503588451582345544e-36
5.568079507925274146e-02 8.068965517241380780e+01 1.741349885114934554e-36
8.786849773034542677e-02 8.068965517241380780e+01 2.147009753647088382e-36
1.386631222201171465e-01 8.068965517241380780e+01 2.861579070548545083e-36
2.188208739250008805e-01 8.068965517241380780e+01 6.711240990206420068e-36
3.453158568670564588e-01 8.068965517241380780e+01 6.449376960122791351e-35
5.449344884926244914e-01 8.068965517241380780e+01 0.000000000000000000e+00
9.999999999999999547e-08 8.689655172413793593e+01 3.939663233678972077e-39
1.578075485547191318e-07 8.689655172413793593e+01 4.943440890148959005e-39
2.490322238085003244e-07 8.689655172413793593e+01 6.214738607560680459e-39
3.929916475034959908e-07 8.689655172413793593e+01 7.799402351636188385e-39
6.201704849500700412e-07 8.689655172413793593e+01 9.775580443056335296e-39
9.786758391596188787e-07 8.689655172413793593e+01 1.231616246319399282e-38
1.544424350075120399e-06 8.689655172413793593e+01 1.547068411776109638e-38
2.437218206135700938e-06 8.689655172413793593e+01 1.941321085906684793e-38
3.846114304032050578e-06 8.689655172413793593e+01 2.441260123363825293e-38
6.069458697805375515e-06 8.689655172413793593e+01 3.061782072482126386e-38
9.578063981547841780e-06 8.689655172413793593e+01 3.851224100512293537e-38
1.511490796828317329e-05 8.689655172413793593e+01 4.836129811305094355e-38
2.385246573104953216e-05 8.689655172413793593e+01 6.090069621209521672e-38
3.764099144002372579e-05 8.689655172413793593e+01 7.640643472883963334e-38
5.940032584319311263e-05 8.689655172413793593e+01 9.598934427875601143e-38
9.373819804665835351e-05 8.689655172413793593e+01 1.205419765199021705e-37
1.479259523967991520e-04 8.689655172413793593e+01 1.511921122301531596e-37
2.334383191536095023e-04 8.689655172413793593e+01 1.903576602538046818e-37
3.683832888436525143e-04 8.689655172413793593e+01 2.378134030356233363e-37
5.813366374094181130e-04 8.689655172413793593e+01 2.968234812207804472e-37
9.173930963462390009e-04 8.689655172413793593e+01 3.689307920436645980e-37
1.447715555954232330e-03 8.689655172413793593e+01 4.563537584555701278e-37
2.284604428896697213e-03 8.689655172413793593e+01 5.580998106064279079e-37
3.605278243414418785e-03 8.689655172413793593e+01 6.751247367874533145e-37
5.689401214508922090e-03 8.689655172413793593e+01 8.039095293231546654e-37
8.978304584058946491e-03 8.689655172413793593e+01 9.369471354945087452e-37
1.416844236587939607e-02 8.689655172413793593e+01 1.067384059396559066e-36
2.235887156598252365e-02 8.689655172413793593e+01 1.207837704948943272e-36
3.528398710277515921e-02 8.689655172413793593e+01 1.364755760725746979e-36
5.568079507925274146e-02 8.689655172413793593e+01 1.578160723355994381e-36
8.786849773034542677e-02 8.689655172413793593e+01 1.937606742534812940e-36
1.386631222201171465e-01 8.689655172413793593e+01 2.556725087278264476e-36
2.188208739250008805e-01 8.689655172413793593e+01 8.704239307651561345e-36
3.453158568670564588e-01 8.689655172413793593e+01 4.726611131761483118e-35
5.449344884926244914e-01 8.689655172413793593e+01 0.000000000000000000e+00
9.999999999999999547e-08 9.310344827586206407e+01 3.928705367234562258e-39
1.578075485547191318e-07 9.310344827586206407e+01 4.937054447983548168e-39
2.490322238085003244e-07 9.310344827586206407e+01 6.200218126574905533e-39
3.929916475034959908e-07 9.310344827586206407e+01 7.793987927714843915e-39
6.201704849500700412e-07 9.310344827586206407e+01 9.788330641120334716e-39
9.786758391596188787e-07 9.310344827586206407e+01 1.229435506877940208e-38
1.544424350075120399e-06 9.310344827586206407e+01 1.539250786491811059e-38
2.437218206135700938e-06 9.310344827586206407e+01 1.936834595070335868e-38
3.846114304032050578e-06 9.310344827586206407e+01 2.431769124289692751e-38
6.069458697805375515e-06 9.310344827586206407e+01 3.049817138584249661e-38
9.578063981547841780e-06 9.310344827586206407e+01 3.831474922259616203e-38
1.511490796828317329e-05 9.310344827586206407e+01 4.817465681341566411e-38
2.385246573104953216e-05 9.310344827586206407e+01 6.049066915066521339e-38
3.764099144002372579e-05 9.310344827586206407e+01 7.581672288194443971e-38
5.940032584319311263e-05 9.310344827586206407e+01 9.498127707821415678e-38
9.373819804665835351e-05 9.310344827586206407e+01 1.192078949470701754e-37
1.479259523967991520e-04 9.310344827586206407e+01 1.495518100241838289e-37
2.334383191536095023e-04 9.310344827586206407e+01 1.864305025980151361e-37
3.683832888436525143e-04 9.310344827586206407e+01 2.323118057182918077e-37
5.813366374094181130e-04 9.310344827586206407e+01 2.880013871461828748e-37
9.173930963462390009e-04 9.310344827586206407e+01 3.564198677973085439e-37
1.447715555954232330e-03 9.310344827586206407e+01 4.378498812705288853e-37
2.284604428896697213e-03 9.310344827586206407e+01 5.310064120012802492e-37
3.605278243414418785e-03 9.310344827586206407e+01 6.364708605281630805e-37
5.689401214508922090e-03 9.310344827586206407e+01 7.501500274130336152e-37
8.978304584058946491e-03 9.310344827586206407e+01 8.648773973466889292e-37
1.416844236587939607e-02 9.310344827586206407e+01 9.807291160165832322e-37
2.235887156598252365e-02 9.310344827586206407e+01 1.100306970277243585e-36
3.528398710277515921e-02 9.310344827586206407e+01 1.234648922228976577e-36
5.568079507925274146e-02 9.310344827586206407e+01 1.426384660590665522e-36
8.786849773034542677e-02 9.310344827586206407e+01 1.748061774749317079e-36
1.386631222201171465e-01 9.310344827586206407e+01 2.273762178534311829e-36
2.188208739250008805e-01 9.310344827586206407e+01 1.136800320305495103e-35
3.453158568670564588e-01 9.310344827586206407e+01 3.307930761517373258e-35
5.449344884926244914e-01 9.310344827586206407e+01 0.000000000000000000e+00
9.999999999999999547e-08 9.931034482758620641e+01 3.885496793190902609e-39
1.578075485547191318e-07 9.931034482758620641e+01 4.885179571202048939e-39
2.490322238085003244e-07 9.931034482758620641e+01 6.120369122394214973e-39
3.929916475034959908e-07 9.931034482758620641e+01 7.689281049977972014e-39
6.201704849500700412e-07 9.931034482758620641e+01 9.651471666675147529e-39
9.786758391596188787e-07 9.931034482758620641e+01 1.211881285688500142e-38
1.544424350075120399e-06 9.931034482758620641e+01 1.521345013776231873e-38
2.437218206135700938e-06 9.931034482758620641e+01 1.914797436858977243e-38
3.846114304032050578e-06 9.931034482758620641e+01 2.403606759017761897e-38
6.069458697805375515e-06 9.931034482758620641e+01 3.013616606596345042e-38
9.578063981547841780e-06 9.931034482758620641e+01 3.778826205438940260e-38
1.511490796828317329e-05 9.931034482758620641e+01 4.742270674093475965e-38
2.385246573104953216e-05 9.931034482758620641e+01 5.941347400878303817e-38
3.764099144002372579e-05 9.931034482758620641e+01 7.458997930367643352e-38
5.940032584319311263e-05 9.931034482758620641e+01 9.297991028841469622e-38
9.373819804665835351e-05 9.931034482758620641e+01 1.163685541245985470e-37
1.479259523967991520e-04 9.931034482758620641e+01 1.453504731212784115e-37
2.334383191536095023e-04 9.931034482758620641e+01 1.809106596845974582e-37
3.683832888436525143e-04 9.931034482758620641e+01 2.246909285133130270e-37
5.813366374094181130e-04 9.931034482758620641e+01 2.776578111296015458e-37
9.173930963462390009e-04 9.931034482758620641e+01 3.421902279800449495e-37
1.447715555954232330e-03 9.931034482758620641e+01 4.159824784155313931e-37
2.284604428896697213e-03 9.931034482758620641e+01 5.003837019436175322e-37
3.605278243414418785e-03 9.931034482758620641e+01 5.933020659991178672e-37
5.689401214508922090e-03 9.931034482758620641e+01 6.947397582509794449e-37
8.978304584058946491e-03 9.931034482758620641e+01 7.941451457791611233e-37
1.416844236587939607e-02 9.931034482758620641e+01 8.935324023749296185e-37
2.235887156598252365e-02 9.931034482758620641e+01 9.966116082072215521e-37
3.528398710277515921e-02 9.931034482758620641e+01 1.119102429069836799e-36
5.568079507925274146e-02 9.931034482758620641e+01 1.285999157339588458e-36
8.786849773034542677e-02 9.931034482758620641e+01 1.569515394178573374e-36
1.386631222201171465e-01 9.931034482758620641e+01 2.026291636271046484e-36
2.188208739250008805e-01 9.931034482758620641e+01 1.416588582903961687e-35
3.453158568670564588e-01 9.931034482758620641e+01 2.253575652050799332e-35
5.449344884926244914e-01 9.931034482758620641e+01 0.000000000000000000e+00
9.999999999999999547e-08 1.055172413793103630e+02 3.791132103511080333e-39
1.578075485547191318e-07 1.055172413793103630e+02 4.760075787574077645e-39
2.490322238085003244e-07 1.055172413793103630e+02 5.974122409101330218e-39
3.929916475034959908e-07 1.055172413793103630e+02 7.490654330776706778e-39
6.201704849500700412e-07 1.055172413793103630e+02 9.421506191192599986e-39
9.786758391596188787e-07 1.055172413793103630e+02 1.183122589769286592e-38
1.544424350075120399e-06 1.055172413793103630e+02 1.485002813516987990e-38
2.437218206135700938e-06 1.055172413793103630e+02 1.859264138553926687e-38
3.846114304032050578e-06 1.055172413793103630e+02 2.337247789255972895e-38
6.069458697805375515e-06 1.055172413793103630e+02 2.933344101594901362e-38
9.578063981547841780e-06 1.055172413793103630e+02 3.680417119247142620e-38
1.511490796828317329e-05 1.055172413793103630e+02 4.606661726698193025e-38
2.385246573104953216e-05 1.055172413793103630e+02 5.775245099375873951e-38
3.764099144002372579e-05 1.055172413793103630e+02 7.194865114621237501e-38
5.940032584319311263e-05 1.055172413793103630e+02 9.036659477507877929e-38
9.373819804665835351e-05 1.055172413793103630e+02 1.126002745953631818e-37
1.479259523967991520e-04 1.055172413793103630e+02 1.399085658267956719e-37
2.334383191536095023e-04 1.055172413793103630e+02 1.738494835782853927e-37
3.683832888436525143e-04 1.055172413793103630e+02 2.154287170089798514e-37
5.813366374094181130e-04 1.055172413793103630e+02 2.647122139509745492e-37
9.173930963462390009e-04 1.055172413793103630e+02 3.240558200005547944e-37
1.447715555954232330e-03 1.055172413793103630e+02 3.911476444385580063e-37
2.284604428896697213e-03 1.055172413793103630e+02 4.666512435282956996e-37
3.605278243414418785e-03 1.055172413793103630e+02 5.510851328698127105e-37
5.689401214508922090e-03 1.055172413793103630e+02 6.374306443469041163e-37
8.978304584058946491e-03 1.055172413793103630e+02 7.243343961130301056e-37
1.416844236587939607e-02 1.055172413793103630e+02 8.106037364223761043e-37
2.235887156598252365e-02 1.055172413793103630e+02 8.978655617258227308e-37
3.528398710277515921e-02 1.055172413793103630e+02 1.005358584437274582e-36
5.568079507925274146e-02 1.055172413793103630e+02 1.157167222085205846e-36
8.786849773034542677e-02 1.055172413793103630e+02 1.416323671962912482e-36
1.386631222201171465e-01 1.055172413793103630e+02 1.803319575078785542e-36
2.188208739250008805e-01 1.055172413793103630e+02 1.652665065179794549e-35
3.453158568670564588e-01 1.055172413793103630e+02 1.500335527287257220e-35
5.449344884926244914e-01 1.055172413793103630e+02 0.000000000000000000e+00
9.999999999999999547e-08 1.117241379310344911e+02 3.650017724807056417e-39
1.578075485547191318e-07 1.117241379310344911e+02 4.577316700851752865e-39
2.490322238085003244e-07 1.117241379310344911e+02 5.760576797079153479e-39
3.929916475034959908e-07 1.117241379310344911e+02 7.226789003777583535e-39
6.201704849500700412e-07 1.117241379310344911e+02 9.071918183591699798e-39
9.786758391596188787e-07 1.117241379310344911e+02 1.137822104579774971e-38
1.544424350075120399e-06 1.117241379310344911e+02 1.430457878544736816e-38
2.437218206135700938e-06 1.117241379310344911e+02 1.796121811496224606e-38
3.846114304032050578e-06 1.117241379310344911e+02 2.246214267379709890e-38
6.069458697805375515e-06 1.117241379310344911e+02 2.821603291157517592e-38
9.578063981547841780e-06 1.117241379310344911e+02 3.530753899558764091e-38
1.511490796828317329e-05 1.117241379310344911e+02 4.427343088480179817e-38
2.385246573104953216e-05 1.117241379310344911e+02 5.534156776589146424e-38
3.764099144002372579e-05 1.117241379310344911e+02 6.929047955885059069e-38
5.940032584319311263e-05 1.117241379310344911e+02 8.621981697114885249e-38
9.373819804665835351e-05 1.117241379310344911e+02 1.074220096752293887e-37
1.479259523967991520e-04 1.117241379310344911e+02 1.333680223203637665e-37
2.334383191536095023e-04 1.117241379310344911e+02 1.651481260989754356e-37
3.683832888436525143e-04 1.117241379310344911e+02 2.036480121613615184e-37
5.813366374094181130e-04 1.117241379310344911e+02 2.494153148579014499e-37
9.173930963462390009e-04 1.117241379310344911e+02 3.033490268348922082e-37
1.447715555954232330e-03 1.117241379310344911e+02 3.645067179825973406e-37
2.284604428896697213e-03 1.117241379310344911e+02 4.321375805533041014e-37
3.605278243414418785e-03 1.117241379310344911e+02 5.066738304046410728e-37
5.689401214508922090e-03 1.117241379310344911e+02 5.826939615755905266e-37
8.978304584058946491e-03 1.117241379310344911e+02 6.591809279686206061e-37
1.416844236587939607e-02 1.117241379310344911e+02 7.316540739932897431e-37
2.235887156598252365e-02 1.117241379310344911e+02 8.085866841562743335e-37
3.528398710277515921e-02 1.117241379310344911e+02 9.026661084349302327e-37
5.568079507925274146e-02 1.117241379310344911e+02 1.037816845982412360e-36
8.786849773034542677e-02 1.117241379310344911e+02 1.259089575563085750e-36
1.386631222201171465e-01 1.117241379310344911e+02 1.624066195828971054e-36
2.188208739250008805e-01 1.117241379310344911e+02 1.756054487869299440e-35
3.453158568670564588e-01 1.117241379310344911e+02 9.575543616367861887e-36
5.449344884926244914e-01 1.117241379310344911e+02 0.000000000000000000e+00
9.999999999999999547e-08 1.179310344827586192e+02 3.480391822826200524e-39
1.578075485547191318e-07 1.179310344827586192e+02 4.353434421512465634e-39
2.490322238085003244e-07 1.179310344827586192e+02 5.468836866123034257e-39
3.929916475034959908e-07 1.179310344827586192e+02 6.865861733633056330e-39
6.201704849500700412e-07 1.179310344827586192e+02 8.614605600833028846e-39
9.786758391596188787e-07 1.179310344827586192e+02 1.085240997790373544e-38
1.544424350075120399e-06 1.179310344827586192e+02 1.354590282139520332e-38
2.437218206135700938e-06 1.179310344827586192e+02 1.701383067672937017e-38
3.846114304032050578e-06 1.179310344827586192e+02 2.137164087862010370e-38
6.069458697805375515e-06 1.179310344827586192e+02 2.673011388787838443e-38
9.578063981547841780e-06 1.179310344827586192e+02 3.349059855057857320e-38
1.511490796828317329e-05 1.179310344827586192e+02 4.188959210257638004e-38
2.385246573104953216e-05 1.179310344827586192e+02 5.238174185891745260e-38
3.764099144002372579e-05 1.179310344827586192e+02 6.545746363473678464e-38
5.940032584319311263e-05 1.179310344827586192e+02 8.125871901077341900e-38
9.373819804665835351e-05 1.179310344827586192e+02 1.012830001244066020e-37
1.479259523967991520e-04 1.179310344827586192e+02 1.254168266824374831e-37
2.334383191536095023e-04 1.179310344827586192e+02 1.542436211778757822e-37
3.683832888436525143e-04 1.179310344827586192e+02 1.901238866511201023e-37
5.813366374094181130e-04 1.179310344827586192e+02 2.319245983866222294e-37
9.173930963462390009e-04 1.179310344827586192e+02 2.808808725251905385e-37
1.447715555954232330e-03 1.179310344827586192e+02 3.352275171517430530e-37
2.284604428896697213e-03 1.179310344827586192e+02 3.966186235685822412e-37
3.605278243414418785e-03 1.179310344827586192e+02 4.598789251009412755e-37
5.689401214508922090e-03 1.179310344827586192e+02 5.265286226692671563e-37
8.978304584058946491e-03 1.179310344827586192e+02 5.915063005916860787e-37
1.416844236587939607e-02 1.179310344827586192e+02 6.557513164915962478e-37
2.235887156598252365e-02 1.179310344827586192e+02 7.217406973880352901e-37
3.528398710277515921e-02 1.179310344827586192e+02 8.045174112263836913e-37
5.568079507925274146e-02 1.179310344827586192e+02 9.250310087572680178e-37
8.786849773034542677e-02 1.179310344827586192e+02 1.117299220282115367e-36
1.386631222201171465e-01 1.179310344827586192e+02 1.500698686999338984e-36
2.188208739250008805e-01 1.179310344827586192e+02 1.743087133055435249e-35
3.453158568670564588e-01 1.179310344827586192e+02 5.747254502036367151e-36
5.449344884926244914e-01 1.179310344827586192e+02 0.000000000000000000e+00
9.999999999999999547e-08 1.241379310344827616e+02 3.249205530735795246e-39
1.578075485547191318e-07 1.241379310344827616e+02 4.084635218510559498e-39
2.490322238085003244e-07 1.241379310344827616e+02 5.127083973649526648e-39
3.929916475034959908e-07 1.241379310344827616e+02 6.424921824242106295e-39
6.201704849500700412e-07 1.241379310344827616e+02 8.054859621813138065e-39
9.786758391596188787e-07 1.241379310344827616e+02 1.012531806308746837e-38
1.544424350075120399e-06 1.241379310344827616e+02 1.270212524641080996e-38
2.437218206135700938e-06 1.241379310344827616e+02 1.599882430516837151e-38
3.846114304032050578e-06 1.241379310344827616e+02 1.992509444446890509e-38
6.069458697805375515e-06 1.241379310344827616e+02 2.504520673322317828e-38
9.578063981547841780e-06 1.241379310344827616e+02 3.123194826554123869e-38
1.511490796828317329e-05 1.241379310344827616e+02 3.908737661721288669e-38
2.385246573104953216e-05 1.241379310344827616e+02 4.878759435769531676e-38
3.764099144002372579e-05 1.241379310344827616e+02 6.088090738577805754e-38
5.940032584319311263e-05 1.241379310344827616e+02 7.582226380006079402e-38
9.373819804665835351e-05 1.241379310344827616e+02 9.393098832860426579e-38
1.479259523967991520e-04 1.241379310344827616e+02 1.159801793970227299e-37
2.334383191536095023e-04 1.241379310344827616e+02 1.428822995521186683e-37
3.683832888436525143e-04 1.241379310344827616e+02 1.747554798281631913e-37
5.813366374094181130e-04 1.241379310344827616e+02 2.127329343960469773e-37
9.173930963462390009e-04 1.241379310344827616e+02 2.563021000334395043e-37
1.447715555954232330e-03 1.241379310344827616e+02 3.049907589089001825e-37
2.284604428896697213e-03 1.241379310344827616e+02 3.581630074545736573e-37
3.605278243414418785e-03 1.241379310344827616e+02 4.147357127197082839e-37
5.689401214508922090e-03 1.241379310344827616e+02 4.712884263779351440e-37
8.978304584058946491e-03 1.241379310344827616e+02 5.275857439251318764e-37
1.416844236587939607e-02 1.241379310344827616e+02 5.810120677781625413e-37
2.235887156598252365e-02 1.241379310344827616e+02 6.402145536876936862e-37
3.528398710277515921e-02 1.241379310344827616e+02 7.107782077800012580e-37
5.568079507925274146e-02 1.241379310344827616e+02 8.193820290106151894e-37
8.786849773034542677e-02 1.241379310344827616e+02 9.843374471626712934e-37
1.386631222201171465e-01 1.241379310344827616e+02 1.424739052176008996e-36
2.188208739250008805e-01 1.241379310344827616e+02 1.610849104920607647e-35
3.453158568670564588e-01 1.241379310344827616e+02 3.274182164373471938e-36
5.449344884926244914e-01 1.241379310344827616e+02 0.000000000000000000e+00
9.999999999999999547e-08 1.303448275862068897e+02 2.992990465810229309e-39
1.578075485547191318e-07 1.303448275862068897e+02 3.754632450184855738e-39
2.490322238085003244e-07 1.303448275862068897e+02 4.717069928884467556e-39
3.929916475034959908e-07 1.303448275862068897e+02 5.921850219427785006e-39
6.201704849500700412e-07 1.303448275862068897e+02 7.416033739716570406e-39
9.786758391596188787e-07 1.303448275862068897e+02 9.325628489878415042e-39
1.544424350075120399e-06 1.303448275862068897e+02 1.166034080721499314e-38
2.437218206135700938e-06 1.303448275862068897e+02 1.463614084738577230e-38
3.846114304032050578e-06 1.303448275862068897e+02 1.835071507989539485e-38
6.069458697805375515e-06 1.303448275862068897e+02 2.296090843997906656e-38
9.578063981547841780e-06 1.303448275862068897e+02 2.874684373455367596e-38
1.511490796828317329e-05 1.303448275862068897e+02 3.583470083094422827e-38
2.385246573104953216e-05 1.303448275862068897e+02 4.474464719715211473e-38
3.764099144002372579e-05 1.303448275862068897e+02 5.562021142503564260e-38
5.940032584319311263e-05 1.303448275862068897e+02 6.922522965121292094e-38
9.373819804665835351e-05 1.303448275862068897e+02 8.570904780704415913e-38
1.479259523967991520e-04 1.303448275862068897e+02 1.058051435787397235e-37
2.334383191536095023e-04 1.303448275862068897e+02 1.298184353943520587e-37
3.683832888436525143e-04 1.303448275862068897e+02 1.583712326010451595e-37
5.813366374094181130e-04 1.303448275862068897e+02 1.917187956313160891e-37
9.173930963462390009e-04 1.303448275862068897e+02 2.307416424936653105e-37
1.447715555954232330e-03 1.303448275862068897e+02 2.727128136410297397e-37
2.284604428896697213e-03 1.303448275862068897e+02 3.200292179507187198e-37
3.605278243414418785e-03 1.303448275862068897e+02 3.685965798728641156e-37
5.689401214508922090e-03 1.303448275862068897e+02 4.168290599411659502e-37
8.978304584058946491e-03 1.303448275862068897e+02 4.640376322963233527e-37
1.416844236587939607e-02 1.303448275862068897e+02 5.129026159189813887e-37
2.235887156598252365e-02 1.303448275862068897e+02 5.616062951495701438e-37
3.528398710277515921e-02 1.303448275862068897e+02 6.223126245956115004e-37
5.568079507925274146e-02 1.303448275862068897e+02 7.183154834958753264e-37
8.786849773034542677e-02 1.303448275862068897e+02 8.571657811893614126e-37
1.386631222201171465e-01 1.303448275862068897e+02 1.375449127062886015e-36
2.188208739250008805e-01 1.303448275862068897e+02 1.422434210246160329e-35
3.453158568670564588e-01 1.303448275862068897e+02 1.767988059030953535e-36
5.449344884926244914e-01 1.303448275862068897e+02 0.000000000000000000e+00
9.999999999999999547e-08 1.365517241379310462e+02 2.699727638891018513e-39
1.578075485547191318e-07 1.365517241379310462e+02 3.387256619959147961e-39
2.490322238085003244e-07 1.365517241379310462e+02 4.270021874072214680e-39
3.929916475034959908e-07 1.365517241379310462e+02 5.343234289550484409e-39
6.201704849500700412e-07 1.365517241379310462e+02 6.711938331862543222e-39
9.786758391596188787e-07 1.365517241379310462e+02 8.399307433481634325e-39
1.544424350075120399e-06 1.365517241379310462e+02 1.052270974303974997e-38
2.437218206135700938e-06 1.365517241379310462e+02 1.320746953129558295e-38
3.846114304032050578e-06 1.365517241379310462e+02 1.656056463167850237e-38
6.069458697805375515e-06 1.365517241379310462e+02 2.065330881431667854e-38
9.578063981547841780e-06 1.365517241379310462e+02 2.585707290266959515e-38
1.511490796828317329e-05 1.365517241379310462e+02 3.234217435174883940e-38
2.385246573104953216e-05 1.365517241379310462e+02 4.032468550306082333e-38
3.764099144002372579e-05 1.365517241379310462e+02 5.010117278068616415e-38
5.940032584319311263e-05 1.365517241379310462e+02 6.214833672096012473e-38
9.373819804665835351e-05 1.365517241379310462e+02 7.677860278200371095e-38
1.479259523967991520e-04 1.365517241379310462e+02 9.465108595028423720e-38
2.334383191536095023e-04 1.365517241379310462e+02 1.158898102137850167e-37
3.683832888436525143e-04 1.365517241379310462e+02 1.412611383748526995e-37
5.813366374094181130e-04 1.365517241379310462e+02 1.707480614996810783e-37
9.173930963462390009e-04 1.365517241379310462e+02 2.037833391956412252e-37
1.447715555954232330e-03 1.365517241379310462e+02 2.410945970599870030e-37
2.284604428896697213e-03 1.365517241379310462e+02 2.806024276068365591e-37
3.605278243414418785e-03 1.365517241379310462e+02 3.219178951551898998e-37
5.689401214508922090e-03 1.365517241379310462e+02 3.631311572330093338e-37
8.978304584058946491e-03 1.365517241379310462e+02 4.030658852095016190e-37
1.416844236587939607e-02 1.365517241379310462e+02 4.428707078687870716e-37
2.235887156598252365e-02 1.365517241379310462e+02 4.857511168268299535e-37
3.528398710277515921e-02 1.365517241379310462e+02 5.388403270304530168e-37
5.568079507925274146e-02 1.365517241379310462e+02 6.207877041134142991e-37
8.786849773034542677e-02 1.365517241379310462e+02 7.359422316196018614e-37
1.386631222201171465e-01 1.365517241379310462e+02 1.330976933357361908e-36
2.188208739250008805e-01 1.365517241379310462e+02 1.207607588042310554e-35
3.453158568670564588e-01 1.365517241379310462e+02 9.259768242759294900e-37
5.449344884926244914e-01 1.365517241379310462e+02 0.000000000000000000e+00
9.999999999999999547e-08 1.427586206896551744e+02 2.375914868390159091e-39
1.578075485547191318e-07 1.427586206896551744e+02 2.982908582602743948e-39
2.490322238085003244e-07 1.427586206896551744e+02 3.732955140721286363e-39
3.929916475034959908e-07 1.427586206896551744e+02 4.696309475280723460e-39
6.201704849500700412e-07 1.427586206896551744e+02 5.893223296151055427e-39
9.786758391596188787e-07 1.427586206896551744e+02 7.379132610390104814e-39
1.544424350075120399e-06 1.427586206896551744e+02 9.276409980404429727e-39
2.437218206135700938e-06 1.427586206896551744e+02 1.161855179219063140e-38
3.846114304032050578e-06 1.427586206896551744e+02 1.452404926766523546e-38
6.069458697805375515e-06 1.427586206896551744e+02 1.815669249011402556e-38
9.578063981547841780e-06 1.427586206896551744e+02 2.261331437719522957e-38
1.511490796828317329e-05 1.427586206896551744e+02 2.830104023607940587e-38
2.385246573104953216e-05 1.427586206896551744e+02 3.518290693276523916e-38
3.764099144002372579e-05 1.427586206896551744e+02 4.371103931513808521e-38
5.940032584319311263e-05 1.427586206896551744e+02 5.426872505301774361e-38
9.373819804665835351e-05 1.427586206896551744e+02 6.718403706837405533e-38
1.479259523967991520e-04 1.427586206896551744e+02 8.269613666075295765e-38
2.334383191536095023e-04 1.427586206896551744e+02 1.008570448574364090e-37
3.683832888436525143e-04 1.427586206896551744e+02 1.227721881013580361e-37
5.813366374094181130e-04 1.427586206896551744e+02 1.474967636776824836e-37
9.173930963462390009e-04 1.427586206896551744e+02 1.763664864433941207e-37
1.447715555954232330e-03 1.427586206896551744e+02 2.079973500622443547e-37
2.284604428896697213e-03 1.427586206896551744e+02 2.416927490274301728e-37
3.605278243414418785e-03 1.427586206896551744e+02 2.756543644463086849e-37
5.689401214508922090e-03 1.427586206896551744e+02 3.101175969200863919e-37
8.978304584058946491e-03 1.427586206896551744e+02 3.443062657851753935e-37
1.416844236587939607e-02 1.427586206896551744e+02 3.765341916970606874e-37
2.235887156598252365e-02 1.427586206896551744e+02 4.114507787559591768e-37
3.528398710277515921e-02 1.427586206896551744e+02 4.566707922112386970e-37
5.568079507925274146e-02 1.427586206896551744e+02 5.267997724154549921e-37
8.786849773034542677e-02 1.427586206896551744e+02 6.216966748021874335e-37
1.386631222201171465e-01 1.427586206896551744e+02 1.269287135100929421e-36
2.188208739250008805e-01 1.427586206896551744e+02 9.936625406951230067e-36
3.453158568670564588e-01 1.427586206896551744e+02 4.782188160613678519e-37
5.449344884926244914e-01 1.427586206896551744e+02 0.000000000000000000e+00
9.999999999999999547e-08 1.489655172413793025e+02 2.026524148640363951e-39
1.578075485547191318e-07 1.489655172413793025e+02 2.542554970536362852e-39
2.490322238085003244e-07 1.489655172413793025e+02 3.180684203972126396e-39
3.929916475034959908e-07 1.489655172413793025e+02 3.996763696075671350e-39
6.201704849500700412e-07 1.489655172413793025e+02 5.012615125632448112e-39
9.786758391596188787e-07 1.489655172413793025e+02 6.278194277092791751e-39
1.544424350075120399e-06 1.489655172413793025e+02 7.868555443366224420e-39
2.437218206135700938e-06 1.489655172413793025e+02 9.883578022127333506e-39
3.846114304032050578e-06 1.489655172413793025e+02 1.235987046858539626e-38
6.069458697805375515e-06 1.489655172413793025e+02 1.544342930416220241e-38
9.578063981547841780e-06 1.489655172413793025e+02 1.930192080959350905e-38
1.511490796828317329e-05 1.489655172413793025e+02 2.409884904877310580e-38
2.385246573104953216e-05 1.489655172413793025e+02 2.993052156633961809e-38
3.764099144002372579e-05 1.489655172413793025e+02 3.725577684739551928e-38
5.940032584319311263e-05 1.489655172413793025e+02 4.612297957485228171e-38
9.373819804665835351e-05 1.489655172413793025e+02 5.678283146526175658e-38
1.479259523967991520e-04 1.489655172413793025e+02 6.987682168974738200e-38
2.334383191536095023e-04 1.489655172413793025e+02 8.546494548180255058e-38
3.683832888436525143e-04 1.489655172413793025e+02 1.036713430373223606e-37
5.813366374094181130e-04 1.489655172413793025e+02 1.245402233890433796e-37
9.173930963462390009e-04 1.489655172413793025e+02 1.480961786893976089e-37
1.447715555954232330e-03 1.489655172413793025e+02 1.737993039352966046e-37
2.284604428896697213e-03 1.489655172413793025e+02 2.015002327618158872e-37
3.605278243414418785e-03 1.489655172413793025e+02 2.299247594321894865e-37
5.689401214508922090e-03 1.489655172413793025e+02 2.572276912342665977e-37
8.978304584058946491e-03 1.489655172413793025e+02 2.853017052735019014e-37
1.416844236587939607e-02 1.489655172413793025e+02 3.107491516342073504e-37
2.235887156598252365e-02 1.489655172413793025e+02 3.406643365372661865e-37
3.528398710277515921e-02 1.489655172413793025e+02 3.770163302989312923e-37
5.568079507925274146e-02 1.489655172413793025e+02 4.332967570570388307e-37
8.786849773034542677e-02 1.489655172413793025e+02 5.111038105723010045e-37
1.386631222201171465e-01 1.489655172413793025e+02 1.171133883406334008e-36
2.188208739250008805e-01 1.489655172413793025e+02 7.908259152622202115e-36
3.453158568670564588e-01 1.489655172413793025e+02 2.490966050003260180e-37
5.449344884926244914e-01 1.489655172413793025e+02 0.000000000000000000e+00
9.999999999999999547e-08 1.551724137931034591e+02 1.646958452999203525e-39
1.578075485547191318e-07 1.551724137931034591e+02 2.064487262462791560e-39
2.490322238085003244e-07 1.551724137931034591e+02 2.593249542654643950e-39
3.929916475034959908e-07 1.551724137931034591e+02 3.247425834899299055e-39
6.201704849500700412e-07 1.551724137931034591e+02 4.097300029212170207e-39
9.786758391596188787e-07 1.551724137931034591e+02 5.125320137604932539e-39
1.544424350075120399e-06 1.551724137931034591e+02 6.406847883576314878e-39
2.437218206135700938e-06 1.551724137931034591e+02 8.043670681427322899e-39
3.846114304032050578e-06 1.551724137931034591e+02 1.005658006010858040e-38
6.069458697805375515e-06 1.551724137931034591e+02 1.257638846377993201e-38
9.578063981547841780e-06 1.551724137931034591e+02 1.571619692799845159e-38
1.511490796828317329e-05 1.551724137931034591e+02 1.957644490043516242e-38
2.385246573104953216e-05 1.551724137931034591e+02 2.433006839692290188e-38
3.764099144002372579e-05 1.551724137931034591e+02 3.020375581629538991e-38
5.940032584319311263e-05 1.551724137931034591e+02 3.741669538104988962e-38
9.373819804665835351e-05 1.551724137931034591e+02 4.601417101596226113e-38
1.479259523967991520e-04 1.551724137931034591e+02 5.663849950635709016e-38
2.334383191536095023e-04 1.551724137931034591e+02 6.901997315698094250e-38
3.683832888436525143e-04 1.551724137931034591e+02 8.355644801880514094e-38
5.813366374094181130e-04 1.551724137931034591e+02 1.002724938692071135e-37
9.173930963462390009e-04 1.551724137931034591e+02 1.187497733134009476e-37
1.447715555954232330e-03 1.551724137931034591e+02 1.396858459416766448e-37
2.284604428896697213e-03 1.551724137931034591e+02 1.612161616197795146e-37
3.605278243414418785e-03 1.551724137931034591e+02 1.833317038866993220e-37
5.689401214508922090e-03 1.551724137931034591e+02 2.050737226448379461e-37
8.978304584058946491e-03 1.551724137931034591e+02 2.268584305769853141e-37
1.416844236587939607e-02 1.551724137931034591e+02 2.476079867190434832e-37
2.235887156598252365e-02 1.551724137931034591e+02 2.703356779695489179e-37
3.528398710277515921e-02 1.551724137931034591e+02 2.997869143630948479e-37
5.568079507925274146e-02 1.551724137931034591e+02 3.445591241504930013e-37
8.786849773034542677e-02 1.551724137931034591e+02 4.037434572157514421e-37
1.386631222201171465e-01 1.551724137931034591e+02 1.020800412206058983e-36
2.188208739250008805e-01 1.551724137931034591e+02 6.092584716382443381e-36
3.453158568670564588e-01 1.551724137931034591e+02 1.333452593004678484e-37
5.449344884926244914e-01 1.551724137931034591e+02 0.000000000000000000e+00
9.999999999999999547e-08 1.613793103448276156e+02 1.253752615692884221e-39
1.578075485547191318e-07 1.613793103448276156e+02 1.570490382232664035e-39
2.490322238085003244e-07 1.613793103448276156e+02 1.971527767054634347e-39
3.929916475034959908e-07 1.613793103448276156e+02 2.474632296594614211e-39
6.201704849500700412e-07 1.613793103448276156e+02 3.108521528566185480e-39
9.786758391596188787e-07 1.613793103448276156e+02 3.893074266830129481e-39
1.544424350075120399e-06 1.613793103448276156e+02 4.892810807903416564e-39
2.437218206135700938e-06 1.613793103448276156e+02 6.108930610544234959e-39
3.846114304032050578e-06 1.613793103448276156e+02 7.637018294238595271e-39
6.069458697805375515e-06 1.613793103448276156e+02 9.532502352968271882e-39
9.578063981547841780e-06 1.613793103448276156e+02 1.191834673210424897e-38
1.511490796828317329e-05 1.613793103448276156e+02 1.488697944456102650e-38
2.385246573104953216e-05 1.613793103448276156e+02 1.852732851211287745e-38
3.764099144002372579e-05 1.613793103448276156e+02 2.292227087683239394e-38
5.940032584319311263e-05 1.613793103448276156e+02 2.830895815644352514e-38
9.373819804665835351e-05 1.613793103448276156e+02 3.481749534088304016e-38
1.479259523967991520e-04 1.613793103448276156e+02 4.293859950692449852e-38
2.334383191536095023e-04 1.613793103448276156e+02 5.213738912849753524e-38
3.683832888436525143e-04 1.613793103448276156e+02 6.306559129296449839e-38
5.813366374094181130e-04 1.613793103448276156e+02 7.565396595595110560e-38
9.173930963462390009e-04 1.613793103448276156e+02 8.963616889296854988e-38
1.447715555954232330e-03 1.613793103448276156e+02 1.051593396444836240e-37
2.284604428896697213e-03 1.613793103448276156e+02 1.210625428527263427e-37
3.605278243414418785e-03 1.613793103448276156e+02 1.375311946994782372e-37
5.689401214508922090e-03 1.613793103448276156e+02 1.536831283794362882e-37
8.978304584058946491e-03 1.613793103448276156e+02 1.694720002103076941e-37
1.416844236587939607e-02 1.613793103448276156e+02 1.847397220121176190e-37
2.235887156598252365e-02 1.613793103448276156e+02 2.018753639350565076e-37
3.528398710277515921e-02 1.613793103448276156e+02 2.236564958041907699e-37
5.568079507925274146e-02 1.613793103448276156e+02 2.567947516275335311e-37
8.786849773034542677e-02 1.613793103448276156e+02 3.002532222521597787e-37
1.386631222201171465e-01 1.613793103448276156e+02 8.250528920241100534e-37
2.188208739250008805e-01 1.613793103448276156e+02 4.429599333098189706e-36
3.453158568670564588e-01 1.613793103448276156e+02 7.096594612375938003e-38
5.449344884926244914e-01 1.613793103448276156e+02 0.000000000000000000e+00
9.999999999999999547e-08 1.675862068965517437e+02 8.418012065342924028e-40
1.578075485547191318e-07 1.675862068965517437e+02 1.059165040519125454e-39
2.490322238085003244e-07 1.675862068965517437e+02 1.330900797668003541e-39
3.929916475034959908e-07 1.675862068965517437e+02 1.666375359433646797e-39
6.201704849500700412e-07 1.675862068965517437e+02 2.085732356419727715e-39
9.786758391596188787e-07 1.675862068965517437e+02 2.614845307068984737e-39
1.544424350075120399e-06 1.675862068965517437e+02 3.284173034462694854e-39
2.437218206135700938e-06 1.675862068965517437e+02 4.105106310689133349e-39
3.846114304032050578e-06 1.675862068965517437e+02 5.146837998499261747e-39
6.069458697805375515e-06 1.675862068965517437e+02 6.424819314471004946e-39
9.578063981547841780e-06 1.675862068965517437e+02 8.027381583679106645e-39
1.511490796828317329e-05 1.675862068965517437e+02 9.989429832103072879e-39
2.385246573104953216e-05 1.675862068965517437e+02 1.243785699738021959e-38
3.764099144002372579e-05 1.675862068965517437e+02 1.539603431973620584e-38
5.940032584319311263e-05 1.675862068965517437e+02 1.906398491406090478e-38
9.373819804665835351e-05 1.675862068965517437e+02 2.343484050884264544e-38
1.479259523967991520e-04 1.675862068965517437e+02 2.869429675178778278e-38
2.334383191536095023e-04 1.675862068965517437e+02 3.494801260329312101e-38
3.683832888436525143e-04 1.675862068965517437e+02 4.230806778110888824e-38
5.813366374094181130e-04 1.675862068965517437e+02 5.062336310731391878e-38
9.173930963462390009e-04 1.675862068965517437e+02 6.002782945324173360e-38
1.447715555954232330e-03 1.675862068965517437e+02 6.996287494213449397e-38
2.284604428896697213e-03 1.675862068965517437e+02 8.061054512443984216e-38
3.605278243414418785e-03 1.675862068965517437e+02 9.140282089790510696e-38
5.689401214508922090e-03 1.675862068965517437e+02 1.021731718498839174e-37
8.978304584058946491e-03 1.675862068965517437e+02 1.125595681939480985e-37
1.416844236587939607e-02 1.675862068965517437e+02 1.228770350824158094e-37
2.235887156598252365e-02 1.675862068965517437e+02 1.338612482437210177e-37
3.528398710277515921e-02 1.675862068965517437e+02 1.485466264973190246e-37
5.568079507925274146e-02 1.675862068965517437e+02 1.702594384796239219e-37
8.786849773034542677e-02 1.675862068965517437e+02 1.989366184199288479e-37
1.386631222201171465e-01 1.675862068965517437e+02 5.799752503411644021e-37
2.188208739250008805e-01 1.675862068965517437e+02 2.883966508717565022e-36
3.453158568670564588e-01 1.675862068965517437e+02 3.624984209840760620e-38
5.449344884926244914e-01 1.675862068965517437e+02 0.000000000000000000e+00
9.999999999999999547e-08 1.737931034482758719e+02 4.241105955667219988e-40
1.578075485547191318e-07 1.737931034482758719e+02 5.320405011457830624e-40
2.490322238085003244e-07 1.737931034482758719e+02 6.682785221109726351e-40
3.929916475034959908e-07 1.737931034482758719e+02 8.388108614663888489e-40
6.201704849500700412e-07 1.737931034482758719e+02 1.050079226396771013e-39
9.786758391596188787e-07 1.737931034482758719e+02 1.317099032031984819e-39
1.544424350075120399e-06 1.737931034482758719e+02 1.651444004400081018e-39
2.437218206135700938e-06 1.737931034482758719e+02 2.073047696355493861e-39
3.846114304032050578e-06 1.737931034482758719e+02 2.581056028308883915e-39
6.069458697805375515e-06 1.737931034482758719e+02 3.227297034799803368e-39
9.578063981547841780e-06 1.737931034482758719e+02 4.024660193945232349e-39
1.511490796828317329e-05 1.737931034482758719e+02 5.028172269056974648e-39
2.385246573104953216e-05 1.737931034482758719e+02 6.236215609988275976e-39
3.764099144002372579e-05 1.737931034482758719e+02 7.734855674044863224e-39
5.940032584319311263e-05 1.737931034482758719e+02 9.563670560242334028e-39
9.373819804665835351e-05 1.737931034482758719e+02 1.177830948989698531e-38
1.479259523967991520e-04 1.737931034482758719e+02 1.439717147833237389e-38
2.334383191536095023e-04 1.737931034482758719e+02 1.758018448857413975e-38
3.683832888436525143e-04 1.737931034482758719e+02 2.118816202981050018e-38
5.813366374094181130e-04 1.737931034482758719e+02 2.530573772802214331e-38
9.173930963462390009e-04 1.737931034482758719e+02 3.000917572392914964e-38
1.447715555954232330e-03 1.737931034482758719e+02 3.513513246947905131e-38
2.284604428896697213e-03 1.737931034482758719e+02 4.046112316053967521e-38
3.605278243414418785e-03 1.737931034482758719e+02 4.579671052563109359e-38
5.689401214508922090e-03 1.737931034482758719e+02 5.108739755301755179e-38
8.978304584058946491e-03 1.737931034482758719e+02 5.623970480371342693e-38
1.416844236587939607e-02 1.737931034482758719e+02 6.139523527378132913e-38
2.235887156598252365e-02 1.737931034482758719e+02 6.688183166380217141e-38
3.528398710277515921e-02 1.737931034482758719e+02 7.386604579265086927e-38
5.568079507925274146e-02 1.737931034482758719e+02 8.517502333912381910e-38
8.786849773034542677e-02 1.737931034482758719e+02 9.913594987115839407e-38
1.386631222201171465e-01 1.737931034482758719e+02 2.986995800533497315e-37
2.188208739250008805e-01 1.737931034482758719e+02 1.419309337187134831e-36
3.453158568670564588e-01 1.737931034482758719e+02 1.535504098628602932e-38
5.449344884926244914e-01 1.737931034482758719e+02 0.000000000000000000e+00
9.999999999999999547e-08 1.800000000000000000e+02 4.810118293762667450e-55
1.578075485547191318e-07 1.800000000000000000e+02 6.041148648234235852e-55
2.490322238085003244e-07 1.800000000000000000e+02 7.576028460634427704e-55
3.929916475034959908e-07 1.800000000000000000e+02 9.485992615964431700e-55
6.201704849500700412e-07 1.800000000000000000e+02 1.186865716367049886e-54
9.786758391596188787e-07 1.800000000000000000e+02 0.000000000000000000e+00
1.544424350075120399e-06 1.800000000000000000e+02 1.870221171465704699e-54
2.437218206135700938e-06 1.800000000000000000e+02 2.347893373668036933e-54
3.846114304032050578e-06 1.800000000000000000e+02 0.000000000000000000e+00
6.069458697805375515e-06 1.800000000000000000e+02 0.000000000000000000e+00
9.578063981547841780e-06 1.800000000000000000e+02 4.557189379837990224e-54
1.511490796828317329e-05 1.800000000000000000e+02 5.690847792139390487e-54
2.385246573104953216e-05 1.800000000000000000e+02 7.067527100322407156e-54
3.764099144002372579e-05 1.800000000000000000e+02 8.773796505865566651e-54
5.940032584319311263e-05 1.800000000000000000e+02 1.084810253438167416e-53
9.373819804665835351e-05 1.800000000000000000e+02 1.331162880945967299e-53
1.479259523967991520e-04 1.800000000000000000e+02 1.632544421178829788e-53
2.334383191536095023e-04 1.800000000000000000e+02 1.985313864839908150e-53
3.683832888436525143e-04 1.800000000000000000e+02 0.000000000000000000e+00
5.813366374094181130e-04 1.800000000000000000e+02 2.875484803932425749e-53
9.173930963462390009e-04 1.800000000000000000e+02 3.396689217256663015e-53
1.447715555954232330e-03 1.800000000000000000e+02 3.964379306956447408e-53
2.284604428896697213e-03 1.800000000000000000e+02 4.569822259664477099e-53
3.605278243414418785e-03 1.800000000000000000e+02 5.182247438842176487e-53
5.689401214508922090e-03 1.800000000000000000e+02 5.780036072843091413e-53
8.978304584058946491e-03 1.800000000000000000e+02 6.342247378820681002e-53
1.416844236587939607e-02 1.800000000000000000e+02 6.918282887739348408e-53
2.235887156598252365e-02 1.800000000000000000e+02 7.536041541083602851e-53
3.528398710277515921e-02 1.800000000000000000e+02 0.000000000000000000e+00
5.568079507925274146e-02 1.800000000000000000e+02 9.579818469713670006e-53
8.786849773034542677e-02 1.800000000000000000e+02 1.117948285849039195e-52
1.386631222201171465e-01 1.800000000000000000e+02 3.402639677242568006e-52
2.188208739250008805e-01 1.800000000000000000e+02 1.592745675516984772e-51
3.453158568670564588e-01 1.800000000000000000e+02 1.654820316889307219e-53
5.449344884926244914e-01 1.800000000000000000e+02 0.000000000000000000e+00
