# atom 56: Tchi 0.6723357536499337 [GeV]; m_chi = 0.03 [GeV]; mS = 0.2 [GeV]; gchi =0.01; gN = 0.01
# Tchi^prime [GeV], theta [degree] ,dsigma/dTchip dtheta [cm^2/GeV]
9.999999999999999547e-08 0.000000000000000000e+00 0.000000000000000000e+00
1.585463217613410812e-07 0.000000000000000000e+00 0.000000000000000000e+00
2.513693614405074964e-07 0.000000000000000000e+00 0.000000000000000000e+00
3.985368765988954567e-07 0.000000000000000000e+00 0.000000000000000000e+00
6.318655587100836409e-07 0.000000000000000000e+00 0.000000000000000000e+00
1.001799601811586755e-06 0.000000000000000000e+00 0.000000000000000000e+00
1.588316420092032202e-06 0.000000000000000000e+00 0.000000000000000000e+00
2.518217261987327143e-06 0.000000000000000000e+00 0.000000000000000000e+00
3.992540842840069515e-06 0.000000000000000000e+00 0.000000000000000000e+00
6.330026651142175928e-06 0.000000000000000000e+00 0.000000000000000000e+00
1.003602442189853816e-05 0.000000000000000000e+00 0.000000000000000000e+00
1.591174757199002686e-05 0.000000000000000000e+00 0.000000000000000000e+00
2.522749050333968757e-05 0.000000000000000000e+00 0.000000000000000000e+00
3.999725826573670141e-05 0.000000000000000000e+00 0.000000000000000000e+00
6.341418178570964038e-05 0.000000000000000000e+00 0.000000000000000000e+00
1.005408526962929517e-04 0.000000000000000000e+00 0.000000000000000000e+00
1.594038238174607465e-04 0.000000000000000000e+00 0.000000000000000000e+00
2.527288994095128194e-04 0.000000000000000000e+00 0.000000000000000000e+00
4.006923740417022524e-04 0.000000000000000000e+00 0.000000000000000000e+00
6.352830206213142764e-04 0.000000000000000000e+00 0.000000000000000000e+00
1.007217861969436721e-03 0.000000000000000000e+00 0.000000000000000000e+00
1.596906872275763488e-03 0.000000000000000000e+00 0.000000000000000000e+00
2.531837107947305064e-03 0.000000000000000000e+00 0.000000000000000000e+00
4.014134607639167213e-03 0.000000000000000000e+00 0.000000000000000000e+00
6.364262770960940792e-03 0.000000000000000000e+00 0.000000000000000000e+00
1.009030453058499567e-02 0.000000000000000000e+00 0.000000000000000000e+00
1.599780668776046300e-02 0.000000000000000000e+00 0.000000000000000000e+00
2.536393406593404759e-02 0.000000000000000000e+00 0.000000000000000000e+00
4.021358451551027696e-02 0.000000000000000000e+00 0.000000000000000000e+00
6.375715909772976253e-02 0.000000000000000000e+00 0.000000000000000000e+00
1.010846306089767666e-01 0.000000000000000000e+00 0.000000000000000000e+00
1.602659636965717282e-01 0.000000000000000000e+00 0.000000000000000000e+00
2.540957904762806696e-01 0.000000000000000000e+00 0.000000000000000000e+00
4.028595295505470464e-01 0.000000000000000000e+00 0.000000000000000000e+00
6.387189659674369357e-01 0.000000000000000000e+00 0.000000000000000000e+00
9.999999999999999547e-08 6.206896551724137900e+00 3.935858487413331183e-41
1.585463217613410812e-07 6.206896551724137900e+00 4.959027677268690084e-41
2.513693614405074964e-07 6.206896551724137900e+00 6.254871436037127847e-41
3.985368765988954567e-07 6.206896551724137900e+00 7.844203039623447361e-41
6.318655587100836409e-07 6.206896551724137900e+00 9.892055219357994575e-41
1.001799601811586755e-06 6.206896551724137900e+00 1.248421248629319837e-40
1.588316420092032202e-06 6.206896551724137900e+00 1.569589798846945172e-40
2.518217261987327143e-06 6.206896551724137900e+00 1.980302292945070860e-40
3.992540842840069515e-06 6.206896551724137900e+00 2.491944655667761201e-40
6.330026651142175928e-06 6.206896551724137900e+00 3.139613895197750173e-40
1.003602442189853816e-05 6.206896551724137900e+00 3.951707587304368552e-40
1.591174757199002686e-05 6.206896551724137900e+00 4.985492473192422873e-40
2.522749050333968757e-05 6.206896551724137900e+00 6.272443559822584219e-40
3.999725826573670141e-05 6.206896551724137900e+00 7.928680378555642647e-40
6.341418178570964038e-05 6.206896551724137900e+00 9.975149410703057749e-40
1.005408526962929517e-04 6.206896551724137900e+00 1.258922120781866264e-39
1.594038238174607465e-04 6.206896551724137900e+00 1.586569693183019625e-39
2.527288994095128194e-04 6.206896551724137900e+00 2.000161187949979752e-39
4.006923740417022524e-04 6.206896551724137900e+00 2.523432855444847889e-39
6.352830206213142764e-04 6.206896551724137900e+00 3.188927714789623480e-39
1.007217861969436721e-03 6.206896551724137900e+00 4.035921463377505537e-39
1.596906872275763488e-03 6.206896551724137900e+00 5.093953213394781343e-39
2.531837107947305064e-03 6.206896551724137900e+00 6.453917692747993627e-39
4.014134607639167213e-03 6.206896551724137900e+00 8.172308418768664862e-39
6.364262770960940792e-03 6.206896551724137900e+00 1.040599091092589830e-38
1.009030453058499567e-02 6.206896551724137900e+00 1.324669351290423180e-38
1.599780668776046300e-02 6.206896551724137900e+00 1.696965596223324472e-38
2.536393406593404759e-02 6.206896551724137900e+00 2.205873421317932959e-38
4.021358451551027696e-02 6.206896551724137900e+00 2.934562912491969190e-38
6.375715909772976253e-02 6.206896551724137900e+00 4.122476481601012128e-38
1.010846306089767666e-01 6.206896551724137900e+00 6.372517223095567336e-38
1.602659636965717282e-01 6.206896551724137900e+00 1.173758300564894150e-37
2.540957904762806696e-01 6.206896551724137900e+00 2.852223013021406191e-37
4.028595295505470464e-01 6.206896551724137900e+00 0.000000000000000000e+00
6.387189659674369357e-01 6.206896551724137900e+00 0.000000000000000000e+00
9.999999999999999547e-08 1.241379310344827580e+01 7.839717432568718575e-41
1.585463217613410812e-07 1.241379310344827580e+01 9.884197763843989006e-41
2.513693614405074964e-07 1.241379310344827580e+01 1.237964225800772523e-40
3.985368765988954567e-07 1.241379310344827580e+01 1.565272646163263699e-40
6.318655587100836409e-07 1.241379310344827580e+01 1.970789872158133251e-40
1.001799601811586755e-06 1.241379310344827580e+01 2.479601487729439867e-40
1.588316420092032202e-06 1.241379310344827580e+01 3.121262442619592307e-40
2.518217261987327143e-06 1.241379310344827580e+01 3.936255446875082922e-40
3.992540842840069515e-06 1.241379310344827580e+01 4.954368247311410762e-40
6.330026651142175928e-06 1.241379310344827580e+01 6.233212882624847909e-40
1.003602442189853816e-05 1.241379310344827580e+01 7.882568292383568334e-40
1.591174757199002686e-05 1.241379310344827580e+01 9.917895530433044368e-40
2.522749050333968757e-05 1.241379310344827580e+01 1.249896115175668394e-39
3.999725826573670141e-05 1.241379310344827580e+01 1.571899210357256888e-39
6.341418178570964038e-05 1.241379310344827580e+01 1.981821471468715249e-39
1.005408526962929517e-04 1.241379310344827580e+01 2.501847093862816708e-39
1.594038238174607465e-04 1.241379310344827580e+01 3.156358988408919558e-39
2.527288994095128194e-04 1.241379310344827580e+01 3.984990428539195088e-39
4.006923740417022524e-04 1.241379310344827580e+01 5.014213411668231983e-39
6.352830206213142764e-04 1.241379310344827580e+01 6.339100100840477389e-39
1.007217861969436721e-03 1.241379310344827580e+01 8.018265063724939531e-39
1.596906872275763488e-03 1.241379310344827580e+01 1.014160284874959120e-38
2.531837107947305064e-03 1.241379310344827580e+01 1.281999183631622700e-38
4.014134607639167213e-03 1.241379310344827580e+01 1.630011849639702638e-38
6.364262770960940792e-03 1.241379310344827580e+01 2.079833874332506195e-38
1.009030453058499567e-02 1.241379310344827580e+01 2.659927260172735133e-38
1.599780668776046300e-02 1.241379310344827580e+01 3.434478012754860582e-38
2.536393406593404759e-02 1.241379310344827580e+01 4.531208651970904472e-38
4.021358451551027696e-02 1.241379310344827580e+01 6.200546541825262496e-38
6.375715909772976253e-02 1.241379310344827580e+01 9.187656819542106025e-38
1.010846306089767666e-01 1.241379310344827580e+01 1.546404227873910112e-37
1.602659636965717282e-01 1.241379310344827580e+01 3.179101467652121937e-37
2.540957904762806696e-01 1.241379310344827580e+01 8.596633832397199345e-37
4.028595295505470464e-01 1.241379310344827580e+01 0.000000000000000000e+00
6.387189659674369357e-01 1.241379310344827580e+01 0.000000000000000000e+00
9.999999999999999547e-08 1.862068965517241281e+01 1.164225745437631028e-40
1.585463217613410812e-07 1.862068965517241281e+01 1.465327066442760410e-40
2.513693614405074964e-07 1.862068965517241281e+01 1.844390967477801704e-40
3.985368765988954567e-07 1.862068965517241281e+01 2.316655086814570629e-40
6.318655587100836409e-07 1.862068965517241281e+01 2.926128047759011880e-40
1.001799601811586755e-06 1.862068965517241281e+01 3.682021134285159273e-40
1.588316420092032202e-06 1.862068965517241281e+01 4.640508841766935972e-40
2.518217261987327143e-06 1.862068965517241281e+01 5.837094477908437291e-40
3.992540842840069515e-06 1.862068965517241281e+01 7.359017607721175583e-40
6.330026651142175928e-06 1.862068965517241281e+01 9.242727947797231338e-40
1.003602442189853816e-05 1.862068965517241281e+01 1.167755687290573525e-39
1.591174757199002686e-05 1.862068965517241281e+01 1.471700992172919804e-39
2.522749050333968757e-05 1.862068965517241281e+01 1.852538091221056935e-39
3.999725826573670141e-05 1.862068965517241281e+01 2.331851425865321168e-39
6.341418178570964038e-05 1.862068965517241281e+01 2.939906640740500031e-39
1.005408526962929517e-04 1.862068965517241281e+01 3.717014113781514100e-39
1.594038238174607465e-04 1.862068965517241281e+01 4.690196606397140324e-39
2.527288994095128194e-04 1.862068965517241281e+01 5.896090438212842683e-39
4.006923740417022524e-04 1.862068965517241281e+01 7.475140165346237429e-39
6.352830206213142764e-04 1.862068965517241281e+01 9.414755229652120451e-39
1.007217861969436721e-03 1.862068965517241281e+01 1.188515240450440394e-38
1.596906872275763488e-03 1.862068965517241281e+01 1.507008888037058166e-38
2.531837107947305064e-03 1.862068965517241281e+01 1.915182916296908539e-38
4.014134607639167213e-03 1.862068965517241281e+01 2.429361455745396155e-38
6.364262770960940792e-03 1.862068965517241281e+01 3.104664421911468185e-38
1.009030453058499567e-02 1.862068965517241281e+01 3.991866546761365735e-38
1.599780668776046300e-02 1.862068965517241281e+01 5.218715073059370315e-38
2.536393406593404759e-02 1.862068965517241281e+01 7.024995004335108405e-38
4.021358451551027696e-02 1.862068965517241281e+01 9.930083276993706832e-38
6.375715909772976253e-02 1.862068965517241281e+01 1.542943409501772261e-37
1.010846306089767666e-01 1.862068965517241281e+01 2.746837865372830838e-37
1.602659636965717282e-01 1.862068965517241281e+01 5.836204398136289491e-37
2.540957904762806696e-01 1.862068965517241281e+01 1.560905894057773642e-36
4.028595295505470464e-01 1.862068965517241281e+01 0.000000000000000000e+00
6.387189659674369357e-01 1.862068965517241281e+01 0.000000000000000000e+00
9.999999999999999547e-08 2.482758620689655160e+01 1.530569788541375493e-40
1.585463217613410812e-07 2.482758620689655160e+01 1.922469158513523961e-40
2.513693614405074964e-07 2.482758620689655160e+01 2.428541005899343613e-40
3.985368765988954567e-07 2.482758620689655160e+01 3.053494161052817600e-40
6.318655587100836409e-07 2.482758620689655160e+01 3.843525682367723357e-40
1.001799601811586755e-06 2.482758620689655160e+01 4.843821589600069964e-40
1.588316420092032202e-06 2.482758620689655160e+01 6.084672570066916681e-40
2.518217261987327143e-06 2.482758620689655160e+01 7.672548370601393953e-40
3.992540842840069515e-06 2.482758620689655160e+01 9.678189319910308645e-40
6.330026651142175928e-06 2.482758620689655160e+01 1.219688105513621370e-39
1.003602442189853816e-05 2.482758620689655160e+01 1.532709335382303014e-39
1.591174757199002686e-05 2.482758620689655160e+01 1.930869832811172700e-39
2.522749050333968757e-05 2.482758620689655160e+01 2.440744292120509996e-39
3.999725826573670141e-05 2.482758620689655160e+01 3.069560523458269081e-39
6.341418178570964038e-05 2.482758620689655160e+01 3.870405089058836253e-39
1.005408526962929517e-04 2.482758620689655160e+01 4.876746746406030211e-39
1.594038238174607465e-04 2.482758620689655160e+01 6.152607107322801119e-39
2.527288994095128194e-04 2.482758620689655160e+01 7.784339751174746610e-39
4.006923740417022524e-04 2.482758620689655160e+01 9.772963397314522613e-39
6.352830206213142764e-04 2.482758620689655160e+01 1.239732775425915042e-38
1.007217861969436721e-03 2.482758620689655160e+01 1.566202958912801213e-38
1.596906872275763488e-03 2.482758620689655160e+01 1.983890750462976684e-38
2.531837107947305064e-03 2.482758620689655160e+01 2.515646046715568070e-38
4.014134607639167213e-03 2.482758620689655160e+01 3.207047178610905960e-38
6.364262770960940792e-03 2.482758620689655160e+01 4.120572165511001273e-38
1.009030453058499567e-02 2.482758620689655160e+01 5.328030258638548444e-38
1.599780668776046300e-02 2.482758620689655160e+01 7.040902542028356791e-38
2.536393406593404759e-02 2.482758620689655160e+01 9.635668600428089413e-38
4.021358451551027696e-02 2.482758620689655160e+01 1.400185453688411293e-37
6.375715909772976253e-02 2.482758620689655160e+01 2.234119449580738760e-37
1.010846306089767666e-01 2.482758620689655160e+01 4.052259737317863021e-37
1.602659636965717282e-01 2.482758620689655160e+01 8.414138591872078519e-37
2.540957904762806696e-01 2.482758620689655160e+01 2.136516866430649581e-36
4.028595295505470464e-01 2.482758620689655160e+01 7.222042178566032509e-36
6.387189659674369357e-01 2.482758620689655160e+01 0.000000000000000000e+00
9.999999999999999547e-08 3.103448275862069039e+01 1.879863221728621152e-40
1.585463217613410812e-07 3.103448275862069039e+01 2.362814930626359198e-40
2.513693614405074964e-07 3.103448275862069039e+01 2.982800230557343670e-40
3.985368765988954567e-07 3.103448275862069039e+01 3.756413995434711330e-40
6.318655587100836409e-07 3.103448275862069039e+01 4.726053055798233067e-40
1.001799601811586755e-06 3.103448275862069039e+01 5.938783263261918687e-40
1.588316420092032202e-06 3.103448275862069039e+01 7.480654774281114304e-40
2.518217261987327143e-06 3.103448275862069039e+01 9.430641101925166414e-40
3.992540842840069515e-06 3.103448275862069039e+01 1.188446759941251080e-39
6.330026651142175928e-06 3.103448275862069039e+01 1.498110018371174983e-39
1.003602442189853816e-05 3.103448275862069039e+01 1.882808798698157281e-39
1.591174757199002686e-05 3.103448275862069039e+01 2.374202573420366655e-39
2.522749050333968757e-05 3.103448275862069039e+01 2.999108353906296191e-39
3.999725826573670141e-05 3.103448275862069039e+01 3.763476820305325882e-39
6.341418178570964038e-05 3.103448275862069039e+01 4.752768013949268088e-39
1.005408526962929517e-04 3.103448275862069039e+01 5.978479926108709486e-39
1.594038238174607465e-04 3.103448275862069039e+01 7.554034943684482962e-39
2.527288994095128194e-04 3.103448275862069039e+01 9.556933270638646009e-39
4.006923740417022524e-04 3.103448275862069039e+01 1.200417049146513178e-38
6.352830206213142764e-04 3.103448275862069039e+01 1.520186182608191422e-38
1.007217861969436721e-03 3.103448275862069039e+01 1.927662022892229841e-38
1.596906872275763488e-03 3.103448275862069039e+01 2.440923387694508027e-38
2.531837107947305064e-03 3.103448275862069039e+01 3.103641894740217425e-38
4.014134607639167213e-03 3.103448275862069039e+01 3.947193271085565264e-38
6.364262770960940792e-03 3.103448275862069039e+01 5.099980827767982818e-38
1.009030453058499567e-02 3.103448275862069039e+01 6.636190523004964676e-38
1.599780668776046300e-02 3.103448275862069039e+01 8.857092701290640567e-38
2.536393406593404759e-02 3.103448275862069039e+01 1.229033932971024823e-37
4.021358451551027696e-02 3.103448275862069039e+01 1.809024851020119469e-37
6.375715909772976253e-02 3.103448275862069039e+01 2.917618884450486345e-37
1.010846306089767666e-01 3.103448275862069039e+01 5.180921302916571782e-37
1.602659636965717282e-01 3.103448275862069039e+01 1.039354015053518385e-36
2.540957904762806696e-01 3.103448275862069039e+01 2.482633113509438295e-36
4.028595295505470464e-01 3.103448275862069039e+01 7.771754637525629952e-36
6.387189659674369357e-01 3.103448275862069039e+01 3.439473210456564255e-36
9.999999999999999547e-08 3.724137931034482563e+01 2.207439214713365808e-40
1.585463217613410812e-07 3.724137931034482563e+01 2.774660841930940606e-40
2.513693614405074964e-07 3.724137931034482563e+01 3.494001255144500774e-40
3.985368765988954567e-07 3.724137931034482563e+01 4.403403844782914782e-40
6.318655587100836409e-07 3.724137931034482563e+01 5.535493510162626864e-40
1.001799601811586755e-06 3.724137931034482563e+01 6.976971086312547096e-40
1.588316420092032202e-06 3.724137931034482563e+01 8.799197531464400148e-40
2.518217261987327143e-06 3.724137931034482563e+01 1.107077273766571368e-39
3.992540842840069515e-06 3.724137931034482563e+01 1.392840804119200025e-39
6.330026651142175928e-06 3.724137931034482563e+01 1.756039049431266764e-39
1.003602442189853816e-05 3.724137931034482563e+01 2.214246982400525752e-39
1.591174757199002686e-05 3.724137931034482563e+01 2.783660917226219155e-39
2.522749050333968757e-05 3.724137931034482563e+01 3.505270035547360047e-39
3.999725826573670141e-05 3.724137931034482563e+01 4.422272236022425059e-39
6.341418178570964038e-05 3.724137931034482563e+01 5.583961242855615211e-39
1.005408526962929517e-04 3.724137931034482563e+01 7.041327994854044757e-39
1.594038238174607465e-04 3.724137931034482563e+01 8.867585718437005256e-39
2.527288994095128194e-04 3.724137931034482563e+01 1.121468296561836974e-38
4.006923740417022524e-04 3.724137931034482563e+01 1.412789976531773332e-38
6.352830206213142764e-04 3.724137931034482563e+01 1.785793834485586180e-38
1.007217861969436721e-03 3.724137931034482563e+01 2.251668812374919579e-38
1.596906872275763488e-03 3.724137931034482563e+01 2.867569835402472512e-38
2.531837107947305064e-03 3.724137931034482563e+01 3.639976271772815405e-38
4.014134607639167213e-03 3.724137931034482563e+01 4.652485160494800354e-38
6.364262770960940792e-03 3.724137931034482563e+01 6.016039231458692962e-38
1.009030453058499567e-02 3.724137931034482563e+01 7.881975206174000276e-38
1.599780668776046300e-02 3.724137931034482563e+01 1.059671736630676817e-37
2.536393406593404759e-02 3.724137931034482563e+01 1.482440107999964625e-37
4.021358451551027696e-02 3.724137931034482563e+01 2.200833211646564402e-37
6.375715909772976253e-02 3.724137931034482563e+01 3.514686907418381241e-37
1.010846306089767666e-01 3.724137931034482563e+01 6.081646277567350733e-37
1.602659636965717282e-01 3.724137931034482563e+01 1.164207566187526131e-36
2.540957904762806696e-01 3.724137931034482563e+01 2.639760741358019071e-36
4.028595295505470464e-01 3.724137931034482563e+01 9.557424379822348927e-36
6.387189659674369357e-01 3.724137931034482563e+01 3.771210336767033741e-37
9.999999999999999547e-08 4.344827586206896797e+01 2.505729459994271356e-40
1.585463217613410812e-07 4.344827586206896797e+01 3.157202655385179553e-40
2.513693614405074964e-07 4.344827586206896797e+01 3.981159952733671873e-40
3.985368765988954567e-07 4.344827586206896797e+01 5.015805021519686815e-40
6.318655587100836409e-07 4.344827586206896797e+01 6.302965152216461067e-40
1.001799601811586755e-06 4.344827586206896797e+01 7.932622205251292813e-40
1.588316420092032202e-06 4.344827586206896797e+01 9.983804996886139055e-40
2.518217261987327143e-06 4.344827586206896797e+01 1.257639039191427022e-39
3.992540842840069515e-06 4.344827586206896797e+01 1.580641395578099514e-39
6.330026651142175928e-06 4.344827586206896797e+01 1.996290588519889736e-39
1.003602442189853816e-05 4.344827586206896797e+01 2.516802720304731892e-39
1.591174757199002686e-05 4.344827586206896797e+01 3.169477458440446608e-39
2.522749050333968757e-05 4.344827586206896797e+01 3.996915574378980141e-39
3.999725826573670141e-05 4.344827586206896797e+01 5.029343184882170536e-39
6.341418178570964038e-05 4.344827586206896797e+01 6.338813184024144233e-39
1.005408526962929517e-04 4.344827586206896797e+01 7.971747112678504104e-39
1.594038238174607465e-04 4.344827586206896797e+01 1.009590187634020589e-38
2.527288994095128194e-04 4.344827586206896797e+01 1.270571919409772854e-38
4.006923740417022524e-04 4.344827586206896797e+01 1.606260561282373244e-38
6.352830206213142764e-04 4.344827586206896797e+01 2.024025685576852452e-38
1.007217861969436721e-03 4.344827586206896797e+01 2.572457416653239059e-38
1.596906872275763488e-03 4.344827586206896797e+01 3.251411964105937304e-38
2.531837107947305064e-03 4.344827586206896797e+01 4.135730666125805818e-38
4.014134607639167213e-03 4.344827586206896797e+01 5.312627420223819711e-38
6.364262770960940792e-03 4.344827586206896797e+01 6.868136500869910738e-38
1.009030453058499567e-02 4.344827586206896797e+01 9.054065879852553458e-38
1.599780668776046300e-02 4.344827586206896797e+01 1.222255686864358260e-37
2.536393406593404759e-02 4.344827586206896797e+01 1.712446004487377291e-37
4.021358451551027696e-02 4.344827586206896797e+01 2.535259916663363630e-37
6.375715909772976253e-02 4.344827586206896797e+01 3.966927794293488633e-37
1.010846306089767666e-01 4.344827586206896797e+01 6.660562005954818380e-37
1.602659636965717282e-01 4.344827586206896797e+01 1.225101829586984163e-36
2.540957904762806696e-01 4.344827586206896797e+01 2.634827907856597538e-36
4.028595295505470464e-01 4.344827586206896797e+01 1.725797140576949113e-35
6.387189659674369357e-01 4.344827586206896797e+01 0.000000000000000000e+00
9.999999999999999547e-08 4.965517241379310320e+01 2.776043950078627618e-40
1.585463217613410812e-07 4.965517241379310320e+01 3.500454304821562886e-40
2.513693614405074964e-07 4.965517241379310320e+01 4.402885575984455514e-40
3.985368765988954567e-07 4.965517241379310320e+01 5.545517199610598666e-40
6.318655587100836409e-07 4.965517241379310320e+01 6.973687622033587019e-40
1.001799601811586755e-06 4.965517241379310320e+01 8.805740004655881635e-40
1.588316420092032202e-06 4.965517241379310320e+01 1.105016954064305715e-39
2.518217261987327143e-06 4.965517241379310320e+01 1.396169463451463890e-39
3.992540842840069515e-06 4.965517241379310320e+01 1.755360586476210447e-39
6.330026651142175928e-06 4.965517241379310320e+01 2.211620054316414739e-39
1.003602442189853816e-05 4.965517241379310320e+01 2.786276473915736319e-39
1.591174757199002686e-05 4.965517241379310320e+01 3.513310088791232592e-39
2.522749050333968757e-05 4.965517241379310320e+01 4.423701537260991393e-39
3.999725826573670141e-05 4.965517241379310320e+01 5.558085480272698026e-39
6.341418178570964038e-05 4.965517241379310320e+01 7.007713381690652790e-39
1.005408526962929517e-04 4.965517241379310320e+01 8.847259660699125058e-39
1.594038238174607465e-04 4.965517241379310320e+01 1.114856264967413074e-38
2.527288994095128194e-04 4.965517241379310320e+01 1.409106310387606182e-38
4.006923740417022524e-04 4.965517241379310320e+01 1.780337876721051513e-38
6.352830206213142764e-04 4.965517241379310320e+01 2.246380967450689317e-38
1.007217861969436721e-03 4.965517241379310320e+01 2.846206276564521745e-38
1.596906872275763488e-03 4.965517241379310320e+01 3.609135165287354815e-38
2.531837107947305064e-03 4.965517241379310320e+01 4.604067762052582170e-38
4.014134607639167213e-03 4.965517241379310320e+01 5.893376773234456209e-38
6.364262770960940792e-03 4.965517241379310320e+01 7.648105513748899425e-38
1.009030453058499567e-02 4.965517241379310320e+01 1.009456851015879211e-37
1.599780668776046300e-02 4.965517241379310320e+01 1.362252973396614628e-37
2.536393406593404759e-02 4.965517241379310320e+01 1.908619554361721975e-37
4.021358451551027696e-02 4.965517241379310320e+01 2.789140221325614506e-37
6.375715909772976253e-02 4.965517241379310320e+01 4.282468205562070826e-37
1.010846306089767666e-01 4.965517241379310320e+01 6.988240645977948337e-37
1.602659636965717282e-01 4.965517241379310320e+01 1.237866914881513523e-36
2.540957904762806696e-01 4.965517241379310320e+01 2.533110103974180649e-36
4.028595295505470464e-01 4.965517241379310320e+01 3.304293994947705201e-35
6.387189659674369357e-01 4.965517241379310320e+01 0.000000000000000000e+00
9.999999999999999547e-08 5.586206896551724554e+01 3.016965734920132204e-40
1.585463217613410812e-07 5.586206896551724554e+01 3.800616005054140449e-40
2.513693614405074964e-07 5.586206896551724554e+01 4.793816730991505857e-40
3.985368765988954567e-07 5.586206896551724554e+01 6.017985444306772471e-40
6.318655587100836409e-07 5.586206896551724554e+01 7.575097209849741373e-40
1.001799601811586755e-06 5.586206896551724554e+01 9.559027140553583538e-40
1.588316420092032202e-06 5.586206896551724554e+01 1.202295760512477411e-39
2.518217261987327143e-06 5.586206896551724554e+01 1.513955952840836593e-39
3.992540842840069515e-06 5.586206896551724554e+01 1.906978020044123247e-39
6.330026651142175928e-06 5.586206896551724554e+01 2.403412921229293124e-39
1.003602442189853816e-05 5.586206896551724554e+01 3.029506164023207119e-39
1.591174757199002686e-05 5.586206896551724554e+01 3.796226524745160269e-39
2.522749050333968757e-05 5.586206896551724554e+01 4.808401325155590251e-39
3.999725826573670141e-05 5.586206896551724554e+01 6.045488219639602414e-39
6.341418178570964038e-05 5.586206896551724554e+01 7.616126384013905202e-39
1.005408526962929517e-04 5.586206896551724554e+01 9.595677280257017880e-39
1.594038238174607465e-04 5.586206896551724554e+01 1.212476678444767515e-38
2.527288994095128194e-04 5.586206896551724554e+01 1.522248032862851913e-38
4.006923740417022524e-04 5.586206896551724554e+01 1.926482526457865610e-38
6.352830206213142764e-04 5.586206896551724554e+01 2.437250478090747048e-38
1.007217861969436721e-03 5.586206896551724554e+01 3.084430129670584174e-38
1.596906872275763488e-03 5.586206896551724554e+01 3.919745565312281162e-38
2.531837107947305064e-03 5.586206896551724554e+01 4.993277167227938904e-38
4.014134607639167213e-03 5.586206896551724554e+01 6.408491284641565220e-38
6.364262770960940792e-03 5.586206896551724554e+01 8.317659921714351316e-38
1.009030453058499567e-02 5.586206896551724554e+01 1.096962278636496042e-37
1.599780668776046300e-02 5.586206896551724554e+01 1.485928232100426276e-37
2.536393406593404759e-02 5.586206896551724554e+01 2.061944925955386717e-37
4.021358451551027696e-02 5.586206896551724554e+01 2.975119094252885489e-37
6.375715909772976253e-02 5.586206896551724554e+01 4.468252410425374511e-37
1.010846306089767666e-01 5.586206896551724554e+01 7.064356577814872510e-37
1.602659636965717282e-01 5.586206896551724554e+01 1.218741484760621604e-36
2.540957904762806696e-01 5.586206896551724554e+01 2.366387260877947208e-36
4.028595295505470464e-01 5.586206896551724554e+01 4.833295380787770983e-35
6.387189659674369357e-01 5.586206896551724554e+01 0.000000000000000000e+00
9.999999999999999547e-08 6.206896551724138078e+01 3.220477368075084351e-40
1.585463217613410812e-07 6.206896551724138078e+01 4.051883256561567665e-40
2.513693614405074964e-07 6.206896551724138078e+01 5.107176406401141371e-40
3.985368765988954567e-07 6.206896551724138078e+01 6.420762678909091236e-40
6.318655587100836409e-07 6.206896551724138078e+01 8.071572653230837572e-40
1.001799601811586755e-06 6.206896551724138078e+01 1.017621177223908698e-39
1.588316420092032202e-06 6.206896551724138078e+01 1.281511623697964637e-39
2.518217261987327143e-06 6.206896551724138078e+01 1.617331486909512432e-39
3.992540842840069515e-06 6.206896551724138078e+01 2.038941545534802491e-39
6.330026651142175928e-06 6.206896551724138078e+01 2.566262630289222428e-39
1.003602442189853816e-05 6.206896551724138078e+01 3.227785750836311263e-39
1.591174757199002686e-05 6.206896551724138078e+01 4.070582572786993496e-39
2.522749050333968757e-05 6.206896551724138078e+01 5.130537597828994437e-39
3.999725826573670141e-05 6.206896551724138078e+01 6.461503834163174023e-39
6.341418178570964038e-05 6.206896551724138078e+01 8.144519236718159412e-39
1.005408526962929517e-04 6.206896551724138078e+01 1.024421299527867083e-38
1.594038238174607465e-04 6.206896551724138078e+01 1.293093625650418687e-38
2.527288994095128194e-04 6.206896551724138078e+01 1.630529234886762608e-38
4.006923740417022524e-04 6.206896551724138078e+01 2.060615581170426589e-38
6.352830206213142764e-04 6.206896551724138078e+01 2.598487330077867354e-38
1.007217861969436721e-03 6.206896551724138078e+01 3.291892356635199529e-38
1.596906872275763488e-03 6.206896551724138078e+01 4.174528714611363696e-38
2.531837107947305064e-03 6.206896551724138078e+01 5.339265725805141395e-38
4.014134607639167213e-03 6.206896551724138078e+01 6.845613350558674038e-38
6.364262770960940792e-03 6.206896551724138078e+01 8.850900892097817088e-38
1.009030453058499567e-02 6.206896551724138078e+01 1.166994696906430654e-37
1.599780668776046300e-02 6.206896551724138078e+01 1.569638983402051828e-37
2.536393406593404759e-02 6.206896551724138078e+01 2.171238799420420183e-37
4.021358451551027696e-02 6.206896551724138078e+01 3.090213526525200887e-37
6.375715909772976253e-02 6.206896551724138078e+01 4.547993584225851325e-37
1.010846306089767666e-01 6.206896551724138078e+01 7.006388493061460907e-37
1.602659636965717282e-01 6.206896551724138078e+01 1.182514118643035555e-36
2.540957904762806696e-01 6.206896551724138078e+01 2.193747012587730901e-36
4.028595295505470464e-01 6.206896551724138078e+01 4.959642528094721441e-35
6.387189659674369357e-01 6.206896551724138078e+01 0.000000000000000000e+00
9.999999999999999547e-08 6.827586206896552312e+01 3.391607384586414084e-40
1.585463217613410812e-07 6.827586206896552312e+01 4.261955242090044152e-40
2.513693614405074964e-07 6.827586206896552312e+01 5.368617448985280712e-40
3.985368765988954567e-07 6.827586206896552312e+01 6.761255047990278057e-40
6.318655587100836409e-07 6.827586206896552312e+01 8.517912320138238135e-40
1.001799601811586755e-06 6.827586206896552312e+01 1.071879078738241939e-39
1.588316420092032202e-06 6.827586206896552312e+01 1.350062508247196704e-39
2.518217261987327143e-06 6.827586206896552312e+01 1.698116641516759794e-39
3.992540842840069515e-06 6.827586206896552312e+01 2.140871149229346876e-39
6.330026651142175928e-06 6.827586206896552312e+01 2.690690156567271558e-39
1.003602442189853816e-05 6.827586206896552312e+01 3.398920163414393950e-39
1.591174757199002686e-05 6.827586206896552312e+01 4.274790194082515763e-39
2.522749050333968757e-05 6.827586206896552312e+01 5.382268326542900623e-39
3.999725826573670141e-05 6.827586206896552312e+01 6.790417385156110303e-39
6.341418178570964038e-05 6.827586206896552312e+01 8.545524921413758360e-39
1.005408526962929517e-04 6.827586206896552312e+01 1.077488341210407862e-38
1.594038238174607465e-04 6.827586206896552312e+01 1.357896754444136738e-38
2.527288994095128194e-04 6.827586206896552312e+01 1.714077240407640478e-38
4.006923740417022524e-04 6.827586206896552312e+01 2.161231233613301579e-38
6.352830206213142764e-04 6.827586206896552312e+01 2.727868161803017679e-38
1.007217861969436721e-03 6.827586206896552312e+01 3.458854267397536326e-38
1.596906872275763488e-03 6.827586206896552312e+01 4.400040692546391481e-38
2.531837107947305064e-03 6.827586206896552312e+01 5.591390787484407696e-38
4.014134607639167213e-03 6.827586206896552312e+01 7.175495013659691574e-38
6.364262770960940792e-03 6.827586206896552312e+01 9.310668719170430533e-38
1.009030453058499567e-02 6.827586206896552312e+01 1.220307173119500716e-37
1.599780668776046300e-02 6.827586206896552312e+01 1.635532292809395746e-37
2.536393406593404759e-02 6.827586206896552312e+01 2.234344806718924641e-37
4.021358451551027696e-02 6.827586206896552312e+01 3.136369201737409228e-37
6.375715909772976253e-02 6.827586206896552312e+01 4.531474875802841053e-37
1.010846306089767666e-01 6.827586206896552312e+01 6.820559224916830753e-37
1.602659636965717282e-01 6.827586206896552312e+01 1.124229001602580623e-36
2.540957904762806696e-01 6.827586206896552312e+01 2.201507190860234462e-36
4.028595295505470464e-01 6.827586206896552312e+01 4.029767971340753953e-35
6.387189659674369357e-01 6.827586206896552312e+01 0.000000000000000000e+00
9.999999999999999547e-08 7.448275862068965125e+01 3.521057434677085160e-40
1.585463217613410812e-07 7.448275862068965125e+01 4.429168367134843315e-40
2.513693614405074964e-07 7.448275862068965125e+01 5.567533031036749497e-40
3.985368765988954567e-07 7.448275862068965125e+01 7.001898967609137346e-40
6.318655587100836409e-07 7.448275862068965125e+01 8.823239984925463341e-40
1.001799601811586755e-06 7.448275862068965125e+01 1.110215834712361694e-39
1.588316420092032202e-06 7.448275862068965125e+01 1.403559859639925709e-39
2.518217261987327143e-06 7.448275862068965125e+01 1.761062441885150056e-39
3.992540842840069515e-06 7.448275862068965125e+01 2.215131395542094631e-39
6.330026651142175928e-06 7.448275862068965125e+01 2.790510872875047471e-39
1.003602442189853816e-05 7.448275862068965125e+01 3.520228733883647166e-39
1.591174757199002686e-05 7.448275862068965125e+01 4.437111312611951713e-39
2.522749050333968757e-05 7.448275862068965125e+01 5.584156833148016088e-39
3.999725826573670141e-05 7.448275862068965125e+01 7.032117586007594992e-39
6.341418178570964038e-05 7.448275862068965125e+01 8.847135786907139510e-39
1.005408526962929517e-04 7.448275862068965125e+01 1.117837750739399180e-38
1.594038238174607465e-04 7.448275862068965125e+01 1.407467383124524117e-38
2.527288994095128194e-04 7.448275862068965125e+01 1.773102786239533495e-38
4.006923740417022524e-04 7.448275862068965125e+01 2.241245637740591384e-38
6.352830206213142764e-04 7.448275862068965125e+01 2.833376670157723728e-38
1.007217861969436721e-03 7.448275862068965125e+01 3.583701694525876291e-38
1.596906872275763488e-03 7.448275862068965125e+01 4.538883100038095833e-38
2.531837107947305064e-03 7.448275862068965125e+01 5.788810994402423290e-38
4.014134607639167213e-03 7.448275862068965125e+01 7.422449746687677970e-38
6.364262770960940792e-03 7.448275862068965125e+01 9.598133006238924760e-38
1.009030453058499567e-02 7.448275862068965125e+01 1.256538781753516274e-37
1.599780668776046300e-02 7.448275862068965125e+01 1.667157412443536333e-37
2.536393406593404759e-02 7.448275862068965125e+01 2.264420816697873616e-37
4.021358451551027696e-02 7.448275862068965125e+01 3.121480773426252932e-37
6.375715909772976253e-02 7.448275862068965125e+01 4.429283347437619204e-37
1.010846306089767666e-01 7.448275862068965125e+01 6.581775402581524414e-37
1.602659636965717282e-01 7.448275862068965125e+01 1.056194085272634358e-36
2.540957904762806696e-01 7.448275862068965125e+01 2.713279716944678515e-36
4.028595295505470464e-01 7.448275862068965125e+01 2.999597958095677389e-35
6.387189659674369357e-01 7.448275862068965125e+01 0.000000000000000000e+00
9.999999999999999547e-08 8.068965517241380780e+01 3.592691958002240295e-40
1.585463217613410812e-07 8.068965517241380780e+01 4.534181839954307445e-40
2.513693614405074964e-07 8.068965517241380780e+01 5.708302086637309935e-40
3.985368765988954567e-07 8.068965517241380780e+01 7.166515998492077108e-40
6.318655587100836409e-07 8.068965517241380780e+01 9.044143636647366224e-40
1.001799601811586755e-06 8.068965517241380780e+01 1.136800989669579684e-39
1.588316420092032202e-06 8.068965517241380780e+01 1.435405065058686074e-39
2.518217261987327143e-06 8.068965517241380780e+01 1.803671897733192815e-39
3.992540842840069515e-06 8.068965517241380780e+01 2.273683224742447882e-39
6.330026651142175928e-06 8.068965517241380780e+01 2.860013673767548795e-39
1.003602442189853816e-05 8.068965517241380780e+01 3.604858515563418328e-39
1.591174757199002686e-05 8.068965517241380780e+01 4.531543387773070497e-39
2.522749050333968757e-05 8.068965517241380780e+01 5.707150691044874952e-39
3.999725826573670141e-05 8.068965517241380780e+01 7.177560760237044545e-39
6.341418178570964038e-05 8.068965517241380780e+01 9.060005728822866253e-39
1.005408526962929517e-04 8.068965517241380780e+01 1.142591784262857629e-38
1.594038238174607465e-04 8.068965517241380780e+01 1.442746033215360799e-38
2.527288994095128194e-04 8.068965517241380780e+01 1.815717234729177402e-38
4.006923740417022524e-04 8.068965517241380780e+01 2.290168648928986301e-38
6.352830206213142764e-04 8.068965517241380780e+01 2.895089966641242593e-38
1.007217861969436721e-03 8.068965517241380780e+01 3.655297295347003749e-38
1.596906872275763488e-03 8.068965517241380780e+01 4.637855264805249612e-38
2.531837107947305064e-03 8.068965517241380780e+01 5.907969185297459663e-38
4.014134607639167213e-03 8.068965517241380780e+01 7.565976287682356211e-38
6.364262770960940792e-03 8.068965517241380780e+01 9.737864354233295943e-38
1.009030453058499567e-02 8.068965517241380780e+01 1.272253200722407720e-37
1.599780668776046300e-02 8.068965517241380780e+01 1.681722618195231395e-37
2.536393406593404759e-02 8.068965517241380780e+01 2.244778738690521097e-37
4.021358451551027696e-02 8.068965517241380780e+01 3.062849586703752096e-37
6.375715909772976253e-02 8.068965517241380780e+01 4.282194091669859011e-37
1.010846306089767666e-01 8.068965517241380780e+01 6.270124775049649656e-37
1.602659636965717282e-01 8.068965517241380780e+01 9.771581504658111388e-37
2.540957904762806696e-01 8.068965517241380780e+01 3.948599506171904016e-36
4.028595295505470464e-01 8.068965517241380780e+01 2.047483997098229692e-35
6.387189659674369357e-01 8.068965517241380780e+01 0.000000000000000000e+00
9.999999999999999547e-08 8.689655172413793593e+01 3.637333832662915146e-40
1.585463217613410812e-07 8.689655172413793593e+01 4.583136747807165203e-40
2.513693614405074964e-07 8.689655172413793593e+01 5.762433144425577476e-40
3.985368765988954567e-07 8.689655172413793593e+01 7.266055866558187948e-40
6.318655587100836409e-07 8.689655172413793593e+01 9.152474505357571415e-40
1.001799601811586755e-06 8.689655172413793593e+01 1.155025175447179976e-39
1.588316420092032202e-06 8.689655172413793593e+01 1.450842727380048491e-39
2.518217261987327143e-06 8.689655172413793593e+01 1.821041213631031319e-39
3.992540842840069515e-06 8.689655172413793593e+01 2.299454035765879208e-39
6.330026651142175928e-06 8.689655172413793593e+01 2.902403033221964908e-39
1.003602442189853816e-05 8.689655172413793593e+01 3.647159576928935896e-39
1.591174757199002686e-05 8.689655172413793593e+01 4.601126926885720958e-39
2.522749050333968757e-05 8.689655172413793593e+01 5.780247679388374557e-39
3.999725826573670141e-05 8.689655172413793593e+01 7.280313199141867594e-39
6.341418178570964038e-05 8.689655172413793593e+01 9.175073800065731886e-39
1.005408526962929517e-04 8.689655172413793593e+01 1.157920393103463931e-38
1.594038238174607465e-04 8.689655172413793593e+01 1.459743838083141746e-38
2.527288994095128194e-04 8.689655172413793593e+01 1.837412681096172868e-38
4.006923740417022524e-04 8.689655172413793593e+01 2.321304063441580701e-38
6.352830206213142764e-04 8.689655172413793593e+01 2.926232468310649902e-38
1.007217861969436721e-03 8.689655172413793593e+01 3.696047630266163083e-38
1.596906872275763488e-03 8.689655172413793593e+01 4.677800198406823505e-38
2.531837107947305064e-03 8.689655172413793593e+01 5.953057256097879964e-38
4.014134607639167213e-03 8.689655172413793593e+01 7.596436781517216310e-38
6.364262770960940792e-03 8.689655172413793593e+01 9.796391941323154367e-38
1.009030453058499567e-02 8.689655172413793593e+01 1.267603925347137914e-37
1.599780668776046300e-02 8.689655172413793593e+01 1.662479701490903334e-37
2.536393406593404759e-02 8.689655172413793593e+01 2.209977248924844377e-37
4.021358451551027696e-02 8.689655172413793593e+01 2.970686797599227441e-37
6.375715909772976253e-02 8.689655172413793593e+01 4.090098002580317089e-37
1.010846306089767666e-01 8.689655172413793593e+01 5.922823132763189849e-37
1.602659636965717282e-01 8.689655172413793593e+01 8.982860044691556186e-37
2.540957904762806696e-01 8.689655172413793593e+01 5.784805998224013109e-36
4.028595295505470464e-01 8.689655172413793593e+01 1.311007677011192791e-35
6.387189659674369357e-01 8.689655172413793593e+01 0.000000000000000000e+00
9.999999999999999547e-08 9.310344827586206407e+01 3.641625620217317288e-40
1.585463217613410812e-07 9.310344827586206407e+01 4.593505200167859886e-40
2.513693614405074964e-07 9.310344827586206407e+01 5.774584135065456331e-40
3.985368765988954567e-07 9.310344827586206407e+01 7.260003888526412789e-40
6.318655587100836409e-07 9.310344827586206407e+01 9.149580948012422795e-40
1.001799601811586755e-06 9.310344827586206407e+01 1.150660043364774026e-39
1.588316420092032202e-06 9.310344827586206407e+01 1.457904922078231707e-39
2.518217261987327143e-06 9.310344827586206407e+01 1.824417297565354995e-39
3.992540842840069515e-06 9.310344827586206407e+01 2.300622998071993527e-39
6.330026651142175928e-06 9.310344827586206407e+01 2.890610543020099776e-39
1.003602442189853816e-05 9.310344827586206407e+01 3.641853487944151956e-39
1.591174757199002686e-05 9.310344827586206407e+01 4.583987970043547983e-39
2.522749050333968757e-05 9.310344827586206407e+01 5.783031933204906477e-39
3.999725826573670141e-05 9.310344827586206407e+01 7.297363830968040510e-39
6.341418178570964038e-05 9.310344827586206407e+01 9.166353937966985701e-39
1.005408526962929517e-04 9.310344827586206407e+01 1.156326666288274498e-38
1.594038238174607465e-04 9.310344827586206407e+01 1.454807927324406324e-38
2.527288994095128194e-04 9.310344827586206407e+01 1.830291217326500035e-38
4.006923740417022524e-04 9.310344827586206407e+01 2.309635538947589446e-38
6.352830206213142764e-04 9.310344827586206407e+01 2.913210154419526588e-38
1.007217861969436721e-03 9.310344827586206407e+01 3.684786056813501466e-38
1.596906872275763488e-03 9.310344827586206407e+01 4.662701245740942869e-38
2.531837107947305064e-03 9.310344827586206407e+01 5.911623598906838574e-38
4.014134607639167213e-03 9.310344827586206407e+01 7.534575289189478231e-38
6.364262770960940792e-03 9.310344827586206407e+01 9.678643561656521086e-38
1.009030453058499567e-02 9.310344827586206407e+01 1.250288689630629629e-37
1.599780668776046300e-02 9.310344827586206407e+01 1.627912996844850194e-37
2.536393406593404759e-02 9.310344827586206407e+01 2.132526290931138869e-37
4.021358451551027696e-02 9.310344827586206407e+01 2.848470068320699599e-37
6.375715909772976253e-02 9.310344827586206407e+01 3.872615339146812372e-37
1.010846306089767666e-01 9.310344827586206407e+01 5.530804560089479173e-37
1.602659636965717282e-01 9.310344827586206407e+01 8.177849553182710487e-37
2.540957904762806696e-01 9.310344827586206407e+01 7.788457180525437535e-36
4.028595295505470464e-01 9.310344827586206407e+01 7.887555488387138368e-36
6.387189659674369357e-01 9.310344827586206407e+01 0.000000000000000000e+00
9.999999999999999547e-08 9.931034482758620641e+01 3.593661622348567122e-40
1.585463217613410812e-07 9.931034482758620641e+01 4.519337159088153892e-40
2.513693614405074964e-07 9.931034482758620641e+01 5.701571784615293247e-40
3.985368765988954567e-07 9.931034482758620641e+01 7.176869908648190623e-40
6.318655587100836409e-07 9.931034482758620641e+01 9.013882019635556322e-40
1.001799601811586755e-06 9.931034482758620641e+01 1.137752638930854517e-39
1.588316420092032202e-06 9.931034482758620641e+01 1.433460159972986328e-39
2.518217261987327143e-06 9.931034482758620641e+01 1.802813333005882041e-39
3.992540842840069515e-06 9.931034482758620641e+01 2.271083280569205631e-39
6.330026651142175928e-06 9.931034482758620641e+01 2.862116583195375981e-39
1.003602442189853816e-05 9.931034482758620641e+01 3.610221484069099764e-39
1.591174757199002686e-05 9.931034482758620641e+01 4.540205054532098690e-39
2.522749050333968757e-05 9.931034482758620641e+01 5.716025704451624067e-39
3.999725826573670141e-05 9.931034482758620641e+01 7.181401657179045570e-39
6.341418178570964038e-05 9.931034482758620641e+01 9.048451308053073242e-39
1.005408526962929517e-04 9.931034482758620641e+01 1.140929965386484097e-38
1.594038238174607465e-04 9.931034482758620641e+01 1.434630018540391348e-38
2.527288994095128194e-04 9.931034482758620641e+01 1.809543941114677347e-38
4.006923740417022524e-04 9.931034482758620641e+01 2.279465700866931624e-38
6.352830206213142764e-04 9.931034482758620641e+01 2.872862133859535726e-38
1.007217861969436721e-03 9.931034482758620641e+01 3.631297488696232527e-38
1.596906872275763488e-03 9.931034482758620641e+01 4.602364418455431934e-38
2.531837107947305064e-03 9.931034482758620641e+01 5.821106030148315828e-38
4.014134607639167213e-03 9.931034482758620641e+01 7.406300179676864047e-38
6.364262770960940792e-03 9.931034482758620641e+01 9.469090730441823953e-38
1.009030453058499567e-02 9.931034482758620641e+01 1.213436949374659156e-37
1.599780668776046300e-02 9.931034482758620641e+01 1.570611699866476680e-37
2.536393406593404759e-02 9.931034482758620641e+01 2.050616088850511092e-37
4.021358451551027696e-02 9.931034482758620641e+01 2.693874344370486468e-37
6.375715909772976253e-02 9.931034482758620641e+01 3.634332378970446965e-37
1.010846306089767666e-01 9.931034482758620641e+01 5.146705609233372957e-37
1.602659636965717282e-01 9.931034482758620641e+01 7.477239792146928097e-37
2.540957904762806696e-01 9.931034482758620641e+01 9.193526651580458007e-36
4.028595295505470464e-01 9.931034482758620641e+01 4.286501667877224588e-36
6.387189659674369357e-01 9.931034482758620641e+01 0.000000000000000000e+00
9.999999999999999547e-08 1.055172413793103630e+02 3.507650888003154761e-40
1.585463217613410812e-07 1.055172413793103630e+02 4.413425810337714760e-40
2.513693614405074964e-07 1.055172413793103630e+02 5.568188004225053435e-40
3.985368765988954567e-07 1.055172413793103630e+02 6.998237605818231470e-40
6.318655587100836409e-07 1.055172413793103630e+02 8.811383099231175608e-40
1.001799601811586755e-06 1.055172413793103630e+02 1.110584302850427823e-39
1.588316420092032202e-06 1.055172413793103630e+02 1.396858437547341634e-39
2.518217261987327143e-06 1.055172413793103630e+02 1.758989232224655167e-39
3.992540842840069515e-06 1.055172413793103630e+02 2.219862155021472097e-39
6.330026651142175928e-06 1.055172413793103630e+02 2.796999839549381985e-39
1.003602442189853816e-05 1.055172413793103630e+02 3.519463428114959362e-39
1.591174757199002686e-05 1.055172413793103630e+02 4.430535551663999381e-39
2.522749050333968757e-05 1.055172413793103630e+02 5.568740971023032301e-39
3.999725826573670141e-05 1.055172413793103630e+02 7.016365739659096874e-39
6.341418178570964038e-05 1.055172413793103630e+02 8.816162083908577951e-39
1.005408526962929517e-04 1.055172413793103630e+02 1.110445852309265389e-38
1.594038238174607465e-04 1.055172413793103630e+02 1.396841509364557433e-38
2.527288994095128194e-04 1.055172413793103630e+02 1.765196298333898833e-38
4.006923740417022524e-04 1.055172413793103630e+02 2.221472107262389588e-38
6.352830206213142764e-04 1.055172413793103630e+02 2.795718009090144644e-38
1.007217861969436721e-03 1.055172413793103630e+02 3.529112068551085754e-38
1.596906872275763488e-03 1.055172413793103630e+02 4.466089576784111747e-38
2.531837107947305064e-03 1.055172413793103630e+02 5.649637465203538710e-38
4.014134607639167213e-03 1.055172413793103630e+02 7.177236099995077589e-38
6.364262770960940792e-03 1.055172413793103630e+02 9.134189445155477535e-38
1.009030453058499567e-02 1.055172413793103630e+02 1.167696089591016341e-37
1.599780668776046300e-02 1.055172413793103630e+02 1.499512142316350978e-37
2.536393406593404759e-02 1.055172413793103630e+02 1.932033653414584884e-37
4.021358451551027696e-02 1.055172413793103630e+02 2.528713720514821102e-37
6.375715909772976253e-02 1.055172413793103630e+02 3.383368867777923500e-37
1.010846306089767666e-01 1.055172413793103630e+02 4.731143709874150508e-37
1.602659636965717282e-01 1.055172413793103630e+02 7.080892308066087294e-37
2.540957904762806696e-01 1.055172413793103630e+02 9.542200910640832651e-36
4.028595295505470464e-01 1.055172413793103630e+02 1.977707505757148053e-36
6.387189659674369357e-01 1.055172413793103630e+02 0.000000000000000000e+00
9.999999999999999547e-08 1.117241379310344911e+02 3.381874843856142480e-40
1.585463217613410812e-07 1.117241379310344911e+02 4.257165937375868283e-40
2.513693614405074964e-07 1.117241379310344911e+02 5.371946397070620654e-40
3.985368765988954567e-07 1.117241379310344911e+02 6.771231174040071020e-40
6.318655587100836409e-07 1.117241379310344911e+02 8.494008153781394024e-40
1.001799601811586755e-06 1.117241379310344911e+02 1.071386613360320950e-39
1.588316420092032202e-06 1.117241379310344911e+02 1.349322767907620761e-39
2.518217261987327143e-06 1.117241379310344911e+02 1.702056824325750703e-39
3.992540842840069515e-06 1.117241379310344911e+02 2.140640298510444876e-39
6.330026651142175928e-06 1.117241379310344911e+02 2.689603269418986365e-39
1.003602442189853816e-05 1.117241379310344911e+02 3.390278925164721362e-39
1.591174757199002686e-05 1.117241379310344911e+02 4.270703776138020071e-39
2.522749050333968757e-05 1.117241379310344911e+02 5.371476352061213486e-39
3.999725826573670141e-05 1.117241379310344911e+02 6.769798317799794095e-39
6.341418178570964038e-05 1.117241379310344911e+02 8.505755106604489969e-39
1.005408526962929517e-04 1.117241379310344911e+02 1.070445063292890853e-38
1.594038238174607465e-04 1.117241379310344911e+02 1.349897928558334613e-38
2.527288994095128194e-04 1.117241379310344911e+02 1.698771832637275014e-38
4.006923740417022524e-04 1.117241379310344911e+02 2.135146146499835909e-38
6.352830206213142764e-04 1.117241379310344911e+02 2.696855286819822689e-38
1.007217861969436721e-03 1.117241379310344911e+02 3.400571191972652979e-38
1.596906872275763488e-03 1.117241379310344911e+02 4.292917405287831799e-38
2.531837107947305064e-03 1.117241379310344911e+02 5.410313656835932902e-38
4.014134607639167213e-03 1.117241379310344911e+02 6.843894498261620524e-38
6.364262770960940792e-03 1.117241379310344911e+02 8.698558466869941520e-38
1.009030453058499567e-02 1.117241379310344911e+02 1.105986299970237085e-37
1.599780668776046300e-02 1.117241379310344911e+02 1.415114503104649583e-37
2.536393406593404759e-02 1.117241379310344911e+02 1.813412580632743800e-37
4.021358451551027696e-02 1.117241379310344911e+02 2.341073343767425486e-37
6.375715909772976253e-02 1.117241379310344911e+02 3.126147440465209368e-37
1.010846306089767666e-01 1.117241379310344911e+02 4.308124847932230050e-37
1.602659636965717282e-01 1.117241379310344911e+02 7.138517907143195574e-37
2.540957904762806696e-01 1.117241379310344911e+02 8.906876205110313868e-36
4.028595295505470464e-01 1.117241379310344911e+02 7.899908487311611895e-37
6.387189659674369357e-01 1.117241379310344911e+02 0.000000000000000000e+00
9.999999999999999547e-08 1.179310344827586192e+02 3.213399525225876859e-40
1.585463217613410812e-07 1.179310344827586192e+02 4.052738688856814698e-40
2.513693614405074964e-07 1.179310344827586192e+02 5.101735969080114691e-40
3.985368765988954567e-07 1.179310344827586192e+02 6.431143489971913397e-40
6.318655587100836409e-07 1.179310344827586192e+02 8.085994799707338590e-40
1.001799601811586755e-06 1.179310344827586192e+02 1.021078123425725160e-39
1.588316420092032202e-06 1.179310344827586192e+02 1.282241088661793742e-39
2.518217261987327143e-06 1.179310344827586192e+02 1.615191254877588347e-39
3.992540842840069515e-06 1.179310344827586192e+02 2.033959780579468367e-39
6.330026651142175928e-06 1.179310344827586192e+02 2.560559375840247251e-39
1.003602442189853816e-05 1.179310344827586192e+02 3.227564705441686102e-39
1.591174757199002686e-05 1.179310344827586192e+02 4.057810358144170665e-39
2.522749050333968757e-05 1.179310344827586192e+02 5.104631762800704288e-39
3.999725826573670141e-05 1.179310344827586192e+02 6.437774483411781285e-39
6.341418178570964038e-05 1.179310344827586192e+02 8.094608921548023769e-39
1.005408526962929517e-04 1.179310344827586192e+02 1.017313451065725266e-38
1.594038238174607465e-04 1.179310344827586192e+02 1.281741603532303282e-38
2.527288994095128194e-04 1.179310344827586192e+02 1.610703786519390417e-38
4.006923740417022524e-04 1.179310344827586192e+02 2.034589737236015587e-38
6.352830206213142764e-04 1.179310344827586192e+02 2.558835263524822170e-38
1.007217861969436721e-03 1.179310344827586192e+02 3.217126132530301475e-38
1.596906872275763488e-03 1.179310344827586192e+02 4.062313035662665878e-38
2.531837107947305064e-03 1.179310344827586192e+02 5.116092648465571115e-38
4.014134607639167213e-03 1.179310344827586192e+02 6.471365056700675487e-38
6.364262770960940792e-03 1.179310344827586192e+02 8.176067417771993462e-38
1.009030453058499567e-02 1.179310344827586192e+02 1.035735600708034428e-37
1.599780668776046300e-02 1.179310344827586192e+02 1.315311264474576670e-37
2.536393406593404759e-02 1.179310344827586192e+02 1.679830256628282375e-37
4.021358451551027696e-02 1.179310344827586192e+02 2.152940224934041744e-37
6.375715909772976253e-02 1.179310344827586192e+02 2.856880338374463044e-37
1.010846306089767666e-01 1.179310344827586192e+02 3.867685448186836918e-37
1.602659636965717282e-01 1.179310344827586192e+02 7.610984777545606247e-37
2.540957904762806696e-01 1.179310344827586192e+02 7.768078119358400927e-36
4.028595295505470464e-01 1.179310344827586192e+02 2.743941467031335710e-37
6.387189659674369357e-01 1.179310344827586192e+02 0.000000000000000000e+00
9.999999999999999547e-08 1.241379310344827616e+02 3.014946210725234667e-40
1.585463217613410812e-07 1.241379310344827616e+02 3.803928544629874195e-40
2.513693614405074964e-07 1.241379310344827616e+02 4.781754642473920793e-40
3.985368765988954567e-07 1.241379310344827616e+02 6.025335682571181554e-40
6.318655587100836409e-07 1.241379310344827616e+02 7.590966990331597480e-40
1.001799601811586755e-06 1.241379310344827616e+02 9.542554181399275820e-40
1.588316420092032202e-06 1.241379310344827616e+02 1.199675228285638656e-39
2.518217261987327143e-06 1.241379310344827616e+02 1.510336125342895795e-39
3.992540842840069515e-06 1.241379310344827616e+02 1.898602501260111170e-39
6.330026651142175928e-06 1.241379310344827616e+02 2.398012731002357758e-39
1.003602442189853816e-05 1.241379310344827616e+02 3.020151390124007513e-39
1.591174757199002686e-05 1.241379310344827616e+02 3.795153301073388469e-39
2.522749050333968757e-05 1.241379310344827616e+02 4.780587597614106246e-39
3.999725826573670141e-05 1.241379310344827616e+02 6.014783291922184754e-39
6.341418178570964038e-05 1.241379310344827616e+02 7.560867360528611518e-39
1.005408526962929517e-04 1.241379310344827616e+02 9.520862924130705706e-39
1.594038238174607465e-04 1.241379310344827616e+02 1.203212614277139888e-38
2.527288994095128194e-04 1.241379310344827616e+02 1.507677684106547345e-38
4.006923740417022524e-04 1.241379310344827616e+02 1.899927050071589204e-38
6.352830206213142764e-04 1.241379310344827616e+02 2.389687775039119775e-38
1.007217861969436721e-03 1.241379310344827616e+02 3.002720935059877432e-38
1.596906872275763488e-03 1.241379310344827616e+02 3.783612252350347399e-38
2.531837107947305064e-03 1.241379310344827616e+02 4.769848179131017116e-38
4.014134607639167213e-03 1.241379310344827616e+02 6.012211672122912475e-38
6.364262770960940792e-03 1.241379310344827616e+02 7.554915598297175049e-38
1.009030453058499567e-02 1.241379310344827616e+02 9.555169022332636351e-38
1.599780668776046300e-02 1.241379310344827616e+02 1.209467042446945512e-37
2.536393406593404759e-02 1.241379310344827616e+02 1.529562948420091849e-37
4.021358451551027696e-02 1.241379310344827616e+02 1.960375657996655833e-37
6.375715909772976253e-02 1.241379310344827616e+02 2.572657708533003962e-37
1.010846306089767666e-01 1.241379310344827616e+02 3.450360699467323000e-37
1.602659636965717282e-01 1.241379310344827616e+02 8.314929879567914057e-37
2.540957904762806696e-01 1.241379310344827616e+02 6.473034886215145649e-36
4.028595295505470464e-01 1.241379310344827616e+02 8.730760494800119655e-38
6.387189659674369357e-01 1.241379310344827616e+02 0.000000000000000000e+00
9.999999999999999547e-08 1.303448275862068897e+02 2.779692857527410765e-40
1.585463217613410812e-07 1.303448275862068897e+02 3.496825008243444096e-40
2.513693614405074964e-07 1.303448275862068897e+02 4.401945108828664046e-40
3.985368765988954567e-07 1.303448275862068897e+02 5.558503921569587984e-40
6.318655587100836409e-07 1.303448275862068897e+02 6.976817133147027317e-40
1.001799601811586755e-06 1.303448275862068897e+02 8.785349759385385243e-40
1.588316420092032202e-06 1.303448275862068897e+02 1.108526311816599262e-39
2.518217261987327143e-06 1.303448275862068897e+02 1.391324358793082516e-39
3.992540842840069515e-06 1.303448275862068897e+02 1.753308456462028100e-39
6.330026651142175928e-06 1.303448275862068897e+02 2.208304169944896233e-39
1.003602442189853816e-05 1.303448275862068897e+02 2.772985018074079464e-39
1.591174757199002686e-05 1.303448275862068897e+02 3.500464428814962066e-39
2.522749050333968757e-05 1.303448275862068897e+02 4.403404432567778411e-39
3.999725826573670141e-05 1.303448275862068897e+02 5.548828493459155666e-39
6.341418178570964038e-05 1.303448275862068897e+02 6.966230617932596739e-39
1.005408526962929517e-04 1.303448275862068897e+02 8.779762570503496154e-39
1.594038238174607465e-04 1.303448275862068897e+02 1.104111768542824028e-38
2.527288994095128194e-04 1.303448275862068897e+02 1.387928616513508989e-38
4.006923740417022524e-04 1.303448275862068897e+02 1.749489013088135549e-38
6.352830206213142764e-04 1.303448275862068897e+02 2.194070503901907340e-38
1.007217861969436721e-03 1.303448275862068897e+02 2.763414169819044863e-38
1.596906872275763488e-03 1.303448275862068897e+02 3.474910199516369212e-38
2.531837107947305064e-03 1.303448275862068897e+02 4.370146297745974655e-38
4.014134607639167213e-03 1.303448275862068897e+02 5.495224458200513893e-38
6.364262770960940792e-03 1.303448275862068897e+02 6.905057996312856359e-38
1.009030453058499567e-02 1.303448275862068897e+02 8.689925941982091998e-38
1.599780668776046300e-02 1.303448275862068897e+02 1.090678055216966350e-37
2.536393406593404759e-02 1.303448275862068897e+02 1.374369487501011307e-37
4.021358451551027696e-02 1.303448275862068897e+02 1.751063261415050064e-37
6.375715909772976253e-02 1.303448275862068897e+02 2.289914859186983498e-37
1.010846306089767666e-01 1.303448275862068897e+02 3.031229292330423832e-37
1.602659636965717282e-01 1.303448275862068897e+02 9.114852260065066070e-37
2.540957904762806696e-01 1.303448275862068897e+02 5.283900283987078331e-36
4.028595295505470464e-01 1.303448275862068897e+02 2.647757318386869327e-38
6.387189659674369357e-01 1.303448275862068897e+02 0.000000000000000000e+00
9.999999999999999547e-08 1.365517241379310462e+02 2.511674618036491273e-40
1.585463217613410812e-07 1.365517241379310462e+02 3.154501757667363798e-40
2.513693614405074964e-07 1.365517241379310462e+02 3.972208169795026257e-40
3.985368765988954567e-07 1.365517241379310462e+02 5.004049869502551845e-40
6.318655587100836409e-07 1.365517241379310462e+02 6.294270869611228841e-40
1.001799601811586755e-06 1.365517241379310462e+02 7.932862431835299374e-40
1.588316420092032202e-06 1.365517241379310462e+02 9.982812783229743452e-40
2.518217261987327143e-06 1.365517241379310462e+02 1.255260014504391699e-39
3.992540842840069515e-06 1.365517241379310462e+02 1.582161452286676166e-39
6.330026651142175928e-06 1.365517241379310462e+02 1.996492934881992226e-39
1.003602442189853816e-05 1.365517241379310462e+02 2.507587424747990449e-39
1.591174757199002686e-05 1.365517241379310462e+02 3.154918153232856731e-39
2.522749050333968757e-05 1.365517241379310462e+02 3.973222088911137230e-39
3.999725826573670141e-05 1.365517241379310462e+02 4.994132588334449074e-39
6.341418178570964038e-05 1.365517241379310462e+02 6.301797261217882542e-39
1.005408526962929517e-04 1.365517241379310462e+02 7.915532782608535589e-39
1.594038238174607465e-04 1.365517241379310462e+02 9.967304989202017294e-39
2.527288994095128194e-04 1.365517241379310462e+02 1.255314366792041480e-38
4.006923740417022524e-04 1.365517241379310462e+02 1.573989784242104210e-38
6.352830206213142764e-04 1.365517241379310462e+02 1.984417977067844115e-38
1.007217861969436721e-03 1.365517241379310462e+02 2.485097259362170784e-38
1.596906872275763488e-03 1.365517241379310462e+02 3.122742470116203332e-38
2.531837107947305064e-03 1.365517241379310462e+02 3.926893440026565508e-38
4.014134607639167213e-03 1.365517241379310462e+02 4.925465605968009936e-38
6.364262770960940792e-03 1.365517241379310462e+02 6.157838897665222247e-38
1.009030453058499567e-02 1.365517241379310462e+02 7.743281366047632176e-38
1.599780668776046300e-02 1.365517241379310462e+02 9.680819259810183893e-38
2.536393406593404759e-02 1.365517241379310462e+02 1.214840991595367332e-37
4.021358451551027696e-02 1.365517241379310462e+02 1.539147756619139307e-37
6.375715909772976253e-02 1.365517241379310462e+02 2.005487798064426328e-37
1.010846306089767666e-01 1.365517241379310462e+02 2.622928801944081752e-37
1.602659636965717282e-01 1.365517241379310462e+02 9.685731567995005682e-37
2.540957904762806696e-01 1.365517241379310462e+02 4.248362628328866558e-36
4.028595295505470464e-01 1.365517241379310462e+02 8.838109555637155986e-39
6.387189659674369357e-01 1.365517241379310462e+02 0.000000000000000000e+00
9.999999999999999547e-08 1.427586206896551744e+02 2.206511208175549750e-40
1.585463217613410812e-07 1.427586206896551744e+02 2.770779574133939870e-40
2.513693614405074964e-07 1.427586206896551744e+02 3.488509846913524748e-40
3.985368765988954567e-07 1.427586206896551744e+02 4.408419675726415014e-40
6.318655587100836409e-07 1.427586206896551744e+02 5.530104576290602328e-40
1.001799601811586755e-06 1.427586206896551744e+02 6.988409916751335189e-40
1.588316420092032202e-06 1.427586206896551744e+02 8.784160456626709550e-40
2.518217261987327143e-06 1.427586206896551744e+02 1.105161977007219745e-39
3.992540842840069515e-06 1.427586206896551744e+02 1.395883717599308048e-39
6.330026651142175928e-06 1.427586206896551744e+02 1.751582404059594726e-39
1.003602442189853816e-05 1.427586206896551744e+02 2.204060848534105534e-39
1.591174757199002686e-05 1.427586206896551744e+02 2.777801500505844298e-39
2.522749050333968757e-05 1.427586206896551744e+02 3.491060663307790421e-39
3.999725826573670141e-05 1.427586206896551744e+02 4.389478889743268118e-39
6.341418178570964038e-05 1.427586206896551744e+02 5.528920560247857745e-39
1.005408526962929517e-04 1.427586206896551744e+02 6.938229146996349944e-39
1.594038238174607465e-04 1.427586206896551744e+02 8.748333979712981793e-39
2.527288994095128194e-04 1.427586206896551744e+02 1.099514910406740557e-38
4.006923740417022524e-04 1.427586206896551744e+02 1.384950262568283493e-38
6.352830206213142764e-04 1.427586206896551744e+02 1.739228701298112258e-38
1.007217861969436721e-03 1.427586206896551744e+02 2.177987906538246851e-38
1.596906872275763488e-03 1.427586206896551744e+02 2.736087243162215624e-38
2.531837107947305064e-03 1.427586206896551744e+02 3.431492273677737602e-38
4.014134607639167213e-03 1.427586206896551744e+02 4.303249184427742267e-38
6.364262770960940792e-03 1.427586206896551744e+02 5.380889592629310787e-38
1.009030453058499567e-02 1.427586206896551744e+02 6.708025401521709057e-38
1.599780668776046300e-02 1.427586206896551744e+02 8.385731382640487049e-38
2.536393406593404759e-02 1.427586206896551744e+02 1.050091838321580745e-37
4.021358451551027696e-02 1.427586206896551744e+02 1.328647611833347088e-37
6.375715909772976253e-02 1.427586206896551744e+02 1.720435385753564339e-37
1.010846306089767666e-01 1.427586206896551744e+02 2.237566180835789274e-37
1.602659636965717282e-01 1.427586206896551744e+02 9.886669338316999144e-37
2.540957904762806696e-01 1.427586206896551744e+02 3.355669587010464453e-36
4.028595295505470464e-01 1.427586206896551744e+02 3.759211774367781461e-39
6.387189659674369357e-01 1.427586206896551744e+02 0.000000000000000000e+00
9.999999999999999547e-08 1.489655172413793025e+02 1.876154679406283422e-40
1.585463217613410812e-07 1.489655172413793025e+02 2.365591535652204098e-40
2.513693614405074964e-07 1.489655172413793025e+02 2.976950389840616568e-40
3.985368765988954567e-07 1.489655172413793025e+02 3.748160413557356688e-40
6.318655587100836409e-07 1.489655172413793025e+02 4.716922634608075593e-40
1.001799601811586755e-06 1.489655172413793025e+02 5.936971456714809632e-40
1.588316420092032202e-06 1.489655172413793025e+02 7.479480955316496891e-40
2.518217261987327143e-06 1.489655172413793025e+02 9.421437972505777622e-40
3.992540842840069515e-06 1.489655172413793025e+02 1.185874314204358235e-39
6.330026651142175928e-06 1.489655172413793025e+02 1.489238898663597501e-39
1.003602442189853816e-05 1.489655172413793025e+02 1.878208333210379086e-39
1.591174757199002686e-05 1.489655172413793025e+02 2.367115355955213864e-39
2.522749050333968757e-05 1.489655172413793025e+02 2.974908392687906268e-39
3.999725826573670141e-05 1.489655172413793025e+02 3.746545459201200696e-39
6.341418178570964038e-05 1.489655172413793025e+02 4.706316001313825299e-39
1.005408526962929517e-04 1.489655172413793025e+02 5.926667581438356796e-39
1.594038238174607465e-04 1.489655172413793025e+02 7.434195326928218725e-39
2.527288994095128194e-04 1.489655172413793025e+02 9.384459392048183821e-39
4.006923740417022524e-04 1.489655172413793025e+02 1.177703394235856473e-38
6.352830206213142764e-04 1.489655172413793025e+02 1.480044118294948570e-38
1.007217861969436721e-03 1.489655172413793025e+02 1.856361594270569152e-38
1.596906872275763488e-03 1.489655172413793025e+02 2.322623516792747713e-38
2.531837107947305064e-03 1.489655172413793025e+02 2.907684066600237129e-38
4.014134607639167213e-03 1.489655172413793025e+02 3.642300679293747780e-38
6.364262770960940792e-03 1.489655172413793025e+02 4.542827389701978759e-38
1.009030453058499567e-02 1.489655172413793025e+02 5.660100478826954667e-38
1.599780668776046300e-02 1.489655172413793025e+02 7.033502904511541091e-38
2.536393406593404759e-02 1.489655172413793025e+02 8.798404706078174814e-38
4.021358451551027696e-02 1.489655172413793025e+02 1.108088968083464927e-37
6.375715909772976253e-02 1.489655172413793025e+02 1.433549782962047547e-37
1.010846306089767666e-01 1.489655172413793025e+02 1.849853846537062656e-37
1.602659636965717282e-01 1.489655172413793025e+02 9.467164650497590726e-37
2.540957904762806696e-01 1.489655172413793025e+02 2.577281243664279207e-36
4.028595295505470464e-01 1.489655172413793025e+02 2.120262301843780567e-39
6.387189659674369357e-01 1.489655172413793025e+02 0.000000000000000000e+00
9.999999999999999547e-08 1.551724137931034591e+02 1.529349975870891903e-40
1.585463217613410812e-07 1.551724137931034591e+02 1.923806841336657881e-40
2.513693614405074964e-07 1.551724137931034591e+02 2.428476115209121727e-40
3.985368765988954567e-07 1.551724137931034591e+02 3.048341479580546252e-40
6.318655587100836409e-07 1.551724137931034591e+02 3.842683093602366877e-40
1.001799601811586755e-06 1.551724137931034591e+02 4.845532376194664164e-40
1.588316420092032202e-06 1.551724137931034591e+02 6.091706974803802726e-40
2.518217261987327143e-06 1.551724137931034591e+02 7.654536038276432784e-40
3.992540842840069515e-06 1.551724137931034591e+02 9.676510597994356829e-40
6.330026651142175928e-06 1.551724137931034591e+02 1.214769034414564774e-39
1.003602442189853816e-05 1.551724137931034591e+02 1.528816725731179701e-39
1.591174757199002686e-05 1.551724137931034591e+02 1.926607079259603193e-39
2.522749050333968757e-05 1.551724137931034591e+02 2.421455821984187231e-39
3.999725826573670141e-05 1.551724137931034591e+02 3.042495783860271332e-39
6.341418178570964038e-05 1.551724137931034591e+02 3.833360758019688351e-39
1.005408526962929517e-04 1.551724137931034591e+02 4.830350757673789443e-39
1.594038238174607465e-04 1.551724137931034591e+02 6.061801722225170996e-39
2.527288994095128194e-04 1.551724137931034591e+02 7.628495026438938381e-39
4.006923740417022524e-04 1.551724137931034591e+02 9.589166357029990241e-39
6.352830206213142764e-04 1.551724137931034591e+02 1.200133311536197448e-38
1.007217861969436721e-03 1.551724137931034591e+02 1.505740236628859817e-38
1.596906872275763488e-03 1.551724137931034591e+02 1.888342613255051150e-38
2.531837107947305064e-03 1.551724137931034591e+02 2.363651513269128920e-38
4.014134607639167213e-03 1.551724137931034591e+02 2.954282271454994183e-38
6.364262770960940792e-03 1.551724137931034591e+02 3.673550372404971346e-38
1.009030453058499567e-02 1.551724137931034591e+02 4.569667388010546982e-38
1.599780668776046300e-02 1.551724137931034591e+02 5.680931709972102971e-38
2.536393406593404759e-02 1.551724137931034591e+02 7.062763627840160152e-38
4.021358451551027696e-02 1.551724137931034591e+02 8.903641053422998943e-38
6.375715909772976253e-02 1.551724137931034591e+02 1.145438557232716877e-37
1.010846306089767666e-01 1.551724137931034591e+02 1.468316072743452286e-37
1.602659636965717282e-01 1.551724137931034591e+02 8.420825900936110753e-37
2.540957904762806696e-01 1.551724137931034591e+02 1.915447293468830434e-36
4.028595295505470464e-01 1.551724137931034591e+02 1.223311405198099326e-39
6.387189659674369357e-01 1.551724137931034591e+02 0.000000000000000000e+00
9.999999999999999547e-08 1.613793103448276156e+02 1.162920229402776120e-40
1.585463217613410812e-07 1.613793103448276156e+02 1.466332313193347736e-40
2.513693614405074964e-07 1.613793103448276156e+02 1.842897577813559180e-40
3.985368765988954567e-07 1.613793103448276156e+02 2.321316377845087325e-40
6.318655587100836409e-07 1.613793103448276156e+02 2.923217611538593574e-40
1.001799601811586755e-06 1.613793103448276156e+02 3.684182649032141583e-40
1.588316420092032202e-06 1.613793103448276156e+02 4.633502463871325095e-40
2.518217261987327143e-06 1.613793103448276156e+02 5.837342767551410744e-40
3.992540842840069515e-06 1.613793103448276156e+02 7.334690337284465838e-40
6.330026651142175928e-06 1.613793103448276156e+02 9.208749702977384347e-40
1.003602442189853816e-05 1.613793103448276156e+02 1.162745085328642448e-39
1.591174757199002686e-05 1.613793103448276156e+02 1.462528887581608741e-39
2.522749050333968757e-05 1.613793103448276156e+02 1.839606072949175172e-39
3.999725826573670141e-05 1.613793103448276156e+02 2.309775155233769834e-39
6.341418178570964038e-05 1.613793103448276156e+02 2.917124568589857258e-39
1.005408526962929517e-04 1.613793103448276156e+02 3.661980502733019297e-39
1.594038238174607465e-04 1.613793103448276156e+02 4.600136919307581603e-39
2.527288994095128194e-04 1.613793103448276156e+02 5.790306724376989652e-39
4.006923740417022524e-04 1.613793103448276156e+02 7.276905671195571934e-39
6.352830206213142764e-04 1.613793103448276156e+02 9.130230566324671378e-39
1.007217861969436721e-03 1.613793103448276156e+02 1.142588675157059443e-38
1.596906872275763488e-03 1.613793103448276156e+02 1.432791911492852924e-38
2.531837107947305064e-03 1.613793103448276156e+02 1.788957785421067774e-38
4.014134607639167213e-03 1.613793103448276156e+02 2.237624556477014365e-38
6.364262770960940792e-03 1.613793103448276156e+02 2.783751560697315791e-38
1.009030453058499567e-02 1.613793103448276156e+02 3.457622238319249286e-38
1.599780668776046300e-02 1.613793103448276156e+02 4.282454952140757532e-38
2.536393406593404759e-02 1.613793103448276156e+02 5.314624908891326826e-38
4.021358451551027696e-02 1.613793103448276156e+02 6.680987630994431506e-38
6.375715909772976253e-02 1.613793103448276156e+02 8.612286763987886611e-38
1.010846306089767666e-01 1.613793103448276156e+02 1.097354316501286473e-37
1.602659636965717282e-01 1.613793103448276156e+02 6.901862215379938636e-37
2.540957904762806696e-01 1.613793103448276156e+02 1.354137514718743691e-36
4.028595295505470464e-01 1.613793103448276156e+02 7.052610471581050683e-40
6.387189659674369357e-01 1.613793103448276156e+02 0.000000000000000000e+00
9.999999999999999547e-08 1.675862068965517437e+02 7.826991372116405597e-41
1.585463217613410812e-07 1.675862068965517437e+02 9.846906728089041078e-41
2.513693614405074964e-07 1.675862068965517437e+02 1.241593537315214341e-40
3.985368765988954567e-07 1.675862068965517437e+02 1.564506369567972440e-40
6.318655587100836409e-07 1.675862068965517437e+02 1.965073107686017778e-40
1.001799601811586755e-06 1.675862068965517437e+02 2.479746021395783262e-40
1.588316420092032202e-06 1.675862068965517437e+02 3.115610995006297638e-40
2.518217261987327143e-06 1.675862068965517437e+02 3.932779807652186402e-40
3.992540842840069515e-06 1.675862068965517437e+02 4.939719664415452739e-40
6.330026651142175928e-06 1.675862068965517437e+02 6.214848172182304336e-40
1.003602442189853816e-05 1.675862068965517437e+02 7.834741073417068474e-40
1.591174757199002686e-05 1.675862068965517437e+02 9.853255324114017321e-40
2.522749050333968757e-05 1.675862068965517437e+02 1.240019699253093917e-39
3.999725826573670141e-05 1.675862068965517437e+02 1.556757272309724779e-39
6.341418178570964038e-05 1.675862068965517437e+02 1.966890206185977340e-39
1.005408526962929517e-04 1.675862068965517437e+02 2.468716540404077361e-39
1.594038238174607465e-04 1.675862068965517437e+02 3.109805351274449513e-39
2.527288994095128194e-04 1.675862068965517437e+02 3.896995800980588664e-39
4.006923740417022524e-04 1.675862068965517437e+02 4.894444089166439202e-39
6.352830206213142764e-04 1.675862068965517437e+02 6.144622935929350542e-39
1.007217861969436721e-03 1.675862068965517437e+02 7.704666019110313063e-39
1.596906872275763488e-03 1.675862068965517437e+02 9.648482428024964148e-39
2.531837107947305064e-03 1.675862068965517437e+02 1.202703215165895156e-38
4.014134607639167213e-03 1.675862068965517437e+02 1.502957385891110616e-38
6.364262770960940792e-03 1.675862068965517437e+02 1.863636850359513617e-38
1.009030453058499567e-02 1.675862068965517437e+02 2.314654066325082573e-38
1.599780668776046300e-02 1.675862068965517437e+02 2.869074652490877347e-38
2.536393406593404759e-02 1.675862068965517437e+02 3.554006305328432302e-38
4.021358451551027696e-02 1.675862068965517437e+02 4.466621105220106122e-38
6.375715909772976253e-02 1.675862068965517437e+02 5.737324244284461448e-38
1.010846306089767666e-01 1.675862068965517437e+02 7.284142159165380189e-38
1.602659636965717282e-01 1.675862068965517437e+02 4.892554573208820631e-37
2.540957904762806696e-01 1.675862068965517437e+02 8.633060618878111056e-37
4.028595295505470464e-01 1.675862068965517437e+02 3.860704217789272804e-40
6.387189659674369357e-01 1.675862068965517437e+02 0.000000000000000000e+00
9.999999999999999547e-08 1.737931034482758719e+02 3.931468379973313529e-41
1.585463217613410812e-07 1.737931034482758719e+02 4.957318251184466487e-41
2.513693614405074964e-07 1.737931034482758719e+02 6.244094623662828227e-41
3.985368765988954567e-07 1.737931034482758719e+02 7.865082455095290551e-41
6.318655587100836409e-07 1.737931034482758719e+02 9.890124641942223460e-41
1.001799601811586755e-06 1.737931034482758719e+02 1.244995661912898375e-40
1.588316420092032202e-06 1.737931034482758719e+02 1.566855762899370242e-40
2.518217261987327143e-06 1.737931034482758719e+02 1.979629676837112178e-40
3.992540842840069515e-06 1.737931034482758719e+02 2.485235981998619701e-40
6.330026651142175928e-06 1.737931034482758719e+02 3.125715744893482324e-40
1.003602442189853816e-05 1.737931034482758719e+02 3.946197265533611605e-40
1.591174757199002686e-05 1.737931034482758719e+02 4.954167807042037978e-40
2.522749050333968757e-05 1.737931034482758719e+02 6.236388480564832148e-40
3.999725826573670141e-05 1.737931034482758719e+02 7.854459303401661907e-40
6.341418178570964038e-05 1.737931034482758719e+02 9.877743208642492826e-40
1.005408526962929517e-04 1.737931034482758719e+02 1.239999615925449707e-39
1.594038238174607465e-04 1.737931034482758719e+02 1.563352405045305105e-39
2.527288994095128194e-04 1.737931034482758719e+02 1.957619083195076996e-39
4.006923740417022524e-04 1.737931034482758719e+02 2.458675002303523969e-39
6.352830206213142764e-04 1.737931034482758719e+02 3.079619686818445570e-39
1.007217861969436721e-03 1.737931034482758719e+02 3.867865556025996206e-39
1.596906872275763488e-03 1.737931034482758719e+02 4.850805896216765643e-39
2.531837107947305064e-03 1.737931034482758719e+02 6.050231140305833624e-39
4.014134607639167213e-03 1.737931034482758719e+02 7.521828805073754566e-39
6.364262770960940792e-03 1.737931034482758719e+02 9.346294035428802702e-39
1.009030453058499567e-02 1.737931034482758719e+02 1.161317539984616909e-38
1.599780668776046300e-02 1.737931034482758719e+02 1.439560792599858365e-38
2.536393406593404759e-02 1.737931034482758719e+02 1.779695957812538560e-38
4.021358451551027696e-02 1.737931034482758719e+02 2.232823148683540647e-38
6.375715909772976253e-02 1.737931034482758719e+02 2.860363951803257792e-38
1.010846306089767666e-01 1.737931034482758719e+02 3.640915601865940925e-38
1.602659636965717282e-01 1.737931034482758719e+02 2.535536757276265412e-37
2.540957904762806696e-01 1.737931034482758719e+02 4.195352682474871004e-37
4.028595295505470464e-01 1.737931034482758719e+02 1.728998294640272626e-40
6.387189659674369357e-01 1.737931034482758719e+02 0.000000000000000000e+00
9.999999999999999547e-08 1.800000000000000000e+02 4.462832877675955332e-56
1.585463217613410812e-07 1.800000000000000000e+02 5.610802966336696867e-56
2.513693614405074964e-07 1.800000000000000000e+02 7.077969501277552257e-56
3.985368765988954567e-07 1.800000000000000000e+02 8.912412207239671084e-56
6.318655587100836409e-07 1.800000000000000000e+02 1.120767607919902895e-55
1.001799601811586755e-06 1.800000000000000000e+02 1.411345373984954794e-55
1.588316420092032202e-06 1.800000000000000000e+02 1.774017990115083348e-55
2.518217261987327143e-06 1.800000000000000000e+02 2.236063834015254595e-55
3.992540842840069515e-06 1.800000000000000000e+02 2.811337165560532343e-55
6.330026651142175928e-06 1.800000000000000000e+02 3.545338763221111945e-55
1.003602442189853816e-05 1.800000000000000000e+02 4.459396844560721899e-55
1.591174757199002686e-05 1.800000000000000000e+02 5.616465836789168417e-55
2.522749050333968757e-05 1.800000000000000000e+02 7.065016672704152675e-55
3.999725826573670141e-05 1.800000000000000000e+02 8.885210197072651817e-55
6.341418178570964038e-05 1.800000000000000000e+02 1.117887273211549986e-54
1.005408526962929517e-04 1.800000000000000000e+02 1.403638281214679460e-54
1.594038238174607465e-04 1.800000000000000000e+02 1.766981146528618989e-54
2.527288994095128194e-04 1.800000000000000000e+02 2.218773534931104521e-54
4.006923740417022524e-04 1.800000000000000000e+02 2.784179330316965063e-54
6.352830206213142764e-04 1.800000000000000000e+02 3.487141693646432374e-54
1.007217861969436721e-03 1.800000000000000000e+02 4.380106689379030138e-54
1.596906872275763488e-03 1.800000000000000000e+02 5.479345663884371873e-54
2.531837107947305064e-03 1.800000000000000000e+02 6.854718829611350008e-54
4.014134607639167213e-03 1.800000000000000000e+02 8.542198833366447649e-54
6.364262770960940792e-03 1.800000000000000000e+02 1.060564067710508301e-53
1.009030453058499567e-02 1.800000000000000000e+02 1.315048123065546601e-53
1.599780668776046300e-02 1.800000000000000000e+02 1.624560111991948422e-53
2.536393406593404759e-02 1.800000000000000000e+02 0.000000000000000000e+00
4.021358451551027696e-02 1.800000000000000000e+02 2.520127183805607380e-53
6.375715909772976253e-02 1.800000000000000000e+02 3.223503043826172516e-53
1.010846306089767666e-01 1.800000000000000000e+02 4.134677481903671936e-53
1.602659636965717282e-01 1.800000000000000000e+02 2.866244852371596105e-52
2.540957904762806696e-01 1.800000000000000000e+02 4.693231080667497696e-52
4.028595295505470464e-01 1.800000000000000000e+02 1.896715634759154883e-55
6.387189659674369357e-01 1.800000000000000000e+02 0.000000000000000000e+00
