# atom 56: Tchi 0.6723357536499337 [GeV]; m_chi = 0.05 [GeV]; mS = 0.3 [GeV]; gchi =0.01; gN = 0.01
# Tchi^prime [GeV], theta [degree] ,dsigma/dTchip dtheta [cm^2/GeV]
9.999999999999999547e-08 0.000000000000000000e+00 0.000000000000000000e+00
1.585463217613410812e-07 0.000000000000000000e+00 0.000000000000000000e+00
2.513693614405074964e-07 0.000000000000000000e+00 0.000000000000000000e+00
3.985368765988954567e-07 0.000000000000000000e+00 0.000000000000000000e+00
6.318655587100836409e-07 0.000000000000000000e+00 0.000000000000000000e+00
1.001799601811586755e-06 0.000000000000000000e+00 0.000000000000000000e+00
1.588316420092032202e-06 0.000000000000000000e+00 0.000000000000000000e+00
2.518217261987327143e-06 0.000000000000000000e+00 0.000000000000000000e+00
3.992540842840069515e-06 0.000000000000000000e+00 0.000000000000000000e+00
6.330026651142175928e-06 0.000000000000000000e+00 0.000000000000000000e+00
1.003602442189853816e-05 0.000000000000000000e+00 0.000000000000000000e+00
1.591174757199002686e-05 0.000000000000000000e+00 0.000000000000000000e+00
2.522749050333968757e-05 0.000000000000000000e+00 0.000000000000000000e+00
3.999725826573670141e-05 0.000000000000000000e+00 0.000000000000000000e+00
6.341418178570964038e-05 0.000000000000000000e+00 0.000000000000000000e+00
1.005408526962929517e-04 0.000000000000000000e+00 0.000000000000000000e+00
1.594038238174607465e-04 0.000000000000000000e+00 0.000000000000000000e+00
2.527288994095128194e-04 0.000000000000000000e+00 0.000000000000000000e+00
4.006923740417022524e-04 0.000000000000000000e+00 0.000000000000000000e+00
6.352830206213142764e-04 0.000000000000000000e+00 0.000000000000000000e+00
1.007217861969436721e-03 0.000000000000000000e+00 0.000000000000000000e+00
1.596906872275763488e-03 0.000000000000000000e+00 0.000000000000000000e+00
2.531837107947305064e-03 0.000000000000000000e+00 0.000000000000000000e+00
4.014134607639167213e-03 0.000000000000000000e+00 0.000000000000000000e+00
6.364262770960940792e-03 0.000000000000000000e+00 0.000000000000000000e+00
1.009030453058499567e-02 0.000000000000000000e+00 0.000000000000000000e+00
1.599780668776046300e-02 0.000000000000000000e+00 0.000000000000000000e+00
2.536393406593404759e-02 0.000000000000000000e+00 0.000000000000000000e+00
4.021358451551027696e-02 0.000000000000000000e+00 0.000000000000000000e+00
6.375715909772976253e-02 0.000000000000000000e+00 0.000000000000000000e+00
1.010846306089767666e-01 0.000000000000000000e+00 0.000000000000000000e+00
1.602659636965717282e-01 0.000000000000000000e+00 0.000000000000000000e+00
2.540957904762806696e-01 0.000000000000000000e+00 0.000000000000000000e+00
4.028595295505470464e-01 0.000000000000000000e+00 0.000000000000000000e+00
6.387189659674369357e-01 0.000000000000000000e+00 0.000000000000000000e+00
9.999999999999999547e-08 6.206896551724137900e+00 2.287383952522678530e-41
1.585463217613410812e-07 6.206896551724137900e+00 2.881942918068147722e-41
2.513693614405074964e-07 6.206896551724137900e+00 3.618500088449876497e-41
3.985368765988954567e-07 6.206896551724137900e+00 4.565883331736308834e-41
6.318655587100836409e-07 6.206896551724137900e+00 5.750120379686884246e-41
1.001799601811586755e-06 6.206896551724137900e+00 7.235037245109183350e-41
1.588316420092032202e-06 6.206896551724137900e+00 9.105374404663053254e-41
2.518217261987327143e-06 6.206896551724137900e+00 1.150165699675800499e-40
3.992540842840069515e-06 6.206896551724137900e+00 1.444191676946933736e-40
6.330026651142175928e-06 6.206896551724137900e+00 1.822524976257957815e-40
1.003602442189853816e-05 6.206896551724137900e+00 2.290332752245239088e-40
1.591174757199002686e-05 6.206896551724137900e+00 2.873863267986509566e-40
2.522749050333968757e-05 6.206896551724137900e+00 3.629814089390295255e-40
3.999725826573670141e-05 6.206896551724137900e+00 4.557969558528484326e-40
6.341418178570964038e-05 6.206896551724137900e+00 5.750014459482579665e-40
1.005408526962929517e-04 6.206896551724137900e+00 7.240961273559091278e-40
1.594038238174607465e-04 6.206896551724137900e+00 9.106815507450710047e-40
2.527288994095128194e-04 6.206896551724137900e+00 1.146855900157353152e-39
4.006923740417022524e-04 6.206896551724137900e+00 1.442567473056943381e-39
6.352830206213142764e-04 6.206896551724137900e+00 1.811412837504332186e-39
1.007217861969436721e-03 6.206896551724137900e+00 2.281421566913896196e-39
1.596906872275763488e-03 6.206896551724137900e+00 2.870164117441626857e-39
2.531837107947305064e-03 6.206896551724137900e+00 3.616638965282128400e-39
4.014134607639167213e-03 6.206896551724137900e+00 4.564333104858363124e-39
6.364262770960940792e-03 6.206896551724137900e+00 5.750763720527482754e-39
1.009030453058499567e-02 6.206896551724137900e+00 7.287310381751095428e-39
1.599780668776046300e-02 6.206896551724137900e+00 9.291139221373112816e-39
2.536393406593404759e-02 6.206896551724137900e+00 1.197911055908056583e-38
4.021358451551027696e-02 6.206896551724137900e+00 1.588639464619010368e-38
6.375715909772976253e-02 6.206896551724137900e+00 2.211095222498484062e-38
1.010846306089767666e-01 6.206896551724137900e+00 3.342048228042761205e-38
1.602659636965717282e-01 6.206896551724137900e+00 5.892045983047548595e-38
2.540957904762806696e-01 6.206896551724137900e+00 1.327712961336400300e-37
4.028595295505470464e-01 6.206896551724137900e+00 0.000000000000000000e+00
6.387189659674369357e-01 6.206896551724137900e+00 0.000000000000000000e+00
9.999999999999999547e-08 1.241379310344827580e+01 4.555861022454047860e-41
1.585463217613410812e-07 1.241379310344827580e+01 5.718862811096892595e-41
2.513693614405074964e-07 1.241379310344827580e+01 7.215508727113221206e-41
3.985368765988954567e-07 1.241379310344827580e+01 9.082550207266825085e-41
6.318655587100836409e-07 1.241379310344827580e+01 1.144784177737132524e-40
1.001799601811586755e-06 1.241379310344827580e+01 1.438820796475409834e-40
1.588316420092032202e-06 1.241379310344827580e+01 1.811233734405552545e-40
2.518217261987327143e-06 1.241379310344827580e+01 2.279651868389374217e-40
3.992540842840069515e-06 1.241379310344827580e+01 2.874139219214339360e-40
6.330026651142175928e-06 1.241379310344827580e+01 3.622380519166532415e-40
1.003602442189853816e-05 1.241379310344827580e+01 4.552174333951316402e-40
1.591174757199002686e-05 1.241379310344827580e+01 5.729336342523315106e-40
2.522749050333968757e-05 1.241379310344827580e+01 7.226600967060419953e-40
3.999725826573670141e-05 1.241379310344827580e+01 9.076695041292084865e-40
6.341418178570964038e-05 1.241379310344827580e+01 1.142789235962876299e-39
1.005408526962929517e-04 1.241379310344827580e+01 1.439916302199121582e-39
1.594038238174607465e-04 1.241379310344827580e+01 1.817597240196064649e-39
2.527288994095128194e-04 1.241379310344827580e+01 2.281480512550581024e-39
4.006923740417022524e-04 1.241379310344827580e+01 2.865414756664794135e-39
6.352830206213142764e-04 1.241379310344827580e+01 3.617088761604520651e-39
1.007217861969436721e-03 1.241379310344827580e+01 4.544327999780219926e-39
1.596906872275763488e-03 1.241379310344827580e+01 5.720989008878735372e-39
2.531837107947305064e-03 1.241379310344827580e+01 7.199885470445359593e-39
4.014134607639167213e-03 1.241379310344827580e+01 9.105054733738370652e-39
6.364262770960940792e-03 1.241379310344827580e+01 1.148874893854939134e-38
1.009030453058499567e-02 1.241379310344827580e+01 1.456673816078260151e-38
1.599780668776046300e-02 1.241379310344827580e+01 1.863205818403445690e-38
2.536393406593404759e-02 1.241379310344827580e+01 2.427163522222467903e-38
4.021358451551027696e-02 1.241379310344827580e+01 3.267586099785562575e-38
6.375715909772976253e-02 1.241379310344827580e+01 4.666162413951295385e-38
1.010846306089767666e-01 1.241379310344827580e+01 7.370950704410039007e-38
1.602659636965717282e-01 1.241379310344827580e+01 1.389422754566403134e-37
2.540957904762806696e-01 1.241379310344827580e+01 3.462568865698003583e-37
4.028595295505470464e-01 1.241379310344827580e+01 0.000000000000000000e+00
6.387189659674369357e-01 1.241379310344827580e+01 0.000000000000000000e+00
9.999999999999999547e-08 1.862068965517241281e+01 6.750023537567672024e-41
1.585463217613410812e-07 1.862068965517241281e+01 8.506101537333872853e-41
2.513693614405074964e-07 1.862068965517241281e+01 1.070912649631658296e-40
3.985368765988954567e-07 1.862068965517241281e+01 1.349155864028505203e-40
6.318655587100836409e-07 1.862068965517241281e+01 1.694782940837278324e-40
1.001799601811586755e-06 1.862068965517241281e+01 2.137493767022990708e-40
1.588316420092032202e-06 1.862068965517241281e+01 2.688880018747743795e-40
2.518217261987327143e-06 1.862068965517241281e+01 3.385711307263604044e-40
3.992540842840069515e-06 1.862068965517241281e+01 4.269884601095068764e-40
6.330026651142175928e-06 1.862068965517241281e+01 5.369902028110647332e-40
1.003602442189853816e-05 1.862068965517241281e+01 6.759128797319950557e-40
1.591174757199002686e-05 1.862068965517241281e+01 8.515660427494464039e-40
2.522749050333968757e-05 1.862068965517241281e+01 1.070515076902586400e-39
3.999725826573670141e-05 1.862068965517241281e+01 1.350917232051367060e-39
6.341418178570964038e-05 1.862068965517241281e+01 1.698617085330641413e-39
1.005408526962929517e-04 1.862068965517241281e+01 2.137096827456923736e-39
1.594038238174607465e-04 1.862068965517241281e+01 2.691215835155111572e-39
2.527288994095128194e-04 1.862068965517241281e+01 3.386030762655562892e-39
4.006923740417022524e-04 1.862068965517241281e+01 4.261761802683282157e-39
6.352830206213142764e-04 1.862068965517241281e+01 5.380829585849088744e-39
1.007217861969436721e-03 1.862068965517241281e+01 6.758097360899522612e-39
1.596906872275763488e-03 1.862068965517241281e+01 8.529248310212104707e-39
2.531837107947305064e-03 1.862068965517241281e+01 1.071777157018710476e-38
4.014134607639167213e-03 1.862068965517241281e+01 1.356184494520873944e-38
6.364262770960940792e-03 1.862068965517241281e+01 1.713428293973046819e-38
1.009030453058499567e-02 1.862068965517241281e+01 2.181156923731278018e-38
1.599780668776046300e-02 1.862068965517241281e+01 2.818402444244841016e-38
2.536393406593404759e-02 1.862068965517241281e+01 3.703535591804814384e-38
4.021358451551027696e-02 1.862068965517241281e+01 5.069764617317775491e-38
6.375715909772976253e-02 1.862068965517241281e+01 7.439940288039166364e-38
1.010846306089767666e-01 1.862068965517241281e+01 1.238517623720375427e-37
1.602659636965717282e-01 1.862068965517241281e+01 2.459491018660415318e-37
2.540957904762806696e-01 1.862068965517241281e+01 6.411892080513442490e-37
4.028595295505470464e-01 1.862068965517241281e+01 0.000000000000000000e+00
6.387189659674369357e-01 1.862068965517241281e+01 0.000000000000000000e+00
9.999999999999999547e-08 2.482758620689655160e+01 8.874204033214708190e-41
1.585463217613410812e-07 2.482758620689655160e+01 1.118218888650853250e-40
2.513693614405074964e-07 2.482758620689655160e+01 1.405397535597099149e-40
3.985368765988954567e-07 2.482758620689655160e+01 1.773311638682143708e-40
6.318655587100836409e-07 2.482758620689655160e+01 2.231449186190950847e-40
1.001799601811586755e-06 2.482758620689655160e+01 2.809574875958100940e-40
1.588316420092032202e-06 2.482758620689655160e+01 3.539226960064902331e-40
2.518217261987327143e-06 2.482758620689655160e+01 4.458324166553481798e-40
3.992540842840069515e-06 2.482758620689655160e+01 5.611870749068434414e-40
6.330026651142175928e-06 2.482758620689655160e+01 7.052932948619218455e-40
1.003602442189853816e-05 2.482758620689655160e+01 8.877473027915733781e-40
1.591174757199002686e-05 2.482758620689655160e+01 1.119542096365950744e-39
2.522749050333968757e-05 2.482758620689655160e+01 1.408601504969718314e-39
3.999725826573670141e-05 2.482758620689655160e+01 1.775357614206919729e-39
6.341418178570964038e-05 2.482758620689655160e+01 2.236836004518057603e-39
1.005408526962929517e-04 2.482758620689655160e+01 2.808259284912378651e-39
1.594038238174607465e-04 2.482758620689655160e+01 3.546581010680474162e-39
2.527288994095128194e-04 2.482758620689655160e+01 4.458615991608627513e-39
4.006923740417022524e-04 2.482758620689655160e+01 5.600747934596449635e-39
6.352830206213142764e-04 2.482758620689655160e+01 7.074866096072000492e-39
1.007217861969436721e-03 2.482758620689655160e+01 8.871362225596658043e-39
1.596906872275763488e-03 2.482758620689655160e+01 1.120394638760818035e-38
2.531837107947305064e-03 2.482758620689655160e+01 1.412683970060947708e-38
4.014134607639167213e-03 2.482758620689655160e+01 1.786972459441976097e-38
6.364262770960940792e-03 2.482758620689655160e+01 2.269831089151286241e-38
1.009030453058499567e-02 2.482758620689655160e+01 2.897189434969808752e-38
1.599780668776046300e-02 2.482758620689655160e+01 3.769668524927256640e-38
2.536393406593404759e-02 2.482758620689655160e+01 5.020405879972888720e-38
4.021358451551027696e-02 2.482758620689655160e+01 7.008437634232754725e-38
6.375715909772976253e-02 2.482758620689655160e+01 1.059627324754354604e-37
1.010846306089767666e-01 2.482758620689655160e+01 1.813166954096301602e-37
1.602659636965717282e-01 2.482758620689655160e+01 3.688883877022087145e-37
2.540957904762806696e-01 2.482758620689655160e+01 9.630690294947035484e-37
4.028595295505470464e-01 2.482758620689655160e+01 3.536431390255921552e-36
6.387189659674369357e-01 2.482758620689655160e+01 0.000000000000000000e+00
9.999999999999999547e-08 3.103448275862069039e+01 1.089249161617341297e-40
1.585463217613410812e-07 3.103448275862069039e+01 1.373389043064859983e-40
2.513693614405074964e-07 3.103448275862069039e+01 1.728887724315270932e-40
3.985368765988954567e-07 3.103448275862069039e+01 2.180714034288638298e-40
6.318655587100836409e-07 3.103448275862069039e+01 2.745085919462328052e-40
1.001799601811586755e-06 3.103448275862069039e+01 3.448573539730872460e-40
1.588316420092032202e-06 3.103448275862069039e+01 4.340001912206581005e-40
2.518217261987327143e-06 3.103448275862069039e+01 5.476916566607693988e-40
3.992540842840069515e-06 3.103448275862069039e+01 6.889866551846737392e-40
6.330026651142175928e-06 3.103448275862069039e+01 8.667826835978198225e-40
1.003602442189853816e-05 3.103448275862069039e+01 1.092958741591570278e-39
1.591174757199002686e-05 3.103448275862069039e+01 1.375819492163824816e-39
2.522749050333968757e-05 3.103448275862069039e+01 1.727015919792434539e-39
3.999725826573670141e-05 3.103448275862069039e+01 2.177076888319546678e-39
6.341418178570964038e-05 3.103448275862069039e+01 2.749107486298969234e-39
1.005408526962929517e-04 3.103448275862069039e+01 3.454400131777119830e-39
1.594038238174607465e-04 3.103448275862069039e+01 4.341322138820502883e-39
2.527288994095128194e-04 3.103448275862069039e+01 5.470661260581493351e-39
4.006923740417022524e-04 3.103448275862069039e+01 6.885981377410284304e-39
6.352830206213142764e-04 3.103448275862069039e+01 8.670308484351544987e-39
1.007217861969436721e-03 3.103448275862069039e+01 1.093161083836984346e-38
1.596906872275763488e-03 3.103448275862069039e+01 1.380009061237508025e-38
2.531837107947305064e-03 3.103448275862069039e+01 1.742516198106765804e-38
4.014134607639167213e-03 3.103448275862069039e+01 2.200791341318043704e-38
6.364262770960940792e-03 3.103448275862069039e+01 2.801394746171563476e-38
1.009030453058499567e-02 3.103448275862069039e+01 3.611132149171453580e-38
1.599780668776046300e-02 3.103448275862069039e+01 4.717526622304417707e-38
2.536393406593404759e-02 3.103448275862069039e+01 6.361568033783643845e-38
4.021358451551027696e-02 3.103448275862069039e+01 9.008963938562945051e-38
6.375715909772976253e-02 3.103448275862069039e+01 1.394784697100566381e-37
1.010846306089767666e-01 3.103448275862069039e+01 2.416298610010249423e-37
1.602659636965717282e-01 3.103448275862069039e+01 4.896021683189520130e-37
2.540957904762806696e-01 3.103448275862069039e+01 1.251275335698763341e-36
4.028595295505470464e-01 3.103448275862069039e+01 4.361344266841561486e-36
6.387189659674369357e-01 3.103448275862069039e+01 1.846793574435423720e-36
9.999999999999999547e-08 3.724137931034482563e+01 1.279946242347951464e-40
1.585463217613410812e-07 3.724137931034482563e+01 1.612856143497452012e-40
2.513693614405074964e-07 3.724137931034482563e+01 2.029878374496448164e-40
3.985368765988954567e-07 3.724137931034482563e+01 2.552829688105603779e-40
6.318655587100836409e-07 3.724137931034482563e+01 3.220643689798085326e-40
1.001799601811586755e-06 3.724137931034482563e+01 4.044836648442935933e-40
1.588316420092032202e-06 3.724137931034482563e+01 5.098245964187007926e-40
2.518217261987327143e-06 3.724137931034482563e+01 6.413627757253324491e-40
3.992540842840069515e-06 3.724137931034482563e+01 8.081936466088021215e-40
6.330026651142175928e-06 3.724137931034482563e+01 1.015885756145987767e-39
1.003602442189853816e-05 3.724137931034482563e+01 1.282650132198957356e-39
1.591174757199002686e-05 3.724137931034482563e+01 1.613641663656661058e-39
2.522749050333968757e-05 3.724137931034482563e+01 2.028890793842129920e-39
3.999725826573670141e-05 3.724137931034482563e+01 2.554214633039395669e-39
6.341418178570964038e-05 3.724137931034482563e+01 3.218107391476070896e-39
1.005408526962929517e-04 3.724137931034482563e+01 4.052762628440635458e-39
1.594038238174607465e-04 3.724137931034482563e+01 5.099927862729224181e-39
2.527288994095128194e-04 3.724137931034482563e+01 6.425368790074436859e-39
4.006923740417022524e-04 3.724137931034482563e+01 8.090488814864014467e-39
6.352830206213142764e-04 3.724137931034482563e+01 1.020603910038666374e-38
1.007217861969436721e-03 3.724137931034482563e+01 1.285757587266348606e-38
1.596906872275763488e-03 3.724137931034482563e+01 1.622394619413815048e-38
2.531837107947305064e-03 3.724137931034482563e+01 2.046329492499464561e-38
4.014134607639167213e-03 3.724137931034482563e+01 2.599450201516441237e-38
6.364262770960940792e-03 3.724137931034482563e+01 3.321510750461953089e-38
1.009030453058499567e-02 3.724137931034482563e+01 4.287887847281154037e-38
1.599780668776046300e-02 3.724137931034482563e+01 5.652476688286636719e-38
2.536393406593404759e-02 3.724137931034482563e+01 7.667574253885917921e-38
4.021358451551027696e-02 3.724137931034482563e+01 1.102789109318868593e-37
6.375715909772976253e-02 3.724137931034482563e+01 1.713568093494120524e-37
1.010846306089767666e-01 3.724137931034482563e+01 2.972487794733271574e-37
1.602659636965717282e-01 3.724137931034482563e+01 5.957871117782143092e-37
2.540957904762806696e-01 3.724137931034482563e+01 1.462981560246230364e-36
4.028595295505470464e-01 3.724137931034482563e+01 6.554343504752342200e-36
6.387189659674369357e-01 3.724137931034482563e+01 7.804958098223441840e-38
9.999999999999999547e-08 4.344827586206896797e+01 1.453890506994781513e-40
1.585463217613410812e-07 4.344827586206896797e+01 1.833844709512708997e-40
2.513693614405074964e-07 4.344827586206896797e+01 2.303902761609869852e-40
3.985368765988954567e-07 4.344827586206896797e+01 2.907050111435398254e-40
6.318655587100836409e-07 4.344827586206896797e+01 3.661325456068999200e-40
1.001799601811586755e-06 4.344827586206896797e+01 4.605273747451848879e-40
1.588316420092032202e-06 4.344827586206896797e+01 5.800814193841282481e-40
2.518217261987327143e-06 4.344827586206896797e+01 7.306141998103174282e-40
3.992540842840069515e-06 4.344827586206896797e+01 9.177785863291910446e-40
6.330026651142175928e-06 4.344827586206896797e+01 1.155716368774570837e-39
1.003602442189853816e-05 4.344827586206896797e+01 1.454825824405278222e-39
1.591174757199002686e-05 4.344827586206896797e+01 1.830608282484441478e-39
2.522749050333968757e-05 4.344827586206896797e+01 2.304407252268164471e-39
3.999725826573670141e-05 4.344827586206896797e+01 2.907774749765172068e-39
6.341418178570964038e-05 4.344827586206896797e+01 3.662271204450743894e-39
1.005408526962929517e-04 4.344827586206896797e+01 4.603074043403535433e-39
1.594038238174607465e-04 4.344827586206896797e+01 5.800223712124479600e-39
2.527288994095128194e-04 4.344827586206896797e+01 7.321270330274816716e-39
4.006923740417022524e-04 4.344827586206896797e+01 9.207422093474162930e-39
6.352830206213142764e-04 4.344827586206896797e+01 1.159292940845505468e-38
1.007217861969436721e-03 4.344827586206896797e+01 1.463865437798522812e-38
1.596906872275763488e-03 4.344827586206896797e+01 1.849697624970486136e-38
2.531837107947305064e-03 4.344827586206896797e+01 2.335661036130838679e-38
4.014134607639167213e-03 4.344827586206896797e+01 2.977474864147995947e-38
6.364262770960940792e-03 4.344827586206896797e+01 3.811143186663627600e-38
1.009030453058499567e-02 4.344827586206896797e+01 4.925086090284290438e-38
1.599780668776046300e-02 4.344827586206896797e+01 6.536728835009933753e-38
2.536393406593404759e-02 4.344827586206896797e+01 8.936169941142645030e-38
4.021358451551027696e-02 4.344827586206896797e+01 1.293603505712800298e-37
6.375715909772976253e-02 4.344827586206896797e+01 2.010313849938960681e-37
1.010846306089767666e-01 4.344827586206896797e+01 3.453681877782811676e-37
1.602659636965717282e-01 4.344827586206896797e+01 6.742911765113726380e-37
2.540957904762806696e-01 4.344827586206896797e+01 1.585262494299597440e-36
4.028595295505470464e-01 4.344827586206896797e+01 1.401074684042732117e-35
6.387189659674369357e-01 4.344827586206896797e+01 0.000000000000000000e+00
9.999999999999999547e-08 4.965517241379310320e+01 1.609715148362128325e-40
1.585463217613410812e-07 4.965517241379310320e+01 2.031955986161300721e-40
2.513693614405074964e-07 4.965517241379310320e+01 2.556759463025501182e-40
3.985368765988954567e-07 4.965517241379310320e+01 3.217814429563570516e-40
6.318655587100836409e-07 4.965517241379310320e+01 4.044503848994959672e-40
1.001799601811586755e-06 4.965517241379310320e+01 5.095861961262372518e-40
1.588316420092032202e-06 4.965517241379310320e+01 6.423590906629185331e-40
2.518217261987327143e-06 4.965517241379310320e+01 8.084617504247901288e-40
3.992540842840069515e-06 4.965517241379310320e+01 1.015322756783296633e-39
6.330026651142175928e-06 4.965517241379310320e+01 1.280983293265842450e-39
1.003602442189853816e-05 4.965517241379310320e+01 1.611602137470479793e-39
1.591174757199002686e-05 4.965517241379310320e+01 2.031005342749013875e-39
2.522749050333968757e-05 4.965517241379310320e+01 2.563274047922220747e-39
3.999725826573670141e-05 4.965517241379310320e+01 3.221267865597497951e-39
6.341418178570964038e-05 4.965517241379310320e+01 4.066034986029210635e-39
1.005408526962929517e-04 4.965517241379310320e+01 5.107181293716845414e-39
1.594038238174607465e-04 4.965517241379310320e+01 6.433469862180517749e-39
2.527288994095128194e-04 4.965517241379310320e+01 8.106100370433679699e-39
4.006923740417022524e-04 4.965517241379310320e+01 1.019014173405910063e-38
6.352830206213142764e-04 4.965517241379310320e+01 1.283797848161772364e-38
1.007217861969436721e-03 4.965517241379310320e+01 1.624283074669543366e-38
1.596906872275763488e-03 4.965517241379310320e+01 2.050200659386275337e-38
2.531837107947305064e-03 4.965517241379310320e+01 2.601907550050380990e-38
4.014134607639167213e-03 4.965517241379310320e+01 3.305862092393060568e-38
6.364262770960940792e-03 4.965517241379310320e+01 4.236768420808401850e-38
1.009030453058499567e-02 4.965517241379310320e+01 5.512422772929433086e-38
1.599780668776046300e-02 4.965517241379310320e+01 7.342641435501947229e-38
2.536393406593404759e-02 4.965517241379310320e+01 1.009490119955911802e-37
4.021358451551027696e-02 4.965517241379310320e+01 1.460070815205197967e-37
6.375715909772976253e-02 4.965517241379310320e+01 2.269165909819655097e-37
1.010846306089767666e-01 4.965517241379310320e+01 3.828646542954326337e-37
1.602659636965717282e-01 4.965517241379310320e+01 7.303749498066456628e-37
2.540957904762806696e-01 4.965517241379310320e+01 1.619564537915980002e-36
4.028595295505470464e-01 4.965517241379310320e+01 2.780507903209760873e-35
6.387189659674369357e-01 4.965517241379310320e+01 0.000000000000000000e+00
9.999999999999999547e-08 5.586206896551724554e+01 1.750926416314455970e-40
1.585463217613410812e-07 5.586206896551724554e+01 2.202694380959466105e-40
2.513693614405074964e-07 5.586206896551724554e+01 2.784751526943779673e-40
3.985368765988954567e-07 5.586206896551724554e+01 3.488135384709804724e-40
6.318655587100836409e-07 5.586206896551724554e+01 4.394836101741058173e-40
1.001799601811586755e-06 5.586206896551724554e+01 5.528811649156653398e-40
1.588316420092032202e-06 5.586206896551724554e+01 6.977456429540261969e-40
2.518217261987327143e-06 5.586206896551724554e+01 8.798263613561174908e-40
3.992540842840069515e-06 5.586206896551724554e+01 1.106352818466881751e-39
6.330026651142175928e-06 5.586206896551724554e+01 1.392220296196019081e-39
1.003602442189853816e-05 5.586206896551724554e+01 1.755824646489933016e-39
1.591174757199002686e-05 5.586206896551724554e+01 2.204853585235862315e-39
2.522749050333968757e-05 5.586206896551724554e+01 2.778303085667103353e-39
3.999725826573670141e-05 5.586206896551724554e+01 3.490559648527522821e-39
6.341418178570964038e-05 5.586206896551724554e+01 4.400315148052901439e-39
1.005408526962929517e-04 5.586206896551724554e+01 5.541446132384144840e-39
1.594038238174607465e-04 5.586206896551724554e+01 7.005084188350328021e-39
2.527288994095128194e-04 5.586206896551724554e+01 8.793146542339631461e-39
4.006923740417022524e-04 5.586206896551724554e+01 1.109198034634898957e-38
6.352830206213142764e-04 5.586206896551724554e+01 1.399072100444435523e-38
1.007217861969436721e-03 5.586206896551724554e+01 1.766212978043282697e-38
1.596906872275763488e-03 5.586206896551724554e+01 2.233695555545032585e-38
2.531837107947305064e-03 5.586206896551724554e+01 2.834352645065323990e-38
4.014134607639167213e-03 5.586206896551724554e+01 3.608313791969357177e-38
6.364262770960940792e-03 5.586206896551724554e+01 4.646747930206144639e-38
1.009030453058499567e-02 5.586206896551724554e+01 6.041537095504981856e-38
1.599780668776046300e-02 5.586206896551724554e+01 8.060965971804506118e-38
2.536393406593404759e-02 5.586206896551724554e+01 1.110289030408243837e-37
4.021358451551027696e-02 5.586206896551724554e+01 1.603643449264418038e-37
6.375715909772976253e-02 5.586206896551724554e+01 2.470140789419625229e-37
1.010846306089767666e-01 5.586206896551724554e+01 4.097087756226451765e-37
1.602659636965717282e-01 5.586206896551724554e+01 7.637741358782678489e-37
2.540957904762806696e-01 5.586206896551724554e+01 1.600709111252366868e-36
4.028595295505470464e-01 5.586206896551724554e+01 3.848444416676294886e-35
6.387189659674369357e-01 5.586206896551724554e+01 0.000000000000000000e+00
9.999999999999999547e-08 6.206896551724138078e+01 1.869379013391198786e-40
1.585463217613410812e-07 6.206896551724138078e+01 2.355834077066329600e-40
2.513693614405074964e-07 6.206896551724138078e+01 2.960763734183342335e-40
3.985368765988954567e-07 6.206896551724138078e+01 3.734785598593054967e-40
6.318655587100836409e-07 6.206896551724138078e+01 4.687219650227276504e-40
1.001799601811586755e-06 6.206896551724138078e+01 5.919766409732712972e-40
1.588316420092032202e-06 6.206896551724138078e+01 7.469286382620939400e-40
2.518217261987327143e-06 6.206896551724138078e+01 9.372370671954961225e-40
3.992540842840069515e-06 6.206896551724138078e+01 1.180228772321270218e-39
6.330026651142175928e-06 6.206896551724138078e+01 1.485274133643188075e-39
1.003602442189853816e-05 6.206896551724138078e+01 1.869987542132924656e-39
1.591174757199002686e-05 6.206896551724138078e+01 2.352542995744349267e-39
2.522749050333968757e-05 6.206896551724138078e+01 2.968101677653621639e-39
3.999725826573670141e-05 6.206896551724138078e+01 3.741360928498950970e-39
6.341418178570964038e-05 6.206896551724138078e+01 4.704985687201386775e-39
1.005408526962929517e-04 6.206896551724138078e+01 5.931409815918126800e-39
1.594038238174607465e-04 6.206896551724138078e+01 7.469778977503818125e-39
2.527288994095128194e-04 6.206896551724138078e+01 9.403288749903424215e-39
4.006923740417022524e-04 6.206896551724138078e+01 1.183106520237595240e-38
6.352830206213142764e-04 6.206896551724138078e+01 1.496680765908006493e-38
1.007217861969436721e-03 6.206896551724138078e+01 1.887756910145369770e-38
1.596906872275763488e-03 6.206896551724138078e+01 2.385181910754825400e-38
2.531837107947305064e-03 6.206896551724138078e+01 3.035377596088385587e-38
4.014134607639167213e-03 6.206896551724138078e+01 3.869887293727895684e-38
6.364262770960940792e-03 6.206896551724138078e+01 4.975767373142916990e-38
1.009030453058499567e-02 6.206896551724138078e+01 6.502195542607229855e-38
1.599780668776046300e-02 6.206896551724138078e+01 8.680962404322219805e-38
2.536393406593404759e-02 6.206896551724138078e+01 1.196451229585422357e-37
4.021358451551027696e-02 6.206896551724138078e+01 1.721484296260936699e-37
6.375715909772976253e-02 6.206896551724138078e+01 2.606060113097923707e-37
1.010846306089767666e-01 6.206896551724138078e+01 4.261098661738216128e-37
1.602659636965717282e-01 6.206896551724138078e+01 7.736090520080256111e-37
2.540957904762806696e-01 6.206896551724138078e+01 1.582466396780459528e-36
4.028595295505470464e-01 6.206896551724138078e+01 3.686752390436893311e-35
6.387189659674369357e-01 6.206896551724138078e+01 0.000000000000000000e+00
9.999999999999999547e-08 6.827586206896552312e+01 1.964249935852138999e-40
1.585463217613410812e-07 6.827586206896552312e+01 2.473419086013995983e-40
2.513693614405074964e-07 6.827586206896552312e+01 3.118695035827780755e-40
3.985368765988954567e-07 6.827586206896552312e+01 3.916408061382565847e-40
6.318655587100836409e-07 6.827586206896552312e+01 4.924557013066986446e-40
1.001799601811586755e-06 6.827586206896552312e+01 6.217919294187854838e-40
1.588316420092032202e-06 6.827586206896552312e+01 7.827175904039109368e-40
2.518217261987327143e-06 6.827586206896552312e+01 9.857008344344854536e-40
3.992540842840069515e-06 6.827586206896552312e+01 1.240570940735779854e-39
6.330026651142175928e-06 6.827586206896552312e+01 1.563715320777238494e-39
1.003602442189853816e-05 6.827586206896552312e+01 1.967930941872593002e-39
1.591174757199002686e-05 6.827586206896552312e+01 2.480065374765172905e-39
2.522749050333968757e-05 6.827586206896552312e+01 3.117868223844811087e-39
3.999725826573670141e-05 6.827586206896552312e+01 3.927841417611741878e-39
6.341418178570964038e-05 6.827586206896552312e+01 4.956642058818154777e-39
1.005408526962929517e-04 6.827586206896552312e+01 6.230702783496571794e-39
1.594038238174607465e-04 6.827586206896552312e+01 7.854727223300203022e-39
2.527288994095128194e-04 6.827586206896552312e+01 9.886015643095905650e-39
4.006923740417022524e-04 6.827586206896552312e+01 1.249793776883055394e-38
6.352830206213142764e-04 6.827586206896552312e+01 1.573446092659440274e-38
1.007217861969436721e-03 6.827586206896552312e+01 1.987215431944759003e-38
1.596906872275763488e-03 6.827586206896552312e+01 2.521397478040653884e-38
2.531837107947305064e-03 6.827586206896552312e+01 3.192632612339429446e-38
4.014134607639167213e-03 6.827586206896552312e+01 4.077533765697036184e-38
6.364262770960940792e-03 6.827586206896552312e+01 5.254037318653765755e-38
1.009030453058499567e-02 6.827586206896552312e+01 6.866638174680423351e-38
1.599780668776046300e-02 6.827586206896552312e+01 9.179794102892058638e-38
2.536393406593404759e-02 6.827586206896552312e+01 1.258768496783013557e-37
4.021358451551027696e-02 6.827586206896552312e+01 1.794167793946602844e-37
6.375715909772976253e-02 6.827586206896552312e+01 2.695280942520364361e-37
1.010846306089767666e-01 6.827586206896552312e+01 4.344965561000043009e-37
1.602659636965717282e-01 6.827586206896552312e+01 7.636987663887267294e-37
2.540957904762806696e-01 6.827586206896552312e+01 1.868532513673808807e-36
4.028595295505470464e-01 6.827586206896552312e+01 2.923735537572993840e-35
6.387189659674369357e-01 6.827586206896552312e+01 0.000000000000000000e+00
9.999999999999999547e-08 7.448275862068965125e+01 2.040742589178476486e-40
1.585463217613410812e-07 7.448275862068965125e+01 2.557616145351150533e-40
2.513693614405074964e-07 7.448275862068965125e+01 3.229250308135608024e-40
3.985368765988954567e-07 7.448275862068965125e+01 4.061730649640360575e-40
6.318655587100836409e-07 7.448275862068965125e+01 5.126698070647515072e-40
1.001799601811586755e-06 7.448275862068965125e+01 6.450348848832036274e-40
1.588316420092032202e-06 7.448275862068965125e+01 8.125905926285130392e-40
2.518217261987327143e-06 7.448275862068965125e+01 1.025508901217086915e-39
3.992540842840069515e-06 7.448275862068965125e+01 1.286821669184617956e-39
6.330026651142175928e-06 7.448275862068965125e+01 1.618816698236313730e-39
1.003602442189853816e-05 7.448275862068965125e+01 2.045255138706659703e-39
1.591174757199002686e-05 7.448275862068965125e+01 2.573242323807131368e-39
2.522749050333968757e-05 7.448275862068965125e+01 3.236571210609872346e-39
3.999725826573670141e-05 7.448275862068965125e+01 4.071432207764352263e-39
6.341418178570964038e-05 7.448275862068965125e+01 5.131039060286925498e-39
1.005408526962929517e-04 7.448275862068965125e+01 6.484268014505231494e-39
1.594038238174607465e-04 7.448275862068965125e+01 8.139760711495172045e-39
2.527288994095128194e-04 7.448275862068965125e+01 1.025847493430035878e-38
4.006923740417022524e-04 7.448275862068965125e+01 1.292936358534525466e-38
6.352830206213142764e-04 7.448275862068965125e+01 1.633668471601647775e-38
1.007217861969436721e-03 7.448275862068965125e+01 2.062821150991633521e-38
1.596906872275763488e-03 7.448275862068965125e+01 2.610761185771703438e-38
2.531837107947305064e-03 7.448275862068965125e+01 3.325497052638851499e-38
4.014134607639167213e-03 7.448275862068965125e+01 4.240704270635505158e-38
6.364262770960940792e-03 7.448275862068965125e+01 5.452003518469638416e-38
1.009030453058499567e-02 7.448275862068965125e+01 7.136624039440720302e-38
1.599780668776046300e-02 7.448275862068965125e+01 9.505813736453565794e-38
2.536393406593404759e-02 7.448275862068965125e+01 1.305816077476996303e-37
4.021358451551027696e-02 7.448275862068965125e+01 1.846101477055516925e-37
6.375715909772976253e-02 7.448275862068965125e+01 2.738002317639902651e-37
1.010846306089767666e-01 7.448275862068965125e+01 4.328544728940157872e-37
1.602659636965717282e-01 7.448275862068965125e+01 7.374090167397577655e-37
2.540957904762806696e-01 7.448275862068965125e+01 2.737123463289450049e-36
4.028595295505470464e-01 7.448275862068965125e+01 2.118131629567837180e-35
6.387189659674369357e-01 7.448275862068965125e+01 0.000000000000000000e+00
9.999999999999999547e-08 8.068965517241380780e+01 2.084337414303709707e-40
1.585463217613410812e-07 8.068965517241380780e+01 2.630374720419482240e-40
2.513693614405074964e-07 8.068965517241380780e+01 3.316725148736048457e-40
3.985368765988954567e-07 8.068965517241380780e+01 4.165419478040678953e-40
6.318655587100836409e-07 8.068965517241380780e+01 5.241030972371021337e-40
1.001799601811586755e-06 8.068965517241380780e+01 6.615001900366859995e-40
1.588316420092032202e-06 8.068965517241380780e+01 8.306683569858095800e-40
2.518217261987327143e-06 8.068965517241380780e+01 1.046893536055889142e-39
3.992540842840069515e-06 8.068965517241380780e+01 1.317672355846926274e-39
6.330026651142175928e-06 8.068965517241380780e+01 1.663491467727042959e-39
1.003602442189853816e-05 8.068965517241380780e+01 2.090111434178096072e-39
1.591174757199002686e-05 8.068965517241380780e+01 2.628847015895935435e-39
2.522749050333968757e-05 8.068965517241380780e+01 3.318721217289512160e-39
3.999725826573670141e-05 8.068965517241380780e+01 4.177776845178456818e-39
6.341418178570964038e-05 8.068965517241380780e+01 5.257406498434403463e-39
1.005408526962929517e-04 8.068965517241380780e+01 6.622741476945266636e-39
1.594038238174607465e-04 8.068965517241380780e+01 8.365339416535635597e-39
2.527288994095128194e-04 8.068965517241380780e+01 1.050921479460798300e-38
4.006923740417022524e-04 8.068965517241380780e+01 1.325424136690199573e-38
6.352830206213142764e-04 8.068965517241380780e+01 1.674829791643911697e-38
1.007217861969436721e-03 8.068965517241380780e+01 2.113397579451024427e-38
1.596906872275763488e-03 8.068965517241380780e+01 2.681146301731869634e-38
2.531837107947305064e-03 8.068965517241380780e+01 3.406493277441911136e-38
4.014134607639167213e-03 8.068965517241380780e+01 4.348699134391113380e-38
6.364262770960940792e-03 8.068965517241380780e+01 5.613651015160062215e-38
1.009030453058499567e-02 8.068965517241380780e+01 7.324119884192197385e-38
1.599780668776046300e-02 8.068965517241380780e+01 9.722679924553167300e-38
2.536393406593404759e-02 8.068965517241380780e+01 1.324018687206583799e-37
4.021358451551027696e-02 8.068965517241380780e+01 1.855715595581171180e-37
6.375715909772976253e-02 8.068965517241380780e+01 2.729482521886722238e-37
1.010846306089767666e-01 8.068965517241380780e+01 4.262350237827692326e-37
1.602659636965717282e-01 8.068965517241380780e+01 7.003733205506958259e-37
2.540957904762806696e-01 8.068965517241380780e+01 4.321798386978015480e-36
4.028595295505470464e-01 8.068965517241380780e+01 1.389962140615996302e-35
6.387189659674369357e-01 8.068965517241380780e+01 0.000000000000000000e+00
9.999999999999999547e-08 8.689655172413793593e+01 2.110352320539987959e-40
1.585463217613410812e-07 8.689655172413793593e+01 2.660461215866303206e-40
2.513693614405074964e-07 8.689655172413793593e+01 3.346559988103023936e-40
3.985368765988954567e-07 8.689655172413793593e+01 4.229424218096232562e-40
6.318655587100836409e-07 8.689655172413793593e+01 5.315334634728319315e-40
1.001799601811586755e-06 8.689655172413793593e+01 6.684366345156633641e-40
1.588316420092032202e-06 8.689655172413793593e+01 8.406762383288920121e-40
2.518217261987327143e-06 8.689655172413793593e+01 1.059275299906629301e-39
3.992540842840069515e-06 8.689655172413793593e+01 1.332431264334406555e-39
6.330026651142175928e-06 8.689655172413793593e+01 1.678988502713942360e-39
1.003602442189853816e-05 8.689655172413793593e+01 2.118371151824822291e-39
1.591174757199002686e-05 8.689655172413793593e+01 2.662524948190475525e-39
2.522749050333968757e-05 8.689655172413793593e+01 3.361139097740699528e-39
3.999725826573670141e-05 8.689655172413793593e+01 4.226793587264485955e-39
6.341418178570964038e-05 8.689655172413793593e+01 5.314196536589668919e-39
1.005408526962929517e-04 8.689655172413793593e+01 6.701435419965035419e-39
1.594038238174607465e-04 8.689655172413793593e+01 8.426914633808842607e-39
2.527288994095128194e-04 8.689655172413793593e+01 1.061983751954049472e-38
4.006923740417022524e-04 8.689655172413793593e+01 1.338377921567735375e-38
6.352830206213142764e-04 8.689655172413793593e+01 1.693743347210411136e-38
1.007217861969436721e-03 8.689655172413793593e+01 2.141877806328729069e-38
1.596906872275763488e-03 8.689655172413793593e+01 2.715606504832002959e-38
2.531837107947305064e-03 8.689655172413793593e+01 3.453198242857110120e-38
4.014134607639167213e-03 8.689655172413793593e+01 4.403550940907112006e-38
6.364262770960940792e-03 8.689655172413793593e+01 5.675711571256484170e-38
1.009030453058499567e-02 8.689655172413793593e+01 7.397888353158595489e-38
1.599780668776046300e-02 8.689655172413793593e+01 9.794788263847626449e-38
2.536393406593404759e-02 8.689655172413793593e+01 1.326666301300360033e-37
4.021358451551027696e-02 8.689655172413793593e+01 1.852201422214737920e-37
6.375715909772976253e-02 8.689655172413793593e+01 2.687274400093336074e-37
1.010846306089767666e-01 8.689655172413793593e+01 4.125292332900655653e-37
1.602659636965717282e-01 8.689655172413793593e+01 6.573578915292846371e-37
2.540957904762806696e-01 8.689655172413793593e+01 6.353161191291501858e-36
4.028595295505470464e-01 8.689655172413793593e+01 8.532753349970842235e-36
6.387189659674369357e-01 8.689655172413793593e+01 0.000000000000000000e+00
9.999999999999999547e-08 9.310344827586206407e+01 2.110809197341068662e-40
1.585463217613410812e-07 9.310344827586206407e+01 2.666183672357863772e-40
2.513693614405074964e-07 9.310344827586206407e+01 3.350483827715166390e-40
3.985368765988954567e-07 9.310344827586206407e+01 4.214021256548933216e-40
6.318655587100836409e-07 9.310344827586206407e+01 5.307816272362928722e-40
1.001799601811586755e-06 9.310344827586206407e+01 6.679315303860307839e-40
1.588316420092032202e-06 9.310344827586206407e+01 8.429490568784197267e-40
2.518217261987327143e-06 9.310344827586206407e+01 1.062984624333196890e-39
3.992540842840069515e-06 9.310344827586206407e+01 1.335942617008206381e-39
6.330026651142175928e-06 9.310344827586206407e+01 1.679734638445406498e-39
1.003602442189853816e-05 9.310344827586206407e+01 2.113702539078310806e-39
1.591174757199002686e-05 9.310344827586206407e+01 2.664890590943150431e-39
2.522749050333968757e-05 9.310344827586206407e+01 3.351980910242230184e-39
3.999725826573670141e-05 9.310344827586206407e+01 4.219898719552150028e-39
6.341418178570964038e-05 9.310344827586206407e+01 5.323909758426742212e-39
1.005408526962929517e-04 9.310344827586206407e+01 6.698352114279848106e-39
1.594038238174607465e-04 9.310344827586206407e+01 8.444005958438471750e-39
2.527288994095128194e-04 9.310344827586206407e+01 1.064238325573128971e-38
4.006923740417022524e-04 9.310344827586206407e+01 1.342107443518026629e-38
6.352830206213142764e-04 9.310344827586206407e+01 1.694333095553093649e-38
1.007217861969436721e-03 9.310344827586206407e+01 2.139363026255127758e-38
1.596906872275763488e-03 9.310344827586206407e+01 2.717795871230386769e-38
2.531837107947305064e-03 9.310344827586206407e+01 3.457904354373047733e-38
4.014134607639167213e-03 9.310344827586206407e+01 4.405203193455756247e-38
6.364262770960940792e-03 9.310344827586206407e+01 5.672686551611575403e-38
1.009030453058499567e-02 9.310344827586206407e+01 7.370928048507057924e-38
1.599780668776046300e-02 9.310344827586206407e+01 9.746876239461700267e-38
2.536393406593404759e-02 9.310344827586206407e+01 1.310002471114558843e-37
4.021358451551027696e-02 9.310344827586206407e+01 1.815456075004638364e-37
6.375715909772976253e-02 9.310344827586206407e+01 2.605864476776906420e-37
1.010846306089767666e-01 9.310344827586206407e+01 3.949501857012408679e-37
1.602659636965717282e-01 9.310344827586206407e+01 6.188437428558827767e-37
2.540957904762806696e-01 9.310344827586206407e+01 7.982252428582858444e-36
4.028595295505470464e-01 9.310344827586206407e+01 4.743219809244000331e-36
6.387189659674369357e-01 9.310344827586206407e+01 0.000000000000000000e+00
9.999999999999999547e-08 9.931034482758620641e+01 2.089623256155264898e-40
1.585463217613410812e-07 9.931034482758620641e+01 2.626622127468765123e-40
2.513693614405074964e-07 9.931034482758620641e+01 3.314185256805924480e-40
3.985368765988954567e-07 9.931034482758620641e+01 4.176088885514253218e-40
6.318655587100836409e-07 9.931034482758620641e+01 5.244411472862052367e-40
1.001799601811586755e-06 9.931034482758620641e+01 6.598967072933967844e-40
1.588316420092032202e-06 9.931034482758620641e+01 8.310133761897235449e-40
2.518217261987327143e-06 9.931034482758620641e+01 1.046774180681971446e-39
3.992540842840069515e-06 9.931034482758620641e+01 1.320774499108588647e-39
6.330026651142175928e-06 9.931034482758620641e+01 1.659536148237164944e-39
1.003602442189853816e-05 9.931034482758620641e+01 2.090547362873984828e-39
1.591174757199002686e-05 9.931034482758620641e+01 2.640123772747679083e-39
2.522749050333968757e-05 9.931034482758620641e+01 3.314516172622319263e-39
3.999725826573670141e-05 9.931034482758620641e+01 4.187253570561048280e-39
6.341418178570964038e-05 9.931034482758620641e+01 5.267065580974725445e-39
1.005408526962929517e-04 9.931034482758620641e+01 6.625303553948214081e-39
1.594038238174607465e-04 9.931034482758620641e+01 8.349524560157521705e-39
2.527288994095128194e-04 9.931034482758620641e+01 1.053445931671335438e-38
4.006923740417022524e-04 9.931034482758620641e+01 1.329277006184729941e-38
6.352830206213142764e-04 9.931034482758620641e+01 1.679425921507509383e-38
1.007217861969436721e-03 9.931034482758620641e+01 2.115783842037505926e-38
1.596906872275763488e-03 9.931034482758620641e+01 2.685339617968760120e-38
2.531837107947305064e-03 9.931034482758620641e+01 3.411709072510027877e-38
4.014134607639167213e-03 9.931034482758620641e+01 4.351552028262084718e-38
6.364262770960940792e-03 9.931034482758620641e+01 5.605683766353719296e-38
1.009030453058499567e-02 9.931034482758620641e+01 7.269568804157495798e-38
1.599780668776046300e-02 9.931034482758620641e+01 9.571139560377349544e-38
2.536393406593404759e-02 9.931034482758620641e+01 1.279066493235491292e-37
4.021358451551027696e-02 9.931034482758620641e+01 1.757241427696373607e-37
6.375715909772976253e-02 9.931034482758620641e+01 2.503042815734862520e-37
1.010846306089767666e-01 9.931034482758620641e+01 3.713320484065593800e-37
1.602659636965717282e-01 9.931034482758620641e+01 6.156273159538990568e-37
2.540957904762806696e-01 9.931034482758620641e+01 8.616422021903683993e-36
4.028595295505470464e-01 9.931034482758620641e+01 2.196569583560972644e-36
6.387189659674369357e-01 9.931034482758620641e+01 0.000000000000000000e+00
9.999999999999999547e-08 1.055172413793103630e+02 2.036474096685047951e-40
1.585463217613410812e-07 1.055172413793103630e+02 2.567906970976535739e-40
2.513693614405074964e-07 1.055172413793103630e+02 3.224548214808423849e-40
3.985368765988954567e-07 1.055172413793103630e+02 4.069928525765965189e-40
6.318655587100836409e-07 1.055172413793103630e+02 5.127999222990810536e-40
1.001799601811586755e-06 1.055172413793103630e+02 6.444980451284175179e-40
1.588316420092032202e-06 1.055172413793103630e+02 8.115746739897024640e-40
2.518217261987327143e-06 1.055172413793103630e+02 1.021753886234480783e-39
3.992540842840069515e-06 1.055172413793103630e+02 1.286299849038429040e-39
6.330026651142175928e-06 1.055172413793103630e+02 1.620235604696093629e-39
1.003602442189853816e-05 1.055172413793103630e+02 2.039841564281999096e-39
1.591174757199002686e-05 1.055172413793103630e+02 2.568481023472679665e-39
2.522749050333968757e-05 1.055172413793103630e+02 3.235227047650209113e-39
3.999725826573670141e-05 1.055172413793103630e+02 4.081207778964957807e-39
6.341418178570964038e-05 1.055172413793103630e+02 5.129915312672038502e-39
1.005408526962929517e-04 1.055172413793103630e+02 6.451768022140496378e-39
1.594038238174607465e-04 1.055172413793103630e+02 8.156918677784512833e-39
2.527288994095128194e-04 1.055172413793103630e+02 1.027024779025689619e-38
4.006923740417022524e-04 1.055172413793103630e+02 1.297455457636356563e-38
6.352830206213142764e-04 1.055172413793103630e+02 1.638785238120635393e-38
1.007217861969436721e-03 1.055172413793103630e+02 2.067444333622618299e-38
1.596906872275763488e-03 1.055172413793103630e+02 2.616681732880811935e-38
2.531837107947305064e-03 1.055172413793103630e+02 3.324640971554286693e-38
4.014134607639167213e-03 1.055172413793103630e+02 4.238679669570041098e-38
6.364262770960940792e-03 1.055172413793103630e+02 5.445792554554538477e-38
1.009030453058499567e-02 1.055172413793103630e+02 7.057980057168752678e-38
1.599780668776046300e-02 1.055172413793103630e+02 9.248026081024952317e-38
2.536393406593404759e-02 1.055172413793103630e+02 1.233855667536748149e-37
4.021358451551027696e-02 1.055172413793103630e+02 1.684927590472730754e-37
6.375715909772976253e-02 1.055172413793103630e+02 2.373956063402697625e-37
1.010846306089767666e-01 1.055172413793103630e+02 3.469913057441151172e-37
1.602659636965717282e-01 1.055172413793103630e+02 6.740432589826006671e-37
2.540957904762806696e-01 1.055172413793103630e+02 8.118061429370935723e-36
4.028595295505470464e-01 1.055172413793103630e+02 8.379382525416199587e-37
6.387189659674369357e-01 1.055172413793103630e+02 0.000000000000000000e+00
9.999999999999999547e-08 1.117241379310344911e+02 1.962758982316867047e-40
1.585463217613410812e-07 1.117241379310344911e+02 2.467775970612560254e-40
2.513693614405074964e-07 1.117241379310344911e+02 3.117770354182458510e-40
3.985368765988954567e-07 1.117241379310344911e+02 3.927508791655469611e-40
6.318655587100836409e-07 1.117241379310344911e+02 4.930402276903203647e-40
1.001799601811586755e-06 1.117241379310344911e+02 6.211206076850118181e-40
1.588316420092032202e-06 1.117241379310344911e+02 7.838362362569007452e-40
2.518217261987327143e-06 1.117241379310344911e+02 9.847658785476943037e-40
3.992540842840069515e-06 1.117241379310344911e+02 1.245243915693475309e-39
6.330026651142175928e-06 1.117241379310344911e+02 1.564502364759630122e-39
1.003602442189853816e-05 1.117241379310344911e+02 1.963560197543569427e-39
1.591174757199002686e-05 1.117241379310344911e+02 2.481814121483896980e-39
2.522749050333968757e-05 1.117241379310344911e+02 3.124286556031172581e-39
3.999725826573670141e-05 1.117241379310344911e+02 3.934813361215100796e-39
6.341418178570964038e-05 1.117241379310344911e+02 4.948017971830099008e-39
1.005408526962929517e-04 1.117241379310344911e+02 6.238709655045326148e-39
1.594038238174607465e-04 1.117241379310344911e+02 7.875085135783144610e-39
2.527288994095128194e-04 1.117241379310344911e+02 9.921191075627209451e-39
4.006923740417022524e-04 1.117241379310344911e+02 1.250481131995223373e-38
6.352830206213142764e-04 1.117241379310344911e+02 1.576255385378938215e-38
1.007217861969436721e-03 1.117241379310344911e+02 1.995403178464235804e-38
1.596906872275763488e-03 1.117241379310344911e+02 2.526676206348805442e-38
2.531837107947305064e-03 1.117241379310344911e+02 3.197823561138737283e-38
4.014134607639167213e-03 1.117241379310344911e+02 4.083688139397731845e-38
6.364262770960940792e-03 1.117241379310344911e+02 5.241470767722491682e-38
1.009030453058499567e-02 1.117241379310344911e+02 6.773273528065188834e-38
1.599780668776046300e-02 1.117241379310344911e+02 8.835088340037507348e-38
2.536393406593404759e-02 1.117241379310344911e+02 1.170067470527227149e-37
4.021358451551027696e-02 1.117241379310344911e+02 1.588192562607480864e-37
6.375715909772976253e-02 1.117241379310344911e+02 2.230712662499383587e-37
1.010846306089767666e-01 1.117241379310344911e+02 3.185308146448218470e-37
1.602659636965717282e-01 1.117241379310344911e+02 7.817578025920574417e-37
2.540957904762806696e-01 1.117241379310344911e+02 7.088527473681334610e-36
4.028595295505470464e-01 1.117241379310344911e+02 2.671531836545418376e-37
6.387189659674369357e-01 1.117241379310344911e+02 0.000000000000000000e+00
9.999999999999999547e-08 1.179310344827586192e+02 1.871632183369262967e-40
1.585463217613410812e-07 1.179310344827586192e+02 2.351754081284282135e-40
2.513693614405074964e-07 1.179310344827586192e+02 2.971033231452640428e-40
3.985368765988954567e-07 1.179310344827586192e+02 3.731377244593532075e-40
6.318655587100836409e-07 1.179310344827586192e+02 4.703250754205040018e-40
1.001799601811586755e-06 1.179310344827586192e+02 5.920313341144460453e-40
1.588316420092032202e-06 1.179310344827586192e+02 7.450639648123195609e-40
2.518217261987327143e-06 1.179310344827586192e+02 9.376788189089975152e-40
3.992540842840069515e-06 1.179310344827586192e+02 1.180606753737112681e-39
6.330026651142175928e-06 1.179310344827586192e+02 1.488371427082496608e-39
1.003602442189853816e-05 1.179310344827586192e+02 1.874281422537460108e-39
1.591174757199002686e-05 1.179310344827586192e+02 2.361935631211297850e-39
2.522749050333968757e-05 1.179310344827586192e+02 2.974943868708813502e-39
3.999725826573670141e-05 1.179310344827586192e+02 3.745099746530809386e-39
6.341418178570964038e-05 1.179310344827586192e+02 4.707121329843209257e-39
1.005408526962929517e-04 1.179310344827586192e+02 5.919643134575838938e-39
1.594038238174607465e-04 1.179310344827586192e+02 7.477716549333358943e-39
2.527288994095128194e-04 1.179310344827586192e+02 9.429121370809660471e-39
4.006923740417022524e-04 1.179310344827586192e+02 1.190164557291324039e-38
6.352830206213142764e-04 1.179310344827586192e+02 1.501257889364090887e-38
1.007217861969436721e-03 1.179310344827586192e+02 1.896569912676048926e-38
1.596906872275763488e-03 1.179310344827586192e+02 2.398902478731043531e-38
2.531837107947305064e-03 1.179310344827586192e+02 3.049561431753386201e-38
4.014134607639167213e-03 1.179310344827586192e+02 3.873128075210239602e-38
6.364262770960940792e-03 1.179310344827586192e+02 4.956369374382968958e-38
1.009030453058499567e-02 1.179310344827586192e+02 6.380175925707519874e-38
1.599780668776046300e-02 1.179310344827586192e+02 8.317188912017241883e-38
2.536393406593404759e-02 1.179310344827586192e+02 1.096780029153775568e-37
4.021358451551027696e-02 1.179310344827586192e+02 1.479779730020528281e-37
6.375715909772976253e-02 1.179310344827586192e+02 2.057145520744136830e-37
1.010846306089767666e-01 1.179310344827586192e+02 2.895714000680300205e-37
1.602659636965717282e-01 1.179310344827586192e+02 9.397285744759340034e-37
2.540957904762806696e-01 1.179310344827586192e+02 5.914050009766726439e-36
4.028595295505470464e-01 1.179310344827586192e+02 7.723564964616978625e-38
6.387189659674369357e-01 1.179310344827586192e+02 0.000000000000000000e+00
9.999999999999999547e-08 1.241379310344827616e+02 1.748816494193723458e-40
1.585463217613410812e-07 1.241379310344827616e+02 2.203600160857432445e-40
2.513693614405074964e-07 1.241379310344827616e+02 2.775662595074053811e-40
3.985368765988954567e-07 1.241379310344827616e+02 3.497020046436129386e-40
6.318655587100836409e-07 1.241379310344827616e+02 4.408574741795977266e-40
1.001799601811586755e-06 1.241379310344827616e+02 5.535249179463592049e-40
1.588316420092032202e-06 1.241379310344827616e+02 6.974807537509994557e-40
2.518217261987327143e-06 1.241379310344827616e+02 8.796947199686919762e-40
3.992540842840069515e-06 1.241379310344827616e+02 1.104036434806361102e-39
6.330026651142175928e-06 1.241379310344827616e+02 1.392445456988987709e-39
1.003602442189853816e-05 1.241379310344827616e+02 1.754751087470029821e-39
1.591174757199002686e-05 1.241379310344827616e+02 2.207562655208619460e-39
2.522749050333968757e-05 1.241379310344827616e+02 2.781685600619820356e-39
3.999725826573670141e-05 1.241379310344827616e+02 3.500037522821570172e-39
6.341418178570964038e-05 1.241379310344827616e+02 4.414044629073687833e-39
1.005408526962929517e-04 1.241379310344827616e+02 5.564609482717689768e-39
1.594038238174607465e-04 1.241379310344827616e+02 7.011147809078031788e-39
2.527288994095128194e-04 1.241379310344827616e+02 8.816792239930640081e-39
4.006923740417022524e-04 1.241379310344827616e+02 1.113184838878685057e-38
6.352830206213142764e-04 1.241379310344827616e+02 1.406784579761276242e-38
1.007217861969436721e-03 1.241379310344827616e+02 1.773422899777850231e-38
1.596906872275763488e-03 1.241379310344827616e+02 2.240661785360249417e-38
2.531837107947305064e-03 1.241379310344827616e+02 2.850926113247468533e-38
4.014134607639167213e-03 1.241379310344827616e+02 3.620343290998461947e-38
6.364262770960940792e-03 1.241379310344827616e+02 4.621079360111485394e-38
1.009030453058499567e-02 1.241379310344827616e+02 5.957189696868343130e-38
1.599780668776046300e-02 1.241379310344827616e+02 7.735313891734545006e-38
2.536393406593404759e-02 1.241379310344827616e+02 1.016277069876358171e-37
4.021358451551027696e-02 1.241379310344827616e+02 1.356615297630764634e-37
6.375715909772976253e-02 1.241379310344827616e+02 1.878932931873967469e-37
1.010846306089767666e-01 1.241379310344827616e+02 2.601316793784066772e-37
1.602659636965717282e-01 1.241379310344827616e+02 1.090536078792121519e-36
2.540957904762806696e-01 1.241379310344827616e+02 4.825324823205893022e-36
4.028595295505470464e-01 1.241379310344827616e+02 1.955645419563646639e-38
6.387189659674369357e-01 1.241379310344827616e+02 0.000000000000000000e+00
9.999999999999999547e-08 1.303448275862068897e+02 1.613739167808778939e-40
1.585463217613410812e-07 1.303448275862068897e+02 2.030835230241054993e-40
2.513693614405074964e-07 1.303448275862068897e+02 2.550806130448025899e-40
3.985368765988954567e-07 1.303448275862068897e+02 3.223154537526256127e-40
6.318655587100836409e-07 1.303448275862068897e+02 4.051641672996549058e-40
1.001799601811586755e-06 1.303448275862068897e+02 5.107070182835602138e-40
1.588316420092032202e-06 1.303448275862068897e+02 6.436143253337034355e-40
2.518217261987327143e-06 1.303448275862068897e+02 8.101425211456343731e-40
3.992540842840069515e-06 1.303448275862068897e+02 1.019396798931198795e-39
6.330026651142175928e-06 1.303448275862068897e+02 1.285563954763988576e-39
1.003602442189853816e-05 1.303448275862068897e+02 1.617570287343729503e-39
1.591174757199002686e-05 1.303448275862068897e+02 2.031475522189975495e-39
2.522749050333968757e-05 1.303448275862068897e+02 2.567403797567182255e-39
3.999725826573670141e-05 1.303448275862068897e+02 3.224815687001121730e-39
6.341418178570964038e-05 1.303448275862068897e+02 4.062134636704848666e-39
1.005408526962929517e-04 1.303448275862068897e+02 5.122604162669942341e-39
1.594038238174607465e-04 1.303448275862068897e+02 6.456342214547694678e-39
2.527288994095128194e-04 1.303448275862068897e+02 8.120809368874319626e-39
4.006923740417022524e-04 1.303448275862068897e+02 1.027342296723896339e-38
6.352830206213142764e-04 1.303448275862068897e+02 1.298649841227831548e-38
1.007217861969436721e-03 1.303448275862068897e+02 1.631527528350114279e-38
1.596906872275763488e-03 1.303448275862068897e+02 2.071076997489823366e-38
2.531837107947305064e-03 1.303448275862068897e+02 2.620795959599132000e-38
4.014134607639167213e-03 1.303448275862068897e+02 3.327871747667209088e-38
6.364262770960940792e-03 1.303448275862068897e+02 4.257030418739495706e-38
1.009030453058499567e-02 1.303448275862068897e+02 5.456199982408903341e-38
1.599780668776046300e-02 1.303448275862068897e+02 7.037475544981837099e-38
2.536393406593404759e-02 1.303448275862068897e+02 9.215092272554334137e-38
4.021358451551027696e-02 1.303448275862068897e+02 1.231279678454821686e-37
6.375715909772976253e-02 1.303448275862068897e+02 1.690492299300514632e-37
1.010846306089767666e-01 1.303448275862068897e+02 2.307382422345020794e-37
1.602659636965717282e-01 1.303448275862068897e+02 1.242132721868918767e-36
2.540957904762806696e-01 1.303448275862068897e+02 3.849713210338638051e-36
4.028595295505470464e-01 1.303448275862068897e+02 5.413774983885446453e-39
6.387189659674369357e-01 1.303448275862068897e+02 0.000000000000000000e+00
9.999999999999999547e-08 1.365517241379310462e+02 1.451044587150348311e-40
1.585463217613410812e-07 1.365517241379310462e+02 1.828639453379652802e-40
2.513693614405074964e-07 1.365517241379310462e+02 2.306819101566110295e-40
3.985368765988954567e-07 1.365517241379310462e+02 2.897523874351550387e-40
6.318655587100836409e-07 1.365517241379310462e+02 3.660165003600807480e-40
1.001799601811586755e-06 1.365517241379310462e+02 4.595328727162487243e-40
1.588316420092032202e-06 1.365517241379310462e+02 5.794611960865901649e-40
2.518217261987327143e-06 1.365517241379310462e+02 7.291946178992646561e-40
3.992540842840069515e-06 1.365517241379310462e+02 9.199178599317930964e-40
6.330026651142175928e-06 1.365517241379310462e+02 1.155989131697294950e-39
1.003602442189853816e-05 1.365517241379310462e+02 1.456737723607923867e-39
1.591174757199002686e-05 1.365517241379310462e+02 1.837380126581284550e-39
2.522749050333968757e-05 1.365517241379310462e+02 2.309493272594341454e-39
3.999725826573670141e-05 1.365517241379310462e+02 2.909872655365160925e-39
6.341418178570964038e-05 1.365517241379310462e+02 3.663311910803617107e-39
1.005408526962929517e-04 1.365517241379310462e+02 4.622948935686602405e-39
1.594038238174607465e-04 1.365517241379310462e+02 5.803117028400387137e-39
2.527288994095128194e-04 1.365517241379310462e+02 7.347512584879562335e-39
4.006923740417022524e-04 1.365517241379310462e+02 9.259276475395411372e-39
6.352830206213142764e-04 1.365517241379310462e+02 1.168617271326208705e-38
1.007217861969436721e-03 1.365517241379310462e+02 1.472233800556093987e-38
1.596906872275763488e-03 1.365517241379310462e+02 1.862124597672402138e-38
2.531837107947305064e-03 1.365517241379310462e+02 2.357662916918196544e-38
4.014134607639167213e-03 1.365517241379310462e+02 2.994675524883498081e-38
6.364262770960940792e-03 1.365517241379310462e+02 3.819767834677164013e-38
1.009030453058499567e-02 1.365517241379310462e+02 4.896146860761435028e-38
1.599780668776046300e-02 1.365517241379310462e+02 6.308992217376141096e-38
2.536393406593404759e-02 1.365517241379310462e+02 8.235137779769437991e-38
4.021358451551027696e-02 1.365517241379310462e+02 1.096334422512587279e-37
6.375715909772976253e-02 1.365517241379310462e+02 1.487471374296390259e-37
1.010846306089767666e-01 1.365517241379310462e+02 2.025337066044127215e-37
1.602659636965717282e-01 1.365517241379310462e+02 1.317506309983978606e-36
2.540957904762806696e-01 1.365517241379310462e+02 3.016467666651373041e-36
4.028595295505470464e-01 1.365517241379310462e+02 2.816002485117869461e-39
6.387189659674369357e-01 1.365517241379310462e+02 0.000000000000000000e+00
9.999999999999999547e-08 1.427586206896551744e+02 1.281448172213529039e-40
1.585463217613410812e-07 1.427586206896551744e+02 1.611129582818720573e-40
2.513693614405074964e-07 1.427586206896551744e+02 2.029501586000392007e-40
3.985368765988954567e-07 1.427586206896551744e+02 2.560274203201185315e-40
6.318655587100836409e-07 1.427586206896551744e+02 3.222538203177845838e-40
1.001799601811586755e-06 1.427586206896551744e+02 4.064220274182114877e-40
1.588316420092032202e-06 1.427586206896551744e+02 5.101544150609341910e-40
2.518217261987327143e-06 1.427586206896551744e+02 6.405372755884125018e-40
3.992540842840069515e-06 1.427586206896551744e+02 8.095967140709689932e-40
6.330026651142175928e-06 1.427586206896551744e+02 1.018672540618571260e-39
1.003602442189853816e-05 1.427586206896551744e+02 1.282148969932769098e-39
1.591174757199002686e-05 1.427586206896551744e+02 1.615645830069684755e-39
2.522749050333968757e-05 1.427586206896551744e+02 2.037753229149464071e-39
3.999725826573670141e-05 1.427586206896551744e+02 2.564590192074674440e-39
6.341418178570964038e-05 1.427586206896551744e+02 3.229878670703576759e-39
1.005408526962929517e-04 1.427586206896551744e+02 4.060856118232428873e-39
1.594038238174607465e-04 1.427586206896551744e+02 5.118319895417913470e-39
2.527288994095128194e-04 1.427586206896551744e+02 6.457667140381747520e-39
4.006923740417022524e-04 1.427586206896551744e+02 8.141703280757479947e-39
6.352830206213142764e-04 1.427586206896551744e+02 1.027142203605149161e-38
1.007217861969436721e-03 1.427586206896551744e+02 1.298654090261042517e-38
1.596906872275763488e-03 1.427586206896551744e+02 1.636576417713710223e-38
2.531837107947305064e-03 1.427586206896551744e+02 2.073105905501575224e-38
4.014134607639167213e-03 1.427586206896551744e+02 2.627711866601992181e-38
6.364262770960940792e-03 1.427586206896551744e+02 3.348577476442055337e-38
1.009030453058499567e-02 1.427586206896551744e+02 4.289830630718833056e-38
1.599780668776046300e-02 1.427586206896551744e+02 5.497154151168070524e-38
2.536393406593404759e-02 1.427586206896551744e+02 7.169772753866642937e-38
4.021358451551027696e-02 1.427586206896551744e+02 9.477884933408211965e-38
6.375715909772976253e-02 1.427586206896551744e+02 1.278814304225853618e-37
1.010846306089767666e-01 1.427586206896551744e+02 1.742149276291573333e-37
1.602659636965717282e-01 1.427586206896551744e+02 1.314690954527854283e-36
2.540957904762806696e-01 1.427586206896551744e+02 2.314608497425136782e-36
4.028595295505470464e-01 1.427586206896551744e+02 1.481725127142558745e-39
6.387189659674369357e-01 1.427586206896551744e+02 0.000000000000000000e+00
9.999999999999999547e-08 1.489655172413793025e+02 1.091732127199888378e-40
1.585463217613410812e-07 1.489655172413793025e+02 1.374067212616930893e-40
2.513693614405074964e-07 1.489655172413793025e+02 1.728771649788493399e-40
3.985368765988954567e-07 1.489655172413793025e+02 2.183565652354995895e-40
6.318655587100836409e-07 1.489655172413793025e+02 2.737619654335464260e-40
1.001799601811586755e-06 1.489655172413793025e+02 3.458379312781514529e-40
1.588316420092032202e-06 1.489655172413793025e+02 4.343696343394127745e-40
2.518217261987327143e-06 1.489655172413793025e+02 5.468286671962799152e-40
3.992540842840069515e-06 1.489655172413793025e+02 6.896925595090114566e-40
6.330026651142175928e-06 1.489655172413793025e+02 8.684145487407213060e-40
1.003602442189853816e-05 1.489655172413793025e+02 1.095091477896689011e-39
1.591174757199002686e-05 1.489655172413793025e+02 1.375014976503914394e-39
2.522749050333968757e-05 1.489655172413793025e+02 1.732418188394514931e-39
3.999725826573670141e-05 1.489655172413793025e+02 2.181643072758278024e-39
6.341418178570964038e-05 1.489655172413793025e+02 2.747843011183835388e-39
1.005408526962929517e-04 1.489655172413793025e+02 3.468093096592941359e-39
1.594038238174607465e-04 1.489655172413793025e+02 4.367689604736492241e-39
2.527288994095128194e-04 1.489655172413793025e+02 5.503819246842715924e-39
4.006923740417022524e-04 1.489655172413793025e+02 6.917133701627268028e-39
6.352830206213142764e-04 1.489655172413793025e+02 8.756204277059134720e-39
1.007217861969436721e-03 1.489655172413793025e+02 1.104747537156079695e-38
1.596906872275763488e-03 1.489655172413793025e+02 1.396813466781108141e-38
2.531837107947305064e-03 1.489655172413793025e+02 1.765659266136554573e-38
4.014134607639167213e-03 1.489655172413793025e+02 2.231656308028138514e-38
6.364262770960940792e-03 1.489655172413793025e+02 2.837704679733580650e-38
1.009030453058499567e-02 1.489655172413793025e+02 3.625286126104021115e-38
1.599780668776046300e-02 1.489655172413793025e+02 4.657421923392404423e-38
2.536393406593404759e-02 1.489655172413793025e+02 6.060466603110968592e-38
4.021358451551027696e-02 1.489655172413793025e+02 7.984431939617313955e-38
6.375715909772976253e-02 1.489655172413793025e+02 1.071801201384151187e-37
1.010846306089767666e-01 1.489655172413793025e+02 1.475727639250555130e-37
1.602659636965717282e-01 1.489655172413793025e+02 1.238679416788035305e-36
2.540957904762806696e-01 1.489655172413793025e+02 1.733120656025867511e-36
4.028595295505470464e-01 1.489655172413793025e+02 8.085708475475674219e-40
6.387189659674369357e-01 1.489655172413793025e+02 0.000000000000000000e+00
9.999999999999999547e-08 1.551724137931034591e+02 8.880678271714301942e-41
1.585463217613410812e-07 1.551724137931034591e+02 1.119109800254629317e-40
2.513693614405074964e-07 1.551724137931034591e+02 1.408483116895776275e-40
3.985368765988954567e-07 1.551724137931034591e+02 1.772061325117779563e-40
6.318655587100836409e-07 1.551724137931034591e+02 2.237285589127072572e-40
1.001799601811586755e-06 1.551724137931034591e+02 2.808870627379326807e-40
1.588316420092032202e-06 1.551724137931034591e+02 3.543483966690070164e-40
2.518217261987327143e-06 1.551724137931034591e+02 4.455699997388317206e-40
3.992540842840069515e-06 1.551724137931034591e+02 5.614505041775490348e-40
6.330026651142175928e-06 1.551724137931034591e+02 7.074278975442572514e-40
1.003602442189853816e-05 1.551724137931034591e+02 8.905203714551011563e-40
1.591174757199002686e-05 1.551724137931034591e+02 1.120556265894595402e-39
2.522749050333968757e-05 1.551724137931034591e+02 1.411694759836107899e-39
3.999725826573670141e-05 1.551724137931034591e+02 1.780517974274646061e-39
6.341418178570964038e-05 1.551724137931034591e+02 2.241339420786218515e-39
1.005408526962929517e-04 1.551724137931034591e+02 2.819885983655062151e-39
1.594038238174607465e-04 1.551724137931034591e+02 3.553571343148187020e-39
2.527288994095128194e-04 1.551724137931034591e+02 4.480357777352885555e-39
4.006923740417022524e-04 1.551724137931034591e+02 5.639505056911264097e-39
6.352830206213142764e-04 1.551724137931034591e+02 7.137605501990522544e-39
1.007217861969436721e-03 1.551724137931034591e+02 8.995915169328980419e-39
1.596906872275763488e-03 1.551724137931034591e+02 1.136247953625583769e-38
2.531837107947305064e-03 1.551724137931034591e+02 1.435389729898659037e-38
4.014134607639167213e-03 1.551724137931034591e+02 1.824590010060542584e-38
6.364262770960940792e-03 1.551724137931034591e+02 2.308309003011745504e-38
1.009030453058499567e-02 1.551724137931034591e+02 2.948775651478372340e-38
1.599780668776046300e-02 1.551724137931034591e+02 3.774606083907864585e-38
2.536393406593404759e-02 1.551724137931034591e+02 4.886156240818551257e-38
4.021358451551027696e-02 1.551724137931034591e+02 6.459681835868623976e-38
6.375715909772976253e-02 1.551724137931034591e+02 8.600117225032292567e-38
1.010846306089767666e-01 1.551724137931034591e+02 1.210606937125458193e-37
1.602659636965717282e-01 1.551724137931034591e+02 1.079900785842762221e-36
2.540957904762806696e-01 1.551724137931034591e+02 1.268156426912991389e-36
4.028595295505470464e-01 1.551724137931034591e+02 4.519841826571388796e-40
6.387189659674369357e-01 1.551724137931034591e+02 0.000000000000000000e+00
9.999999999999999547e-08 1.613793103448276156e+02 6.752307272312802409e-41
1.585463217613410812e-07 1.613793103448276156e+02 8.498240202510951145e-41
2.513693614405074964e-07 1.613793103448276156e+02 1.070601574330779064e-40
3.985368765988954567e-07 1.613793103448276156e+02 1.349801494360329868e-40
6.318655587100836409e-07 1.613793103448276156e+02 1.700298939781915143e-40
1.001799601811586755e-06 1.613793103448276156e+02 2.138391697867833080e-40
1.588316420092032202e-06 1.613793103448276156e+02 2.694434461585824889e-40
2.518217261987327143e-06 1.613793103448276156e+02 3.390482259975662270e-40
3.992540842840069515e-06 1.613793103448276156e+02 4.280316232995632805e-40
6.330026651142175928e-06 1.613793103448276156e+02 5.359558220103389013e-40
1.003602442189853816e-05 1.613793103448276156e+02 6.761862808383333587e-40
1.591174757199002686e-05 1.613793103448276156e+02 8.546810080965168666e-40
2.522749050333968757e-05 1.613793103448276156e+02 1.073771664996867188e-39
3.999725826573670141e-05 1.613793103448276156e+02 1.351594941064473505e-39
6.341418178570964038e-05 1.613793103448276156e+02 1.703767151520201818e-39
1.005408526962929517e-04 1.613793103448276156e+02 2.144276067534573212e-39
1.594038238174607465e-04 1.613793103448276156e+02 2.706892400855015884e-39
2.527288994095128194e-04 1.613793103448276156e+02 3.406330956193879022e-39
4.006923740417022524e-04 1.613793103448276156e+02 4.294749871705569164e-39
6.352830206213142764e-04 1.613793103448276156e+02 5.411126247929425668e-39
1.007217861969436721e-03 1.613793103448276156e+02 6.833595125688006973e-39
1.596906872275763488e-03 1.613793103448276156e+02 8.639397131600409278e-39
2.531837107947305064e-03 1.613793103448276156e+02 1.090555593545521876e-38
4.014134607639167213e-03 1.613793103448276156e+02 1.381086112954000585e-38
6.364262770960940792e-03 1.613793103448276156e+02 1.753376675662762889e-38
1.009030453058499567e-02 1.613793103448276156e+02 2.234411753913516875e-38
1.599780668776046300e-02 1.613793103448276156e+02 2.858820777557601597e-38
2.536393406593404759e-02 1.613793103448276156e+02 3.691771422620298561e-38
4.021358451551027696e-02 1.613793103448276156e+02 4.867219416557982111e-38
6.375715909772976253e-02 1.613793103448276156e+02 6.463072973770075129e-38
1.010846306089767666e-01 1.613793103448276156e+02 9.304776617324938641e-38
1.602659636965717282e-01 1.613793103448276156e+02 8.565250925244688944e-37
2.540957904762806696e-01 1.613793103448276156e+02 8.840316748115197923e-37
4.028595295505470464e-01 1.613793103448276156e+02 2.565531719618141788e-40
6.387189659674369357e-01 1.613793103448276156e+02 0.000000000000000000e+00
9.999999999999999547e-08 1.675862068965517437e+02 4.548986485502322615e-41
1.585463217613410812e-07 1.675862068965517437e+02 5.719724841635112678e-41
2.513693614405074964e-07 1.675862068965517437e+02 7.196678101115971512e-41
3.985368765988954567e-07 1.675862068965517437e+02 9.069841112887554070e-41
6.318655587100836409e-07 1.675862068965517437e+02 1.143803157511299651e-40
1.001799601811586755e-06 1.675862068965517437e+02 1.438626675878632453e-40
1.588316420092032202e-06 1.675862068965517437e+02 1.812016942484196214e-40
2.518217261987327143e-06 1.675862068965517437e+02 2.278317469794031774e-40
3.992540842840069515e-06 1.675862068965517437e+02 2.869953176497153636e-40
6.330026651142175928e-06 1.675862068965517437e+02 3.616495939500504735e-40
1.003602442189853816e-05 1.675862068965517437e+02 4.545073996187213906e-40
1.591174757199002686e-05 1.675862068965517437e+02 5.737443109854820155e-40
2.522749050333968757e-05 1.675862068965517437e+02 7.230525519362640209e-40
3.999725826573670141e-05 1.675862068965517437e+02 9.116539192135430480e-40
6.341418178570964038e-05 1.675862068965517437e+02 1.147340517755295476e-39
1.005408526962929517e-04 1.675862068965517437e+02 1.446173296998722525e-39
1.594038238174607465e-04 1.675862068965517437e+02 1.820085099501753259e-39
2.527288994095128194e-04 1.675862068965517437e+02 2.294017826193261889e-39
4.006923740417022524e-04 1.675862068965517437e+02 2.892871535601445710e-39
6.352830206213142764e-04 1.675862068965517437e+02 3.640591158638137164e-39
1.007217861969436721e-03 1.675862068965517437e+02 4.596706126711976193e-39
1.596906872275763488e-03 1.675862068965517437e+02 5.799137170868704607e-39
2.531837107947305064e-03 1.675862068965517437e+02 7.344385211859539032e-39
4.014134607639167213e-03 1.675862068965517437e+02 9.289789005758604168e-39
6.364262770960940792e-03 1.675862068965517437e+02 1.178592990299926525e-38
1.009030453058499567e-02 1.675862068965517437e+02 1.498194121470669730e-38
1.599780668776046300e-02 1.675862068965517437e+02 1.914287423349909291e-38
2.536393406593404759e-02 1.675862068965517437e+02 2.475273789566274630e-38
4.021358451551027696e-02 1.675862068965517437e+02 3.257593309585747602e-38
6.375715909772976253e-02 1.675862068965517437e+02 4.305079814697329660e-38
1.010846306089767666e-01 1.675862068965517437e+02 6.332047750563721707e-38
1.602659636965717282e-01 1.675862068965517437e+02 5.929998466102137223e-37
2.540957904762806696e-01 1.675862068965517437e+02 5.569731226098872815e-37
4.028595295505470464e-01 1.675862068965517437e+02 1.390605534009074000e-40
6.387189659674369357e-01 1.675862068965517437e+02 0.000000000000000000e+00
9.999999999999999547e-08 1.737931034482758719e+02 2.287980243196677463e-41
1.585463217613410812e-07 1.737931034482758719e+02 2.871949219372208324e-41
2.513693614405074964e-07 1.737931034482758719e+02 3.620446016348997850e-41
3.985368765988954567e-07 1.737931034482758719e+02 4.564682915965373329e-41
6.318655587100836409e-07 1.737931034482758719e+02 5.755948773984341188e-41
1.001799601811586755e-06 1.737931034482758719e+02 7.243975720951523296e-41
1.588316420092032202e-06 1.737931034482758719e+02 9.117800417465192154e-41
2.518217261987327143e-06 1.737931034482758719e+02 1.147811765277406872e-40
3.992540842840069515e-06 1.737931034482758719e+02 1.445761982092637849e-40
6.330026651142175928e-06 1.737931034482758719e+02 1.821483001545715372e-40
1.003602442189853816e-05 1.737931034482758719e+02 2.295039643833763698e-40
1.591174757199002686e-05 1.737931034482758719e+02 2.890126898491171592e-40
2.522749050333968757e-05 1.737931034482758719e+02 3.641957481976727054e-40
3.999725826573670141e-05 1.737931034482758719e+02 4.569305465397543217e-40
6.341418178570964038e-05 1.737931034482758719e+02 5.758356500645981987e-40
1.005408526962929517e-04 1.737931034482758719e+02 7.271616855635093223e-40
1.594038238174607465e-04 1.737931034482758719e+02 9.149828527351151653e-40
2.527288994095128194e-04 1.737931034482758719e+02 1.152305236415445284e-39
4.006923740417022524e-04 1.737931034482758719e+02 1.453675998696575097e-39
6.352830206213142764e-04 1.737931034482758719e+02 1.832786112214511519e-39
1.007217861969436721e-03 1.737931034482758719e+02 2.318265233942140845e-39
1.596906872275763488e-03 1.737931034482758719e+02 2.918462134884504560e-39
2.531837107947305064e-03 1.737931034482758719e+02 3.691426624862947930e-39
4.014134607639167213e-03 1.737931034482758719e+02 4.666322718395658854e-39
6.364262770960940792e-03 1.737931034482758719e+02 5.929796078375576638e-39
1.009030453058499567e-02 1.737931034482758719e+02 7.513920689967833637e-39
1.599780668776046300e-02 1.737931034482758719e+02 9.593280810027023655e-39
2.536393406593404759e-02 1.737931034482758719e+02 1.244273994324151972e-38
4.021358451551027696e-02 1.737931034482758719e+02 1.635981557594157433e-38
6.375715909772976253e-02 1.737931034482758719e+02 2.151737173148640391e-38
1.010846306089767666e-01 1.737931034482758719e+02 3.211704349180948212e-38
1.602659636965717282e-01 1.737931034482758719e+02 3.025009118986577349e-37
2.540957904762806696e-01 1.737931034482758719e+02 2.674292667968065170e-37
4.028595295505470464e-01 1.737931034482758719e+02 6.127621840047642705e-41
6.387189659674369357e-01 1.737931034482758719e+02 0.000000000000000000e+00
9.999999999999999547e-08 1.800000000000000000e+02 2.590001929582891779e-56
1.585463217613410812e-07 1.800000000000000000e+02 3.268992195309378572e-56
2.513693614405074964e-07 1.800000000000000000e+02 4.114106032695599699e-56
3.985368765988954567e-07 1.800000000000000000e+02 5.166995917249095051e-56
6.318655587100836409e-07 1.800000000000000000e+02 6.520245314561544656e-56
1.001799601811586755e-06 1.800000000000000000e+02 8.193113828051881567e-56
1.588316420092032202e-06 1.800000000000000000e+02 1.033330241888490113e-55
2.518217261987327143e-06 1.800000000000000000e+02 1.300234230650642149e-55
3.992540842840069515e-06 1.800000000000000000e+02 1.639137656335578785e-55
6.330026651142175928e-06 1.800000000000000000e+02 2.058137301963496947e-55
1.003602442189853816e-05 1.800000000000000000e+02 0.000000000000000000e+00
1.591174757199002686e-05 1.800000000000000000e+02 3.269188650187971982e-55
2.522749050333968757e-05 1.800000000000000000e+02 4.107483576646279030e-55
3.999725826573670141e-05 1.800000000000000000e+02 5.183150925214266571e-55
6.341418178570964038e-05 1.800000000000000000e+02 0.000000000000000000e+00
1.005408526962929517e-04 1.800000000000000000e+02 0.000000000000000000e+00
1.594038238174607465e-04 1.800000000000000000e+02 1.036075243752831254e-54
2.527288994095128194e-04 1.800000000000000000e+02 1.306057813853510169e-54
4.006923740417022524e-04 1.800000000000000000e+02 1.649155714662233577e-54
6.352830206213142764e-04 1.800000000000000000e+02 0.000000000000000000e+00
1.007217861969436721e-03 1.800000000000000000e+02 0.000000000000000000e+00
1.596906872275763488e-03 1.800000000000000000e+02 3.304057297095984575e-54
2.531837107947305064e-03 1.800000000000000000e+02 4.175315064692632085e-54
4.014134607639167213e-03 1.800000000000000000e+02 5.285061831735247823e-54
6.364262770960940792e-03 1.800000000000000000e+02 0.000000000000000000e+00
1.009030453058499567e-02 1.800000000000000000e+02 8.530384573318247947e-54
1.599780668776046300e-02 1.800000000000000000e+02 1.085190141461224656e-53
2.536393406593404759e-02 1.800000000000000000e+02 1.406726205133477214e-53
4.021358451551027696e-02 1.800000000000000000e+02 1.848166200179181770e-53
6.375715909772976253e-02 1.800000000000000000e+02 2.437178395549385526e-53
1.010846306089767666e-01 1.800000000000000000e+02 3.668816136097571561e-53
1.602659636965717282e-01 1.800000000000000000e+02 3.433610660466980574e-52
2.540957904762806696e-01 1.800000000000000000e+02 3.006695079474050655e-52
4.028595295505470464e-01 1.800000000000000000e+02 6.674783703251342507e-56
6.387189659674369357e-01 1.800000000000000000e+02 0.000000000000000000e+00
