# atom 56: Tchi 0.8531678524172808 [GeV]; m_chi = 0.1 [GeV]; mS = 0.2 [GeV]; gchi =0.01; gN = 0.01
# Tchi^prime [GeV], theta [degree] ,dsigma/dTchip dtheta [cm^2/GeV]
9.999999999999999547e-08 0.000000000000000000e+00 0.000000000000000000e+00
1.596609714158835588e-07 0.000000000000000000e+00 0.000000000000000000e+00
2.549162579346358842e-07 0.000000000000000000e+00 0.000000000000000000e+00
4.070017737154589828e-07 0.000000000000000000e+00 0.000000000000000000e+00
6.498229855939779963e-07 0.000000000000000000e+00 0.000000000000000000e+00
1.037513691283042438e-06 0.000000000000000000e+00 0.000000000000000000e+00
1.656504438075296513e-06 0.000000000000000000e+00 0.000000000000000000e+00
2.644791077378241924e-06 0.000000000000000000e+00 0.000000000000000000e+00
4.222699126062713300e-06 0.000000000000000000e+00 0.000000000000000000e+00
6.742002444641753631e-06 0.000000000000000000e+00 0.000000000000000000e+00
1.076434659599764064e-05 0.000000000000000000e+00 0.000000000000000000e+00
1.718646034174242833e-05 0.000000000000000000e+00 0.000000000000000000e+00
2.744006953363154310e-05 0.000000000000000000e+00 0.000000000000000000e+00
4.381108157459003043e-05 0.000000000000000000e+00 0.000000000000000000e+00
6.994919842979561585e-05 0.000000000000000000e+00 0.000000000000000000e+00
1.116815697106356451e-04 0.000000000000000000e+00 0.000000000000000000e+00
1.783118790925080515e-04 0.000000000000000000e+00 0.000000000000000000e+00
2.846944783090141358e-04 0.000000000000000000e+00 0.000000000000000000e+00
4.545459696355538077e-04 0.000000000000000000e+00 0.000000000000000000e+00
7.257325106518723330e-04 0.000000000000000000e+00 0.000000000000000000e+00
1.158711576387660026e-03 0.000000000000000000e+00 0.000000000000000000e+00
1.850010158768835558e-03 0.000000000000000000e+00 0.000000000000000000e+00
2.953744190782852524e-03 0.000000000000000000e+00 0.000000000000000000e+00
4.715976668144131363e-03 0.000000000000000000e+00 0.000000000000000000e+00
7.529574160105339392e-03 0.000000000000000000e+00 0.000000000000000000e+00
1.202179124750354065e-02 0.000000000000000000e+00 0.000000000000000000e+00
1.919410868735381762e-02 0.000000000000000000e+00 0.000000000000000000e+00
3.064550038484960270e-02 0.000000000000000000e+00 0.000000000000000000e+00
4.892890360970920949e-02 0.000000000000000000e+00 0.000000000000000000e+00
7.812036280640304031e-02 0.000000000000000000e+00 0.000000000000000000e+00
1.247277301303156838e-01 0.000000000000000000e+00 0.000000000000000000e+00
1.991415055510437071e-01 0.000000000000000000e+00 0.000000000000000000e+00
3.179512622550120793e-01 0.000000000000000000e+00 0.000000000000000000e+00
5.076440739454157747e-01 0.000000000000000000e+00 0.000000000000000000e+00
8.105094597964166425e-01 0.000000000000000000e+00 0.000000000000000000e+00
9.999999999999999547e-08 6.206896551724137900e+00 1.682359510927492581e-41
1.596609714158835588e-07 6.206896551724137900e+00 2.127894547509383916e-41
2.549162579346358842e-07 6.206896551724137900e+00 2.686008767819561503e-41
4.070017737154589828e-07 6.206896551724137900e+00 3.395884709864747398e-41
6.498229855939779963e-07 6.206896551724137900e+00 4.288299218515879794e-41
1.037513691283042438e-06 6.206896551724137900e+00 5.440245097962055616e-41
1.656504438075296513e-06 6.206896551724137900e+00 6.874653533115063161e-41
2.644791077378241924e-06 6.206896551724137900e+00 8.702337935342432573e-41
4.222699126062713300e-06 6.206896551724137900e+00 1.100039928499199454e-40
6.742002444641753631e-06 6.206896551724137900e+00 1.392711716770221321e-40
1.076434659599764064e-05 6.206896551724137900e+00 1.763843202739999090e-40
1.718646034174242833e-05 6.206896551724137900e+00 2.237336666940872946e-40
2.744006953363154310e-05 6.206896551724137900e+00 2.832157962507627249e-40
4.381108157459003043e-05 6.206896551724137900e+00 3.602581858200377378e-40
6.994919842979561585e-05 6.206896551724137900e+00 4.580408830185013150e-40
1.116815697106356451e-04 6.206896551724137900e+00 5.828910487978291344e-40
1.783118790925080515e-04 6.206896551724137900e+00 7.439105579466129384e-40
2.846944783090141358e-04 6.206896551724137900e+00 9.546857453253622519e-40
4.545459696355538077e-04 6.206896551724137900e+00 1.231290427519011956e-39
7.257325106518723330e-04 6.206896551724137900e+00 1.588844483938166152e-39
1.158711576387660026e-03 6.206896551724137900e+00 2.067692639555129133e-39
1.850010158768835558e-03 6.206896551724137900e+00 2.711812895011203053e-39
2.953744190782852524e-03 6.206896551724137900e+00 3.600756520068650280e-39
4.715976668144131363e-03 6.206896551724137900e+00 4.845078052372623477e-39
7.529574160105339392e-03 6.206896551724137900e+00 6.666212073029331778e-39
1.202179124750354065e-02 6.206896551724137900e+00 9.388402441762144983e-39
1.919410868735381762e-02 6.206896551724137900e+00 1.369185600263110093e-38
3.064550038484960270e-02 6.206896551724137900e+00 2.098463101181507765e-38
4.892890360970920949e-02 6.206896551724137900e+00 3.419509804403391712e-38
7.812036280640304031e-02 6.206896551724137900e+00 6.095369248595363142e-38
1.247277301303156838e-01 6.206896551724137900e+00 1.217763395749408160e-37
1.991415055510437071e-01 6.206896551724137900e+00 2.888663732181585506e-37
3.179512622550120793e-01 6.206896551724137900e+00 8.679844284697910717e-37
5.076440739454157747e-01 6.206896551724137900e+00 3.860442253771977062e-36
8.105094597964166425e-01 6.206896551724137900e+00 0.000000000000000000e+00
9.999999999999999547e-08 1.241379310344827580e+01 3.348076445339280015e-41
1.596609714158835588e-07 1.241379310344827580e+01 4.225352803458923539e-41
2.549162579346358842e-07 1.241379310344827580e+01 5.347913498936889466e-41
4.070017737154589828e-07 1.241379310344827580e+01 6.757176994457165420e-41
6.498229855939779963e-07 1.241379310344827580e+01 8.530870919314523858e-41
1.037513691283042438e-06 1.241379310344827580e+01 1.082530519670828134e-40
1.656504438075296513e-06 1.241379310344827580e+01 1.367527061828721613e-40
2.644791077378241924e-06 1.241379310344827580e+01 1.724365203252367097e-40
4.222699126062713300e-06 1.241379310344827580e+01 2.183724753633984599e-40
6.742002444641753631e-06 1.241379310344827580e+01 2.771361555148955462e-40
1.076434659599764064e-05 1.241379310344827580e+01 3.513176078119776682e-40
1.718646034174242833e-05 1.241379310344827580e+01 4.445741229279251901e-40
2.744006953363154310e-05 1.241379310344827580e+01 5.634326636649525317e-40
4.381108157459003043e-05 1.241379310344827580e+01 7.166169941174549546e-40
6.994919842979561585e-05 1.241379310344827580e+01 9.096892727546852725e-40
1.116815697106356451e-04 1.241379310344827580e+01 1.160061596590355061e-39
1.783118790925080515e-04 1.241379310344827580e+01 1.483004586274020642e-39
2.846944783090141358e-04 1.241379310344827580e+01 1.898785238823588039e-39
4.545459696355538077e-04 1.241379310344827580e+01 2.442630962138513020e-39
7.257325106518723330e-04 1.241379310344827580e+01 3.156274847729737455e-39
1.158711576387660026e-03 1.241379310344827580e+01 4.106734877200423060e-39
1.850010158768835558e-03 1.241379310344827580e+01 5.374673852366798923e-39
2.953744190782852524e-03 1.241379310344827580e+01 7.119960586694084249e-39
4.715976668144131363e-03 1.241379310344827580e+01 9.561452387855914352e-39
7.529574160105339392e-03 1.241379310344827580e+01 1.313084950831712287e-38
1.202179124750354065e-02 1.241379310344827580e+01 1.845669028576266494e-38
1.919410868735381762e-02 1.241379310344827580e+01 2.683237767948067707e-38
3.064550038484960270e-02 1.241379310344827580e+01 4.070632345487107392e-38
4.892890360970920949e-02 1.241379310344827580e+01 6.569333451915694161e-38
7.812036280640304031e-02 1.241379310344827580e+01 1.146793513430530880e-37
1.247277301303156838e-01 1.241379310344827580e+01 2.218587305588764044e-37
1.991415055510437071e-01 1.241379310344827580e+01 4.956629872225220296e-37
3.179512622550120793e-01 1.241379310344827580e+01 1.371894778125615434e-36
5.076440739454157747e-01 1.241379310344827580e+01 5.543241759543504578e-36
8.105094597964166425e-01 1.241379310344827580e+01 0.000000000000000000e+00
9.999999999999999547e-08 1.862068965517241281e+01 4.976340211489032265e-41
1.596609714158835588e-07 1.862068965517241281e+01 6.273852858193438502e-41
2.549162579346358842e-07 1.862068965517241281e+01 7.938860873828312297e-41
4.070017737154589828e-07 1.862068965517241281e+01 1.003205643470106427e-40
6.498229855939779963e-07 1.862068965517241281e+01 1.269293309876066957e-40
1.037513691283042438e-06 1.862068965517241281e+01 1.606523333696980715e-40
1.656504438075296513e-06 1.862068965517241281e+01 2.031347420984940208e-40
2.644791077378241924e-06 1.862068965517241281e+01 2.561235161222571167e-40
4.222699126062713300e-06 1.862068965517241281e+01 3.246284476894122602e-40
6.742002444641753631e-06 1.862068965517241281e+01 4.112810065987054903e-40
1.076434659599764064e-05 1.862068965517241281e+01 5.205801986564823256e-40
1.718646034174242833e-05 1.862068965517241281e+01 6.606882960247953581e-40
2.744006953363154310e-05 1.862068965517241281e+01 8.370059201397202105e-40
4.381108157459003043e-05 1.862068965517241281e+01 1.066122786765428144e-39
6.994919842979561585e-05 1.862068965517241281e+01 1.348891835099689810e-39
1.116815697106356451e-04 1.862068965517241281e+01 1.721904666721342585e-39
1.783118790925080515e-04 1.862068965517241281e+01 2.199928620518075582e-39
2.846944783090141358e-04 1.862068965517241281e+01 2.817474501827490291e-39
4.545459696355538077e-04 1.862068965517241281e+01 3.620931377387958900e-39
7.257325106518723330e-04 1.862068965517241281e+01 4.667468874796560063e-39
1.158711576387660026e-03 1.862068965517241281e+01 6.060418052521284030e-39
1.850010158768835558e-03 1.862068965517241281e+01 7.943977382215298645e-39
2.953744190782852524e-03 1.862068965517241281e+01 1.049282328065821401e-38
4.715976668144131363e-03 1.862068965517241281e+01 1.408966609301628056e-38
7.529574160105339392e-03 1.862068965517241281e+01 1.924856521655924548e-38
1.202179124750354065e-02 1.862068965517241281e+01 2.687094494093583082e-38
1.919410868735381762e-02 1.862068965517241281e+01 3.879309717175379537e-38
3.064550038484960270e-02 1.862068965517241281e+01 5.821771946475395899e-38
4.892890360970920949e-02 1.862068965517241281e+01 9.227181588785794357e-38
7.812036280640304031e-02 1.862068965517241281e+01 1.561415019411221915e-37
1.247277301303156838e-01 1.862068965517241281e+01 2.882368543357911549e-37
1.991415055510437071e-01 1.862068965517241281e+01 6.027846629535964668e-37
3.179512622550120793e-01 1.862068965517241281e+01 1.527557391305008960e-36
5.076440739454157747e-01 1.862068965517241281e+01 5.619572319475064456e-36
8.105094597964166425e-01 1.862068965517241281e+01 0.000000000000000000e+00
9.999999999999999547e-08 2.482758620689655160e+01 6.538182283331397285e-41
1.596609714158835588e-07 2.482758620689655160e+01 8.243019769679139097e-41
2.549162579346358842e-07 2.482758620689655160e+01 1.040939225624558839e-40
4.070017737154589828e-07 2.482758620689655160e+01 1.320320902322132185e-40
6.498229855939779963e-07 2.482758620689655160e+01 1.664565023232692087e-40
1.037513691283042438e-06 2.482758620689655160e+01 2.108099100992198794e-40
1.656504438075296513e-06 2.482758620689655160e+01 2.666909230416428250e-40
2.644791077378241924e-06 2.482758620689655160e+01 3.372548432766884521e-40
4.222699126062713300e-06 2.482758620689655160e+01 4.270470191746396496e-40
6.742002444641753631e-06 2.482758620689655160e+01 5.407697172865542414e-40
1.076434659599764064e-05 2.482758620689655160e+01 6.862135493201028880e-40
1.718646034174242833e-05 2.482758620689655160e+01 8.668308311631812914e-40
2.744006953363154310e-05 2.482758620689655160e+01 1.101120956597445061e-39
4.381108157459003043e-05 2.482758620689655160e+01 1.396187573935447790e-39
6.994919842979561585e-05 2.482758620689655160e+01 1.776121353313174281e-39
1.116815697106356451e-04 2.482758620689655160e+01 2.255822113164134733e-39
1.783118790925080515e-04 2.482758620689655160e+01 2.881291391864694684e-39
2.846944783090141358e-04 2.482758620689655160e+01 3.688411386281558559e-39
4.545459696355538077e-04 2.482758620689655160e+01 4.748384916321289526e-39
7.257325106518723330e-04 2.482758620689655160e+01 6.105772825802847908e-39
1.158711576387660026e-03 2.482758620689655160e+01 7.915840456548288515e-39
1.850010158768835558e-03 2.482758620689655160e+01 1.036605261470711526e-38
2.953744190782852524e-03 2.482758620689655160e+01 1.367150934967276471e-38
4.715976668144131363e-03 2.482758620689655160e+01 1.828779705907047813e-38
7.529574160105339392e-03 2.482758620689655160e+01 2.484490340125500330e-38
1.202179124750354065e-02 2.482758620689655160e+01 3.444264422446090128e-38
1.919410868735381762e-02 2.482758620689655160e+01 4.914848566994974605e-38
3.064550038484960270e-02 2.482758620689655160e+01 7.282329549303777798e-38
4.892890360970920949e-02 2.482758620689655160e+01 1.125541962430918027e-37
7.812036280640304031e-02 2.482758620689655160e+01 1.841271419560851598e-37
1.247277301303156838e-01 2.482758620689655160e+01 3.242461765413479457e-37
1.991415055510437071e-01 2.482758620689655160e+01 6.353128737153220694e-37
3.179512622550120793e-01 2.482758620689655160e+01 1.493725581862473240e-36
5.076440739454157747e-01 2.482758620689655160e+01 5.004637744729781011e-36
8.105094597964166425e-01 2.482758620689655160e+01 3.988524062557390223e-35
9.999999999999999547e-08 3.103448275862069039e+01 8.028326071845448709e-41
1.596609714158835588e-07 3.103448275862069039e+01 1.012184373227658923e-40
2.549162579346358842e-07 3.103448275862069039e+01 1.281006456213409580e-40
4.070017737154589828e-07 3.103448275862069039e+01 1.617166978177543754e-40
6.498229855939779963e-07 3.103448275862069039e+01 2.047030705525420432e-40
1.037513691283042438e-06 3.103448275862069039e+01 2.587975205078760281e-40
1.656504438075296513e-06 3.103448275862069039e+01 3.270339979124192296e-40
2.644791077378241924e-06 3.103448275862069039e+01 4.141144265014951084e-40
4.222699126062713300e-06 3.103448275862069039e+01 5.243921144666622232e-40
6.742002444641753631e-06 3.103448275862069039e+01 6.629729096361878444e-40
1.076434659599764064e-05 3.103448275862069039e+01 8.400279522158827330e-40
1.718646034174242833e-05 3.103448275862069039e+01 1.066598203046240023e-39
2.744006953363154310e-05 3.103448275862069039e+01 1.350588249267847581e-39
4.381108157459003043e-05 3.103448275862069039e+01 1.712051244508909894e-39
6.994919842979561585e-05 3.103448275862069039e+01 2.176535828532604001e-39
1.116815697106356451e-04 3.103448275862069039e+01 2.772639099403181099e-39
1.783118790925080515e-04 3.103448275862069039e+01 3.532417088577586594e-39
2.846944783090141358e-04 3.103448275862069039e+01 4.512843388448947910e-39
4.545459696355538077e-04 3.103448275862069039e+01 5.803616049790998755e-39
7.257325106518723330e-04 3.103448275862069039e+01 7.473187418548722352e-39
1.158711576387660026e-03 3.103448275862069039e+01 9.662084641185951224e-39
1.850010158768835558e-03 3.103448275862069039e+01 1.259148712998428927e-38
2.953744190782852524e-03 3.103448275862069039e+01 1.658677433211106175e-38
4.715976668144131363e-03 3.103448275862069039e+01 2.207922406298885926e-38
7.529574160105339392e-03 3.103448275862069039e+01 2.983431945209630247e-38
1.202179124750354065e-02 3.103448275862069039e+01 4.107565260424743948e-38
1.919410868735381762e-02 3.103448275862069039e+01 5.791640940667688885e-38
3.064550038484960270e-02 3.103448275862069039e+01 8.402546092076690649e-38
4.892890360970920949e-02 3.103448275862069039e+01 1.270801907886259758e-37
7.812036280640304031e-02 3.103448275862069039e+01 2.003376964264036715e-37
1.247277301303156838e-01 3.103448275862069039e+01 3.363538208083462704e-37
1.991415055510437071e-01 3.103448275862069039e+01 6.221022720080747967e-37
3.179512622550120793e-01 3.103448275862069039e+01 1.393635383380128979e-36
5.076440739454157747e-01 3.103448275862069039e+01 4.462943665388508652e-36
8.105094597964166425e-01 3.103448275862069039e+01 7.492765445285791019e-37
9.999999999999999547e-08 3.724137931034482563e+01 9.406846081195679963e-41
1.596609714158835588e-07 3.724137931034482563e+01 1.189710194703386223e-40
2.549162579346358842e-07 3.724137931034482563e+01 1.506377368372600775e-40
4.070017737154589828e-07 3.724137931034482563e+01 1.900223286809296164e-40
6.498229855939779963e-07 3.724137931034482563e+01 2.402393665130491402e-40
1.037513691283042438e-06 3.724137931034482563e+01 3.038580209118755658e-40
1.656504438075296513e-06 3.724137931034482563e+01 3.850770416467704402e-40
2.644791077378241924e-06 3.724137931034482563e+01 4.858753872730180445e-40
4.222699126062713300e-06 3.724137931034482563e+01 6.145788270422930014e-40
6.742002444641753631e-06 3.724137931034482563e+01 7.794243720142656143e-40
1.076434659599764064e-05 3.724137931034482563e+01 9.833230323774614653e-40
1.718646034174242833e-05 3.724137931034482563e+01 1.247874478431539443e-39
2.744006953363154310e-05 3.724137931034482563e+01 1.582635500779232645e-39
4.381108157459003043e-05 3.724137931034482563e+01 2.006304123163774502e-39
6.994919842979561585e-05 3.724137931034482563e+01 2.549769003332357775e-39
1.116815697106356451e-04 3.724137931034482563e+01 3.241357700219989861e-39
1.783118790925080515e-04 3.724137931034482563e+01 4.141525248094827363e-39
2.846944783090141358e-04 3.724137931034482563e+01 5.293098492482470121e-39
4.545459696355538077e-04 3.724137931034482563e+01 6.767096968860110439e-39
7.257325106518723330e-04 3.724137931034482563e+01 8.718134652981980188e-39
1.158711576387660026e-03 3.724137931034482563e+01 1.125834842937036510e-38
1.850010158768835558e-03 3.724137931034482563e+01 1.464840486321364266e-38
2.953744190782852524e-03 3.724137931034482563e+01 1.916657221739414828e-38
4.715976668144131363e-03 3.724137931034482563e+01 2.536487794267918509e-38
7.529574160105339392e-03 3.724137931034482563e+01 3.405318307638350986e-38
1.202179124750354065e-02 3.724137931034482563e+01 4.633974903537247724e-38
1.919410868735381762e-02 3.724137931034482563e+01 6.468222468969185666e-38
3.064550038484960270e-02 3.724137931034482563e+01 9.238577783904572296e-38
4.892890360970920949e-02 3.724137931034482563e+01 1.357433883068147738e-37
7.812036280640304031e-02 3.724137931034482563e+01 2.071744992561463020e-37
1.247277301303156838e-01 3.724137931034482563e+01 3.333289897378382228e-37
1.991415055510437071e-01 3.724137931034482563e+01 5.906586303831131442e-37
3.179512622550120793e-01 3.724137931034482563e+01 1.278111135302172215e-36
5.076440739454157747e-01 3.724137931034482563e+01 7.110921037127540068e-36
8.105094597964166425e-01 3.724137931034482563e+01 0.000000000000000000e+00
9.999999999999999547e-08 4.344827586206896797e+01 1.070123159990408988e-40
1.596609714158835588e-07 4.344827586206896797e+01 1.355199698403434990e-40
2.549162579346358842e-07 4.344827586206896797e+01 1.710615206790817260e-40
4.070017737154589828e-07 4.344827586206896797e+01 2.160744178888168291e-40
6.498229855939779963e-07 4.344827586206896797e+01 2.733476958209112639e-40
1.037513691283042438e-06 4.344827586206896797e+01 3.449506248268207259e-40
1.656504438075296513e-06 4.344827586206896797e+01 4.358729489816703446e-40
2.644791077378241924e-06 4.344827586206896797e+01 5.520953953436593678e-40
4.222699126062713300e-06 4.344827586206896797e+01 6.993942730020447834e-40
6.742002444641753631e-06 4.344827586206896797e+01 8.828190298708951467e-40
1.076434659599764064e-05 4.344827586206896797e+01 1.118037254892268559e-39
1.718646034174242833e-05 4.344827586206896797e+01 1.418831392431517586e-39
2.744006953363154310e-05 4.344827586206896797e+01 1.800283548415220858e-39
4.381108157459003043e-05 4.344827586206896797e+01 2.274273091885665957e-39
6.994919842979561585e-05 4.344827586206896797e+01 2.893346156795914916e-39
1.116815697106356451e-04 4.344827586206896797e+01 3.670722573922680533e-39
1.783118790925080515e-04 4.344827586206896797e+01 4.690311473199847324e-39
2.846944783090141358e-04 4.344827586206896797e+01 5.979007285937567040e-39
4.545459696355538077e-04 4.344827586206896797e+01 7.639829638192835874e-39
7.257325106518723330e-04 4.344827586206896797e+01 9.820578502386031409e-39
1.158711576387660026e-03 4.344827586206896797e+01 1.266714262831695440e-38
1.850010158768835558e-03 4.344827586206896797e+01 1.636910697911990572e-38
2.953744190782852524e-03 4.344827586206896797e+01 2.141311515682276907e-38
4.715976668144131363e-03 4.344827586206896797e+01 2.820818828384248352e-38
7.529574160105339392e-03 4.344827586206896797e+01 3.756728820764359791e-38
1.202179124750354065e-02 4.344827586206896797e+01 5.076913582281568463e-38
1.919410868735381762e-02 4.344827586206896797e+01 6.979539849630272861e-38
3.064550038484960270e-02 4.344827586206896797e+01 9.765354084175433163e-38
4.892890360970920949e-02 4.344827586206896797e+01 1.401052840098855306e-37
7.812036280640304031e-02 4.344827586206896797e+01 2.075166615151927078e-37
1.247277301303156838e-01 4.344827586206896797e+01 3.215582594216131303e-37
1.991415055510437071e-01 4.344827586206896797e+01 5.529106975300472453e-37
3.179512622550120793e-01 4.344827586206896797e+01 1.148591765607354260e-36
5.076440739454157747e-01 4.344827586206896797e+01 1.638774229046604089e-35
8.105094597964166425e-01 4.344827586206896797e+01 0.000000000000000000e+00
9.999999999999999547e-08 4.965517241379310320e+01 1.184642808509012686e-40
1.596609714158835588e-07 4.965517241379310320e+01 1.498440154972576741e-40
2.549162579346358842e-07 4.965517241379310320e+01 1.890689092436958825e-40
4.070017737154589828e-07 4.965517241379310320e+01 2.393155425702314935e-40
6.498229855939779963e-07 4.965517241379310320e+01 3.029473003210610864e-40
1.037513691283042438e-06 4.965517241379310320e+01 3.819451621274357442e-40
1.656504438075296513e-06 4.965517241379310320e+01 4.840143822932270746e-40
2.644791077378241924e-06 4.965517241379310320e+01 6.106226890447273288e-40
4.222699126062713300e-06 4.965517241379310320e+01 7.739761327852945595e-40
6.742002444641753631e-06 4.965517241379310320e+01 9.778919759402125133e-40
1.076434659599764064e-05 4.965517241379310320e+01 1.237362354684580011e-39
1.718646034174242833e-05 4.965517241379310320e+01 1.569379448888280824e-39
2.744006953363154310e-05 4.965517241379310320e+01 1.987504299837706001e-39
4.381108157459003043e-05 4.965517241379310320e+01 2.520499154187075393e-39
6.994919842979561585e-05 4.965517241379310320e+01 3.194854639990865463e-39
1.116815697106356451e-04 4.965517241379310320e+01 4.061130459079993396e-39
1.783118790925080515e-04 4.965517241379310320e+01 5.171951375698727272e-39
2.846944783090141358e-04 4.965517241379310320e+01 6.588995627660451200e-39
4.545459696355538077e-04 4.965517241379310320e+01 8.422516350002718398e-39
7.257325106518723330e-04 4.965517241379310320e+01 1.077786501799363720e-38
1.158711576387660026e-03 4.965517241379310320e+01 1.386079168001413362e-38
1.850010158768835558e-03 4.965517241379310320e+01 1.790670962631969529e-38
2.953744190782852524e-03 4.965517241379310320e+01 2.329210542535031288e-38
4.715976668144131363e-03 4.965517241379310320e+01 3.048060369695480671e-38
7.529574160105339392e-03 4.965517241379310320e+01 4.035353809747405396e-38
1.202179124750354065e-02 4.965517241379310320e+01 5.386572439997501943e-38
1.919410868735381762e-02 4.965517241379310320e+01 7.308432610797741852e-38
3.064550038484960270e-02 4.965517241379310320e+01 1.003752433428685784e-37
4.892890360970920949e-02 4.965517241379310320e+01 1.410481937636862320e-37
7.812036280640304031e-02 4.965517241379310320e+01 2.026651516566229480e-37
1.247277301303156838e-01 4.965517241379310320e+01 3.060377191211258082e-37
1.991415055510437071e-01 4.965517241379310320e+01 5.113281717320633097e-37
3.179512622550120793e-01 4.965517241379310320e+01 1.011237292173088900e-36
5.076440739454157747e-01 4.965517241379310320e+01 2.402699517924895206e-35
8.105094597964166425e-01 4.965517241379310320e+01 0.000000000000000000e+00
9.999999999999999547e-08 5.586206896551724554e+01 1.286423478624149205e-40
1.596609714158835588e-07 5.586206896551724554e+01 1.624907964686671688e-40
2.549162579346358842e-07 5.586206896551724554e+01 2.052601845815701318e-40
4.070017737154589828e-07 5.586206896551724554e+01 2.598230477407539831e-40
6.498229855939779963e-07 5.586206896551724554e+01 3.288211969326536028e-40
1.037513691283042438e-06 5.586206896551724554e+01 4.144952762839556345e-40
1.656504438075296513e-06 5.586206896551724554e+01 5.246982053097354659e-40
2.644791077378241924e-06 5.586206896551724554e+01 6.625958779102866829e-40
4.222699126062713300e-06 5.586206896551724554e+01 8.365445946987228139e-40
6.742002444641753631e-06 5.586206896551724554e+01 1.059883355525517589e-39
1.076434659599764064e-05 5.586206896551724554e+01 1.346598912979609555e-39
1.718646034174242833e-05 5.586206896551724554e+01 1.704426269796465955e-39
2.744006953363154310e-05 5.586206896551724554e+01 2.151542011676729411e-39
4.381108157459003043e-05 5.586206896551724554e+01 2.726259787402489945e-39
6.994919842979561585e-05 5.586206896551724554e+01 3.461016864088948056e-39
1.116815697106356451e-04 5.586206896551724554e+01 4.399424795781838351e-39
1.783118790925080515e-04 5.586206896551724554e+01 5.573706151519560014e-39
2.846944783090141358e-04 5.586206896551724554e+01 7.128879023858936047e-39
4.545459696355538077e-04 5.586206896551724554e+01 9.070427578636203939e-39
7.257325106518723330e-04 5.586206896551724554e+01 1.158966704761635158e-38
1.158711576387660026e-03 5.586206896551724554e+01 1.485203499460646024e-38
1.850010158768835558e-03 5.586206896551724554e+01 1.914605494414946770e-38
2.953744190782852524e-03 5.586206896551724554e+01 2.479888611526796405e-38
4.715976668144131363e-03 5.586206896551724554e+01 3.225588697046442488e-38
7.529574160105339392e-03 5.586206896551724554e+01 4.228540727563502923e-38
1.202179124750354065e-02 5.586206896551724554e+01 5.597908870813235436e-38
1.919410868735381762e-02 5.586206896551724554e+01 7.480240237234859503e-38
3.064550038484960270e-02 5.586206896551724554e+01 1.011468003572431934e-37
4.892890360970920949e-02 5.586206896551724554e+01 1.386716915608833519e-37
7.812036280640304031e-02 5.586206896551724554e+01 1.949139361121413680e-37
1.247277301303156838e-01 5.586206896551724554e+01 2.879350416547462601e-37
1.991415055510437071e-01 5.586206896551724554e+01 4.753117269983236515e-37
3.179512622550120793e-01 5.586206896551724554e+01 9.071202258672287890e-37
5.076440739454157747e-01 5.586206896551724554e+01 1.974287914903061473e-35
8.105094597964166425e-01 5.586206896551724554e+01 0.000000000000000000e+00
9.999999999999999547e-08 6.206896551724138078e+01 1.376051792825311760e-40
1.596609714158835588e-07 6.206896551724138078e+01 1.735753510411447347e-40
2.549162579346358842e-07 6.206896551724138078e+01 2.192632212480990611e-40
4.070017737154589828e-07 6.206896551724138078e+01 2.769966411418834420e-40
6.498229855939779963e-07 6.206896551724138078e+01 3.505706486155627124e-40
1.037513691283042438e-06 6.206896551724138078e+01 4.436180047857235443e-40
1.656504438075296513e-06 6.206896551724138078e+01 5.581413491102450448e-40
2.644791077378241924e-06 6.206896551724138078e+01 7.075178679483211814e-40
4.222699126062713300e-06 6.206896551724138078e+01 8.963059607008593023e-40
6.742002444641753631e-06 6.206896551724138078e+01 1.131519331380351696e-39
1.076434659599764064e-05 6.206896551724138078e+01 1.433214689045774886e-39
1.718646034174242833e-05 6.206896551724138078e+01 1.816751584436719499e-39
2.744006953363154310e-05 6.206896551724138078e+01 2.295770251756897523e-39
4.381108157459003043e-05 6.206896551724138078e+01 2.901683825514791909e-39
6.994919842979561585e-05 6.206896551724138078e+01 3.690598044084872360e-39
1.116815697106356451e-04 6.206896551724138078e+01 4.672366880692009437e-39
1.783118790925080515e-04 6.206896551724138078e+01 5.945529313033644725e-39
2.846944783090141358e-04 6.206896551724138078e+01 7.539237513216411864e-39
4.545459696355538077e-04 6.206896551724138078e+01 9.615512778787049923e-39
7.257325106518723330e-04 6.206896551724138078e+01 1.228490050850313700e-38
1.158711576387660026e-03 6.206896551724138078e+01 1.570906075559446478e-38
1.850010158768835558e-03 6.206896551724138078e+01 2.008780282923365072e-38
2.953744190782852524e-03 6.206896551724138078e+01 2.592322668232646918e-38
4.715976668144131363e-03 6.206896551724138078e+01 3.354539199957739180e-38
7.529574160105339392e-03 6.206896551724138078e+01 4.366834885598121301e-38
1.202179124750354065e-02 6.206896551724138078e+01 5.724333370306008664e-38
1.919410868735381762e-02 6.206896551724138078e+01 7.532269755746492509e-38
3.064550038484960270e-02 6.206896551724138078e+01 1.005673659391866722e-37
4.892890360970920949e-02 6.206896551724138078e+01 1.351883773126182425e-37
7.812036280640304031e-02 6.206896551724138078e+01 1.863639596374480827e-37
1.247277301303156838e-01 6.206896551724138078e+01 2.702987531260793472e-37
1.991415055510437071e-01 6.206896551724138078e+01 4.349511673715064921e-37
3.179512622550120793e-01 6.206896551724138078e+01 1.129253423703496164e-36
5.076440739454157747e-01 6.206896551724138078e+01 1.296831296851028212e-35
8.105094597964166425e-01 6.206896551724138078e+01 0.000000000000000000e+00
9.999999999999999547e-08 6.827586206896552312e+01 1.444460635604642488e-40
1.596609714158835588e-07 6.827586206896552312e+01 1.821858672078848105e-40
2.549162579346358842e-07 6.827586206896552312e+01 2.305553872492220085e-40
4.070017737154589828e-07 6.827586206896552312e+01 2.913536865291141167e-40
6.498229855939779963e-07 6.827586206896552312e+01 3.680717596744899918e-40
1.037513691283042438e-06 6.827586206896552312e+01 4.671086327772624965e-40
1.656504438075296513e-06 6.827586206896552312e+01 5.879317117800704864e-40
2.644791077378241924e-06 6.827586206896552312e+01 7.437958512273108864e-40
4.222699126062713300e-06 6.827586206896552312e+01 9.423388057237570018e-40
6.742002444641753631e-06 6.827586206896552312e+01 1.192265088767523880e-39
1.076434659599764064e-05 6.827586206896552312e+01 1.506426506239289331e-39
1.718646034174242833e-05 6.827586206896552312e+01 1.901758847696853462e-39
2.744006953363154310e-05 6.827586206896552312e+01 2.404273369759922418e-39
4.381108157459003043e-05 6.827586206896552312e+01 3.053692496458568284e-39
6.994919842979561585e-05 6.827586206896552312e+01 3.859843304832381233e-39
1.116815697106356451e-04 6.827586206896552312e+01 4.902035154862939031e-39
1.783118790925080515e-04 6.827586206896552312e+01 6.208578548704335550e-39
2.846944783090141358e-04 6.827586206896552312e+01 7.892397767904910645e-39
4.545459696355538077e-04 6.827586206896552312e+01 1.003650976225349799e-38
7.257325106518723330e-04 6.827586206896552312e+01 1.276418160509027867e-38
1.158711576387660026e-03 6.827586206896552312e+01 1.632373735559359455e-38
1.850010158768835558e-03 6.827586206896552312e+01 2.081677907290836940e-38
2.953744190782852524e-03 6.827586206896552312e+01 2.667041638669514927e-38
4.715976668144131363e-03 6.827586206896552312e+01 3.434440858004231664e-38
7.529574160105339392e-03 6.827586206896552312e+01 4.425246114636220536e-38
1.202179124750354065e-02 6.827586206896552312e+01 5.753501578750593353e-38
1.919410868735381762e-02 6.827586206896552312e+01 7.480088129941699555e-38
3.064550038484960270e-02 6.827586206896552312e+01 9.811490964194757063e-38
4.892890360970920949e-02 6.827586206896552312e+01 1.300091651386139919e-37
7.812036280640304031e-02 6.827586206896552312e+01 1.762342796581932739e-37
1.247277301303156838e-01 6.827586206896552312e+01 2.525691686498809040e-37
1.991415055510437071e-01 6.827586206896552312e+01 3.968062070331200614e-37
3.179512622550120793e-01 6.827586206896552312e+01 2.022658742086141684e-36
5.076440739454157747e-01 6.827586206896552312e+01 7.170516000144114705e-36
8.105094597964166425e-01 6.827586206896552312e+01 0.000000000000000000e+00
9.999999999999999547e-08 7.448275862068965125e+01 1.500603173556510028e-40
1.596609714158835588e-07 7.448275862068965125e+01 1.892363239927205191e-40
2.549162579346358842e-07 7.448275862068965125e+01 2.398659055120902488e-40
4.070017737154589828e-07 7.448275862068965125e+01 3.028478697384695758e-40
6.498229855939779963e-07 7.448275862068965125e+01 3.821023383148410125e-40
1.037513691283042438e-06 7.448275862068965125e+01 4.828598577306734146e-40
1.656504438075296513e-06 7.448275862068965125e+01 6.106844900719825939e-40
2.644791077378241924e-06 7.448275862068965125e+01 7.708307095301943110e-40
4.222699126062713300e-06 7.448275862068965125e+01 9.750266574228289635e-40
6.742002444641753631e-06 7.448275862068965125e+01 1.232000398324467771e-39
1.076434659599764064e-05 7.448275862068965125e+01 1.560101450430498829e-39
1.718646034174242833e-05 7.448275862068965125e+01 1.964854279152485867e-39
2.744006953363154310e-05 7.448275862068965125e+01 2.493711909625475087e-39
4.381108157459003043e-05 7.448275862068965125e+01 3.151616910138182217e-39
6.994919842979561585e-05 7.448275862068965125e+01 3.988577380060013934e-39
1.116815697106356451e-04 7.448275862068965125e+01 5.065899638075354494e-39
1.783118790925080515e-04 7.448275862068965125e+01 6.412105573526562580e-39
2.846944783090141358e-04 7.448275862068965125e+01 8.112742541276027872e-39
4.545459696355538077e-04 7.448275862068965125e+01 1.027194072175341729e-38
7.257325106518723330e-04 7.448275862068965125e+01 1.309214846701459406e-38
1.158711576387660026e-03 7.448275862068965125e+01 1.662452504923422941e-38
1.850010158768835558e-03 7.448275862068965125e+01 2.118082921803642702e-38
2.953744190782852524e-03 7.448275862068965125e+01 2.703143318653647969e-38
4.715976668144131363e-03 7.448275862068965125e+01 3.461282598661314187e-38
7.529574160105339392e-03 7.448275862068965125e+01 4.429628792957169573e-38
1.202179124750354065e-02 7.448275862068965125e+01 5.699165156651676512e-38
1.919410868735381762e-02 7.448275862068965125e+01 7.334902125379547906e-38
3.064550038484960270e-02 7.448275862068965125e+01 9.480679044732369039e-38
4.892890360970920949e-02 7.448275862068965125e+01 1.240313898708132237e-37
7.812036280640304031e-02 7.448275862068965125e+01 1.656742812048821687e-37
1.247277301303156838e-01 7.448275862068965125e+01 2.359502719627825712e-37
1.991415055510437071e-01 7.448275862068965125e+01 3.551298828613940783e-37
3.179512622550120793e-01 7.448275862068965125e+01 3.481645933372319719e-36
5.076440739454157747e-01 7.448275862068965125e+01 3.359361351948017108e-36
8.105094597964166425e-01 7.448275862068965125e+01 0.000000000000000000e+00
9.999999999999999547e-08 8.068965517241380780e+01 1.533517199735098115e-40
1.596609714158835588e-07 8.068965517241380780e+01 1.938235805521815800e-40
2.549162579346358842e-07 8.068965517241380780e+01 2.446245224931381621e-40
4.070017737154589828e-07 8.068965517241380780e+01 3.090516348915687596e-40
6.498229855939779963e-07 8.068965517241380780e+01 3.908535466516178368e-40
1.037513691283042438e-06 8.068965517241380780e+01 4.938270217176138953e-40
1.656504438075296513e-06 8.068965517241380780e+01 6.239880381063430926e-40
2.644791077378241924e-06 8.068965517241380780e+01 7.868813729438902226e-40
4.222699126062713300e-06 8.068965517241380780e+01 9.987441432761126169e-40
6.742002444641753631e-06 8.068965517241380780e+01 1.260966869392055841e-39
1.076434659599764064e-05 8.068965517241380780e+01 1.590819091413882988e-39
1.718646034174242833e-05 8.068965517241380780e+01 2.014908402582410298e-39
2.744006953363154310e-05 8.068965517241380780e+01 2.550776399391706638e-39
4.381108157459003043e-05 8.068965517241380780e+01 3.217841090626214972e-39
6.994919842979561585e-05 8.068965517241380780e+01 4.069835941122970840e-39
1.116815697106356451e-04 8.068965517241380780e+01 5.168566242681345798e-39
1.783118790925080515e-04 8.068965517241380780e+01 6.515752873676788764e-39
2.846944783090141358e-04 8.068965517241380780e+01 8.258628429453218283e-39
4.545459696355538077e-04 8.068965517241380780e+01 1.048733908986600635e-38
7.257325106518723330e-04 8.068965517241380780e+01 1.324598897616395655e-38
1.158711576387660026e-03 8.068965517241380780e+01 1.683048395576049472e-38
1.850010158768835558e-03 8.068965517241380780e+01 2.135265230746212565e-38
2.953744190782852524e-03 8.068965517241380780e+01 2.702660786281542416e-38
4.715976668144131363e-03 8.068965517241380780e+01 3.450313104481988851e-38
7.529574160105339392e-03 8.068965517241380780e+01 4.386796581311397563e-38
1.202179124750354065e-02 8.068965517241380780e+01 5.584853010035894005e-38
1.919410868735381762e-02 8.068965517241380780e+01 7.102738079162826819e-38
3.064550038484960270e-02 8.068965517241380780e+01 9.072476544734727021e-38
4.892890360970920949e-02 8.068965517241380780e+01 1.171413409110875416e-37
7.812036280640304031e-02 8.068965517241380780e+01 1.553939589961727538e-37
1.247277301303156838e-01 8.068965517241380780e+01 2.183989545474751872e-37
1.991415055510437071e-01 8.068965517241380780e+01 3.232814284381852133e-37
3.179512622550120793e-01 8.068965517241380780e+01 4.578198081855343878e-36
5.076440739454157747e-01 8.068965517241380780e+01 1.067812693660047714e-36
8.105094597964166425e-01 8.068965517241380780e+01 0.000000000000000000e+00
9.999999999999999547e-08 8.689655172413793593e+01 1.553314127246060642e-40
1.596609714158835588e-07 8.689655172413793593e+01 1.961462219436900755e-40
2.549162579346358842e-07 8.689655172413793593e+01 2.476950994488143082e-40
4.070017737154589828e-07 8.689655172413793593e+01 3.132399971547504725e-40
6.498229855939779963e-07 8.689655172413793593e+01 3.944445332011084505e-40
1.037513691283042438e-06 8.689655172413793593e+01 5.011021865724030588e-40
1.656504438075296513e-06 8.689655172413793593e+01 6.314572668479895303e-40
2.644791077378241924e-06 8.689655172413793593e+01 7.987983676583384336e-40
4.222699126062713300e-06 8.689655172413793593e+01 1.009734094538564528e-39
6.742002444641753631e-06 8.689655172413793593e+01 1.275479549702960127e-39
1.076434659599764064e-05 8.689655172413793593e+01 1.611935473808702264e-39
1.718646034174242833e-05 8.689655172413793593e+01 2.039418369134363912e-39
2.744006953363154310e-05 8.689655172413793593e+01 2.571038289156421030e-39
4.381108157459003043e-05 8.689655172413793593e+01 3.239142564945637977e-39
6.994919842979561585e-05 8.689655172413793593e+01 4.108890574736499678e-39
1.116815697106356451e-04 8.689655172413793593e+01 5.188633051480911619e-39
1.783118790925080515e-04 8.689655172413793593e+01 6.566225347870752452e-39
2.846944783090141358e-04 8.689655172413793593e+01 8.298957689801439161e-39
4.545459696355538077e-04 8.689655172413793593e+01 1.049884110178433959e-38
7.257325106518723330e-04 8.689655172413793593e+01 1.325257565423738486e-38
1.158711576387660026e-03 8.689655172413793593e+01 1.676448955461963907e-38
1.850010158768835558e-03 8.689655172413793593e+01 2.126093845538169349e-38
2.953744190782852524e-03 8.689655172413793593e+01 2.680844886357479828e-38
4.715976668144131363e-03 8.689655172413793593e+01 3.392244527006587216e-38
7.529574160105339392e-03 8.689655172413793593e+01 4.280550941855808489e-38
1.202179124750354065e-02 8.689655172413793593e+01 5.397232587518297663e-38
1.919410868735381762e-02 8.689655172413793593e+01 6.820327432117599811e-38
3.064550038484960270e-02 8.689655172413793593e+01 8.643834772022627470e-38
4.892890360970920949e-02 8.689655172413793593e+01 1.104002011432536605e-37
7.812036280640304031e-02 8.689655172413793593e+01 1.452652295793590683e-37
1.247277301303156838e-01 8.689655172413793593e+01 2.003108425713669622e-37
1.991415055510437071e-01 8.689655172413793593e+01 3.464599306739845038e-37
3.179512622550120793e-01 8.689655172413793593e+01 4.536388433613334521e-36
5.076440739454157747e-01 8.689655172413793593e+01 2.094260594364027320e-37
8.105094597964166425e-01 8.689655172413793593e+01 0.000000000000000000e+00
9.999999999999999547e-08 9.310344827586206407e+01 1.549157747968520395e-40
1.596609714158835588e-07 9.310344827586206407e+01 1.957165167388142929e-40
2.549162579346358842e-07 9.310344827586206407e+01 2.478597799669181113e-40
4.070017737154589828e-07 9.310344827586206407e+01 3.125371570814027836e-40
6.498229855939779963e-07 9.310344827586206407e+01 3.953260927592454304e-40
1.037513691283042438e-06 9.310344827586206407e+01 5.006752248513084750e-40
1.656504438075296513e-06 9.310344827586206407e+01 6.318856643678454806e-40
2.644791077378241924e-06 9.310344827586206407e+01 7.979667504796346627e-40
4.222699126062713300e-06 9.310344827586206407e+01 1.008539715538557259e-39
6.742002444641753631e-06 9.310344827586206407e+01 1.270806906508791346e-39
1.076434659599764064e-05 9.310344827586206407e+01 1.605796857280302357e-39
1.718646034174242833e-05 9.310344827586206407e+01 2.027779940083814497e-39
2.744006953363154310e-05 9.310344827586206407e+01 2.568005936270332814e-39
4.381108157459003043e-05 9.310344827586206407e+01 3.245533059378019517e-39
6.994919842979561585e-05 9.310344827586206407e+01 4.090021492598076311e-39
1.116815697106356451e-04 9.310344827586206407e+01 5.169045903724879841e-39
1.783118790925080515e-04 9.310344827586206407e+01 6.524240662475686357e-39
2.846944783090141358e-04 9.310344827586206407e+01 8.239706172635792616e-39
4.545459696355538077e-04 9.310344827586206407e+01 1.041062490424783089e-38
7.257325106518723330e-04 9.310344827586206407e+01 1.315036591710476669e-38
1.158711576387660026e-03 9.310344827586206407e+01 1.657559343983362348e-38
1.850010158768835558e-03 9.310344827586206407e+01 2.085224028459495123e-38
2.953744190782852524e-03 9.310344827586206407e+01 2.631539488301562872e-38
4.715976668144131363e-03 9.310344827586206407e+01 3.294921308438271050e-38
7.529574160105339392e-03 9.310344827586206407e+01 4.140661426867079433e-38
1.202179124750354065e-02 9.310344827586206407e+01 5.187019887368604852e-38
1.919410868735381762e-02 9.310344827586206407e+01 6.480165218083590597e-38
3.064550038484960270e-02 9.310344827586206407e+01 8.155988848234441535e-38
4.892890360970920949e-02 9.310344827586206407e+01 1.031064427032996912e-37
7.812036280640304031e-02 9.310344827586206407e+01 1.350175296414814136e-37
1.247277301303156838e-01 9.310344827586206407e+01 1.828687490300278118e-37
1.991415055510437071e-01 9.310344827586206407e+01 4.553101909348887153e-37
3.179512622550120793e-01 9.310344827586206407e+01 3.741304735173843642e-36
5.076440739454157747e-01 9.310344827586206407e+01 2.602963578601141794e-38
8.105094597964166425e-01 9.310344827586206407e+01 0.000000000000000000e+00
9.999999999999999547e-08 9.931034482758620641e+01 1.532800441999834376e-40
1.596609714158835588e-07 9.931034482758620641e+01 1.936141927104696518e-40
2.549162579346358842e-07 9.931034482758620641e+01 2.451310416060361012e-40
4.070017737154589828e-07 9.931034482758620641e+01 3.101807960007530623e-40
6.498229855939779963e-07 9.931034482758620641e+01 3.911568320892032790e-40
1.037513691283042438e-06 9.931034482758620641e+01 4.939944922802975486e-40
1.656504438075296513e-06 9.931034482758620641e+01 6.229083709968736397e-40
2.644791077378241924e-06 9.931034482758620641e+01 7.877203221733054763e-40
4.222699126062713300e-06 9.931034482758620641e+01 9.950430648080118045e-40
6.742002444641753631e-06 9.931034482758620641e+01 1.258150597641330275e-39
1.076434659599764064e-05 9.931034482758620641e+01 1.590867060896691051e-39
1.718646034174242833e-05 9.931034482758620641e+01 2.005652793593272769e-39
2.744006953363154310e-05 9.931034482758620641e+01 2.532187018643356034e-39
4.381108157459003043e-05 9.931034482758620641e+01 3.201984826507574707e-39
6.994919842979561585e-05 9.931034482758620641e+01 4.042209478953992159e-39
1.116815697106356451e-04 9.931034482758620641e+01 5.085090208402049278e-39
1.783118790925080515e-04 9.931034482758620641e+01 6.421747659338059966e-39
2.846944783090141358e-04 9.931034482758620641e+01 8.104955723923582278e-39
4.545459696355538077e-04 9.931034482758620641e+01 1.021766163614523839e-38
7.257325106518723330e-04 9.931034482758620641e+01 1.285286736383125353e-38
1.158711576387660026e-03 9.931034482758620641e+01 1.615885596778485806e-38
1.850010158768835558e-03 9.931034482758620641e+01 2.026735066764185876e-38
2.953744190782852524e-03 9.931034482758620641e+01 2.538761074518928957e-38
4.715976668144131363e-03 9.931034482758620641e+01 3.177094279479144364e-38
7.529574160105339392e-03 9.931034482758620641e+01 3.968814011821129976e-38
1.202179124750354065e-02 9.931034482758620641e+01 4.950028601766871168e-38
1.919410868735381762e-02 9.931034482758620641e+01 6.119572534808363047e-38
3.064550038484960270e-02 9.931034482758620641e+01 7.618550617334070612e-38
4.892890360970920949e-02 9.931034482758620641e+01 9.598526367206684962e-38
7.812036280640304031e-02 9.931034482758620641e+01 1.246701406185915936e-37
1.247277301303156838e-01 9.931034482758620641e+01 1.648827563034114477e-37
1.991415055510437071e-01 9.931034482758620641e+01 6.535360525952313398e-37
3.179512622550120793e-01 9.931034482758620641e+01 2.883519380001834921e-36
5.076440739454157747e-01 9.931034482758620641e+01 4.425134946916975010e-39
8.105094597964166425e-01 9.931034482758620641e+01 0.000000000000000000e+00
9.999999999999999547e-08 1.055172413793103630e+02 1.499298171554948322e-40
1.596609714158835588e-07 1.055172413793103630e+02 1.891449549174004388e-40
2.549162579346358842e-07 1.055172413793103630e+02 2.387789605343057530e-40
4.070017737154589828e-07 1.055172413793103630e+02 3.019213334455084654e-40
6.498229855939779963e-07 1.055172413793103630e+02 3.810440657930092174e-40
1.037513691283042438e-06 1.055172413793103630e+02 4.808780297783126480e-40
1.656504438075296513e-06 1.055172413793103630e+02 6.078554436659920843e-40
2.644791077378241924e-06 1.055172413793103630e+02 7.694730303641050898e-40
4.222699126062713300e-06 1.055172413793103630e+02 9.711661543041229976e-40
6.742002444641753631e-06 1.055172413793103630e+02 1.224200873507464729e-39
1.076434659599764064e-05 1.055172413793103630e+02 1.545094553701100716e-39
1.718646034174242833e-05 1.055172413793103630e+02 1.952916794050237240e-39
2.744006953363154310e-05 1.055172413793103630e+02 2.465776673996483507e-39
4.381108157459003043e-05 1.055172413793103630e+02 3.122403651452636832e-39
6.994919842979561585e-05 1.055172413793103630e+02 3.925606968761121265e-39
1.116815697106356451e-04 1.055172413793103630e+02 4.948944351607384923e-39
1.783118790925080515e-04 1.055172413793103630e+02 6.243633894838540917e-39
2.846944783090141358e-04 1.055172413793103630e+02 7.846161018463107953e-39
4.545459696355538077e-04 1.055172413793103630e+02 9.884891620342905846e-39
7.257325106518723330e-04 1.055172413793103630e+02 1.240624831300321814e-38
1.158711576387660026e-03 1.055172413793103630e+02 1.554920767378508281e-38
1.850010158768835558e-03 1.055172413793103630e+02 1.944167958529133877e-38
2.953744190782852524e-03 1.055172413793103630e+02 2.432135926306650784e-38
4.715976668144131363e-03 1.055172413793103630e+02 3.028051025049381321e-38
7.529574160105339392e-03 1.055172413793103630e+02 3.752406022559676117e-38
1.202179124750354065e-02 1.055172413793103630e+02 4.641314888979605350e-38
1.919410868735381762e-02 1.055172413793103630e+02 5.717752967861315544e-38
3.064550038484960270e-02 1.055172413793103630e+02 7.063000690156889067e-38
4.892890360970920949e-02 1.055172413793103630e+02 8.851262098875586657e-38
7.812036280640304031e-02 1.055172413793103630e+02 1.144246761162991782e-37
1.247277301303156838e-01 1.055172413793103630e+02 1.480630051154230527e-37
1.991415055510437071e-01 1.055172413793103630e+02 9.180167450077082878e-37
3.179512622550120793e-01 1.055172413793103630e+02 2.115230142197205895e-36
5.076440739454157747e-01 1.055172413793103630e+02 1.401604822442554548e-39
8.105094597964166425e-01 1.055172413793103630e+02 0.000000000000000000e+00
9.999999999999999547e-08 1.117241379310344911e+02 1.441675188724241013e-40
1.596609714158835588e-07 1.117241379310344911e+02 1.827626538013360291e-40
2.549162579346358842e-07 1.117241379310344911e+02 2.301127106257491736e-40
4.070017737154589828e-07 1.117241379310344911e+02 2.910935543554130977e-40
6.498229855939779963e-07 1.117241379310344911e+02 3.676056371347874360e-40
1.037513691283042438e-06 1.117241379310344911e+02 4.642426786524171137e-40
1.656504438075296513e-06 1.117241379310344911e+02 5.863717636265368661e-40
2.644791077378241924e-06 1.117241379310344911e+02 7.415230751611271776e-40
4.222699126062713300e-06 1.117241379310344911e+02 9.351230717604713884e-40
6.742002444641753631e-06 1.117241379310344911e+02 1.180135240711412311e-39
1.076434659599764064e-05 1.117241379310344911e+02 1.489853894185976954e-39
1.718646034174242833e-05 1.117241379310344911e+02 1.885177913923305740e-39
2.744006953363154310e-05 1.117241379310344911e+02 2.374616327078303066e-39
4.381108157459003043e-05 1.117241379310344911e+02 2.997953185723865623e-39
6.994919842979561585e-05 1.117241379310344911e+02 3.776051078754258197e-39
1.116815697106356451e-04 1.117241379310344911e+02 4.751901052733417301e-39
1.783118790925080515e-04 1.117241379310344911e+02 5.984086246502415525e-39
2.846944783090141358e-04 1.117241379310344911e+02 7.525765652094172732e-39
4.545459696355538077e-04 1.117241379310344911e+02 9.441088021432632079e-39
7.257325106518723330e-04 1.117241379310344911e+02 1.183065285466957868e-38
1.158711576387660026e-03 1.117241379310344911e+02 1.481916649686187070e-38
1.850010158768835558e-03 1.117241379310344911e+02 1.851999712497770064e-38
2.953744190782852524e-03 1.117241379310344911e+02 2.303436151583185619e-38
4.715976668144131363e-03 1.117241379310344911e+02 2.847473563232696108e-38
7.529574160105339392e-03 1.117241379310344911e+02 3.518011212840608781e-38
1.202179124750354065e-02 1.117241379310344911e+02 4.325121719458749806e-38
1.919410868735381762e-02 1.117241379310344911e+02 5.299273109868125852e-38
3.064550038484960270e-02 1.117241379310344911e+02 6.492142574757406000e-38
4.892890360970920949e-02 1.117241379310344911e+02 8.136551869529965217e-38
7.812036280640304031e-02 1.117241379310344911e+02 1.038309165893767953e-37
1.247277301303156838e-01 1.117241379310344911e+02 1.355935895110261460e-37
1.991415055510437071e-01 1.117241379310344911e+02 1.152780389365216685e-36
3.179512622550120793e-01 1.117241379310344911e+02 1.462136197663586950e-36
5.076440739454157747e-01 1.117241379310344911e+02 4.496438119756289359e-40
8.105094597964166425e-01 1.117241379310344911e+02 0.000000000000000000e+00
9.999999999999999547e-08 1.179310344827586192e+02 1.372473464245156478e-40
1.596609714158835588e-07 1.179310344827586192e+02 1.730553648680490044e-40
2.549162579346358842e-07 1.179310344827586192e+02 2.190833162445916139e-40
4.070017737154589828e-07 1.179310344827586192e+02 2.767074859351160467e-40
6.498229855939779963e-07 1.179310344827586192e+02 3.491929276187747809e-40
1.037513691283042438e-06 1.179310344827586192e+02 4.412605429973059903e-40
1.656504438075296513e-06 1.179310344827586192e+02 5.578305658471076061e-40
2.644791077378241924e-06 1.179310344827586192e+02 7.044774961379838079e-40
4.222699126062713300e-06 1.179310344827586192e+02 8.900564754843043553e-40
6.742002444641753631e-06 1.179310344827586192e+02 1.119410449539419680e-39
1.076434659599764064e-05 1.179310344827586192e+02 1.413742405638374453e-39
1.718646034174242833e-05 1.179310344827586192e+02 1.786613510600837225e-39
2.744006953363154310e-05 1.179310344827586192e+02 2.250427667914028811e-39
4.381108157459003043e-05 1.179310344827586192e+02 2.844987919802460996e-39
6.994919842979561585e-05 1.179310344827586192e+02 3.580360809291043983e-39
1.116815697106356451e-04 1.179310344827586192e+02 4.509014175860605025e-39
1.783118790925080515e-04 1.179310344827586192e+02 5.659583871453643110e-39
2.846944783090141358e-04 1.179310344827586192e+02 7.119242065718730650e-39
4.545459696355538077e-04 1.179310344827586192e+02 8.932659178538086931e-39
7.257325106518723330e-04 1.179310344827586192e+02 1.115461992082599920e-38
1.158711576387660026e-03 1.179310344827586192e+02 1.392146154128335640e-38
1.850010158768835558e-03 1.179310344827586192e+02 1.731721652903985035e-38
2.953744190782852524e-03 1.179310344827586192e+02 2.144474027382218569e-38
4.715976668144131363e-03 1.179310344827586192e+02 2.649572674220194691e-38
7.529574160105339392e-03 1.179310344827586192e+02 3.258654171199883074e-38
1.202179124750354065e-02 1.179310344827586192e+02 3.978460536113652212e-38
1.919410868735381762e-02 1.179310344827586192e+02 4.864122293734564409e-38
3.064550038484960270e-02 1.179310344827586192e+02 5.938492074887246117e-38
4.892890360970920949e-02 1.179310344827586192e+02 7.396935861898860503e-38
7.812036280640304031e-02 1.179310344827586192e+02 9.329240075300768942e-38
1.247277301303156838e-01 1.179310344827586192e+02 1.319406926113290433e-37
1.991415055510437071e-01 1.179310344827586192e+02 1.283073692961467240e-36
3.179512622550120793e-01 1.179310344827586192e+02 9.809059882799921504e-37
5.076440739454157747e-01 1.179310344827586192e+02 1.469676766092794681e-40
8.105094597964166425e-01 1.179310344827586192e+02 0.000000000000000000e+00
9.999999999999999547e-08 1.241379310344827616e+02 1.282056045327939065e-40
1.596609714158835588e-07 1.241379310344827616e+02 1.620868079312092942e-40
2.549162579346358842e-07 1.241379310344827616e+02 2.052109156051909078e-40
4.070017737154589828e-07 1.241379310344827616e+02 2.591794452655255972e-40
6.498229855939779963e-07 1.241379310344827616e+02 3.272152661008407057e-40
1.037513691283042438e-06 1.241379310344827616e+02 4.141834678777004955e-40
1.656504438075296513e-06 1.241379310344827616e+02 5.207876853856542027e-40
2.644791077378241924e-06 1.241379310344827616e+02 6.603812842873995925e-40
4.222699126062713300e-06 1.241379310344827616e+02 8.309406215923958081e-40
6.742002444641753631e-06 1.241379310344827616e+02 1.051038526444830110e-39
1.076434659599764064e-05 1.241379310344827616e+02 1.325347273025808488e-39
1.718646034174242833e-05 1.241379310344827616e+02 1.669121098035517701e-39
2.744006953363154310e-05 1.241379310344827616e+02 2.106405118630473650e-39
4.381108157459003043e-05 1.241379310344827616e+02 2.658873843993611076e-39
6.994919842979561585e-05 1.241379310344827616e+02 3.345035310996969814e-39
1.116815697106356451e-04 1.241379310344827616e+02 4.210092018714676474e-39
1.783118790925080515e-04 1.241379310344827616e+02 5.280477517999326347e-39
2.846944783090141358e-04 1.241379310344827616e+02 6.620912891580502280e-39
4.545459696355538077e-04 1.241379310344827616e+02 8.316798556668310299e-39
7.257325106518723330e-04 1.241379310344827616e+02 1.036684510883484746e-38
1.158711576387660026e-03 1.241379310344827616e+02 1.288167279772096371e-38
1.850010158768835558e-03 1.241379310344827616e+02 1.601526613727735579e-38
2.953744190782852524e-03 1.241379310344827616e+02 1.976759504434630309e-38
4.715976668144131363e-03 1.241379310344827616e+02 2.433997835607729594e-38
7.529574160105339392e-03 1.241379310344827616e+02 2.982899622257853521e-38
1.202179124750354065e-02 1.241379310344827616e+02 3.630355964322094418e-38
1.919410868735381762e-02 1.241379310344827616e+02 4.409614999246950828e-38
3.064550038484960270e-02 1.241379310344827616e+02 5.367264539598183389e-38
4.892890360970920949e-02 1.241379310344827616e+02 6.670874381260124906e-38
7.812036280640304031e-02 1.241379310344827616e+02 8.269412692722158842e-38
1.247277301303156838e-01 1.241379310344827616e+02 1.385562791721498006e-37
1.991415055510437071e-01 1.241379310344827616e+02 1.283110003772565921e-36
3.179512622550120793e-01 1.241379310344827616e+02 6.448455834241482503e-37
5.076440739454157747e-01 1.241379310344827616e+02 4.793090524648607260e-41
8.105094597964166425e-01 1.241379310344827616e+02 0.000000000000000000e+00
9.999999999999999547e-08 1.303448275862068897e+02 1.182606408508166180e-40
1.596609714158835588e-07 1.303448275862068897e+02 1.493228269932150155e-40
2.549162579346358842e-07 1.303448275862068897e+02 1.885984258810145375e-40
4.070017737154589828e-07 1.303448275862068897e+02 2.380963198350987041e-40
6.498229855939779963e-07 1.303448275862068897e+02 3.012791908071378990e-40
1.037513691283042438e-06 1.303448275862068897e+02 3.816142030812166431e-40
1.656504438075296513e-06 1.303448275862068897e+02 4.810668266626255367e-40
2.644791077378241924e-06 1.303448275862068897e+02 6.081492145259619293e-40
4.222699126062713300e-06 1.303448275862068897e+02 7.654601218704377821e-40
6.742002444641753631e-06 1.303448275862068897e+02 9.662392403059671921e-40
1.076434659599764064e-05 1.303448275862068897e+02 1.219147752159860475e-39
1.718646034174242833e-05 1.303448275862068897e+02 1.541639200891554498e-39
2.744006953363154310e-05 1.303448275862068897e+02 1.933628727567576757e-39
4.381108157459003043e-05 1.303448275862068897e+02 2.436905440749331466e-39
6.994919842979561585e-05 1.303448275862068897e+02 3.073112340228335192e-39
1.116815697106356451e-04 1.303448275862068897e+02 3.849109594563705476e-39
1.783118790925080515e-04 1.303448275862068897e+02 4.845638871519375051e-39
2.846944783090141358e-04 1.303448275862068897e+02 6.061665140682219337e-39
4.545459696355538077e-04 1.303448275862068897e+02 7.592298032113081207e-39
7.257325106518723330e-04 1.303448275862068897e+02 9.446827877896250839e-39
1.158711576387660026e-03 1.303448275862068897e+02 1.179494321291082001e-38
1.850010158768835558e-03 1.303448275862068897e+02 1.453405683594148804e-38
2.953744190782852524e-03 1.303448275862068897e+02 1.793284381050975349e-38
4.715976668144131363e-03 1.303448275862068897e+02 2.201861328969447838e-38
7.529574160105339392e-03 1.303448275862068897e+02 2.683923965008774735e-38
1.202179124750354065e-02 1.303448275862068897e+02 3.249614374156486171e-38
1.919410868735381762e-02 1.303448275862068897e+02 3.935001599753075404e-38
3.064550038484960270e-02 1.303448275862068897e+02 4.775447545486964077e-38
4.892890360970920949e-02 1.303448275862068897e+02 5.897896961619274620e-38
7.812036280640304031e-02 1.303448275862068897e+02 7.260454049772198966e-38
1.247277301303156838e-01 1.303448275862068897e+02 1.475601406084705828e-37
1.991415055510437071e-01 1.303448275862068897e+02 1.183926972259633007e-36
3.179512622550120793e-01 1.303448275862068897e+02 3.985091518053298958e-37
5.076440739454157747e-01 1.303448275862068897e+02 1.531018767779954692e-41
8.105094597964166425e-01 1.303448275862068897e+02 0.000000000000000000e+00
9.999999999999999547e-08 1.365517241379310462e+02 1.066376017867596257e-40
1.596609714158835588e-07 1.365517241379310462e+02 1.347433095967016775e-40
2.549162579346358842e-07 1.365517241379310462e+02 1.705166985506372929e-40
4.070017737154589828e-07 1.365517241379310462e+02 2.148447091773412584e-40
6.498229855939779963e-07 1.365517241379310462e+02 2.712231714966763069e-40
1.037513691283042438e-06 1.365517241379310462e+02 3.428396718927523831e-40
1.656504438075296513e-06 1.365517241379310462e+02 4.341845225326813737e-40
2.644791077378241924e-06 1.365517241379310462e+02 5.471069469904057210e-40
4.222699126062713300e-06 1.365517241379310462e+02 6.898810824923170948e-40
6.742002444641753631e-06 1.365517241379310462e+02 8.711784419740089707e-40
1.076434659599764064e-05 1.365517241379310462e+02 1.099846058114870633e-39
1.718646034174242833e-05 1.365517241379310462e+02 1.385272717491096769e-39
2.744006953363154310e-05 1.365517241379310462e+02 1.743224588525328270e-39
4.381108157459003043e-05 1.365517241379310462e+02 2.195803965957774866e-39
6.994919842979561585e-05 1.365517241379310462e+02 2.755200220296719315e-39
1.116815697106356451e-04 1.365517241379310462e+02 3.472018350024484897e-39
1.783118790925080515e-04 1.365517241379310462e+02 4.340066389494367382e-39
2.846944783090141358e-04 1.365517241379310462e+02 5.451393976733915776e-39
4.545459696355538077e-04 1.365517241379310462e+02 6.809041344691031834e-39
7.257325106518723330e-04 1.365517241379310462e+02 8.477255929949660109e-39
1.158711576387660026e-03 1.365517241379310462e+02 1.052598050668107964e-38
1.850010158768835558e-03 1.365517241379310462e+02 1.298036421722866955e-38
2.953744190782852524e-03 1.365517241379310462e+02 1.599961609024887778e-38
4.715976668144131363e-03 1.365517241379310462e+02 1.952130071169696664e-38
7.529574160105339392e-03 1.365517241379310462e+02 2.378891206088132439e-38
1.202179124750354065e-02 1.365517241379310462e+02 2.872682735067711601e-38
1.919410868735381762e-02 1.365517241379310462e+02 3.459947782177963249e-38
3.064550038484960270e-02 1.365517241379310462e+02 4.208159568928985930e-38
4.892890360970920949e-02 1.365517241379310462e+02 5.149479819801471003e-38
7.812036280640304031e-02 1.365517241379310462e+02 6.279676910156217570e-38
1.247277301303156838e-01 1.365517241379310462e+02 1.584032942560656277e-37
1.991415055510437071e-01 1.365517241379310462e+02 1.017650542855843731e-36
3.179512622550120793e-01 1.365517241379310462e+02 2.366357485468726844e-37
5.076440739454157747e-01 1.365517241379310462e+02 4.983847439731958728e-42
8.105094597964166425e-01 1.365517241379310462e+02 0.000000000000000000e+00
9.999999999999999547e-08 1.427586206896551744e+02 9.400117786231423709e-41
1.596609714158835588e-07 1.427586206896551744e+02 1.190872158278293140e-40
2.549162579346358842e-07 1.427586206896551744e+02 1.496276591541095012e-40
4.070017737154589828e-07 1.427586206896551744e+02 1.892135477178878346e-40
6.498229855939779963e-07 1.427586206896551744e+02 2.394243633948733132e-40
1.037513691283042438e-06 1.427586206896551744e+02 3.016431095183132832e-40
1.656504438075296513e-06 1.427586206896551744e+02 3.812368353482149592e-40
2.644791077378241924e-06 1.427586206896551744e+02 4.814678325766578532e-40
4.222699126062713300e-06 1.427586206896551744e+02 6.082810803546045327e-40
6.742002444641753631e-06 1.427586206896551744e+02 7.665529156646058631e-40
1.076434659599764064e-05 1.427586206896551744e+02 9.666097597884665809e-40
1.718646034174242833e-05 1.427586206896551744e+02 1.218885380467700238e-39
2.744006953363154310e-05 1.427586206896551744e+02 1.533115958246528713e-39
4.381108157459003043e-05 1.427586206896551744e+02 1.928657443732708682e-39
6.994919842979561585e-05 1.427586206896551744e+02 2.423382031895725451e-39
1.116815697106356451e-04 1.427586206896551744e+02 3.042019264945440175e-39
1.783118790925080515e-04 1.427586206896551744e+02 3.821601718782342199e-39
2.846944783090141358e-04 1.427586206896551744e+02 4.773893245322630451e-39
4.545459696355538077e-04 1.427586206896551744e+02 5.961166726085460679e-39
7.257325106518723330e-04 1.427586206896551744e+02 7.397496357176421097e-39
1.158711576387660026e-03 1.427586206896551744e+02 9.177083203242616877e-39
1.850010158768835558e-03 1.427586206896551744e+02 1.132280675865372096e-38
2.953744190782852524e-03 1.427586206896551744e+02 1.388890899048758109e-38
4.715976668144131363e-03 1.427586206896551744e+02 1.697440706932623767e-38
7.529574160105339392e-03 1.427586206896551744e+02 2.052723878510142003e-38
1.202179124750354065e-02 1.427586206896551744e+02 2.477480923616407309e-38
1.919410868735381762e-02 1.427586206896551744e+02 2.978497849504280774e-38
3.064550038484960270e-02 1.427586206896551744e+02 3.607148057198355753e-38
4.892890360970920949e-02 1.427586206896551744e+02 4.406566061491930961e-38
7.812036280640304031e-02 1.427586206896551744e+02 5.306564595865504470e-38
1.247277301303156838e-01 1.427586206896551744e+02 1.655524380672516961e-37
1.991415055510437071e-01 1.427586206896551744e+02 8.368247230960466037e-37
3.179512622550120793e-01 1.427586206896551744e+02 1.314612679081710194e-37
5.076440739454157747e-01 1.427586206896551744e+02 1.623046571262041384e-42
8.105094597964166425e-01 1.427586206896551744e+02 0.000000000000000000e+00
9.999999999999999547e-08 1.489655172413793025e+02 7.981810764222590080e-41
1.596609714158835588e-07 1.489655172413793025e+02 1.012722206779264998e-40
2.549162579346358842e-07 1.489655172413793025e+02 1.275014074641792567e-40
4.070017737154589828e-07 1.489655172413793025e+02 1.613029043279743940e-40
6.498229855939779963e-07 1.489655172413793025e+02 2.036549592253987505e-40
1.037513691283042438e-06 1.489655172413793025e+02 2.570636983717832110e-40
1.656504438075296513e-06 1.489655172413793025e+02 3.247478372540432669e-40
2.644791077378241924e-06 1.489655172413793025e+02 4.094863896249591516e-40
4.222699126062713300e-06 1.489655172413793025e+02 5.166746546146385837e-40
6.742002444641753631e-06 1.489655172413793025e+02 6.531501711626266260e-40
1.076434659599764064e-05 1.489655172413793025e+02 8.240711757546763891e-40
1.718646034174242833e-05 1.489655172413793025e+02 1.036781239374087298e-39
2.744006953363154310e-05 1.489655172413793025e+02 1.304640860898900244e-39
4.381108157459003043e-05 1.489655172413793025e+02 1.640578784148958182e-39
6.994919842979561585e-05 1.489655172413793025e+02 2.064274530823407932e-39
1.116815697106356451e-04 1.489655172413793025e+02 2.584621972226778964e-39
1.783118790925080515e-04 1.489655172413793025e+02 3.246106003801638456e-39
2.846944783090141358e-04 1.489655172413793025e+02 4.053216493739986348e-39
4.545459696355538077e-04 1.489655172413793025e+02 5.049387414861072089e-39
7.257325106518723330e-04 1.489655172413793025e+02 6.284176556774233441e-39
1.158711576387660026e-03 1.489655172413793025e+02 7.765926152824467645e-39
1.850010158768835558e-03 1.489655172413793025e+02 9.546097832121830675e-39
2.953744190782852524e-03 1.489655172413793025e+02 1.170516954679221977e-38
4.715976668144131363e-03 1.489655172413793025e+02 1.426321635301698553e-38
7.529574160105339392e-03 1.489655172413793025e+02 1.724848288422787243e-38
1.202179124750354065e-02 1.489655172413793025e+02 2.072118059016158481e-38
1.919410868735381762e-02 1.489655172413793025e+02 2.488490958521986305e-38
3.064550038484960270e-02 1.489655172413793025e+02 3.009001612038584745e-38
4.892890360970920949e-02 1.489655172413793025e+02 3.661217209258951325e-38
7.812036280640304031e-02 1.489655172413793025e+02 4.389650821368355996e-38
1.247277301303156838e-01 1.489655172413793025e+02 1.627189368244401243e-37
1.991415055510437071e-01 1.489655172413793025e+02 6.664510635215230770e-37
3.179512622550120793e-01 1.489655172413793025e+02 7.365008317489278798e-38
5.076440739454157747e-01 1.489655172413793025e+02 5.427343477014913425e-43
8.105094597964166425e-01 1.489655172413793025e+02 0.000000000000000000e+00
9.999999999999999547e-08 1.551724137931034591e+02 6.511692850666345307e-41
1.596609714158835588e-07 1.551724137931034591e+02 8.233781186874228796e-41
2.549162579346358842e-07 1.551724137931034591e+02 1.039714032945690549e-40
4.070017737154589828e-07 1.551724137931034591e+02 1.312227614269549631e-40
6.498229855939779963e-07 1.551724137931034591e+02 1.659368487760271110e-40
1.037513691283042438e-06 1.551724137931034591e+02 2.094299468953324849e-40
1.656504438075296513e-06 1.551724137931034591e+02 2.642185883292659571e-40
2.644791077378241924e-06 1.551724137931034591e+02 3.334050504246145924e-40
4.222699126062713300e-06 1.551724137931034591e+02 4.211330695241976477e-40
6.742002444641753631e-06 1.551724137931034591e+02 5.303963140902854543e-40
1.076434659599764064e-05 1.551724137931034591e+02 6.689896004833142833e-40
1.718646034174242833e-05 1.551724137931034591e+02 8.431570201555751219e-40
2.744006953363154310e-05 1.551724137931034591e+02 1.062713348582033623e-39
4.381108157459003043e-05 1.551724137931034591e+02 1.334474191215976665e-39
6.994919842979561585e-05 1.551724137931034591e+02 1.679825446004597092e-39
1.116815697106356451e-04 1.551724137931034591e+02 2.100992382729309349e-39
1.783118790925080515e-04 1.551724137931034591e+02 2.635437519640372340e-39
2.846944783090141358e-04 1.551724137931034591e+02 3.293191000245163261e-39
4.545459696355538077e-04 1.551724137931034591e+02 4.096646116430371974e-39
7.257325106518723330e-04 1.551724137931034591e+02 5.092437318180825025e-39
1.158711576387660026e-03 1.551724137931034591e+02 6.280914649561838193e-39
1.850010158768835558e-03 1.551724137931034591e+02 7.715781553315073739e-39
2.953744190782852524e-03 1.551724137931034591e+02 9.455007160042462926e-39
4.715976668144131363e-03 1.551724137931034591e+02 1.150816913339847016e-38
7.529574160105339392e-03 1.551724137931034591e+02 1.388127430722173014e-38
1.202179124750354065e-02 1.551724137931034591e+02 1.667961684607397005e-38
1.919410868735381762e-02 1.551724137931034591e+02 2.001740526254258450e-38
3.064550038484960270e-02 1.551724137931034591e+02 2.413103798525968374e-38
4.892890360970920949e-02 1.551724137931034591e+02 2.918575045079200939e-38
7.812036280640304031e-02 1.551724137931034591e+02 3.500443554249867851e-38
1.247277301303156838e-01 1.551724137931034591e+02 1.495827988978995039e-37
1.991415055510437071e-01 1.551724137931034591e+02 5.092217478365305064e-37
3.179512622550120793e-01 1.551724137931034591e+02 4.227056688461041988e-38
5.076440739454157747e-01 1.551724137931034591e+02 1.845706016727053809e-43
8.105094597964166425e-01 1.551724137931034591e+02 0.000000000000000000e+00
9.999999999999999547e-08 1.613793103448276156e+02 4.954256731717288094e-41
1.596609714158835588e-07 1.613793103448276156e+02 6.267790270387349660e-41
2.549162579346358842e-07 1.613793103448276156e+02 7.911654920480112313e-41
4.070017737154589828e-07 1.613793103448276156e+02 9.988110627745725799e-41
6.498229855939779963e-07 1.613793103448276156e+02 1.263069142603012487e-40
1.037513691283042438e-06 1.613793103448276156e+02 1.593828075540799063e-40
1.656504438075296513e-06 1.613793103448276156e+02 2.010581469404894178e-40
2.644791077378241924e-06 1.613793103448276156e+02 2.534721839316474520e-40
4.222699126062713300e-06 1.613793103448276156e+02 3.200245503487931407e-40
6.742002444641753631e-06 1.613793103448276156e+02 4.035649658963601078e-40
1.076434659599764064e-05 1.613793103448276156e+02 5.078391997887912744e-40
1.718646034174242833e-05 1.613793103448276156e+02 6.409002032228720416e-40
2.744006953363154310e-05 1.613793103448276156e+02 8.083254123911703400e-40
4.381108157459003043e-05 1.613793103448276156e+02 1.012737871753594507e-39
6.994919842979561585e-05 1.613793103448276156e+02 1.275472578337193402e-39
1.116815697106356451e-04 1.613793103448276156e+02 1.596331706576063289e-39
1.783118790925080515e-04 1.613793103448276156e+02 2.001229803743654882e-39
2.846944783090141358e-04 1.613793103448276156e+02 2.497963410829003335e-39
4.545459696355538077e-04 1.613793103448276156e+02 3.110542270384852216e-39
7.257325106518723330e-04 1.613793103448276156e+02 3.856130206927424283e-39
1.158711576387660026e-03 1.613793103448276156e+02 4.768024100409750657e-39
1.850010158768835558e-03 1.613793103448276156e+02 5.856986471422815149e-39
2.953744190782852524e-03 1.613793103448276156e+02 7.138599845687117582e-39
4.715976668144131363e-03 1.613793103448276156e+02 8.650114533722532205e-39
7.529574160105339392e-03 1.613793103448276156e+02 1.044587557848404487e-38
1.202179124750354065e-02 1.613793103448276156e+02 1.252804510609281729e-38
1.919410868735381762e-02 1.613793103448276156e+02 1.501350833164326104e-38
3.064550038484960270e-02 1.613793103448276156e+02 1.811825749967257634e-38
4.892890360970920949e-02 1.613793103448276156e+02 2.186808933381061135e-38
7.812036280640304031e-02 1.613793103448276156e+02 2.623025367620755594e-38
1.247277301303156838e-01 1.613793103448276156e+02 1.248137714643647406e-37
1.991415055510437071e-01 1.613793103448276156e+02 3.671434688400960442e-37
3.179512622550120793e-01 1.613793103448276156e+02 2.213139961679635012e-38
5.076440739454157747e-01 1.613793103448276156e+02 6.764334470801282462e-44
8.105094597964166425e-01 1.613793103448276156e+02 0.000000000000000000e+00
9.999999999999999547e-08 1.675862068965517437e+02 3.337682968956246015e-41
1.596609714158835588e-07 1.675862068965517437e+02 4.218156836518017896e-41
2.549162579346358842e-07 1.675862068965517437e+02 5.310542437604460236e-41
4.070017737154589828e-07 1.675862068965517437e+02 6.724798142052024766e-41
6.498229855939779963e-07 1.675862068965517437e+02 8.521960196653692171e-41
1.037513691283042438e-06 1.675862068965517437e+02 1.073617829039808149e-40
1.656504438075296513e-06 1.675862068965517437e+02 1.353741984584161024e-40
2.644791077378241924e-06 1.675862068965517437e+02 1.713574358941067900e-40
4.222699126062713300e-06 1.675862068965517437e+02 2.153863537997392678e-40
6.742002444641753631e-06 1.675862068965517437e+02 2.717185329151516322e-40
1.076434659599764064e-05 1.675862068965517437e+02 3.431886628985025532e-40
1.718646034174242833e-05 1.675862068965517437e+02 4.314813970996640327e-40
2.744006953363154310e-05 1.675862068965517437e+02 5.435402129511852188e-40
4.381108157459003043e-05 1.675862068965517437e+02 6.820837094732093416e-40
6.994919842979561585e-05 1.675862068965517437e+02 8.565358189038564364e-40
1.116815697106356451e-04 1.675862068965517437e+02 1.072341960600691075e-39
1.783118790925080515e-04 1.675862068965517437e+02 1.344156162745545514e-39
2.846944783090141358e-04 1.675862068965517437e+02 1.681273406721695314e-39
4.545459696355538077e-04 1.675862068965517437e+02 2.088262520662041372e-39
7.257325106518723330e-04 1.675862068965517437e+02 2.599433325022205054e-39
1.158711576387660026e-03 1.675862068965517437e+02 3.196332026152834814e-39
1.850010158768835558e-03 1.675862068965517437e+02 3.925054684148428178e-39
2.953744190782852524e-03 1.675862068965517437e+02 4.772708357663735197e-39
4.715976668144131363e-03 1.675862068965517437e+02 5.805434558953473299e-39
7.529574160105339392e-03 1.675862068965517437e+02 6.989674293217841865e-39
1.202179124750354065e-02 1.675862068965517437e+02 8.370006078393013132e-39
1.919410868735381762e-02 1.675862068965517437e+02 1.002120916308574095e-38
3.064550038484960270e-02 1.675862068965517437e+02 1.208617816063500778e-38
4.892890360970920949e-02 1.675862068965517437e+02 1.455208793471279479e-38
7.812036280640304031e-02 1.675862068965517437e+02 1.747680511585545311e-38
1.247277301303156838e-01 1.675862068965517437e+02 8.979400650439877575e-38
1.991415055510437071e-01 1.675862068965517437e+02 2.380001713934756739e-37
3.179512622550120793e-01 1.675862068965517437e+02 1.148658379310373528e-38
5.076440739454157747e-01 1.675862068965517437e+02 2.575017549629748075e-44
8.105094597964166425e-01 1.675862068965517437e+02 0.000000000000000000e+00
9.999999999999999547e-08 1.737931034482758719e+02 1.680799665737582107e-41
1.596609714158835588e-07 1.737931034482758719e+02 2.118703713257817579e-41
2.549162579346358842e-07 1.737931034482758719e+02 2.677605533988490605e-41
4.070017737154589828e-07 1.737931034482758719e+02 3.388611993042459384e-41
6.498229855939779963e-07 1.737931034482758719e+02 4.276647054221843300e-41
1.037513691283042438e-06 1.737931034482758719e+02 5.393156303664119951e-41
1.656504438075296513e-06 1.737931034482758719e+02 6.797123976794008821e-41
2.644791077378241924e-06 1.737931034482758719e+02 8.597093111299830266e-41
4.222699126062713300e-06 1.737931034482758719e+02 1.085590439100090274e-40
6.742002444641753631e-06 1.737931034482758719e+02 1.369452907288992248e-40
1.076434659599764064e-05 1.737931034482758719e+02 1.721921147838346548e-40
1.718646034174242833e-05 1.737931034482758719e+02 2.173884478238608056e-40
2.744006953363154310e-05 1.737931034482758719e+02 2.727630784349964091e-40
4.381108157459003043e-05 1.737931034482758719e+02 3.423500594815524865e-40
6.994919842979561585e-05 1.737931034482758719e+02 4.314423901029949108e-40
1.116815697106356451e-04 1.737931034482758719e+02 5.403363508066532605e-40
1.783118790925080515e-04 1.737931034482758719e+02 6.752627855654460681e-40
2.846944783090141358e-04 1.737931034482758719e+02 8.422373664884636782e-40
4.545459696355538077e-04 1.737931034482758719e+02 1.048785461062193763e-39
7.257325106518723330e-04 1.737931034482758719e+02 1.298776882868784445e-39
1.158711576387660026e-03 1.737931034482758719e+02 1.603764373757603756e-39
1.850010158768835558e-03 1.737931034482758719e+02 1.963669805190304628e-39
2.953744190782852524e-03 1.737931034482758719e+02 2.396796009070023160e-39
4.715976668144131363e-03 1.737931034482758719e+02 2.909951666141308492e-39
7.529574160105339392e-03 1.737931034482758719e+02 3.510385955742476035e-39
1.202179124750354065e-02 1.737931034482758719e+02 4.193143962165884908e-39
1.919410868735381762e-02 1.737931034482758719e+02 5.008450292863206436e-39
3.064550038484960270e-02 1.737931034482758719e+02 6.047018141385753309e-39
4.892890360970920949e-02 1.737931034482758719e+02 7.270905609851985502e-39
7.812036280640304031e-02 1.737931034482758719e+02 8.769855273981201948e-39
1.247277301303156838e-01 1.737931034482758719e+02 4.679556731237722731e-38
1.991415055510437071e-01 1.737931034482758719e+02 1.167197258093219390e-37
3.179512622550120793e-01 1.737931034482758719e+02 4.934064512687845416e-39
5.076440739454157747e-01 1.737931034482758719e+02 9.239391538174307758e-45
8.105094597964166425e-01 1.737931034482758719e+02 0.000000000000000000e+00
9.999999999999999547e-08 1.800000000000000000e+02 0.000000000000000000e+00
1.596609714158835588e-07 1.800000000000000000e+02 2.403323956330655166e-56
2.549162579346358842e-07 1.800000000000000000e+02 3.026757867839312609e-56
4.070017737154589828e-07 1.800000000000000000e+02 3.827383641083049025e-56
6.498229855939779963e-07 1.800000000000000000e+02 4.827439931485852024e-56
1.037513691283042438e-06 1.800000000000000000e+02 6.114094834899249430e-56
1.656504438075296513e-06 1.800000000000000000e+02 7.693345809192826992e-56
2.644791077378241924e-06 1.800000000000000000e+02 9.725809047633352065e-56
4.222699126062713300e-06 1.800000000000000000e+02 0.000000000000000000e+00
6.742002444641753631e-06 1.800000000000000000e+02 1.548969776448961855e-55
1.076434659599764064e-05 1.800000000000000000e+02 1.948063171150679782e-55
1.718646034174242833e-05 1.800000000000000000e+02 2.458105992990610904e-55
2.744006953363154310e-05 1.800000000000000000e+02 0.000000000000000000e+00
4.381108157459003043e-05 1.800000000000000000e+02 3.886561776838147219e-55
6.994919842979561585e-05 1.800000000000000000e+02 4.875259814004462130e-55
1.116815697106356451e-04 1.800000000000000000e+02 6.114662972525576193e-55
1.783118790925080515e-04 1.800000000000000000e+02 7.660598966091925956e-55
2.846944783090141358e-04 1.800000000000000000e+02 9.546714913970008845e-55
4.545459696355538077e-04 1.800000000000000000e+02 1.188217197811685053e-54
7.257325106518723330e-04 1.800000000000000000e+02 0.000000000000000000e+00
1.158711576387660026e-03 1.800000000000000000e+02 1.813603627594243181e-54
1.850010158768835558e-03 1.800000000000000000e+02 2.226387103064218724e-54
2.953744190782852524e-03 1.800000000000000000e+02 2.716008382680630339e-54
4.715976668144131363e-03 1.800000000000000000e+02 3.297684528723761073e-54
7.529574160105339392e-03 1.800000000000000000e+02 3.976873672555832826e-54
1.202179124750354065e-02 1.800000000000000000e+02 0.000000000000000000e+00
1.919410868735381762e-02 1.800000000000000000e+02 5.666613486769860577e-54
3.064550038484960270e-02 1.800000000000000000e+02 6.814257226371049684e-54
4.892890360970920949e-02 1.800000000000000000e+02 8.210702786615689354e-54
7.812036280640304031e-02 1.800000000000000000e+02 0.000000000000000000e+00
1.247277301303156838e-01 1.800000000000000000e+02 5.352337815631462203e-53
1.991415055510437071e-01 1.800000000000000000e+02 1.316237805523871447e-52
3.179512622550120793e-01 1.800000000000000000e+02 5.202738920497739054e-54
5.076440739454157747e-01 1.800000000000000000e+02 0.000000000000000000e+00
8.105094597964166425e-01 1.800000000000000000e+02 0.000000000000000000e+00
