# atom 56: Tchi 0.9236708571873861 [GeV]; m_chi = 0.02666666666666667 [GeV]; mS = 0.08 [GeV]; gchi =0.01; gN = 0.01
# Tchi^prime [GeV], theta [degree] ,dsigma/dTchip dtheta [cm^2/GeV]
9.999999999999999547e-08 0.000000000000000000e+00 0.000000000000000000e+00
1.600342600262689326e-07 0.000000000000000000e+00 0.000000000000000000e+00
2.561096438215545771e-07 0.000000000000000000e+00 0.000000000000000000e+00
4.098631733457386934e-07 0.000000000000000000e+00 0.000000000000000000e+00
6.559214965840368274e-07 0.000000000000000000e+00 0.000000000000000000e+00
1.049699113411492147e-06 0.000000000000000000e+00 0.000000000000000000e+00
1.679878208650386985e-06 0.000000000000000000e+00 0.000000000000000000e+00
2.688380660556188622e-06 0.000000000000000000e+00 0.000000000000000000e+00
4.302330096810426079e-06 0.000000000000000000e+00 0.000000000000000000e+00
6.885202134318024519e-06 0.000000000000000000e+00 0.000000000000000000e+00
1.101868228696872571e-05 0.000000000000000000e+00 0.000000000000000000e+00
1.763366666259600269e-05 0.000000000000000000e+00 0.000000000000000000e+00
2.821990795898432944e-05 0.000000000000000000e+00 0.000000000000000000e+00
4.516152088225483291e-05 0.000000000000000000e+00 0.000000000000000000e+00
7.227390576052543814e-05 0.000000000000000000e+00 0.000000000000000000e+00
1.156630102759399639e-04 0.000000000000000000e+00 0.000000000000000000e+00
1.851004426192079139e-04 0.000000000000000000e+00 0.000000000000000000e+00
2.962241236509979034e-04 0.000000000000000000e+00 0.000000000000000000e+00
4.740600843041748585e-04 0.000000000000000000e+00 0.000000000000000000e+00
7.586585479960928930e-04 0.000000000000000000e+00 0.000000000000000000e+00
1.214113593411583498e-03 0.000000000000000000e+00 0.000000000000000000e+00
1.942997705094575084e-03 0.000000000000000000e+00 0.000000000000000000e+00
3.109461999675490387e-03 0.000000000000000000e+00 0.000000000000000000e+00
4.976204501978695287e-03 0.000000000000000000e+00 0.000000000000000000e+00
7.963632052135486902e-03 0.000000000000000000e+00 0.000000000000000000e+00
1.274453962584979998e-02 0.000000000000000000e+00 0.000000000000000000e+00
2.039562968398339268e-02 0.000000000000000000e+00 0.000000000000000000e+00
3.263999504246087313e-02 0.000000000000000000e+00 0.000000000000000000e+00
5.223517453881312139e-02 0.000000000000000000e+00 0.000000000000000000e+00
8.359417504661961762e-02 0.000000000000000000e+00 0.000000000000000000e+00
1.337793194609219194e-01 0.000000000000000000e+00 0.000000000000000000e+00
2.140927439674647770e-01 0.000000000000000000e+00 0.000000000000000000e+00
3.426217385782667768e-01 0.000000000000000000e+00 0.000000000000000000e+00
5.483121640228668658e-01 0.000000000000000000e+00 0.000000000000000000e+00
8.774873143280167431e-01 0.000000000000000000e+00 0.000000000000000000e+00
9.999999999999999547e-08 6.206896551724137900e+00 2.186385039072396516e-41
1.600342600262689326e-07 6.206896551724137900e+00 2.765796802973985442e-41
2.561096438215545771e-07 6.206896551724137900e+00 3.507234538703474792e-41
4.098631733457386934e-07 6.206896551724137900e+00 4.442583280330378794e-41
6.559214965840368274e-07 6.206896551724137900e+00 5.622259466529168117e-41
1.049699113411492147e-06 6.206896551724137900e+00 7.111437596985360423e-41
1.679878208650386985e-06 6.206896551724137900e+00 9.017834456384644351e-41
2.688380660556188622e-06 6.206896551724137900e+00 1.147011370756004579e-40
4.302330096810426079e-06 6.206896551724137900e+00 1.454037351564921566e-40
6.885202134318024519e-06 6.206896551724137900e+00 1.846625797040230568e-40
1.101868228696872571e-05 6.206896551724137900e+00 2.341689510381467582e-40
1.763366666259600269e-05 6.206896551724137900e+00 2.989768997174503497e-40
2.821990795898432944e-05 6.206896551724137900e+00 3.813234376465203507e-40
4.516152088225483291e-05 6.206896551724137900e+00 4.869222917462828555e-40
7.227390576052543814e-05 6.206896551724137900e+00 6.244018859588203035e-40
1.156630102759399639e-04 6.206896551724137900e+00 8.012105427754497529e-40
1.851004426192079139e-04 6.206896551724137900e+00 1.033521526045321950e-39
2.962241236509979034e-04 6.206896551724137900e+00 1.346002558449772801e-39
4.740600843041748585e-04 6.206896551724137900e+00 1.760954705356791407e-39
7.586585479960928930e-04 6.206896551724137900e+00 2.325556517332732676e-39
1.214113593411583498e-03 6.206896551724137900e+00 3.108012761628102603e-39
1.942997705094575084e-03 6.206896551724137900e+00 4.210740894234000429e-39
3.109461999675490387e-03 6.206896551724137900e+00 5.830718569582968414e-39
4.976204501978695287e-03 6.206896551724137900e+00 8.274209109730928496e-39
7.963632052135486902e-03 6.206896551724137900e+00 1.209480718162717865e-38
1.274453962584979998e-02 6.206896551724137900e+00 1.831872503008546185e-38
2.039562968398339268e-02 6.206896551724137900e+00 2.900253929610420945e-38
3.263999504246087313e-02 6.206896551724137900e+00 4.792885671723913074e-38
5.223517453881312139e-02 6.206896551724137900e+00 8.319315244041409230e-38
8.359417504661961762e-02 6.206896551724137900e+00 1.521680355289629002e-37
1.337793194609219194e-01 6.206896551724137900e+00 3.014929099601223194e-37
2.140927439674647770e-01 6.206896551724137900e+00 6.791175180780999830e-37
3.426217385782667768e-01 6.206896551724137900e+00 1.954894291059026590e-36
5.483121640228668658e-01 6.206896551724137900e+00 8.471745264174817431e-36
8.774873143280167431e-01 6.206896551724137900e+00 0.000000000000000000e+00
9.999999999999999547e-08 1.241379310344827580e+01 4.365891129556967533e-41
1.600342600262689326e-07 1.241379310344827580e+01 5.512089873029384138e-41
2.561096438215545771e-07 1.241379310344827580e+01 6.976841793798060449e-41
4.098631733457386934e-07 1.241379310344827580e+01 8.839045771250412374e-41
6.559214965840368274e-07 1.241379310344827580e+01 1.116996279401098447e-40
1.049699113411492147e-06 1.241379310344827580e+01 1.419753362228519606e-40
1.679878208650386985e-06 1.241379310344827580e+01 1.800848483247756540e-40
2.688380660556188622e-06 1.241379310344827580e+01 2.278850223940192662e-40
4.302330096810426079e-06 1.241379310344827580e+01 2.887010597962283671e-40
6.885202134318024519e-06 1.241379310344827580e+01 3.675055412182147665e-40
1.101868228696872571e-05 1.241379310344827580e+01 4.668705035723746104e-40
1.763366666259600269e-05 1.241379310344827580e+01 5.934640232953763535e-40
2.821990795898432944e-05 1.241379310344827580e+01 7.578196928179478560e-40
4.516152088225483291e-05 1.241379310344827580e+01 9.673221377033841407e-40
7.227390576052543814e-05 1.241379310344827580e+01 1.239161655933873373e-39
1.156630102759399639e-04 1.241379310344827580e+01 1.594134022315356371e-39
1.851004426192079139e-04 1.241379310344827580e+01 2.054808146182959541e-39
2.962241236509979034e-04 1.241379310344827580e+01 2.668923120747546976e-39
4.740600843041748585e-04 1.241379310344827580e+01 3.484155285281597464e-39
7.586585479960928930e-04 1.241379310344827580e+01 4.604038140577659150e-39
1.214113593411583498e-03 1.241379310344827580e+01 6.141592620499573772e-39
1.942997705094575084e-03 1.241379310344827580e+01 8.319348693202319308e-39
3.109461999675490387e-03 1.241379310344827580e+01 1.147529893218068779e-38
4.976204501978695287e-03 1.241379310344827580e+01 1.618574364128656513e-38
7.963632052135486902e-03 1.241379310344827580e+01 2.355406052583601347e-38
1.274453962584979998e-02 1.241379310344827580e+01 3.527729209135296395e-38
2.039562968398339268e-02 1.241379310344827580e+01 5.509835430968880790e-38
3.263999504246087313e-02 1.241379310344827580e+01 8.869375182539192283e-38
5.223517453881312139e-02 1.241379310344827580e+01 1.481390611607758398e-37
8.359417504661961762e-02 1.241379310344827580e+01 2.573904768960960016e-37
1.337793194609219194e-01 1.241379310344827580e+01 4.687247641126406313e-37
2.140927439674647770e-01 1.241379310344827580e+01 9.415235928988947655e-37
3.426217385782667768e-01 1.241379310344827580e+01 2.311764087666858056e-36
5.483121640228668658e-01 1.241379310344827580e+01 8.439389434980928049e-36
8.774873143280167431e-01 1.241379310344827580e+01 0.000000000000000000e+00
9.999999999999999547e-08 1.862068965517241281e+01 6.465301035407603898e-41
1.600342600262689326e-07 1.862068965517241281e+01 8.188016767992165133e-41
2.561096438215545771e-07 1.862068965517241281e+01 1.033611643355479199e-40
4.098631733457386934e-07 1.862068965517241281e+01 1.311607480541797129e-40
6.559214965840368274e-07 1.862068965517241281e+01 1.659298451910885183e-40
1.049699113411492147e-06 1.862068965517241281e+01 2.103836000575096680e-40
1.679878208650386985e-06 1.862068965517241281e+01 2.658690689416911356e-40
2.688380660556188622e-06 1.862068965517241281e+01 3.383973072196111690e-40
4.302330096810426079e-06 1.862068965517241281e+01 4.292294091058024625e-40
6.885202134318024519e-06 1.862068965517241281e+01 5.449993918038181363e-40
1.101868228696872571e-05 1.862068965517241281e+01 6.926399615112912658e-40
1.763366666259600269e-05 1.862068965517241281e+01 8.812278969644912196e-40
2.821990795898432944e-05 1.862068965517241281e+01 1.125872739092163746e-39
4.516152088225483291e-05 1.862068965517241281e+01 1.433602553138494140e-39
7.227390576052543814e-05 1.862068965517241281e+01 1.838804683822138570e-39
1.156630102759399639e-04 1.862068965517241281e+01 2.357009806780484313e-39
1.851004426192079139e-04 1.862068965517241281e+01 3.043970447814109073e-39
2.962241236509979034e-04 1.862068965517241281e+01 3.950835104614248275e-39
4.740600843041748585e-04 1.862068965517241281e+01 5.166893765276533370e-39
7.586585479960928930e-04 1.862068965517241281e+01 6.794088451852677174e-39
1.214113593411583498e-03 1.862068965517241281e+01 9.032041268020998024e-39
1.942997705094575084e-03 1.862068965517241281e+01 1.225124927225863232e-38
3.109461999675490387e-03 1.862068965517241281e+01 1.674154045785546798e-38
4.976204501978695287e-03 1.862068965517241281e+01 2.351925120150508916e-38
7.963632052135486902e-03 1.862068965517241281e+01 3.379251971938402227e-38
1.274453962584979998e-02 1.862068965517241281e+01 4.991810224947602486e-38
2.039562968398339268e-02 1.862068965517241281e+01 7.596203921162275003e-38
3.263999504246087313e-02 1.862068965517241281e+01 1.179840520824779039e-37
5.223517453881312139e-02 1.862068965517241281e+01 1.869970161097677682e-37
8.359417504661961762e-02 1.862068965517241281e+01 3.015099555918104772e-37
1.337793194609219194e-01 1.862068965517241281e+01 4.995752665636427332e-37
2.140927439674647770e-01 1.862068965517241281e+01 9.016742630942148424e-37
3.426217385782667768e-01 1.862068965517241281e+01 2.005740919394540440e-36
5.483121640228668658e-01 1.862068965517241281e+01 6.817344976581553790e-36
8.774873143280167431e-01 1.862068965517241281e+01 0.000000000000000000e+00
9.999999999999999547e-08 2.482758620689655160e+01 8.494736892740653446e-41
1.600342600262689326e-07 2.482758620689655160e+01 1.075699343880813911e-40
2.561096438215545771e-07 2.482758620689655160e+01 1.361926491881633119e-40
4.098631733457386934e-07 2.482758620689655160e+01 1.721816053112824174e-40
6.559214965840368274e-07 2.482758620689655160e+01 2.185036160468710668e-40
1.049699113411492147e-06 2.482758620689655160e+01 2.762434074742316860e-40
1.679878208650386985e-06 2.482758620689655160e+01 3.507327641009055774e-40
2.688380660556188622e-06 2.482758620689655160e+01 4.444050787569382379e-40
4.302330096810426079e-06 2.482758620689655160e+01 5.631598983379637559e-40
6.885202134318024519e-06 2.482758620689655160e+01 7.152342489450968534e-40
1.101868228696872571e-05 2.482758620689655160e+01 9.106376801150809410e-40
1.763366666259600269e-05 2.482758620689655160e+01 1.156516078429504671e-39
2.821990795898432944e-05 2.482758620689655160e+01 1.478192746986409089e-39
4.516152088225483291e-05 2.482758620689655160e+01 1.884352595630210827e-39
7.227390576052543814e-05 2.482758620689655160e+01 2.406306010906659105e-39
1.156630102759399639e-04 2.482758620689655160e+01 3.092438016201124068e-39
1.851004426192079139e-04 2.482758620689655160e+01 3.983023119189613210e-39
2.962241236509979034e-04 2.482758620689655160e+01 5.163443389558160736e-39
4.740600843041748585e-04 2.482758620689655160e+01 6.732673748668807750e-39
7.586585479960928930e-04 2.482758620689655160e+01 8.835858426063871373e-39
1.214113593411583498e-03 2.482758620689655160e+01 1.172653607244597075e-38
1.942997705094575084e-03 2.482758620689655160e+01 1.578564201294268332e-38
3.109461999675490387e-03 2.482758620689655160e+01 2.153572130409430025e-38
4.976204501978695287e-03 2.482758620689655160e+01 2.999020730426906015e-38
7.963632052135486902e-03 2.482758620689655160e+01 4.246314504121998281e-38
1.274453962584979998e-02 2.482758620689655160e+01 6.152241436088571381e-38
2.039562968398339268e-02 2.482758620689655160e+01 9.068363636075602128e-38
3.263999504246087313e-02 2.482758620689655160e+01 1.355915311904714919e-37
5.223517453881312139e-02 2.482758620689655160e+01 2.031553939072613601e-37
8.359417504661961762e-02 2.482758620689655160e+01 3.056989795538693102e-37
1.337793194609219194e-01 2.482758620689655160e+01 4.692718643170842984e-37
2.140927439674647770e-01 2.482758620689655160e+01 7.946637525504996423e-37
3.426217385782667768e-01 2.482758620689655160e+01 1.663183715908614013e-36
5.483121640228668658e-01 2.482758620689655160e+01 5.428944410423308076e-36
8.774873143280167431e-01 2.482758620689655160e+01 6.390612092527680998e-35
9.999999999999999547e-08 3.103448275862069039e+01 1.043084890254944912e-40
1.600342600262689326e-07 3.103448275862069039e+01 1.318315484844428363e-40
2.561096438215545771e-07 3.103448275862069039e+01 1.671755055454828794e-40
4.098631733457386934e-07 3.103448275862069039e+01 2.111473626407988445e-40
6.559214965840368274e-07 3.103448275862069039e+01 2.675857389324030610e-40
1.049699113411492147e-06 3.103448275862069039e+01 3.402655393842086552e-40
1.679878208650386985e-06 3.103448275862069039e+01 4.301120870503438698e-40
2.688380660556188622e-06 3.103448275862069039e+01 5.445171714861667056e-40
4.302330096810426079e-06 3.103448275862069039e+01 6.907404169562377284e-40
6.885202134318024519e-06 3.103448275862069039e+01 8.786473433836815962e-40
1.101868228696872571e-05 3.103448275862069039e+01 1.114125891907128032e-39
1.763366666259600269e-05 3.103448275862069039e+01 1.418730929652550372e-39
2.821990795898432944e-05 3.103448275862069039e+01 1.805688695477968750e-39
4.516152088225483291e-05 3.103448275862069039e+01 2.301843689580150553e-39
7.227390576052543814e-05 3.103448275862069039e+01 2.947006886129077786e-39
1.156630102759399639e-04 3.103448275862069039e+01 3.781699147378867310e-39
1.851004426192079139e-04 3.103448275862069039e+01 4.863705155402645345e-39
2.962241236509979034e-04 3.103448275862069039e+01 6.289005491846633508e-39
4.740600843041748585e-04 3.103448275862069039e+01 8.182240061689274146e-39
7.586585479960928930e-04 3.103448275862069039e+01 1.074284075702241710e-38
1.214113593411583498e-03 3.103448275862069039e+01 1.420188101391053540e-38
1.942997705094575084e-03 3.103448275862069039e+01 1.895240702555900549e-38
3.109461999675490387e-03 3.103448275862069039e+01 2.571836967822155374e-38
4.976204501978695287e-03 3.103448275862069039e+01 3.530696039006639352e-38
7.963632052135486902e-03 3.103448275862069039e+01 4.937139925050407094e-38
1.274453962584979998e-02 3.103448275862069039e+01 6.977870252105013430e-38
2.039562968398339268e-02 3.103448275862069039e+01 1.001244193584518209e-37
3.263999504246087313e-02 3.103448275862069039e+01 1.432816998423753954e-37
5.223517453881312139e-02 3.103448275862069039e+01 2.035891413587395203e-37
8.359417504661961762e-02 3.103448275862069039e+01 2.893243494007696580e-37
1.337793194609219194e-01 3.103448275862069039e+01 4.234161213244116444e-37
2.140927439674647770e-01 3.103448275862069039e+01 6.877003125924872013e-37
3.426217385782667768e-01 3.103448275862069039e+01 1.405073559639352621e-36
5.483121640228668658e-01 3.103448275862069039e+01 4.342325815790168557e-36
8.774873143280167431e-01 3.103448275862069039e+01 3.210421398685256561e-36
9.999999999999999547e-08 3.724137931034482563e+01 1.222537736419934627e-40
1.600342600262689326e-07 3.724137931034482563e+01 1.548264324186641791e-40
2.561096438215545771e-07 3.724137931034482563e+01 1.962245509864121106e-40
4.098631733457386934e-07 3.724137931034482563e+01 2.487234675530075658e-40
6.559214965840368274e-07 3.724137931034482563e+01 3.146383869988037217e-40
1.049699113411492147e-06 3.724137931034482563e+01 3.969991911675832339e-40
1.679878208650386985e-06 3.724137931034482563e+01 5.049824347801690575e-40
2.688380660556188622e-06 3.724137931034482563e+01 6.401479577837119778e-40
4.302330096810426079e-06 3.724137931034482563e+01 8.113687732504125717e-40
6.885202134318024519e-06 3.724137931034482563e+01 1.029556919200185493e-39
1.101868228696872571e-05 3.724137931034482563e+01 1.305924335311311032e-39
1.763366666259600269e-05 3.724137931034482563e+01 1.660955171383637386e-39
2.821990795898432944e-05 3.724137931034482563e+01 2.113766042347837785e-39
4.516152088225483291e-05 3.724137931034482563e+01 2.698619232031744558e-39
7.227390576052543814e-05 3.724137931034482563e+01 3.442285869809831889e-39
1.156630102759399639e-04 3.724137931034482563e+01 4.417524266449286343e-39
1.851004426192079139e-04 3.724137931034482563e+01 5.679082266416099938e-39
2.962241236509979034e-04 3.724137931034482563e+01 7.332317829688764827e-39
4.740600843041748585e-04 3.724137931034482563e+01 9.513170127135281568e-39
7.586585479960928930e-04 3.724137931034482563e+01 1.242247476315995641e-38
1.214113593411583498e-03 3.724137931034482563e+01 1.631351568075527876e-38
1.942997705094575084e-03 3.724137931034482563e+01 2.175311366673297414e-38
3.109461999675490387e-03 3.724137931034482563e+01 2.918501280783008777e-38
4.976204501978695287e-03 3.724137931034482563e+01 3.970533642733550244e-38
7.963632052135486902e-03 3.724137931034482563e+01 5.452105980493718746e-38
1.274453962584979998e-02 3.724137931034482563e+01 7.554429335847682667e-38
2.039562968398339268e-02 3.724137931034482563e+01 1.046064982888938904e-37
3.263999504246087313e-02 3.724137931034482563e+01 1.439968343150003044e-37
5.223517453881312139e-02 3.724137931034482563e+01 1.964786220860975806e-37
8.359417504661961762e-02 3.724137931034482563e+01 2.678576466679127511e-37
1.337793194609219194e-01 3.724137931034482563e+01 3.787126006553260459e-37
2.140927439674647770e-01 3.724137931034482563e+01 5.979273492639728023e-37
3.426217385782667768e-01 3.724137931034482563e+01 1.203755383918814350e-36
5.483121640228668658e-01 3.724137931034482563e+01 4.276793695490364923e-36
8.774873143280167431e-01 3.724137931034482563e+01 0.000000000000000000e+00
9.999999999999999547e-08 4.344827586206896797e+01 1.392483955947509785e-40
1.600342600262689326e-07 4.344827586206896797e+01 1.758763637000988376e-40
2.561096438215545771e-07 4.344827586206896797e+01 2.234636578654642828e-40
4.098631733457386934e-07 4.344827586206896797e+01 2.819762911471268433e-40
6.559214965840368274e-07 4.344827586206896797e+01 3.575300359023037355e-40
1.049699113411492147e-06 4.344827586206896797e+01 4.525699376121284558e-40
1.679878208650386985e-06 4.344827586206896797e+01 5.739979378155453431e-40
2.688380660556188622e-06 4.344827586206896797e+01 7.260820865188840850e-40
4.302330096810426079e-06 4.344827586206896797e+01 9.221558760575787720e-40
6.885202134318024519e-06 4.344827586206896797e+01 1.167835175480786739e-39
1.101868228696872571e-05 4.344827586206896797e+01 1.481683892127086991e-39
1.763366666259600269e-05 4.344827586206896797e+01 1.888492115017870276e-39
2.821990795898432944e-05 4.344827586206896797e+01 2.392808303399051295e-39
4.516152088225483291e-05 4.344827586206896797e+01 3.063436256837197501e-39
7.227390576052543814e-05 4.344827586206896797e+01 3.902397459792134546e-39
1.156630102759399639e-04 4.344827586206896797e+01 4.996134989758309102e-39
1.851004426192079139e-04 4.344827586206896797e+01 6.404909730469682167e-39
2.962241236509979034e-04 4.344827586206896797e+01 8.260966174741300343e-39
4.740600843041748585e-04 4.344827586206896797e+01 1.069487204733988815e-38
7.586585479960928930e-04 4.344827586206896797e+01 1.390679484532631611e-38
1.214113593411583498e-03 4.344827586206896797e+01 1.820396715612628253e-38
1.942997705094575084e-03 4.344827586206896797e+01 2.400386313140542148e-38
3.109461999675490387e-03 4.344827586206896797e+01 3.193787649963126456e-38
4.976204501978695287e-03 4.344827586206896797e+01 4.288683766485284329e-38
7.963632052135486902e-03 4.344827586206896797e+01 5.802784180820122080e-38
1.274453962584979998e-02 4.344827586206896797e+01 7.849839294467446486e-38
2.039562968398339268e-02 4.344827586206896797e+01 1.056276567597149398e-37
3.263999504246087313e-02 4.344827586206896797e+01 1.406656668090116271e-37
5.223517453881312139e-02 4.344827586206896797e+01 1.852011287322815008e-37
8.359417504661961762e-02 4.344827586206896797e+01 2.445597222936039065e-37
1.337793194609219194e-01 4.344827586206896797e+01 3.380412267498760278e-37
2.140927439674647770e-01 4.344827586206896797e+01 5.245448964728862796e-37
3.426217385782667768e-01 4.344827586206896797e+01 1.051650101230164331e-36
5.483121640228668658e-01 4.344827586206896797e+01 8.591968542122029500e-36
8.774873143280167431e-01 4.344827586206896797e+01 0.000000000000000000e+00
9.999999999999999547e-08 4.965517241379310320e+01 1.541880016956631826e-40
1.600342600262689326e-07 4.965517241379310320e+01 1.947943153984972349e-40
2.561096438215545771e-07 4.965517241379310320e+01 2.470075147576294953e-40
4.098631733457386934e-07 4.965517241379310320e+01 3.134157642905841877e-40
6.559214965840368274e-07 4.965517241379310320e+01 3.954895168219777715e-40
1.049699113411492147e-06 4.965517241379310320e+01 5.012342656390332522e-40
1.679878208650386985e-06 4.965517241379310320e+01 6.338459348633865304e-40
2.688380660556188622e-06 4.965517241379310320e+01 8.055031784910013652e-40
4.302330096810426079e-06 4.965517241379310320e+01 1.017727364033541145e-39
6.885202134318024519e-06 4.965517241379310320e+01 1.294031989714842738e-39
1.101868228696872571e-05 4.965517241379310320e+01 1.640253973286676162e-39
1.763366666259600269e-05 4.965517241379310320e+01 2.082002822010896654e-39
2.821990795898432944e-05 4.965517241379310320e+01 2.650136684570610999e-39
4.516152088225483291e-05 4.965517241379310320e+01 3.370775143390966318e-39
7.227390576052543814e-05 4.965517241379310320e+01 4.300820474123099549e-39
1.156630102759399639e-04 4.965517241379310320e+01 5.497271711652896343e-39
1.851004426192079139e-04 4.965517241379310320e+01 7.045329814747872878e-39
2.962241236509979034e-04 4.965517241379310320e+01 9.040015446365758001e-39
4.740600843041748585e-04 4.965517241379310320e+01 1.166867895853229100e-38
7.586585479960928930e-04 4.965517241379310320e+01 1.512581755736384532e-38
1.214113593411583498e-03 4.965517241379310320e+01 1.968087131512126476e-38
1.942997705094575084e-03 4.965517241379310320e+01 2.580229773238826253e-38
3.109461999675490387e-03 4.965517241379310320e+01 3.402668362272243204e-38
4.976204501978695287e-03 4.965517241379310320e+01 4.512453246260017573e-38
7.963632052135486902e-03 4.965517241379310320e+01 5.986509813850044256e-38
1.274453962584979998e-02 4.965517241379310320e+01 7.922879262737656724e-38
2.039562968398339268e-02 4.965517241379310320e+01 1.040865828517681347e-37
3.263999504246087313e-02 4.965517241379310320e+01 1.347251042121979483e-37
5.223517453881312139e-02 4.965517241379310320e+01 1.722082902730071085e-37
8.359417504661961762e-02 4.965517241379310320e+01 2.223469272823646488e-37
1.337793194609219194e-01 4.965517241379310320e+01 3.019159329850049452e-37
2.140927439674647770e-01 4.965517241379310320e+01 4.652483060755971527e-37
3.426217385782667768e-01 4.965517241379310320e+01 9.214497656225571021e-37
5.483121640228668658e-01 4.965517241379310320e+01 1.693163032782944917e-35
8.774873143280167431e-01 4.965517241379310320e+01 0.000000000000000000e+00
9.999999999999999547e-08 5.586206896551724554e+01 1.672706495662829071e-40
1.600342600262689326e-07 5.586206896551724554e+01 2.115890172078268674e-40
2.561096438215545771e-07 5.586206896551724554e+01 2.673862858166759782e-40
4.098631733457386934e-07 5.586206896551724554e+01 3.405613049879241071e-40
6.559214965840368274e-07 5.586206896551724554e+01 4.294277021431638798e-40
1.049699113411492147e-06 5.586206896551724554e+01 5.441207894936908728e-40
1.679878208650386985e-06 5.586206896551724554e+01 6.865708915808552138e-40
2.688380660556188622e-06 5.586206896551724554e+01 8.731586561782838194e-40
4.302330096810426079e-06 5.586206896551724554e+01 1.103999133728876758e-39
6.885202134318024519e-06 5.586206896551724554e+01 1.399501191282732386e-39
1.101868228696872571e-05 5.586206896551724554e+01 1.776787227681745968e-39
1.763366666259600269e-05 5.586206896551724554e+01 2.254201454425559748e-39
2.821990795898432944e-05 5.586206896551724554e+01 2.865772792674291090e-39
4.516152088225483291e-05 5.586206896551724554e+01 3.647755730660600784e-39
7.227390576052543814e-05 5.586206896551724554e+01 4.646184404344606895e-39
1.156630102759399639e-04 5.586206896551724554e+01 5.924616142406423507e-39
1.851004426192079139e-04 5.586206896551724554e+01 7.577947005554232229e-39
2.962241236509979034e-04 5.586206896551724554e+01 9.720688102935053551e-39
4.740600843041748585e-04 5.586206896551724554e+01 1.247256622743928891e-38
7.586585479960928930e-04 5.586206896551724554e+01 1.612546893238208583e-38
1.214113593411583498e-03 5.586206896551724554e+01 2.083358401427786454e-38
1.942997705094575084e-03 5.586206896551724554e+01 2.719829343236795374e-38
3.109461999675490387e-03 5.586206896551724554e+01 3.545498030575059525e-38
4.976204501978695287e-03 5.586206896551724554e+01 4.632074928248442360e-38
7.963632052135486902e-03 5.586206896551724554e+01 6.070822799421477845e-38
1.274453962584979998e-02 5.586206896551724554e+01 7.856625123618293232e-38
2.039562968398339268e-02 5.586206896551724554e+01 1.007752324541064054e-37
3.263999504246087313e-02 5.586206896551724554e+01 1.274602711007289792e-37
5.223517453881312139e-02 5.586206896551724554e+01 1.597092250304256921e-37
8.359417504661961762e-02 5.586206896551724554e+01 2.025094566905770269e-37
1.337793194609219194e-01 5.586206896551724554e+01 2.714345737846546338e-37
2.140927439674647770e-01 5.586206896551724554e+01 4.154545514441065589e-37
3.426217385782667768e-01 5.586206896551724554e+01 7.985948753976755659e-37
5.483121640228668658e-01 5.586206896551724554e+01 1.935237407837125124e-35
8.774873143280167431e-01 5.586206896551724554e+01 0.000000000000000000e+00
9.999999999999999547e-08 6.206896551724138078e+01 1.788418530717089930e-40
1.600342600262689326e-07 6.206896551724138078e+01 2.260095923983049974e-40
2.561096438215545771e-07 6.206896551724138078e+01 2.863332726021608581e-40
4.098631733457386934e-07 6.206896551724138078e+01 3.623934238764894770e-40
6.559214965840368274e-07 6.206896551724138078e+01 4.585332054324979185e-40
1.049699113411492147e-06 6.206896551724138078e+01 5.795664763589310155e-40
1.679878208650386985e-06 6.206896551724138078e+01 7.358533654528629294e-40
2.688380660556188622e-06 6.206896551724138078e+01 9.293285681480626019e-40
4.302330096810426079e-06 6.206896551724138078e+01 1.179243750689180293e-39
6.885202134318024519e-06 6.206896551724138078e+01 1.493297354432721519e-39
1.101868228696872571e-05 6.206896551724138078e+01 1.891977925298277797e-39
1.763366666259600269e-05 6.206896551724138078e+01 2.404080627194897331e-39
2.821990795898432944e-05 6.206896551724138078e+01 3.052045596535111432e-39
4.516152088225483291e-05 6.206896551724138078e+01 3.882227629542360267e-39
7.227390576052543814e-05 6.206896551724138078e+01 4.929968153307776350e-39
1.156630102759399639e-04 6.206896551724138078e+01 6.296329868993941815e-39
1.851004426192079139e-04 6.206896551724138078e+01 8.006147044620212386e-39
2.962241236509979034e-04 6.206896551724138078e+01 1.023604203125918216e-38
4.740600843041748585e-04 6.206896551724138078e+01 1.313535658213637939e-38
7.586585479960928930e-04 6.206896551724138078e+01 1.686983282184576127e-38
1.214113593411583498e-03 6.206896551724138078e+01 2.170744988084135828e-38
1.942997705094575084e-03 6.206896551724138078e+01 2.808305213219353190e-38
3.109461999675490387e-03 6.206896551724138078e+01 3.632876841809272488e-38
4.976204501978695287e-03 6.206896551724138078e+01 4.680147332614579596e-38
7.963632052135486902e-03 6.206896551724138078e+01 6.017903087653037324e-38
1.274453962584979998e-02 6.206896551724138078e+01 7.668306145988717948e-38
2.039562968398339268e-02 6.206896551724138078e+01 9.645893839885067982e-38
3.263999504246087313e-02 6.206896551724138078e+01 1.194040263877079707e-37
5.223517453881312139e-02 6.206896551724138078e+01 1.472278623229002039e-37
8.359417504661961762e-02 6.206896551724138078e+01 1.842588867261583723e-37
1.337793194609219194e-01 6.206896551724138078e+01 2.451928786779890858e-37
2.140927439674647770e-01 6.206896551724138078e+01 3.742161015913264811e-37
3.426217385782667768e-01 6.206896551724138078e+01 6.975549159940149347e-37
5.483121640228668658e-01 6.206896551724138078e+01 1.449693223690504420e-35
8.774873143280167431e-01 6.206896551724138078e+01 0.000000000000000000e+00
9.999999999999999547e-08 6.827586206896552312e+01 1.875012680037602205e-40
1.600342600262689326e-07 6.827586206896552312e+01 2.378492079931611226e-40
2.561096438215545771e-07 6.827586206896552312e+01 3.005083528085192114e-40
4.098631733457386934e-07 6.827586206896552312e+01 3.807141925943550853e-40
6.559214965840368274e-07 6.827586206896552312e+01 4.814377830484430889e-40
1.049699113411492147e-06 6.827586206896552312e+01 6.099077243640818014e-40
1.679878208650386985e-06 6.827586206896552312e+01 7.708792719576775912e-40
2.688380660556188622e-06 6.827586206896552312e+01 9.796336633754487962e-40
4.302330096810426079e-06 6.827586206896552312e+01 1.237159150068982860e-39
6.885202134318024519e-06 6.827586206896552312e+01 1.566351871907228106e-39
1.101868228696872571e-05 6.827586206896552312e+01 1.983673314999339494e-39
1.763366666259600269e-05 6.827586206896552312e+01 2.517720791592087516e-39
2.821990795898432944e-05 6.827586206896552312e+01 3.199613588137251116e-39
4.516152088225483291e-05 6.827586206896552312e+01 4.055208294565767101e-39
7.227390576052543814e-05 6.827586206896552312e+01 5.156351799724785122e-39
1.156630102759399639e-04 6.827586206896552312e+01 6.564617877814367094e-39
1.851004426192079139e-04 6.827586206896552312e+01 8.339882720273519669e-39
2.962241236509979034e-04 6.827586206896552312e+01 1.062155021813537546e-38
4.740600843041748585e-04 6.827586206896552312e+01 1.356867841559097036e-38
7.586585479960928930e-04 6.827586206896552312e+01 1.737443493715122353e-38
1.214113593411583498e-03 6.827586206896552312e+01 2.228701852567401728e-38
1.942997705094575084e-03 6.827586206896552312e+01 2.853818764536359126e-38
3.109461999675490387e-03 6.827586206896552312e+01 3.644015977517354188e-38
4.976204501978695287e-03 6.827586206896552312e+01 4.651470591935080372e-38
7.963632052135486902e-03 6.827586206896552312e+01 5.895634677175992055e-38
1.274453962584979998e-02 6.827586206896552312e+01 7.390857690747970641e-38
2.039562968398339268e-02 6.827586206896552312e+01 9.125680662200105058e-38
3.263999504246087313e-02 6.827586206896552312e+01 1.110468123860354219e-37
5.223517453881312139e-02 6.827586206896552312e+01 1.350042683930358010e-37
8.359417504661961762e-02 6.827586206896552312e+01 1.678599588876044493e-37
1.337793194609219194e-01 6.827586206896552312e+01 2.225609982688037939e-37
2.140927439674647770e-01 6.827586206896552312e+01 3.397192906997451772e-37
3.426217385782667768e-01 6.827586206896552312e+01 7.382222766021496909e-37
5.483121640228668658e-01 6.827586206896552312e+01 9.255839367067616999e-36
8.774873143280167431e-01 6.827586206896552312e+01 0.000000000000000000e+00
9.999999999999999547e-08 7.448275862068965125e+01 1.943701195107631547e-40
1.600342600262689326e-07 7.448275862068965125e+01 2.457442619756443755e-40
2.561096438215545771e-07 7.448275862068965125e+01 3.112896584904323787e-40
4.098631733457386934e-07 7.448275862068965125e+01 3.947128279967309464e-40
6.559214965840368274e-07 7.448275862068965125e+01 4.982191982999873345e-40
1.049699113411492147e-06 7.448275862068965125e+01 6.316766107590653319e-40
1.679878208650386985e-06 7.448275862068965125e+01 7.977626770498436076e-40
2.688380660556188622e-06 7.448275862068965125e+01 1.011723965974747626e-39
4.302330096810426079e-06 7.448275862068965125e+01 1.285129201816393993e-39
6.885202134318024519e-06 7.448275862068965125e+01 1.624864265314432913e-39
1.101868228696872571e-05 7.448275862068965125e+01 2.058521461483845951e-39
1.763366666259600269e-05 7.448275862068965125e+01 2.596056949481908255e-39
2.821990795898432944e-05 7.448275862068965125e+01 3.305094216628814947e-39
4.516152088225483291e-05 7.448275862068965125e+01 4.181193352035170857e-39
7.227390576052543814e-05 7.448275862068965125e+01 5.311110356087772182e-39
1.156630102759399639e-04 7.448275862068965125e+01 6.751553406305218434e-39
1.851004426192079139e-04 7.448275862068965125e+01 8.554703871453751331e-39
2.962241236509979034e-04 7.448275862068965125e+01 1.087029431339107667e-38
4.740600843041748585e-04 7.448275862068965125e+01 1.386743120206491291e-38
7.586585479960928930e-04 7.448275862068965125e+01 1.766409199078048315e-38
1.214113593411583498e-03 7.448275862068965125e+01 2.247141153546218811e-38
1.942997705094575084e-03 7.448275862068965125e+01 2.854406290288195812e-38
3.109461999675490387e-03 7.448275862068965125e+01 3.621447410460924562e-38
4.976204501978695287e-03 7.448275862068965125e+01 4.576785839384686845e-38
7.963632052135486902e-03 7.448275862068965125e+01 5.716731686711845782e-38
1.274453962584979998e-02 7.448275862068965125e+01 7.054810100897455751e-38
2.039562968398339268e-02 7.448275862068965125e+01 8.604619015890347494e-38
3.263999504246087313e-02 7.448275862068965125e+01 1.031283984336339855e-37
5.223517453881312139e-02 7.448275862068965125e+01 1.240777130411932388e-37
8.359417504661961762e-02 7.448275862068965125e+01 1.529020687506178910e-37
1.337793194609219194e-01 7.448275862068965125e+01 2.017819572646775934e-37
2.140927439674647770e-01 7.448275862068965125e+01 3.086310359119259510e-37
3.426217385782667768e-01 7.448275862068965125e+01 1.125929055741689057e-36
5.483121640228668658e-01 7.448275862068965125e+01 5.057727374783804383e-36
8.774873143280167431e-01 7.448275862068965125e+01 0.000000000000000000e+00
9.999999999999999547e-08 8.068965517241380780e+01 1.996561898464257062e-40
1.600342600262689326e-07 8.068965517241380780e+01 2.525498284916686722e-40
2.561096438215545771e-07 8.068965517241380780e+01 3.184157187941869160e-40
4.098631733457386934e-07 8.068965517241380780e+01 4.039952661396937901e-40
6.559214965840368274e-07 8.068965517241380780e+01 5.117380783182568509e-40
1.049699113411492147e-06 8.068965517241380780e+01 6.462114518481092635e-40
1.679878208650386985e-06 8.068965517241380780e+01 8.177498799482434318e-40
2.688380660556188622e-06 8.068965517241380780e+01 1.036056674601715036e-39
4.302330096810426079e-06 8.068965517241380780e+01 1.308146273924745462e-39
6.885202134318024519e-06 8.068965517241380780e+01 1.656311640842154232e-39
1.101868228696872571e-05 8.068965517241380780e+01 2.100661680430402725e-39
1.763366666259600269e-05 8.068965517241380780e+01 2.659916504072120128e-39
2.821990795898432944e-05 8.068965517241380780e+01 3.365655717450240810e-39
4.516152088225483291e-05 8.068965517241380780e+01 4.261731233280937580e-39
7.227390576052543814e-05 8.068965517241380780e+01 5.398159923923812180e-39
1.156630102759399639e-04 8.068965517241380780e+01 6.846948672083930131e-39
1.851004426192079139e-04 8.068965517241380780e+01 8.681815779991153805e-39
2.962241236509979034e-04 8.068965517241380780e+01 1.100868699229779722e-38
4.740600843041748585e-04 8.068965517241380780e+01 1.398192027075878278e-38
7.586585479960928930e-04 8.068965517241380780e+01 1.771336613876046492e-38
1.214113593411583498e-03 8.068965517241380780e+01 2.237737072874063960e-38
1.942997705094575084e-03 8.068965517241380780e+01 2.826489430329416224e-38
3.109461999675490387e-03 8.068965517241380780e+01 3.558902876357109432e-38
4.976204501978695287e-03 8.068965517241380780e+01 4.425311296955970947e-38
7.963632052135486902e-03 8.068965517241380780e+01 5.499106710773228331e-38
1.274453962584979998e-02 8.068965517241380780e+01 6.679356685837638304e-38
2.039562968398339268e-02 8.068965517241380780e+01 8.032285008467383536e-38
3.263999504246087313e-02 8.068965517241380780e+01 9.535823695174389680e-38
5.223517453881312139e-02 8.068965517241380780e+01 1.137806525774925940e-37
8.359417504661961762e-02 8.068965517241380780e+01 1.392472916005282793e-37
1.337793194609219194e-01 8.068965517241380780e+01 1.836223016695366662e-37
2.140927439674647770e-01 8.068965517241380780e+01 2.781942032733666102e-37
3.426217385782667768e-01 8.068965517241380780e+01 1.918510019417619842e-36
5.483121640228668658e-01 8.068965517241380780e+01 2.375799782128096346e-36
8.774873143280167431e-01 8.068965517241380780e+01 0.000000000000000000e+00
9.999999999999999547e-08 8.689655172413793593e+01 2.014248315302521909e-40
1.600342600262689326e-07 8.689655172413793593e+01 2.550232299686493551e-40
2.561096438215545771e-07 8.689655172413793593e+01 3.229954054097143993e-40
4.098631733457386934e-07 8.689655172413793593e+01 4.082397895867489537e-40
6.559214965840368274e-07 8.689655172413793593e+01 5.164603589566624314e-40
1.049699113411492147e-06 8.689655172413793593e+01 6.539344039544623148e-40
1.679878208650386985e-06 8.689655172413793593e+01 8.265820306978536649e-40
2.688380660556188622e-06 8.689655172413793593e+01 1.047615883299346554e-39
4.302330096810426079e-06 8.689655172413793593e+01 1.325132837508209642e-39
6.885202134318024519e-06 8.689655172413793593e+01 1.676192837044558902e-39
1.101868228696872571e-05 8.689655172413793593e+01 2.115784433246848035e-39
1.763366666259600269e-05 8.689655172413793593e+01 2.677466038635273933e-39
2.821990795898432944e-05 8.689655172413793593e+01 3.385170100854352846e-39
4.516152088225483291e-05 8.689655172413793593e+01 4.297267407862483587e-39
7.227390576052543814e-05 8.689655172413793593e+01 5.426864675700615965e-39
1.156630102759399639e-04 8.689655172413793593e+01 6.869510530369407385e-39
1.851004426192079139e-04 8.689655172413793593e+01 8.697782086864831854e-39
2.962241236509979034e-04 8.689655172413793593e+01 1.097508981461625657e-38
4.740600843041748585e-04 8.689655172413793593e+01 1.388995372068366074e-38
7.586585479960928930e-04 8.689655172413793593e+01 1.752096443202463357e-38
1.214113593411583498e-03 8.689655172413793593e+01 2.203381267807576334e-38
1.942997705094575084e-03 8.689655172413793593e+01 2.766563103434677684e-38
3.109461999675490387e-03 8.689655172413793593e+01 3.448034086699079660e-38
4.976204501978695287e-03 8.689655172413793593e+01 4.258388831234778639e-38
7.963632052135486902e-03 8.689655172413793593e+01 5.230089436498893712e-38
1.274453962584979998e-02 8.689655172413793593e+01 6.289468543244442241e-38
2.039562968398339268e-02 8.689655172413793593e+01 7.479150424237451404e-38
3.263999504246087313e-02 8.689655172413793593e+01 8.789457853570976901e-38
5.223517453881312139e-02 8.689655172413793593e+01 1.040586998046622512e-37
8.359417504661961762e-02 8.689655172413793593e+01 1.271236439003445773e-37
1.337793194609219194e-01 8.689655172413793593e+01 1.674933243625469008e-37
2.140927439674647770e-01 8.689655172413793593e+01 2.486453299612170167e-37
3.426217385782667768e-01 8.689655172413793593e+01 2.822680646868251436e-36
5.483121640228668658e-01 8.689655172413793593e+01 7.726112996830393306e-37
8.774873143280167431e-01 8.689655172413793593e+01 0.000000000000000000e+00
9.999999999999999547e-08 9.310344827586206407e+01 2.013194102670761790e-40
1.600342600262689326e-07 9.310344827586206407e+01 2.546825657062118702e-40
2.561096438215545771e-07 9.310344827586206407e+01 3.234694428745849977e-40
4.098631733457386934e-07 9.310344827586206407e+01 4.087743092940040498e-40
6.559214965840368274e-07 9.310344827586206407e+01 5.157496796910837820e-40
1.049699113411492147e-06 9.310344827586206407e+01 6.535764071216185047e-40
1.679878208650386985e-06 9.310344827586206407e+01 8.247952833826367636e-40
2.688380660556188622e-06 9.310344827586206407e+01 1.044113923114647621e-39
4.302330096810426079e-06 9.310344827586206407e+01 1.323490742703102654e-39
6.885202134318024519e-06 9.310344827586206407e+01 1.671273135468300751e-39
1.101868228696872571e-05 9.310344827586206407e+01 2.117191398672358000e-39
1.763366666259600269e-05 9.310344827586206407e+01 2.673324230482507528e-39
2.821990795898432944e-05 9.310344827586206407e+01 3.374408417201338379e-39
4.516152088225483291e-05 9.310344827586206407e+01 4.282928592070603253e-39
7.227390576052543814e-05 9.310344827586206407e+01 5.391926272724201935e-39
1.156630102759399639e-04 9.310344827586206407e+01 6.812194651081367944e-39
1.851004426192079139e-04 9.310344827586206407e+01 8.592128826740489815e-39
2.962241236509979034e-04 9.310344827586206407e+01 1.085457248097238223e-38
4.740600843041748585e-04 9.310344827586206407e+01 1.365948034180143856e-38
7.586585479960928930e-04 9.310344827586206407e+01 1.714438621865853586e-38
1.214113593411583498e-03 9.310344827586206407e+01 2.149863982623889875e-38
1.942997705094575084e-03 9.310344827586206407e+01 2.681403280684205041e-38
3.109461999675490387e-03 9.310344827586206407e+01 3.316845899481446902e-38
4.976204501978695287e-03 9.310344827586206407e+01 4.066992633338258976e-38
7.963632052135486902e-03 9.310344827586206407e+01 4.917452105918098665e-38
1.274453962584979998e-02 9.310344827586206407e+01 5.874804892685106215e-38
2.039562968398339268e-02 9.310344827586206407e+01 6.914902451656147078e-38
3.263999504246087313e-02 9.310344827586206407e+01 8.078082757862155046e-38
5.223517453881312139e-02 9.310344827586206407e+01 9.483592928387950640e-38
8.359417504661961762e-02 9.310344827586206407e+01 1.156061438392936583e-37
1.337793194609219194e-01 9.310344827586206407e+01 1.526420850490107705e-37
2.140927439674647770e-01 9.310344827586206407e+01 2.214656112192868599e-37
3.426217385782667768e-01 9.310344827586206407e+01 3.290015663949102289e-36
5.483121640228668658e-01 9.310344827586206407e+01 1.705828182027116988e-37
8.774873143280167431e-01 9.310344827586206407e+01 0.000000000000000000e+00
9.999999999999999547e-08 9.931034482758620641e+01 1.990759863343358059e-40
1.600342600262689326e-07 9.931034482758620641e+01 2.517312935756282381e-40
2.561096438215545771e-07 9.931034482758620641e+01 3.189088488462964832e-40
4.098631733457386934e-07 9.931034482758620641e+01 4.032966935913650433e-40
6.559214965840368274e-07 9.931034482758620641e+01 5.103868797595697651e-40
1.049699113411492147e-06 9.931034482758620641e+01 6.462715534537516745e-40
1.679878208650386985e-06 9.931034482758620641e+01 8.157885898757150701e-40
2.688380660556188622e-06 9.931034482758620641e+01 1.031079322839310451e-39
4.302330096810426079e-06 9.931034482758620641e+01 1.306492282136940927e-39
6.885202134318024519e-06 9.931034482758620641e+01 1.646485466626820055e-39
1.101868228696872571e-05 9.931034482758620641e+01 2.083502777533161799e-39
1.763366666259600269e-05 9.931034482758620641e+01 2.634448724201008247e-39
2.821990795898432944e-05 9.931034482758620641e+01 3.318269715691472893e-39
4.516152088225483291e-05 9.931034482758620641e+01 4.191627303409669707e-39
7.227390576052543814e-05 9.931034482758620641e+01 5.306850488185763522e-39
1.156630102759399639e-04 9.931034482758620641e+01 6.676794083960072336e-39
1.851004426192079139e-04 9.931034482758620641e+01 8.428553336668118182e-39
2.962241236509979034e-04 9.931034482758620641e+01 1.055288414632675877e-38
4.740600843041748585e-04 9.931034482758620641e+01 1.328849352840452215e-38
7.586585479960928930e-04 9.931034482758620641e+01 1.657634242820468488e-38
1.214113593411583498e-03 9.931034482758620641e+01 2.070509747874529069e-38
1.942997705094575084e-03 9.931034482758620641e+01 2.564044396380928929e-38
3.109461999675490387e-03 9.931034482758620641e+01 3.148154917142353923e-38
4.976204501978695287e-03 9.931034482758620641e+01 3.838825888160089676e-38
7.963632052135486902e-03 9.931034482758620641e+01 4.607914092747297736e-38
1.274453962584979998e-02 9.931034482758620641e+01 5.431054670443020716e-38
2.039562968398339268e-02 9.931034482758620641e+01 6.366808277130143719e-38
3.263999504246087313e-02 9.931034482758620641e+01 7.382899654293575985e-38
5.223517453881312139e-02 9.931034482758620641e+01 8.621577396023998994e-38
8.359417504661961762e-02 9.931034482758620641e+01 1.050916754270074607e-37
1.337793194609219194e-01 9.931034482758620641e+01 1.394815899692329319e-37
2.140927439674647770e-01 9.931034482758620641e+01 2.014367698964271891e-37
3.426217385782667768e-01 9.931034482758620641e+01 3.091609624836899036e-36
5.483121640228668658e-01 9.931034482758620641e+01 2.715144578726521945e-38
8.774873143280167431e-01 9.931034482758620641e+01 0.000000000000000000e+00
9.999999999999999547e-08 1.055172413793103630e+02 1.941207169245226052e-40
1.600342600262689326e-07 1.055172413793103630e+02 2.464331891677971847e-40
2.561096438215545771e-07 1.055172413793103630e+02 3.105681157416849832e-40
4.098631733457386934e-07 1.055172413793103630e+02 3.933740745613165189e-40
6.559214965840368274e-07 1.055172413793103630e+02 4.981545349411392339e-40
1.049699113411492147e-06 1.055172413793103630e+02 6.294124075562221923e-40
1.679878208650386985e-06 1.055172413793103630e+02 7.933776074562045180e-40
2.688380660556188622e-06 1.055172413793103630e+02 1.005514067836335316e-39
4.302330096810426079e-06 1.055172413793103630e+02 1.270077117299798226e-39
6.885202134318024519e-06 1.055172413793103630e+02 1.603931181952332703e-39
1.101868228696872571e-05 1.055172413793103630e+02 2.027922371749445426e-39
1.763366666259600269e-05 1.055172413793103630e+02 2.561660660319643459e-39
2.821990795898432944e-05 1.055172413793103630e+02 3.230016589509222078e-39
4.516152088225483291e-05 1.055172413793103630e+02 4.079433360251189446e-39
7.227390576052543814e-05 1.055172413793103630e+02 5.139078524758048016e-39
1.156630102759399639e-04 1.055172413793103630e+02 6.462949727040883812e-39
1.851004426192079139e-04 1.055172413793103630e+02 8.135440937016927524e-39
2.962241236509979034e-04 1.055172413793103630e+02 1.019365229850203417e-38
4.740600843041748585e-04 1.055172413793103630e+02 1.276453002497014488e-38
7.586585479960928930e-04 1.055172413793103630e+02 1.593156905928359169e-38
1.214113593411583498e-03 1.055172413793103630e+02 1.971581108784860989e-38
1.942997705094575084e-03 1.055172413793103630e+02 2.428258286113229279e-38
3.109461999675490387e-03 1.055172413793103630e+02 2.969230501208182042e-38
4.976204501978695287e-03 1.055172413793103630e+02 3.584696899142434107e-38
7.963632052135486902e-03 1.055172413793103630e+02 4.264860458146690102e-38
1.274453962584979998e-02 1.055172413793103630e+02 5.013132326556968755e-38
2.039562968398339268e-02 1.055172413793103630e+02 5.807700721372534013e-38
3.263999504246087313e-02 1.055172413793103630e+02 6.715628465921115395e-38
5.223517453881312139e-02 1.055172413793103630e+02 7.819603264887976285e-38
8.359417504661961762e-02 1.055172413793103630e+02 9.492459284940364177e-38
1.337793194609219194e-01 1.055172413793103630e+02 1.258381996584071344e-37
2.140927439674647770e-01 1.055172413793103630e+02 2.066893275982922744e-37
3.426217385782667768e-01 1.055172413793103630e+02 2.572115690854807792e-36
5.483121640228668658e-01 1.055172413793103630e+02 4.588293852747479757e-39
8.774873143280167431e-01 1.055172413793103630e+02 0.000000000000000000e+00
9.999999999999999547e-08 1.117241379310344911e+02 1.872632696268249474e-40
1.600342600262689326e-07 1.117241379310344911e+02 2.370718873849799877e-40
2.561096438215545771e-07 1.117241379310344911e+02 2.998292659624476732e-40
4.098631733457386934e-07 1.117241379310344911e+02 3.794180841082028423e-40
6.559214965840368274e-07 1.117241379310344911e+02 4.793953388084770004e-40
1.049699113411492147e-06 1.117241379310344911e+02 6.056373309217865704e-40
1.679878208650386985e-06 1.117241379310344911e+02 7.685672713996462351e-40
2.688380660556188622e-06 1.117241379310344911e+02 9.666138083910217272e-40
4.302330096810426079e-06 1.117241379310344911e+02 1.225134700227256135e-39
6.885202134318024519e-06 1.117241379310344911e+02 1.546452553979100300e-39
1.101868228696872571e-05 1.117241379310344911e+02 1.944436631405702483e-39
1.763366666259600269e-05 1.117241379310344911e+02 2.471454836128312513e-39
2.821990795898432944e-05 1.117241379310344911e+02 3.106968816398526236e-39
4.516152088225483291e-05 1.117241379310344911e+02 3.904835923978614698e-39
7.227390576052543814e-05 1.117241379310344911e+02 4.920805217753890225e-39
1.156630102759399639e-04 1.117241379310344911e+02 6.188264645510227450e-39
1.851004426192079139e-04 1.117241379310344911e+02 7.765616959032708700e-39
2.962241236509979034e-04 1.117241379310344911e+02 9.722538641300791071e-39
4.740600843041748585e-04 1.117241379310344911e+02 1.212684185512977790e-38
7.586585479960928930e-04 1.117241379310344911e+02 1.505210959101637190e-38
1.214113593411583498e-03 1.117241379310344911e+02 1.858846222766153412e-38
1.942997705094575084e-03 1.117241379310344911e+02 2.275563550087197823e-38
3.109461999675490387e-03 1.117241379310344911e+02 2.771784890077645737e-38
4.976204501978695287e-03 1.117241379310344911e+02 3.316986789208793192e-38
7.963632052135486902e-03 1.117241379310344911e+02 3.924031049549867946e-38
1.274453962584979998e-02 1.117241379310344911e+02 4.573305622129835116e-38
2.039562968398339268e-02 1.117241379310344911e+02 5.290610446515100044e-38
3.263999504246087313e-02 1.117241379310344911e+02 6.083070516590039939e-38
5.223517453881312139e-02 1.117241379310344911e+02 7.072017922495902386e-38
8.359417504661961762e-02 1.117241379310344911e+02 8.571952175764036557e-38
1.337793194609219194e-01 1.117241379310344911e+02 1.136707366076574733e-37
2.140927439674647770e-01 1.117241379310344911e+02 2.400096967439983686e-37
3.426217385782667768e-01 1.117241379310344911e+02 2.038756282628775265e-36
5.483121640228668658e-01 1.117241379310344911e+02 1.672166440710908503e-39
8.774873143280167431e-01 1.117241379310344911e+02 0.000000000000000000e+00
9.999999999999999547e-08 1.179310344827586192e+02 1.780728852116002024e-40
1.600342600262689326e-07 1.179310344827586192e+02 2.253297877361935568e-40
2.561096438215545771e-07 1.179310344827586192e+02 2.845891789486071446e-40
4.098631733457386934e-07 1.179310344827586192e+02 3.605495503141270392e-40
6.559214965840368274e-07 1.179310344827586192e+02 4.556517986648581432e-40
1.049699113411492147e-06 1.179310344827586192e+02 5.763036187744939489e-40
1.679878208650386985e-06 1.179310344827586192e+02 7.275117333366925791e-40
2.688380660556188622e-06 1.179310344827586192e+02 9.208079414802043488e-40
4.302330096810426079e-06 1.179310344827586192e+02 1.162090557820535310e-39
6.885202134318024519e-06 1.179310344827586192e+02 1.469198739248212710e-39
1.101868228696872571e-05 1.179310344827586192e+02 1.852037447140644148e-39
1.763366666259600269e-05 1.179310344827586192e+02 2.337962342785825958e-39
2.821990795898432944e-05 1.179310344827586192e+02 2.942178357340109806e-39
4.516152088225483291e-05 1.179310344827586192e+02 3.708295282145677521e-39
7.227390576052543814e-05 1.179310344827586192e+02 4.666938635628515978e-39
1.156630102759399639e-04 1.179310344827586192e+02 5.843374157897686555e-39
1.851004426192079139e-04 1.179310344827586192e+02 7.324196709447163333e-39
2.962241236509979034e-04 1.179310344827586192e+02 9.135494035091916482e-39
4.740600843041748585e-04 1.179310344827586192e+02 1.137024835714427634e-38
7.586585479960928930e-04 1.179310344827586192e+02 1.406893172226785389e-38
1.214113593411583498e-03 1.179310344827586192e+02 1.730766235258429268e-38
1.942997705094575084e-03 1.179310344827586192e+02 2.110439429228895512e-38
3.109461999675490387e-03 1.179310344827586192e+02 2.548907677372181351e-38
4.976204501978695287e-03 1.179310344827586192e+02 3.037172029396618915e-38
7.963632052135486902e-03 1.179310344827586192e+02 3.575922354270473032e-38
1.274453962584979998e-02 1.179310344827586192e+02 4.154007335729678750e-38
2.039562968398339268e-02 1.179310344827586192e+02 4.766823696568934923e-38
3.263999504246087313e-02 1.179310344827586192e+02 5.465063821425677837e-38
5.223517453881312139e-02 1.179310344827586192e+02 6.345119051392102132e-38
8.359417504661961762e-02 1.179310344827586192e+02 7.696028424789597452e-38
1.337793194609219194e-01 1.179310344827586192e+02 1.008433160753348490e-37
2.140927439674647770e-01 1.179310344827586192e+02 2.942482971736867501e-37
3.426217385782667768e-01 1.179310344827586192e+02 1.560197686267485473e-36
5.483121640228668658e-01 1.179310344827586192e+02 6.160614546122768001e-40
8.774873143280167431e-01 1.179310344827586192e+02 0.000000000000000000e+00
9.999999999999999547e-08 1.241379310344827616e+02 1.670951476831941250e-40
1.600342600262689326e-07 1.241379310344827616e+02 2.112038104716133700e-40
2.561096438215545771e-07 1.241379310344827616e+02 2.669305687773500271e-40
4.098631733457386934e-07 1.241379310344827616e+02 3.377216786015015083e-40
6.559214965840368274e-07 1.241379310344827616e+02 4.273254265731654588e-40
1.049699113411492147e-06 1.241379310344827616e+02 5.394080999741694427e-40
1.679878208650386985e-06 1.241379310344827616e+02 6.818385845079024285e-40
2.688380660556188622e-06 1.241379310344827616e+02 8.615427865076419408e-40
4.302330096810426079e-06 1.241379310344827616e+02 1.088235330217915774e-39
6.885202134318024519e-06 1.241379310344827616e+02 1.369989140930175018e-39
1.101868228696872571e-05 1.241379310344827616e+02 1.732950815075222795e-39
1.763366666259600269e-05 1.241379310344827616e+02 2.183098491797126757e-39
2.821990795898432944e-05 1.241379310344827616e+02 2.745638675873739288e-39
4.516152088225483291e-05 1.241379310344827616e+02 3.453267817928421424e-39
7.227390576052543814e-05 1.241379310344827616e+02 4.333897385320638872e-39
1.156630102759399639e-04 1.241379310344827616e+02 5.435727656177411117e-39
1.851004426192079139e-04 1.241379310344827616e+02 6.806325301046735024e-39
2.962241236509979034e-04 1.241379310344827616e+02 8.491838987650474489e-39
4.740600843041748585e-04 1.241379310344827616e+02 1.052364100205188102e-38
7.586585479960928930e-04 1.241379310344827616e+02 1.296914127904296874e-38
1.214113593411583498e-03 1.241379310344827616e+02 1.588415449485805329e-38
1.942997705094575084e-03 1.241379310344827616e+02 1.926824607064431679e-38
3.109461999675490387e-03 1.241379310344827616e+02 2.319488760140640491e-38
4.976204501978695287e-03 1.241379310344827616e+02 2.754893096225129870e-38
7.963632052135486902e-03 1.241379310344827616e+02 3.223099566109111937e-38
1.274453962584979998e-02 1.241379310344827616e+02 3.725979553944752242e-38
2.039562968398339268e-02 1.241379310344827616e+02 4.264907479241886036e-38
3.263999504246087313e-02 1.241379310344827616e+02 4.853353509408043870e-38
5.223517453881312139e-02 1.241379310344827616e+02 5.629585859790558038e-38
8.359417504661961762e-02 1.241379310344827616e+02 6.825511790237078920e-38
1.337793194609219194e-01 1.241379310344827616e+02 8.975860720074878005e-38
2.140927439674647770e-01 1.241379310344827616e+02 3.593457962846394181e-37
3.426217385782667768e-01 1.241379310344827616e+02 1.156087377696053936e-36
5.483121640228668658e-01 1.241379310344827616e+02 2.309048936682792648e-40
8.774873143280167431e-01 1.241379310344827616e+02 0.000000000000000000e+00
9.999999999999999547e-08 1.303448275862068897e+02 1.534755304203042114e-40
1.600342600262689326e-07 1.303448275862068897e+02 1.942648355696685214e-40
2.561096438215545771e-07 1.303448275862068897e+02 2.454069208504945349e-40
4.098631733457386934e-07 1.303448275862068897e+02 3.100699597064405659e-40
6.559214965840368274e-07 1.303448275862068897e+02 3.928810016493278623e-40
1.049699113411492147e-06 1.303448275862068897e+02 4.966983531431174214e-40
1.679878208650386985e-06 1.303448275862068897e+02 6.263970254370828673e-40
2.688380660556188622e-06 1.303448275862068897e+02 7.938202525892208389e-40
4.302330096810426079e-06 1.303448275862068897e+02 1.002024044103892005e-39
6.885202134318024519e-06 1.303448275862068897e+02 1.260708467342248405e-39
1.101868228696872571e-05 1.303448275862068897e+02 1.590509552240595101e-39
1.763366666259600269e-05 1.303448275862068897e+02 2.006548265131525090e-39
2.821990795898432944e-05 1.303448275862068897e+02 2.523255282984771273e-39
4.516152088225483291e-05 1.303448275862068897e+02 3.168909962025353869e-39
7.227390576052543814e-05 1.303448275862068897e+02 3.974750561088136527e-39
1.156630102759399639e-04 1.303448275862068897e+02 4.968061979761416131e-39
1.851004426192079139e-04 1.303448275862068897e+02 6.210360502427859617e-39
2.962241236509979034e-04 1.303448275862068897e+02 7.727908869903472483e-39
4.740600843041748585e-04 1.303448275862068897e+02 9.566298770881279353e-39
7.586585479960928930e-04 1.303448275862068897e+02 1.175097691292529440e-38
1.214113593411583498e-03 1.303448275862068897e+02 1.433530016869234040e-38
1.942997705094575084e-03 1.303448275862068897e+02 1.738362307595011628e-38
3.109461999675490387e-03 1.303448275862068897e+02 2.086999927742072786e-38
4.976204501978695287e-03 1.303448275862068897e+02 2.461014249966282304e-38
7.963632052135486902e-03 1.303448275862068897e+02 2.865235662580089703e-38
1.274453962584979998e-02 1.303448275862068897e+02 3.296076862529511941e-38
2.039562968398339268e-02 1.303448275862068897e+02 3.756393864853535042e-38
3.263999504246087313e-02 1.303448275862068897e+02 4.269202495612144049e-38
5.223517453881312139e-02 1.303448275862068897e+02 4.952117701442884758e-38
8.359417504661961762e-02 1.303448275862068897e+02 6.010331352766181784e-38
1.337793194609219194e-01 1.303448275862068897e+02 7.803312414134888198e-38
2.140927439674647770e-01 1.303448275862068897e+02 4.203737018908460218e-37
3.426217385782667768e-01 1.303448275862068897e+02 8.344325397495435300e-37
5.483121640228668658e-01 1.303448275862068897e+02 8.894620536813350809e-41
8.774873143280167431e-01 1.303448275862068897e+02 0.000000000000000000e+00
9.999999999999999547e-08 1.365517241379310462e+02 1.389350659417733848e-40
1.600342600262689326e-07 1.365517241379310462e+02 1.755678887848606129e-40
2.561096438215545771e-07 1.365517241379310462e+02 2.218665052911730350e-40
4.098631733457386934e-07 1.365517241379310462e+02 2.799705739881258720e-40
6.559214965840368274e-07 1.365517241379310462e+02 3.536964487969408696e-40
1.049699113411492147e-06 1.365517241379310462e+02 4.475763760985531825e-40
1.679878208650386985e-06 1.365517241379310462e+02 5.656301406042015550e-40
2.688380660556188622e-06 1.365517241379310462e+02 7.145793040436855805e-40
4.302330096810426079e-06 1.365517241379310462e+02 8.992123777562587691e-40
6.885202134318024519e-06 1.365517241379310462e+02 1.134885916138719516e-39
1.101868228696872571e-05 1.365517241379310462e+02 1.430737190273333590e-39
1.763366666259600269e-05 1.365517241379310462e+02 1.805293139172175199e-39
2.821990795898432944e-05 1.365517241379310462e+02 2.271625018349394156e-39
4.516152088225483291e-05 1.365517241379310462e+02 2.846484713655050899e-39
7.227390576052543814e-05 1.365517241379310462e+02 3.573767632007247750e-39
1.156630102759399639e-04 1.365517241379310462e+02 4.469096487838546756e-39
1.851004426192079139e-04 1.365517241379310462e+02 5.560504106321282636e-39
2.962241236509979034e-04 1.365517241379310462e+02 6.901949829951782138e-39
4.740600843041748585e-04 1.365517241379310462e+02 8.526427239491326449e-39
7.586585479960928930e-04 1.365517241379310462e+02 1.045733428904785377e-38
1.214113593411583498e-03 1.365517241379310462e+02 1.275142409659191305e-38
1.942997705094575084e-03 1.365517241379310462e+02 1.537149714586453406e-38
3.109461999675490387e-03 1.365517241379310462e+02 1.834862341547567533e-38
4.976204501978695287e-03 1.365517241379310462e+02 2.158138210156986538e-38
7.963632052135486902e-03 1.365517241379310462e+02 2.508377919683648219e-38
1.274453962584979998e-02 1.365517241379310462e+02 2.867277005604256693e-38
2.039562968398339268e-02 1.365517241379310462e+02 3.271104919603737767e-38
3.263999504246087313e-02 1.365517241379310462e+02 3.711236704407590176e-38
5.223517453881312139e-02 1.365517241379310462e+02 4.281608861048297336e-38
8.359417504661961762e-02 1.365517241379310462e+02 5.228023811876545644e-38
1.337793194609219194e-01 1.365517241379310462e+02 6.717059146643500264e-38
2.140927439674647770e-01 1.365517241379310462e+02 4.583717395082042208e-37
3.426217385782667768e-01 1.365517241379310462e+02 5.946260885421759955e-37
5.483121640228668658e-01 1.365517241379310462e+02 3.495226108897247385e-41
8.774873143280167431e-01 1.365517241379310462e+02 0.000000000000000000e+00
9.999999999999999547e-08 1.427586206896551744e+02 1.218746893546227111e-40
1.600342600262689326e-07 1.427586206896551744e+02 1.540233524611356219e-40
2.561096438215545771e-07 1.427586206896551744e+02 1.950396011378527454e-40
4.098631733457386934e-07 1.427586206896551744e+02 2.468159760594647367e-40
6.559214965840368274e-07 1.427586206896551744e+02 3.114473014898480564e-40
1.049699113411492147e-06 1.427586206896551744e+02 3.936121714148388199e-40
1.679878208650386985e-06 1.427586206896551744e+02 4.981467745246415256e-40
2.688380660556188622e-06 1.427586206896551744e+02 6.272887517307751244e-40
4.302330096810426079e-06 1.427586206896551744e+02 7.938216183548194569e-40
6.885202134318024519e-06 1.427586206896551744e+02 9.978942168826762235e-40
1.101868228696872571e-05 1.427586206896551744e+02 1.260686897730077578e-39
1.763366666259600269e-05 1.427586206896551744e+02 1.588849487402426914e-39
2.821990795898432944e-05 1.427586206896551744e+02 1.991649649695420163e-39
4.516152088225483291e-05 1.427586206896551744e+02 2.497985848472820277e-39
7.227390576052543814e-05 1.427586206896551744e+02 3.126530116429801425e-39
1.156630102759399639e-04 1.427586206896551744e+02 3.908195084686311987e-39
1.851004426192079139e-04 1.427586206896551744e+02 4.867655001336757409e-39
2.962241236509979034e-04 1.427586206896551744e+02 6.025350808710567515e-39
4.740600843041748585e-04 1.427586206896551744e+02 7.435774911060405012e-39
7.586585479960928930e-04 1.427586206896551744e+02 9.097312260136831898e-39
1.214113593411583498e-03 1.427586206896551744e+02 1.106387537956949981e-38
1.942997705094575084e-03 1.427586206896551744e+02 1.330553636376717436e-38
3.109461999675490387e-03 1.427586206896551744e+02 1.581751424127825302e-38
4.976204501978695287e-03 1.427586206896551744e+02 1.860878933577592575e-38
7.963632052135486902e-03 1.427586206896551744e+02 2.142391902476150189e-38
1.274453962584979998e-02 1.427586206896551744e+02 2.456724704046394713e-38
2.039562968398339268e-02 1.427586206896551744e+02 2.787479062971404756e-38
3.263999504246087313e-02 1.427586206896551744e+02 3.149846480231431034e-38
5.223517453881312139e-02 1.427586206896551744e+02 3.646219974625468958e-38
8.359417504661961762e-02 1.427586206896551744e+02 4.444409608107255463e-38
1.337793194609219194e-01 1.427586206896551744e+02 5.648395200652612358e-38
2.140927439674647770e-01 1.427586206896551744e+02 4.628385904073318774e-37
3.426217385782667768e-01 1.427586206896551744e+02 4.183539376827551971e-37
5.483121640228668658e-01 1.427586206896551744e+02 1.436854330028845529e-41
8.774873143280167431e-01 1.427586206896551744e+02 0.000000000000000000e+00
9.999999999999999547e-08 1.489655172413793025e+02 1.037344422640565048e-40
1.600342600262689326e-07 1.489655172413793025e+02 1.313146959801496015e-40
2.561096438215545771e-07 1.489655172413793025e+02 1.661288031979726522e-40
4.098631733457386934e-07 1.489655172413793025e+02 2.100577831362050773e-40
6.559214965840368274e-07 1.489655172413793025e+02 2.658822599256386831e-40
1.049699113411492147e-06 1.489655172413793025e+02 3.350221616796206421e-40
1.679878208650386985e-06 1.489655172413793025e+02 4.225505057914191221e-40
2.688380660556188622e-06 1.489655172413793025e+02 5.351755669966384955e-40
4.302330096810426079e-06 1.489655172413793025e+02 6.749448077628161880e-40
6.885202134318024519e-06 1.489655172413793025e+02 8.503097896525116327e-40
1.101868228696872571e-05 1.489655172413793025e+02 1.070737920601246066e-39
1.763366666259600269e-05 1.489655172413793025e+02 1.348441494048511087e-39
2.821990795898432944e-05 1.489655172413793025e+02 1.697544571941755255e-39
4.516152088225483291e-05 1.489655172413793025e+02 2.123563045410487732e-39
7.227390576052543814e-05 1.489655172413793025e+02 2.659559786065860794e-39
1.156630102759399639e-04 1.489655172413793025e+02 3.313946801414188382e-39
1.851004426192079139e-04 1.489655172413793025e+02 4.124162953276529763e-39
2.962241236509979034e-04 1.489655172413793025e+02 5.096951461526015611e-39
4.740600843041748585e-04 1.489655172413793025e+02 6.294499231231286485e-39
7.586585479960928930e-04 1.489655172413793025e+02 7.678525226505862821e-39
1.214113593411583498e-03 1.489655172413793025e+02 9.308503667702179666e-39
1.942997705094575084e-03 1.489655172413793025e+02 1.115801758156570093e-38
3.109461999675490387e-03 1.489655172413793025e+02 1.323357652471944260e-38
4.976204501978695287e-03 1.489655172413793025e+02 1.553791813776869445e-38
7.963632052135486902e-03 1.489655172413793025e+02 1.791803136082802321e-38
1.274453962584979998e-02 1.489655172413793025e+02 2.041337689419129297e-38
2.039562968398339268e-02 1.489655172413793025e+02 2.309510177127521865e-38
3.263999504246087313e-02 1.489655172413793025e+02 2.622884322075663391e-38
5.223517453881312139e-02 1.489655172413793025e+02 3.021119884694507856e-38
8.359417504661961762e-02 1.489655172413793025e+02 3.681639209817287186e-38
1.337793194609219194e-01 1.489655172413793025e+02 4.666219156840929939e-38
2.140927439674647770e-01 1.489655172413793025e+02 4.375841128782736112e-37
3.426217385782667768e-01 1.489655172413793025e+02 2.909284770379698261e-37
5.483121640228668658e-01 1.489655172413793025e+02 6.091532184555541489e-42
8.774873143280167431e-01 1.489655172413793025e+02 0.000000000000000000e+00
9.999999999999999547e-08 1.551724137931034591e+02 8.464736905297269372e-41
1.600342600262689326e-07 1.551724137931034591e+02 1.070106354151678693e-40
2.561096438215545771e-07 1.551724137931034591e+02 1.353918335260277298e-40
4.098631733457386934e-07 1.551724137931034591e+02 1.713079105826644535e-40
6.559214965840368274e-07 1.551724137931034591e+02 2.159668043366371316e-40
1.049699113411492147e-06 1.551724137931034591e+02 2.731137109640017325e-40
1.679878208650386985e-06 1.551724137931034591e+02 3.443362814299961521e-40
2.688380660556188622e-06 1.551724137931034591e+02 4.350210560877027018e-40
4.302330096810426079e-06 1.551724137931034591e+02 5.487637183606988575e-40
6.885202134318024519e-06 1.551724137931034591e+02 6.927387322962935833e-40
1.101868228696872571e-05 1.551724137931034591e+02 8.713071752811085341e-40
1.763366666259600269e-05 1.551724137931034591e+02 1.094894095972230302e-39
2.821990795898432944e-05 1.551724137931034591e+02 1.380242528269105842e-39
4.516152088225483291e-05 1.551724137931034591e+02 1.728245555190401030e-39
7.227390576052543814e-05 1.551724137931034591e+02 2.166137297277164571e-39
1.156630102759399639e-04 1.551724137931034591e+02 2.692953226490840101e-39
1.851004426192079139e-04 1.551724137931034591e+02 3.342647212449798726e-39
2.962241236509979034e-04 1.551724137931034591e+02 4.126643991127046899e-39
4.740600843041748585e-04 1.551724137931034591e+02 5.092229778280666299e-39
7.586585479960928930e-04 1.551724137931034591e+02 6.214781739148193368e-39
1.214113593411583498e-03 1.551724137931034591e+02 7.514135638002657855e-39
1.942997705094575084e-03 1.551724137931034591e+02 9.002439960232587392e-39
3.109461999675490387e-03 1.551724137931034591e+02 1.065119510860049931e-38
4.976204501978695287e-03 1.551724137931034591e+02 1.241494286017084741e-38
7.963632052135486902e-03 1.551724137931034591e+02 1.434148088339084856e-38
1.274453962584979998e-02 1.551724137931034591e+02 1.630768771601993628e-38
2.039562968398339268e-02 1.551724137931034591e+02 1.842877330561459678e-38
3.263999504246087313e-02 1.551724137931034591e+02 2.085892645231854442e-38
5.223517453881312139e-02 1.551724137931034591e+02 2.403923077500319897e-38
8.359417504661961762e-02 1.551724137931034591e+02 2.936062547839066306e-38
1.337793194609219194e-01 1.551724137931034591e+02 3.685434240217797145e-38
2.140927439674647770e-01 1.551724137931034591e+02 3.778545120445775104e-37
3.426217385782667768e-01 1.551724137931034591e+02 1.959189542464021268e-37
5.483121640228668658e-01 1.551724137931034591e+02 2.697560244233161747e-42
8.774873143280167431e-01 1.551724137931034591e+02 0.000000000000000000e+00
9.999999999999999547e-08 1.613793103448276156e+02 6.433743993232786143e-41
1.600342600262689326e-07 1.613793103448276156e+02 8.129462311798919108e-41
2.561096438215545771e-07 1.613793103448276156e+02 1.026953836588361451e-40
4.098631733457386934e-07 1.613793103448276156e+02 1.299052947526851873e-40
6.559214965840368274e-07 1.613793103448276156e+02 1.641242297624386369e-40
1.049699113411492147e-06 1.613793103448276156e+02 2.070953881326013750e-40
1.679878208650386985e-06 1.613793103448276156e+02 2.621603724547736722e-40
2.688380660556188622e-06 1.613793103448276156e+02 3.306317134491899944e-40
4.302330096810426079e-06 1.613793103448276156e+02 4.167339437293700680e-40
6.885202134318024519e-06 1.613793103448276156e+02 5.252943205949181754e-40
1.101868228696872571e-05 1.613793103448276156e+02 6.615894354797088538e-40
1.763366666259600269e-05 1.613793103448276156e+02 8.327724604109845272e-40
2.821990795898432944e-05 1.613793103448276156e+02 1.045342813721244699e-39
4.516152088225483291e-05 1.613793103448276156e+02 1.310172155895183896e-39
7.227390576052543814e-05 1.613793103448276156e+02 1.634495294533720950e-39
1.156630102759399639e-04 1.613793103448276156e+02 2.039057504819684386e-39
1.851004426192079139e-04 1.613793103448276156e+02 2.534705819475714084e-39
2.962241236509979034e-04 1.613793103448276156e+02 3.137422776008713588e-39
4.740600843041748585e-04 1.613793103448276156e+02 3.837781260229837254e-39
7.586585479960928930e-04 1.613793103448276156e+02 4.683630080155349683e-39
1.214113593411583498e-03 1.613793103448276156e+02 5.661269136848507977e-39
1.942997705094575084e-03 1.613793103448276156e+02 6.786592405232949161e-39
3.109461999675490387e-03 1.613793103448276156e+02 8.014536631285684542e-39
4.976204501978695287e-03 1.613793103448276156e+02 9.323701343875522723e-39
7.963632052135486902e-03 1.613793103448276156e+02 1.073338874513911230e-38
1.274453962584979998e-02 1.613793103448276156e+02 1.221912126899630849e-38
2.039562968398339268e-02 1.613793103448276156e+02 1.379441455264524824e-38
3.263999504246087313e-02 1.613793103448276156e+02 1.557689368721356886e-38
5.223517453881312139e-02 1.613793103448276156e+02 1.800431344106931469e-38
8.359417504661961762e-02 1.613793103448276156e+02 2.200951992338223048e-38
1.337793194609219194e-01 1.613793103448276156e+02 2.758209796070192327e-38
2.140927439674647770e-01 1.613793103448276156e+02 2.990104898821171462e-37
3.426217385782667768e-01 1.613793103448276156e+02 1.273843524465369710e-37
5.483121640228668658e-01 1.613793103448276156e+02 1.242702095759016721e-42
8.774873143280167431e-01 1.613793103448276156e+02 0.000000000000000000e+00
9.999999999999999547e-08 1.675862068965517437e+02 4.329990023091402158e-41
1.600342600262689326e-07 1.675862068965517437e+02 5.469625499536992964e-41
2.561096438215545771e-07 1.675862068965517437e+02 6.913828354505849979e-41
4.098631733457386934e-07 1.675862068965517437e+02 8.737998682028630845e-41
6.559214965840368274e-07 1.675862068965517437e+02 1.104850644867922592e-40
1.049699113411492147e-06 1.675862068965517437e+02 1.398442842769460963e-40
1.679878208650386985e-06 1.675862068965517437e+02 1.765695747993224567e-40
2.688380660556188622e-06 1.675862068965517437e+02 2.228859749720017244e-40
4.302330096810426079e-06 1.675862068965517437e+02 2.805428947332174834e-40
6.885202134318024519e-06 1.675862068965517437e+02 3.532746100498822748e-40
1.101868228696872571e-05 1.675862068965517437e+02 4.454656514401999536e-40
1.763366666259600269e-05 1.675862068965517437e+02 5.603291396922440576e-40
2.821990795898432944e-05 1.675862068965517437e+02 7.020329385215329079e-40
4.516152088225483291e-05 1.675862068965517437e+02 8.810582842271772276e-40
7.227390576052543814e-05 1.675862068965517437e+02 1.101822060460520364e-39
1.156630102759399639e-04 1.675862068965517437e+02 1.369585748414058654e-39
1.851004426192079139e-04 1.675862068965517437e+02 1.700524828642343714e-39
2.962241236509979034e-04 1.675862068965517437e+02 2.098802089763192495e-39
4.740600843041748585e-04 1.675862068965517437e+02 2.575021316811481051e-39
7.586585479960928930e-04 1.675862068965517437e+02 3.144507867566353030e-39
1.214113593411583498e-03 1.675862068965517437e+02 3.785326576664560402e-39
1.942997705094575084e-03 1.675862068965517437e+02 4.532945722101489968e-39
3.109461999675490387e-03 1.675862068965517437e+02 5.349077466722540947e-39
4.976204501978695287e-03 1.675862068965517437e+02 6.233826968286096730e-39
7.963632052135486902e-03 1.675862068965517437e+02 7.160585673678060196e-39
1.274453962584979998e-02 1.675862068965517437e+02 8.131928298751365951e-39
2.039562968398339268e-02 1.675862068965517437e+02 9.165979685605399096e-39
3.263999504246087313e-02 1.675862068965517437e+02 1.037221147268054930e-38
5.223517453881312139e-02 1.675862068965517437e+02 1.190748640299767019e-38
8.359417504661961762e-02 1.675862068965517437e+02 1.462095383866343583e-38
1.337793194609219194e-01 1.675862068965517437e+02 1.829482742954181567e-38
2.140927439674647770e-01 1.675862068965517437e+02 2.054630646255015800e-37
3.426217385782667768e-01 1.675862068965517437e+02 7.521862400263220834e-38
5.483121640228668658e-01 1.675862068965517437e+02 5.713049379842798374e-43
8.774873143280167431e-01 1.675862068965517437e+02 0.000000000000000000e+00
9.999999999999999547e-08 1.737931034482758719e+02 2.181962033662742612e-41
1.600342600262689326e-07 1.737931034482758719e+02 2.748700504518586712e-41
2.561096438215545771e-07 1.737931034482758719e+02 3.481612023960267836e-41
4.098631733457386934e-07 1.737931034482758719e+02 4.413611899964981080e-41
6.559214965840368274e-07 1.737931034482758719e+02 5.565578677974130267e-41
1.049699113411492147e-06 1.737931034482758719e+02 7.044311825269858004e-41
1.679878208650386985e-06 1.737931034482758719e+02 8.866115134552672377e-41
2.688380660556188622e-06 1.737931034482758719e+02 1.117278768240861700e-40
4.302330096810426079e-06 1.737931034482758719e+02 1.410657319129882905e-40
6.885202134318024519e-06 1.737931034482758719e+02 1.777649903846051693e-40
1.101868228696872571e-05 1.737931034482758719e+02 2.241651637997663486e-40
1.763366666259600269e-05 1.737931034482758719e+02 2.814433337628691259e-40
2.821990795898432944e-05 1.737931034482758719e+02 3.530880405460564585e-40
4.516152088225483291e-05 1.737931034482758719e+02 4.417824080177453796e-40
7.227390576052543814e-05 1.737931034482758719e+02 5.527541866361696285e-40
1.156630102759399639e-04 1.737931034482758719e+02 6.882985830222290896e-40
1.851004426192079139e-04 1.737931034482758719e+02 8.549453244400167188e-40
2.962241236509979034e-04 1.737931034482758719e+02 1.055966600770942397e-39
4.740600843041748585e-04 1.737931034482758719e+02 1.292522347187430347e-39
7.586585479960928930e-04 1.737931034482758719e+02 1.574239936133061555e-39
1.214113593411583498e-03 1.737931034482758719e+02 1.900064989070147242e-39
1.942997705094575084e-03 1.737931034482758719e+02 2.274592920195938275e-39
3.109461999675490387e-03 1.737931034482758719e+02 2.678788299734710521e-39
4.976204501978695287e-03 1.737931034482758719e+02 3.116468174640328761e-39
7.963632052135486902e-03 1.737931034482758719e+02 3.582974470933298981e-39
1.274453962584979998e-02 1.737931034482758719e+02 4.056775907937976733e-39
2.039562968398339268e-02 1.737931034482758719e+02 4.580051808034252530e-39
3.263999504246087313e-02 1.737931034482758719e+02 5.168382788289216769e-39
5.223517453881312139e-02 1.737931034482758719e+02 5.967213404852554675e-39
8.359417504661961762e-02 1.737931034482758719e+02 7.320367760385223123e-39
1.337793194609219194e-01 1.737931034482758719e+02 9.144732105823941489e-39
2.140927439674647770e-01 1.737931034482758719e+02 1.046175354682963356e-37
3.426217385782667768e-01 1.737931034482758719e+02 3.528854776109917009e-38
5.483121640228668658e-01 1.737931034482758719e+02 2.217516649012331798e-43
8.774873143280167431e-01 1.737931034482758719e+02 0.000000000000000000e+00
9.999999999999999547e-08 1.800000000000000000e+02 2.470440853950704333e-56
1.600342600262689326e-07 1.800000000000000000e+02 3.125265246986284324e-56
2.561096438215545771e-07 1.800000000000000000e+02 3.941079537040420068e-56
4.098631733457386934e-07 1.800000000000000000e+02 4.988933027799945853e-56
6.559214965840368274e-07 1.800000000000000000e+02 6.291807581623552435e-56
1.049699113411492147e-06 1.800000000000000000e+02 7.940920162333240736e-56
1.679878208650386985e-06 1.800000000000000000e+02 1.005352158725009848e-55
2.688380660556188622e-06 1.800000000000000000e+02 1.267313266973052565e-55
4.302330096810426079e-06 1.800000000000000000e+02 1.599893526937184162e-55
6.885202134318024519e-06 1.800000000000000000e+02 2.014290539737548019e-55
1.101868228696872571e-05 1.800000000000000000e+02 2.535840888162878454e-55
1.763366666259600269e-05 1.800000000000000000e+02 3.188484744294426425e-55
2.821990795898432944e-05 1.800000000000000000e+02 0.000000000000000000e+00
4.516152088225483291e-05 1.800000000000000000e+02 5.020298579380104726e-55
7.227390576052543814e-05 1.800000000000000000e+02 6.264877937828232578e-55
1.156630102759399639e-04 1.800000000000000000e+02 7.799638987786270038e-55
1.851004426192079139e-04 1.800000000000000000e+02 9.682210456632712510e-55
2.962241236509979034e-04 1.800000000000000000e+02 1.192456113792537860e-54
4.740600843041748585e-04 1.800000000000000000e+02 1.462834597374205781e-54
7.586585479960928930e-04 1.800000000000000000e+02 0.000000000000000000e+00
1.214113593411583498e-03 1.800000000000000000e+02 2.145832801815097059e-54
1.942997705094575084e-03 1.800000000000000000e+02 2.569507313155175837e-54
3.109461999675490387e-03 1.800000000000000000e+02 3.035754244812813152e-54
4.976204501978695287e-03 1.800000000000000000e+02 3.525521443236928605e-54
7.963632052135486902e-03 1.800000000000000000e+02 4.037699745388459224e-54
1.274453962584979998e-02 1.800000000000000000e+02 4.593423292161876545e-54
2.039562968398339268e-02 1.800000000000000000e+02 5.173220825784216520e-54
3.263999504246087313e-02 1.800000000000000000e+02 5.834111233596863765e-54
5.223517453881312139e-02 1.800000000000000000e+02 6.744355870881341787e-54
8.359417504661961762e-02 1.800000000000000000e+02 8.230986388283582427e-54
1.337793194609219194e-01 1.800000000000000000e+02 1.034248179124413977e-53
2.140927439674647770e-01 1.800000000000000000e+02 1.190650951518312979e-52
3.426217385782667768e-01 1.800000000000000000e+02 3.868191479918232378e-53
5.483121640228668658e-01 1.800000000000000000e+02 2.322640556166834490e-58
8.774873143280167431e-01 1.800000000000000000e+02 0.000000000000000000e+00
