# atom 56: Tchi 0.5298316906283709 [GeV]; m_chi = 0.05 [GeV]; mS = 0.3 [GeV]; gchi =0.01; gN = 0.01
# Tchi^prime [GeV], theta [degree] ,dsigma/dTchip dtheta [cm^2/GeV]
9.999999999999999547e-08 0.000000000000000000e+00 0.000000000000000000e+00
1.574394538698769890e-07 0.000000000000000000e+00 0.000000000000000000e+00
2.478718163484512809e-07 0.000000000000000000e+00 0.000000000000000000e+00
3.902480339563453570e-07 0.000000000000000000e+00 0.000000000000000000e+00
6.144043733988022528e-07 0.000000000000000000e+00 0.000000000000000000e+00
9.673148900317140265e-07 0.000000000000000000e+00 0.000000000000000000e+00
1.522935280067928583e-06 0.000000000000000000e+00 0.000000000000000000e+00
2.397700987730628402e-06 0.000000000000000000e+00 0.000000000000000000e+00
3.774927340515747906e-06 0.000000000000000000e+00 0.000000000000000000e+00
5.943224988892664861e-06 0.000000000000000000e+00 0.000000000000000000e+00
9.356980964770669887e-06 0.000000000000000000e+00 0.000000000000000000e+00
1.473157972964325986e-05 0.000000000000000000e+00 0.000000000000000000e+00
2.319331867275585017e-05 0.000000000000000000e+00 0.000000000000000000e+00
3.651543425268701019e-05 0.000000000000000000e+00 0.000000000000000000e+00
5.748970026564431755e-05 0.000000000000000000e+00 0.000000000000000000e+00
9.051147012965963645e-05 0.000000000000000000e+00 0.000000000000000000e+00
1.425007642617329682e-04 0.000000000000000000e+00 0.000000000000000000e+00
2.243524250140732342e-04 0.000000000000000000e+00 0.000000000000000000e+00
3.532192326859818587e-04 0.000000000000000000e+00 0.000000000000000000e+00
5.561064309041793136e-04 0.000000000000000000e+00 0.000000000000000000e+00
8.755309277508047973e-04 0.000000000000000000e+00 0.000000000000000000e+00
1.378431111112734305e-03 0.000000000000000000e+00 0.000000000000000000e+00
2.170194413308361783e-03 0.000000000000000000e+00 0.000000000000000000e+00
3.416742232227266019e-03 0.000000000000000000e+00 0.000000000000000000e+00
5.379300310560051687e-03 0.000000000000000000e+00 0.000000000000000000e+00
8.469141030966341813e-03 0.000000000000000000e+00 0.000000000000000000e+00
1.333376938662307956e-02 0.000000000000000000e+00 0.000000000000000000e+00
2.099261370256818096e-02 0.000000000000000000e+00 0.000000000000000000e+00
3.305065636633630621e-02 0.000000000000000000e+00 0.000000000000000000e+00
5.203477288356961328e-02 0.000000000000000000e+00 0.000000000000000000e+00
8.192326225032267595e-02 0.000000000000000000e+00 0.000000000000000000e+00
1.289795366792951259e-01 0.000000000000000000e+00 0.000000000000000000e+00
2.030646781517799204e-01 0.000000000000000000e+00 0.000000000000000000e+00
3.197039202847857253e-01 0.000000000000000000e+00 0.000000000000000000e+00
5.033401060969523444e-01 0.000000000000000000e+00 0.000000000000000000e+00
9.999999999999999547e-08 6.206896551724137900e+00 5.817282342905651317e-41
1.574394538698769890e-07 6.206896551724137900e+00 7.296086178952325013e-41
2.478718163484512809e-07 6.206896551724137900e+00 9.149837786975941969e-41
3.902480339563453570e-07 6.206896551724137900e+00 1.148255778551358371e-40
6.144043733988022528e-07 6.206896551724137900e+00 1.440323558426749893e-40
9.673148900317140265e-07 6.206896551724137900e+00 1.808783131779473336e-40
1.522935280067928583e-06 6.206896551724137900e+00 2.271025791586785186e-40
2.397700987730628402e-06 6.206896551724137900e+00 2.839850003727267306e-40
3.774927340515747906e-06 6.206896551724137900e+00 3.559347509027652308e-40
5.943224988892664861e-06 6.206896551724137900e+00 4.480192492181932378e-40
9.356980964770669887e-06 6.206896551724137900e+00 5.610778916082448468e-40
1.473157972964325986e-05 6.206896551724137900e+00 7.041835432591462489e-40
2.319331867275585017e-05 6.206896551724137900e+00 8.839625622965859764e-40
3.651543425268701019e-05 6.206896551724137900e+00 1.103969737156575447e-39
5.748970026564431755e-05 6.206896551724137900e+00 1.386743345086066540e-39
9.051147012965963645e-05 6.206896551724137900e+00 1.735143468120497501e-39
1.425007642617329682e-04 6.206896551724137900e+00 2.174000745262395985e-39
2.243524250140732342e-04 6.206896551724137900e+00 2.724941727978156999e-39
3.532192326859818587e-04 6.206896551724137900e+00 3.409310376471998170e-39
5.561064309041793136e-04 6.206896551724137900e+00 4.265471428802958092e-39
8.755309277508047973e-04 6.206896551724137900e+00 5.330006911157266011e-39
1.378431111112734305e-03 6.206896551724137900e+00 6.671952978407197356e-39
2.170194413308361783e-03 6.206896551724137900e+00 8.344309729782270801e-39
3.416742232227266019e-03 6.206896551724137900e+00 1.038374122622804120e-38
5.379300310560051687e-03 6.206896551724137900e+00 1.299530524958664348e-38
8.469141030966341813e-03 6.206896551724137900e+00 1.621543257291947851e-38
1.333376938662307956e-02 6.206896551724137900e+00 2.043137404228765120e-38
2.099261370256818096e-02 6.206896551724137900e+00 2.594069781004275340e-38
3.305065636633630621e-02 6.206896551724137900e+00 3.365376160460341358e-38
5.203477288356961328e-02 6.206896551724137900e+00 4.540362770463020378e-38
8.192326225032267595e-02 6.206896551724137900e+00 6.588365695384164021e-38
1.289795366792951259e-01 6.206896551724137900e+00 1.077515716318796952e-37
2.030646781517799204e-01 6.206896551724137900e+00 0.000000000000000000e+00
3.197039202847857253e-01 6.206896551724137900e+00 0.000000000000000000e+00
5.033401060969523444e-01 6.206896551724137900e+00 0.000000000000000000e+00
9.999999999999999547e-08 1.241379310344827580e+01 1.157666756774539212e-40
1.574394538698769890e-07 1.241379310344827580e+01 1.447722196251806493e-40
2.478718163484512809e-07 1.241379310344827580e+01 1.820814656257459647e-40
3.902480339563453570e-07 1.241379310344827580e+01 2.280986665709426590e-40
6.144043733988022528e-07 1.241379310344827580e+01 2.859630229293712118e-40
9.673148900317140265e-07 1.241379310344827580e+01 3.592711728352534271e-40
1.522935280067928583e-06 1.241379310344827580e+01 4.516667759289888511e-40
2.397700987730628402e-06 1.241379310344827580e+01 5.661492297007622546e-40
3.774927340515747906e-06 1.241379310344827580e+01 7.086455337283192699e-40
5.943224988892664861e-06 1.241379310344827580e+01 8.879367627782275309e-40
9.356980964770669887e-06 1.241379310344827580e+01 1.116120580585811770e-39
1.473157972964325986e-05 1.241379310344827580e+01 1.398778812752028636e-39
2.319331867275585017e-05 1.241379310344827580e+01 1.756068566336021307e-39
3.651543425268701019e-05 1.241379310344827580e+01 2.195985333399114014e-39
5.748970026564431755e-05 1.241379310344827580e+01 2.756146992186157702e-39
9.051147012965963645e-05 1.241379310344827580e+01 3.459563332501157984e-39
1.425007642617329682e-04 1.241379310344827580e+01 4.330182281737952991e-39
2.243524250140732342e-04 1.241379310344827580e+01 5.436525966127664383e-39
3.532192326859818587e-04 1.241379310344827580e+01 6.790160784692371392e-39
5.561064309041793136e-04 1.241379310344827580e+01 8.516666936169788128e-39
8.755309277508047973e-04 1.241379310344827580e+01 1.061542420005440698e-38
1.378431111112734305e-03 1.241379310344827580e+01 1.326794558636293437e-38
2.170194413308361783e-03 1.241379310344827580e+01 1.657595365454321545e-38
3.416742232227266019e-03 1.241379310344827580e+01 2.070065492745974943e-38
5.379300310560051687e-03 1.241379310344827580e+01 2.590412876097954029e-38
8.469141030966341813e-03 1.241379310344827580e+01 3.252455238656271226e-38
1.333376938662307956e-02 1.241379310344827580e+01 4.099457164186882342e-38
2.099261370256818096e-02 1.241379310344827580e+01 5.253331696105671025e-38
3.305065636633630621e-02 1.241379310344827580e+01 6.873082943535016915e-38
5.203477288356961328e-02 1.241379310344827580e+01 9.444486359091400220e-38
8.192326225032267595e-02 1.241379310344827580e+01 1.413714490730480282e-37
1.289795366792951259e-01 1.241379310344827580e+01 2.459208655616489523e-37
2.030646781517799204e-01 1.241379310344827580e+01 0.000000000000000000e+00
3.197039202847857253e-01 1.241379310344827580e+01 0.000000000000000000e+00
5.033401060969523444e-01 1.241379310344827580e+01 0.000000000000000000e+00
9.999999999999999547e-08 1.862068965517241281e+01 1.718117452545378201e-40
1.574394538698769890e-07 1.862068965517241281e+01 2.155435613848071830e-40
2.478718163484512809e-07 1.862068965517241281e+01 2.699434471199447434e-40
3.902480339563453570e-07 1.862068965517241281e+01 3.386689986310053388e-40
6.144043733988022528e-07 1.862068965517241281e+01 4.246560693142541974e-40
9.673148900317140265e-07 1.862068965517241281e+01 5.333028049467825323e-40
1.522935280067928583e-06 1.862068965517241281e+01 6.689258327550033681e-40
2.397700987730628402e-06 1.862068965517241281e+01 8.397282098165128749e-40
3.774927340515747906e-06 1.862068965517241281e+01 1.054497118998886087e-39
5.943224988892664861e-06 1.862068965517241281e+01 1.322467130399331013e-39
9.356980964770669887e-06 1.862068965517241281e+01 1.659072110496842258e-39
1.473157972964325986e-05 1.862068965517241281e+01 2.078666120096930048e-39
2.319331867275585017e-05 1.862068965517241281e+01 2.602221470650012412e-39
3.651543425268701019e-05 1.862068965517241281e+01 3.270217341818082054e-39
5.748970026564431755e-05 1.862068965517241281e+01 4.101168899010696986e-39
9.051147012965963645e-05 1.862068965517241281e+01 5.126173730344757989e-39
1.425007642617329682e-04 1.862068965517241281e+01 6.436624051162682632e-39
2.243524250140732342e-04 1.862068965517241281e+01 8.038655275397114670e-39
3.532192326859818587e-04 1.862068965517241281e+01 1.006997722948421038e-38
5.561064309041793136e-04 1.862068965517241281e+01 1.264014252101087186e-38
8.755309277508047973e-04 1.862068965517241281e+01 1.580585686039106688e-38
1.378431111112734305e-03 1.862068965517241281e+01 1.967808861170646560e-38
2.170194413308361783e-03 1.862068965517241281e+01 2.462704195502743372e-38
3.416742232227266019e-03 1.862068965517241281e+01 3.083219965485830637e-38
5.379300310560051687e-03 1.862068965517241281e+01 3.870428168221102276e-38
8.469141030966341813e-03 1.862068965517241281e+01 4.872098248020561032e-38
1.333376938662307956e-02 1.862068965517241281e+01 6.178827993879775521e-38
2.099261370256818096e-02 1.862068965517241281e+01 7.973687344292147805e-38
3.305065636633630621e-02 1.862068965517241281e+01 1.062814601593967261e-37
5.203477288356961328e-02 1.862068965517241281e+01 1.498449898066780441e-37
8.192326225032267595e-02 1.862068965517241281e+01 2.338211120600934240e-37
1.289795366792951259e-01 1.862068965517241281e+01 4.275403855677252018e-37
2.030646781517799204e-01 1.862068965517241281e+01 9.994554624696865732e-37
3.197039202847857253e-01 1.862068965517241281e+01 0.000000000000000000e+00
5.033401060969523444e-01 1.862068965517241281e+01 0.000000000000000000e+00
9.999999999999999547e-08 2.482758620689655160e+01 2.253795133241817317e-40
1.574394538698769890e-07 2.482758620689655160e+01 2.832305396837078765e-40
2.478718163484512809e-07 2.482758620689655160e+01 3.559382710122495393e-40
3.902480339563453570e-07 2.482758620689655160e+01 4.456195763751023535e-40
6.144043733988022528e-07 2.482758620689655160e+01 5.587931610595121880e-40
9.673148900317140265e-07 2.482758620689655160e+01 7.010842079895938852e-40
1.522935280067928583e-06 2.482758620689655160e+01 8.809384921148220273e-40
2.397700987730628402e-06 2.482758620689655160e+01 1.104511845649824207e-39
3.774927340515747906e-06 2.482758620689655160e+01 1.384120784221362389e-39
5.943224988892664861e-06 2.482758620689655160e+01 1.739837065134664255e-39
9.356980964770669887e-06 2.482758620689655160e+01 2.181811455484784164e-39
1.473157972964325986e-05 2.482758620689655160e+01 2.732586748994090110e-39
2.319331867275585017e-05 2.482758620689655160e+01 3.432849954736223553e-39
3.651543425268701019e-05 2.482758620689655160e+01 4.308677002638274294e-39
5.748970026564431755e-05 2.482758620689655160e+01 5.366499099039669781e-39
9.051147012965963645e-05 2.482758620689655160e+01 6.751066626647964421e-39
1.425007642617329682e-04 2.482758620689655160e+01 8.462295978888093988e-39
2.243524250140732342e-04 2.482758620689655160e+01 1.058794975134967262e-38
3.532192326859818587e-04 2.482758620689655160e+01 1.328885102134696194e-38
5.561064309041793136e-04 2.482758620689655160e+01 1.662233165491735149e-38
8.755309277508047973e-04 2.482758620689655160e+01 2.079872004985010530e-38
1.378431111112734305e-03 2.482758620689655160e+01 2.597050350806653987e-38
2.170194413308361783e-03 2.482758620689655160e+01 3.259900349660075492e-38
3.416742232227266019e-03 2.482758620689655160e+01 4.081934545908018209e-38
5.379300310560051687e-03 2.482758620689655160e+01 5.123886661688507640e-38
8.469141030966341813e-03 2.482758620689655160e+01 6.483268021246118377e-38
1.333376938662307956e-02 2.482758620689655160e+01 8.261553894440462600e-38
2.099261370256818096e-02 2.482758620689655160e+01 1.082221069257008000e-37
3.305065636633630621e-02 2.482758620689655160e+01 1.464570371862557638e-37
5.203477288356961328e-02 2.482758620689655160e+01 2.114274008319627327e-37
8.192326225032267595e-02 2.482758620689655160e+01 3.422054191241275471e-37
1.289795366792951259e-01 2.482758620689655160e+01 6.463901960625544261e-37
2.030646781517799204e-01 2.482758620689655160e+01 1.548448397450029852e-36
3.197039202847857253e-01 2.482758620689655160e+01 0.000000000000000000e+00
5.033401060969523444e-01 2.482758620689655160e+01 0.000000000000000000e+00
9.999999999999999547e-08 3.103448275862069039e+01 2.769608515685230375e-40
1.574394538698769890e-07 3.103448275862069039e+01 3.481559793804082973e-40
2.478718163484512809e-07 3.103448275862069039e+01 4.361204465640377423e-40
3.902480339563453570e-07 3.103448275862069039e+01 5.483657743523271922e-40
6.144043733988022528e-07 3.103448275862069039e+01 6.873061464752743362e-40
9.673148900317140265e-07 3.103448275862069039e+01 8.605216737534982453e-40
1.522935280067928583e-06 3.103448275862069039e+01 1.081751867303493334e-39
2.397700987730628402e-06 3.103448275862069039e+01 1.359124605005458220e-39
3.774927340515747906e-06 3.103448275862069039e+01 1.702624421758334764e-39
5.943224988892664861e-06 3.103448275862069039e+01 2.131661952820871939e-39
9.356980964770669887e-06 3.103448275862069039e+01 2.674632934257845959e-39
1.473157972964325986e-05 3.103448275862069039e+01 3.359481697729339707e-39
2.319331867275585017e-05 3.103448275862069039e+01 4.221185743250442540e-39
3.651543425268701019e-05 3.103448275862069039e+01 5.285252082827424808e-39
5.748970026564431755e-05 3.103448275862069039e+01 6.631117725389623674e-39
9.051147012965963645e-05 3.103448275862069039e+01 8.278320498990129860e-39
1.425007642617329682e-04 3.103448275862069039e+01 1.039227978767823932e-38
2.243524250140732342e-04 3.103448275862069039e+01 1.305042699010696545e-38
3.532192326859818587e-04 3.103448275862069039e+01 1.629530744634748551e-38
5.561064309041793136e-04 3.103448275862069039e+01 2.045970282983663318e-38
8.755309277508047973e-04 3.103448275862069039e+01 2.559670050897970393e-38
1.378431111112734305e-03 3.103448275862069039e+01 3.199320288898204433e-38
2.170194413308361783e-03 3.103448275862069039e+01 4.021196369228658027e-38
3.416742232227266019e-03 3.103448275862069039e+01 5.039370967698538050e-38
5.379300310560051687e-03 3.103448275862069039e+01 6.369951233916593192e-38
8.469141030966341813e-03 3.103448275862069039e+01 8.038690864826122720e-38
1.333376938662307956e-02 3.103448275862069039e+01 1.036629682066625517e-37
2.099261370256818096e-02 3.103448275862069039e+01 1.367814401569329115e-37
3.305065636633630621e-02 3.103448275862069039e+01 1.887066381426810603e-37
5.203477288356961328e-02 3.103448275862069039e+01 2.785099509592249988e-37
8.192326225032267595e-02 3.103448275862069039e+01 4.592687633264724952e-37
1.289795366792951259e-01 3.103448275862069039e+01 8.810785784110527928e-37
2.030646781517799204e-01 3.103448275862069039e+01 2.089702636394222622e-36
3.197039202847857253e-01 3.103448275862069039e+01 0.000000000000000000e+00
5.033401060969523444e-01 3.103448275862069039e+01 0.000000000000000000e+00
9.999999999999999547e-08 3.724137931034482563e+01 3.250321505023188565e-40
1.574394538698769890e-07 3.724137931034482563e+01 4.090888456847376218e-40
2.478718163484512809e-07 3.724137931034482563e+01 5.126653796727679284e-40
3.902480339563453570e-07 3.724137931034482563e+01 6.435330719148765079e-40
6.144043733988022528e-07 3.724137931034482563e+01 8.078506280085395172e-40
9.673148900317140265e-07 3.724137931034482563e+01 1.009999919658258890e-39
1.522935280067928583e-06 3.724137931034482563e+01 1.266739040772480668e-39
2.397700987730628402e-06 3.724137931034482563e+01 1.589741681993608210e-39
3.774927340515747906e-06 3.724137931034482563e+01 1.996558050823316673e-39
5.943224988892664861e-06 3.724137931034482563e+01 2.505072346574263939e-39
9.356980964770669887e-06 3.724137931034482563e+01 3.140096773311283627e-39
1.473157972964325986e-05 3.724137931034482563e+01 3.935417668626052698e-39
2.319331867275585017e-05 3.724137931034482563e+01 4.941940255404064663e-39
3.651543425268701019e-05 3.724137931034482563e+01 6.194322397119629628e-39
5.748970026564431755e-05 3.724137931034482563e+01 7.779393699808299390e-39
9.051147012965963645e-05 3.724137931034482563e+01 9.751755315166387840e-39
1.425007642617329682e-04 3.724137931034482563e+01 1.218961903587319849e-38
2.243524250140732342e-04 3.724137931034482563e+01 1.530801045342400168e-38
3.532192326859818587e-04 3.724137931034482563e+01 1.914398886218206504e-38
5.561064309041793136e-04 3.724137931034482563e+01 2.400423125403375699e-38
8.755309277508047973e-04 3.724137931034482563e+01 3.014577187722206357e-38
1.378431111112734305e-03 3.724137931034482563e+01 3.772212792768661089e-38
2.170194413308361783e-03 3.724137931034482563e+01 4.732303372342974150e-38
3.416742232227266019e-03 3.724137931034482563e+01 5.942312138809390418e-38
5.379300310560051687e-03 3.724137931034482563e+01 7.517721600694969348e-38
8.469141030966341813e-03 3.724137931034482563e+01 9.602190288592423840e-38
1.333376938662307956e-02 3.724137931034482563e+01 1.243949327418423141e-37
2.099261370256818096e-02 3.724137931034482563e+01 1.657828609595839136e-37
3.305065636633630621e-02 3.724137931034482563e+01 2.311449717637456095e-37
5.203477288356961328e-02 3.724137931034482563e+01 3.472283655393330404e-37
8.192326225032267595e-02 3.724137931034482563e+01 5.787341422957583826e-37
1.289795366792951259e-01 3.724137931034482563e+01 1.109633352588148982e-36
2.030646781517799204e-01 3.724137931034482563e+01 2.541916195785690437e-36
3.197039202847857253e-01 3.724137931034482563e+01 1.268523869718253820e-35
5.033401060969523444e-01 3.724137931034482563e+01 0.000000000000000000e+00
9.999999999999999547e-08 4.344827586206896797e+01 3.702392302379507908e-40
1.574394538698769890e-07 4.344827586206896797e+01 4.651089751766381620e-40
2.478718163484512809e-07 4.344827586206896797e+01 5.826148532704566891e-40
3.902480339563453570e-07 4.344827586206896797e+01 7.304023325575427176e-40
6.144043733988022528e-07 4.344827586206896797e+01 9.165191916607470149e-40
9.673148900317140265e-07 4.344827586206896797e+01 1.151777172695318075e-39
1.522935280067928583e-06 4.344827586206896797e+01 1.442466249040992508e-39
2.397700987730628402e-06 4.344827586206896797e+01 1.806416523804333589e-39
3.774927340515747906e-06 4.344827586206896797e+01 2.268854069491758547e-39
5.943224988892664861e-06 4.344827586206896797e+01 2.846609554172528621e-39
9.356980964770669887e-06 4.344827586206896797e+01 3.570391318603348717e-39
1.473157972964325986e-05 4.344827586206896797e+01 4.478161632470361210e-39
2.319331867275585017e-05 4.344827586206896797e+01 5.611626686447747166e-39
3.651543425268701019e-05 4.344827586206896797e+01 7.049064168370322223e-39
5.748970026564431755e-05 4.344827586206896797e+01 8.833929154308208407e-39
9.051147012965963645e-05 4.344827586206896797e+01 1.105989483338333127e-38
1.425007642617329682e-04 4.344827586206896797e+01 1.388781217818449388e-38
2.243524250140732342e-04 4.344827586206896797e+01 1.738834803899382517e-38
3.532192326859818587e-04 4.344827586206896797e+01 2.175960375564741255e-38
5.561064309041793136e-04 4.344827586206896797e+01 2.736160071759375090e-38
8.755309277508047973e-04 4.344827586206896797e+01 3.427211733885741125e-38
1.378431111112734305e-03 4.344827586206896797e+01 4.310108272641205121e-38
2.170194413308361783e-03 4.344827586206896797e+01 5.412556220258523345e-38
3.416742232227266019e-03 4.344827586206896797e+01 6.798927201221742601e-38
5.379300310560051687e-03 4.344827586206896797e+01 8.654492410154029582e-38
8.469141030966341813e-03 4.344827586206896797e+01 1.108347273583853983e-37
1.333376938662307956e-02 4.344827586206896797e+01 1.445574070974219160e-37
2.099261370256818096e-02 4.344827586206896797e+01 1.936962201764925365e-37
3.305065636633630621e-02 4.344827586206896797e+01 2.731424045533082303e-37
5.203477288356961328e-02 4.344827586206896797e+01 4.127802848795398324e-37
8.192326225032267595e-02 4.344827586206896797e+01 6.895477150237364268e-37
1.289795366792951259e-01 4.344827586206896797e+01 1.309948442825073857e-36
2.030646781517799204e-01 4.344827586206896797e+01 2.870416258538149611e-36
3.197039202847857253e-01 4.344827586206896797e+01 2.590113146735756595e-35
5.033401060969523444e-01 4.344827586206896797e+01 0.000000000000000000e+00
9.999999999999999547e-08 4.965517241379310320e+01 4.089023718235849594e-40
1.574394538698769890e-07 4.965517241379310320e+01 5.136325076679176400e-40
2.478718163484512809e-07 4.965517241379310320e+01 6.454261567113422444e-40
3.902480339563453570e-07 4.965517241379310320e+01 8.092713950136873910e-40
6.144043733988022528e-07 4.965517241379310320e+01 1.015954916107582413e-39
9.673148900317140265e-07 4.965517241379310320e+01 1.274792191723817281e-39
1.522935280067928583e-06 4.965517241379310320e+01 1.594344307753582453e-39
2.397700987730628402e-06 4.965517241379310320e+01 2.003616800511606733e-39
3.774927340515747906e-06 4.965517241379310320e+01 2.512495919056261513e-39
5.943224988892664861e-06 4.965517241379310320e+01 3.153422967225091035e-39
9.356980964770669887e-06 4.965517241379310320e+01 3.961018045613210468e-39
1.473157972964325986e-05 4.965517241379310320e+01 4.966705769610066736e-39
2.319331867275585017e-05 4.965517241379310320e+01 6.218491910859079654e-39
3.651543425268701019e-05 4.965517241379310320e+01 7.815959232479896146e-39
5.748970026564431755e-05 4.965517241379310320e+01 9.783838940418348539e-39
9.051147012965963645e-05 4.965517241379310320e+01 1.226970409842197644e-38
1.425007642617329682e-04 4.965517241379310320e+01 1.540051706050995742e-38
2.243524250140732342e-04 4.965517241379310320e+01 1.928062144680369165e-38
3.532192326859818587e-04 4.965517241379310320e+01 2.423786559447635993e-38
5.561064309041793136e-04 4.965517241379310320e+01 3.028008395988434698e-38
8.755309277508047973e-04 4.965517241379310320e+01 3.815184940584709478e-38
1.378431111112734305e-03 4.965517241379310320e+01 4.785121932008582702e-38
2.170194413308361783e-03 4.965517241379310320e+01 6.023032255035150495e-38
3.416742232227266019e-03 4.965517241379310320e+01 7.607933014160894438e-38
5.379300310560051687e-03 4.965517241379310320e+01 9.684191449119923261e-38
8.469141030966341813e-03 4.965517241379310320e+01 1.245064578331396993e-37
1.333376938662307956e-02 4.965517241379310320e+01 1.632699051772936841e-37
2.099261370256818096e-02 4.965517241379310320e+01 2.207838251071297328e-37
3.305065636633630621e-02 4.965517241379310320e+01 3.124383319437731176e-37
5.203477288356961328e-02 4.965517241379310320e+01 4.736969879765320191e-37
8.192326225032267595e-02 4.965517241379310320e+01 7.865316538972116735e-37
1.289795366792951259e-01 4.965517241379310320e+01 1.465148060508920499e-36
2.030646781517799204e-01 4.965517241379310320e+01 3.064177803276671171e-36
3.197039202847857253e-01 4.965517241379310320e+01 4.793406278040420546e-35
5.033401060969523444e-01 4.965517241379310320e+01 0.000000000000000000e+00
9.999999999999999547e-08 5.586206896551724554e+01 4.450950405928720768e-40
1.574394538698769890e-07 5.586206896551724554e+01 5.587824611716628504e-40
2.478718163484512809e-07 5.586206896551724554e+01 6.996073292850787405e-40
3.902480339563453570e-07 5.586206896551724554e+01 8.796720650420744519e-40
6.144043733988022528e-07 5.586206896551724554e+01 1.105257680988719346e-39
9.673148900317140265e-07 5.586206896551724554e+01 1.385365984788373367e-39
1.522935280067928583e-06 5.586206896551724554e+01 1.738196422317743309e-39
2.397700987730628402e-06 5.586206896551724554e+01 2.175685810109899829e-39
3.774927340515747906e-06 5.586206896551724554e+01 2.720723245162829025e-39
5.943224988892664861e-06 5.586206896551724554e+01 3.439264812977980293e-39
9.356980964770669887e-06 5.586206896551724554e+01 4.321184749889412579e-39
1.473157972964325986e-05 5.586206896551724554e+01 5.391512587299312676e-39
2.319331867275585017e-05 5.586206896551724554e+01 6.770413522048029167e-39
3.651543425268701019e-05 5.586206896551724554e+01 8.473652734171336321e-39
5.748970026564431755e-05 5.586206896551724554e+01 1.063728702833798112e-38
9.051147012965963645e-05 5.586206896551724554e+01 1.331406800286938313e-38
1.425007642617329682e-04 5.586206896551724554e+01 1.674438407934733982e-38
2.243524250140732342e-04 5.586206896551724554e+01 2.097946036047268041e-38
3.532192326859818587e-04 5.586206896551724554e+01 2.626902162466075618e-38
5.561064309041793136e-04 5.586206896551724554e+01 3.302515381775009359e-38
8.755309277508047973e-04 5.586206896551724554e+01 4.153300791565416444e-38
1.378431111112734305e-03 5.586206896551724554e+01 5.220975981976759728e-38
2.170194413308361783e-03 5.586206896551724554e+01 6.574825906847741626e-38
3.416742232227266019e-03 5.586206896551724554e+01 8.339312430678053314e-38
5.379300310560051687e-03 5.586206896551724554e+01 1.062274958795610112e-37
8.469141030966341813e-03 5.586206896551724554e+01 1.370941987230137092e-37
1.333376938662307956e-02 5.586206896551724554e+01 1.802906616523210324e-37
2.099261370256818096e-02 5.586206896551724554e+01 2.447370895727436785e-37
3.305065636633630621e-02 5.586206896551724554e+01 3.482746919646636548e-37
5.203477288356961328e-02 5.586206896551724554e+01 5.263995316674710156e-37
8.192326225032267595e-02 5.586206896551724554e+01 8.629975567922487519e-37
1.289795366792951259e-01 5.586206896551724554e+01 1.572826947893006617e-36
2.030646781517799204e-01 5.586206896551724554e+01 3.170231446770656343e-36
3.197039202847857253e-01 5.586206896551724554e+01 6.903676763918896503e-35
5.033401060969523444e-01 5.586206896551724554e+01 0.000000000000000000e+00
9.999999999999999547e-08 6.206896551724138078e+01 4.744162541516110228e-40
1.574394538698769890e-07 6.206896551724138078e+01 5.968248036017183464e-40
2.478718163484512809e-07 6.206896551724138078e+01 7.493628978176682106e-40
3.902480339563453570e-07 6.206896551724138078e+01 9.389684407159961058e-40
6.144043733988022528e-07 6.206896551724138078e+01 1.179152433841309447e-39
9.673148900317140265e-07 6.206896551724138078e+01 1.479295945643380549e-39
1.522935280067928583e-06 6.206896551724138078e+01 1.857392613161023901e-39
2.397700987730628402e-06 6.206896551724138078e+01 2.322783567265013762e-39
3.774927340515747906e-06 6.206896551724138078e+01 2.914606318736113165e-39
5.943224988892664861e-06 6.206896551724138078e+01 3.662196143095671367e-39
9.356980964770669887e-06 6.206896551724138078e+01 4.591586236932952272e-39
1.473157972964325986e-05 6.206896551724138078e+01 5.761292695840235101e-39
2.319331867275585017e-05 6.206896551724138078e+01 7.231237144844663185e-39
3.651543425268701019e-05 6.206896551724138078e+01 9.046281827816160141e-39
5.748970026564431755e-05 6.206896551724138078e+01 1.136218340605282543e-38
9.051147012965963645e-05 6.206896551724138078e+01 1.426941042075960658e-38
1.425007642617329682e-04 6.206896551724138078e+01 1.787444133657113051e-38
2.243524250140732342e-04 6.206896551724138078e+01 2.241500023214528966e-38
3.532192326859818587e-04 6.206896551724138078e+01 2.811665891374809111e-38
5.561064309041793136e-04 6.206896551724138078e+01 3.537177546719966423e-38
8.755309277508047973e-04 6.206896551724138078e+01 4.439918609990017161e-38
1.378431111112734305e-03 6.206896551724138078e+01 5.598191276620341059e-38
2.170194413308361783e-03 6.206896551724138078e+01 7.061268194790665260e-38
3.416742232227266019e-03 6.206896551724138078e+01 8.941121528745002212e-38
5.379300310560051687e-03 6.206896551724138078e+01 1.145295186675753757e-37
8.469141030966341813e-03 6.206896551724138078e+01 1.477159901013749234e-37
1.333376938662307956e-02 6.206896551724138078e+01 1.950355620048070351e-37
2.099261370256818096e-02 6.206896551724138078e+01 2.658575707103871504e-37
3.305065636633630621e-02 6.206896551724138078e+01 3.775695914055277509e-37
5.203477288356961328e-02 6.206896551724138078e+01 5.678154714423747489e-37
8.192326225032267595e-02 6.206896551724138078e+01 9.248136169899610938e-37
1.289795366792951259e-01 6.206896551724138078e+01 1.629596520063572524e-36
2.030646781517799204e-01 6.206896551724138078e+01 3.336801932618646629e-36
3.197039202847857253e-01 6.206896551724138078e+01 7.580495504926250027e-35
5.033401060969523444e-01 6.206896551724138078e+01 0.000000000000000000e+00
9.999999999999999547e-08 6.827586206896552312e+01 4.987750616195812755e-40
1.574394538698769890e-07 6.827586206896552312e+01 6.279740901505928572e-40
2.478718163484512809e-07 6.827586206896552312e+01 7.866426559259941720e-40
3.902480339563453570e-07 6.827586206896552312e+01 9.873369749309723368e-40
6.144043733988022528e-07 6.827586206896552312e+01 1.236546023514376965e-39
9.673148900317140265e-07 6.827586206896552312e+01 1.553385164027727672e-39
1.522935280067928583e-06 6.827586206896552312e+01 1.946683470604949671e-39
2.397700987730628402e-06 6.827586206896552312e+01 2.445817378978194274e-39
3.774927340515747906e-06 6.827586206896552312e+01 3.063389773994212685e-39
5.943224988892664861e-06 6.827586206896552312e+01 3.845684117582671705e-39
9.356980964770669887e-06 6.827586206896552312e+01 4.839347651479462568e-39
1.473157972964325986e-05 6.827586206896552312e+01 6.062436458979679520e-39
2.319331867275585017e-05 6.827586206896552312e+01 7.601185110361950223e-39
3.651543425268701019e-05 6.827586206896552312e+01 9.546478977669877080e-39
5.748970026564431755e-05 6.827586206896552312e+01 1.195260509629048083e-38
9.051147012965963645e-05 6.827586206896552312e+01 1.499707643988383457e-38
1.425007642617329682e-04 6.827586206896552312e+01 1.879590949734016673e-38
2.243524250140732342e-04 6.827586206896552312e+01 2.366193383981179033e-38
3.532192326859818587e-04 6.827586206896552312e+01 2.963387037192080690e-38
5.561064309041793136e-04 6.827586206896552312e+01 3.722730878029556947e-38
8.755309277508047973e-04 6.827586206896552312e+01 4.672264357518010101e-38
1.378431111112734305e-03 6.827586206896552312e+01 5.906047816802710564e-38
2.170194413308361783e-03 6.827586206896552312e+01 7.456771035785065346e-38
3.416742232227266019e-03 6.827586206896552312e+01 9.468942228306889052e-38
5.379300310560051687e-03 6.827586206896552312e+01 1.211764490350076548e-37
8.469141030966341813e-03 6.827586206896552312e+01 1.567142707791834454e-37
1.333376938662307956e-02 6.827586206896552312e+01 2.078987129368282982e-37
2.099261370256818096e-02 6.827586206896552312e+01 2.828651333464264650e-37
3.305065636633630621e-02 6.827586206896552312e+01 4.010322907454589940e-37
5.203477288356961328e-02 6.827586206896552312e+01 5.992939413874280830e-37
8.192326225032267595e-02 6.827586206896552312e+01 9.596949808460290336e-37
1.289795366792951259e-01 6.827586206896552312e+01 1.645879925363693301e-36
2.030646781517799204e-01 6.827586206896552312e+01 4.035141023837524279e-36
3.197039202847857253e-01 6.827586206896552312e+01 6.779327506882676259e-35
5.033401060969523444e-01 6.827586206896552312e+01 0.000000000000000000e+00
9.999999999999999547e-08 7.448275862068965125e+01 5.187973659547843716e-40
1.574394538698769890e-07 7.448275862068965125e+01 6.497367946333224883e-40
2.478718163484512809e-07 7.448275862068965125e+01 8.153856217224408202e-40
3.902480339563453570e-07 7.448275862068965125e+01 1.023385110321862819e-39
6.144043733988022528e-07 7.448275862068965125e+01 1.285278664419409843e-39
9.673148900317140265e-07 7.448275862068965125e+01 1.610267892778362326e-39
1.522935280067928583e-06 7.448275862068965125e+01 2.022428619431306529e-39
2.397700987730628402e-06 7.448275862068965125e+01 2.545464095410257442e-39
3.774927340515747906e-06 7.448275862068965125e+01 3.178922166150829852e-39
5.943224988892664861e-06 7.448275862068965125e+01 3.986304524435722225e-39
9.356980964770669887e-06 7.448275862068965125e+01 5.008125209452297120e-39
1.473157972964325986e-05 7.448275862068965125e+01 6.273823058390125243e-39
2.319331867275585017e-05 7.448275862068965125e+01 7.887529836521446447e-39
3.651543425268701019e-05 7.448275862068965125e+01 9.896461498410501248e-39
5.748970026564431755e-05 7.448275862068965125e+01 1.243268531963489062e-38
9.051147012965963645e-05 7.448275862068965125e+01 1.554269933415887254e-38
1.425007642617329682e-04 7.448275862068965125e+01 1.955921657157766625e-38
2.243524250140732342e-04 7.448275862068965125e+01 2.459619186763171885e-38
3.532192326859818587e-04 7.448275862068965125e+01 3.078852082466599208e-38
5.561064309041793136e-04 7.448275862068965125e+01 3.872481863809085343e-38
8.755309277508047973e-04 7.448275862068965125e+01 4.874367071805493320e-38
1.378431111112734305e-03 7.448275862068965125e+01 6.156695525003979549e-38
2.170194413308361783e-03 7.448275862068965125e+01 7.763065144175856580e-38
3.416742232227266019e-03 7.448275862068965125e+01 9.882482859231731401e-38
5.379300310560051687e-03 7.448275862068965125e+01 1.267581728192883866e-37
8.469141030966341813e-03 7.448275862068965125e+01 1.645230771310490473e-37
1.333376938662307956e-02 7.448275862068965125e+01 2.174322562058041095e-37
2.099261370256818096e-02 7.448275862068965125e+01 2.954718310811500734e-37
3.305065636633630621e-02 7.448275862068965125e+01 4.169070930043420245e-37
5.203477288356961328e-02 7.448275862068965125e+01 6.186362864003291078e-37
8.192326225032267595e-02 7.448275862068965125e+01 9.736309552311381028e-37
1.289795366792951259e-01 7.448275862068965125e+01 1.622809859954933219e-36
2.030646781517799204e-01 7.448275862068965125e+01 5.588714169137740611e-36
3.197039202847857253e-01 7.448275862068965125e+01 5.540300090309222594e-35
5.033401060969523444e-01 7.448275862068965125e+01 0.000000000000000000e+00
9.999999999999999547e-08 8.068965517241380780e+01 5.302679297444445794e-40
1.574394538698769890e-07 8.068965517241380780e+01 6.663692495616143302e-40
2.478718163484512809e-07 8.068965517241380780e+01 8.353348108996830387e-40
3.902480339563453570e-07 8.068965517241380780e+01 1.047262741472302171e-39
6.144043733988022528e-07 8.068965517241380780e+01 1.313986086796067666e-39
9.673148900317140265e-07 8.068965517241380780e+01 1.648266022198734305e-39
1.522935280067928583e-06 8.068965517241380780e+01 2.072746244952017688e-39
2.397700987730628402e-06 8.068965517241380780e+01 2.594796321698899871e-39
3.774927340515747906e-06 8.068965517241380780e+01 3.258215174131997658e-39
5.943224988892664861e-06 8.068965517241380780e+01 4.090936484712958236e-39
9.356980964770669887e-06 8.068965517241380780e+01 5.128557162332470145e-39
1.473157972964325986e-05 8.068965517241380780e+01 6.441654075582576577e-39
2.319331867275585017e-05 8.068965517241380780e+01 8.079604499067286345e-39
3.651543425268701019e-05 8.068965517241380780e+01 1.014525473580598150e-38
5.748970026564431755e-05 8.068965517241380780e+01 1.270669414986310962e-38
9.051147012965963645e-05 8.068965517241380780e+01 1.598386198778905679e-38
1.425007642617329682e-04 8.068965517241380780e+01 2.004167659496951197e-38
2.243524250140732342e-04 8.068965517241380780e+01 2.518736378588680677e-38
3.532192326859818587e-04 8.068965517241380780e+01 3.157569403311599742e-38
5.561064309041793136e-04 8.068965517241380780e+01 3.981746495698854479e-38
8.755309277508047973e-04 8.068965517241380780e+01 4.997443755445396684e-38
1.378431111112734305e-03 8.068965517241380780e+01 6.319866402686737539e-38
2.170194413308361783e-03 8.068965517241380780e+01 7.976602320900456600e-38
3.416742232227266019e-03 8.068965517241380780e+01 1.017725589550693055e-37
5.379300310560051687e-03 8.068965517241380780e+01 1.306700143384800888e-37
8.469141030966341813e-03 8.068965517241380780e+01 1.694506010312979707e-37
1.333376938662307956e-02 8.068965517241380780e+01 2.240823346241782466e-37
2.099261370256818096e-02 8.068965517241380780e+01 3.040074358955494646e-37
3.305065636633630621e-02 8.068965517241380780e+01 4.275616085241888371e-37
5.203477288356961328e-02 8.068965517241380780e+01 6.288861698664953611e-37
8.192326225032267595e-02 8.068965517241380780e+01 9.734350852612308610e-37
1.289795366792951259e-01 8.068965517241380780e+01 1.576974920207445220e-36
2.030646781517799204e-01 8.068965517241380780e+01 8.184926628632129241e-36
3.197039202847857253e-01 8.068965517241380780e+01 4.280817000920691690e-35
5.033401060969523444e-01 8.068965517241380780e+01 0.000000000000000000e+00
9.999999999999999547e-08 8.689655172413793593e+01 5.372291111813315119e-40
1.574394538698769890e-07 8.689655172413793593e+01 6.727021863034744440e-40
2.478718163484512809e-07 8.689655172413793593e+01 8.451186717356507988e-40
3.902480339563453570e-07 8.689655172413793593e+01 1.058338400146397210e-39
6.144043733988022528e-07 8.689655172413793593e+01 1.331842165715765775e-39
9.673148900317140265e-07 8.689655172413793593e+01 1.665186975586784188e-39
1.522935280067928583e-06 8.689655172413793593e+01 2.091052320329990059e-39
2.397700987730628402e-06 8.689655172413793593e+01 2.631876074616685234e-39
3.774927340515747906e-06 8.689655172413793593e+01 3.292563804649584616e-39
5.943224988892664861e-06 8.689655172413793593e+01 4.136340862853924216e-39
9.356980964770669887e-06 8.689655172413793593e+01 5.188671147645626077e-39
1.473157972964325986e-05 8.689655172413793593e+01 6.516231019088353211e-39
2.319331867275585017e-05 8.689655172413793593e+01 8.172870646826683989e-39
3.651543425268701019e-05 8.689655172413793593e+01 1.024696400712470852e-38
5.748970026564431755e-05 8.689655172413793593e+01 1.285047984387841591e-38
9.051147012965963645e-05 8.689655172413793593e+01 1.616089395509610030e-38
1.425007642617329682e-04 8.689655172413793593e+01 2.025209872283230355e-38
2.243524250140732342e-04 8.689655172413793593e+01 2.543217541175306433e-38
3.532192326859818587e-04 8.689655172413793593e+01 3.209448094962904919e-38
5.561064309041793136e-04 8.689655172413793593e+01 4.026429444330760796e-38
8.755309277508047973e-04 8.689655172413793593e+01 5.064870541291783615e-38
1.378431111112734305e-03 8.689655172413793593e+01 6.411829249772290033e-38
2.170194413308361783e-03 8.689655172413793593e+01 8.110020804184937298e-38
3.416742232227266019e-03 8.689655172413793593e+01 1.032343692479809435e-37
5.379300310560051687e-03 8.689655172413793593e+01 1.327378294082085645e-37
8.469141030966341813e-03 8.689655172413793593e+01 1.727356659110939634e-37
1.333376938662307956e-02 8.689655172413793593e+01 2.276114206558747224e-37
2.099261370256818096e-02 8.689655172413793593e+01 3.083580063850960884e-37
3.305065636633630621e-02 8.689655172413793593e+01 4.309446039707294867e-37
5.203477288356961328e-02 8.689655172413793593e+01 6.283824433093457196e-37
8.192326225032267595e-02 8.689655172413793593e+01 9.540565242822015948e-37
1.289795366792951259e-01 8.689655172413793593e+01 1.510999041408283661e-36
2.030646781517799204e-01 8.689655172413793593e+01 1.157436920284694485e-35
3.197039202847857253e-01 8.689655172413793593e+01 3.114220409354641603e-35
5.033401060969523444e-01 8.689655172413793593e+01 0.000000000000000000e+00
9.999999999999999547e-08 9.310344827586206407e+01 5.372533019308740381e-40
1.574394538698769890e-07 9.310344827586206407e+01 6.736683855914165014e-40
2.478718163484512809e-07 9.310344827586206407e+01 8.458573738012873918e-40
3.902480339563453570e-07 9.310344827586206407e+01 1.061756768499431583e-39
6.144043733988022528e-07 9.310344827586206407e+01 1.329023014986176422e-39
9.673148900317140265e-07 9.310344827586206407e+01 1.675937462889015275e-39
1.522935280067928583e-06 9.310344827586206407e+01 2.092381175580358265e-39
2.397700987730628402e-06 9.310344827586206407e+01 2.628247415579955192e-39
3.774927340515747906e-06 9.310344827586206407e+01 3.304429243427373064e-39
5.943224988892664861e-06 9.310344827586206407e+01 4.131976246595204320e-39
9.356980964770669887e-06 9.310344827586206407e+01 5.198728846204365864e-39
1.473157972964325986e-05 9.310344827586206407e+01 6.524199889757471011e-39
2.319331867275585017e-05 9.310344827586206407e+01 8.175018725205911117e-39
3.651543425268701019e-05 9.310344827586206407e+01 1.027866378690577954e-38
5.748970026564431755e-05 9.310344827586206407e+01 1.290461744259729169e-38
9.051147012965963645e-05 9.310344827586206407e+01 1.617240038093521022e-38
1.425007642617329682e-04 9.310344827586206407e+01 2.029816141273744143e-38
2.243524250140732342e-04 9.310344827586206407e+01 2.555615580354091564e-38
3.532192326859818587e-04 9.310344827586206407e+01 3.207409241864481037e-38
5.561064309041793136e-04 9.310344827586206407e+01 4.039758952131610989e-38
8.755309277508047973e-04 9.310344827586206407e+01 5.090686347050810086e-38
1.378431111112734305e-03 9.310344827586206407e+01 6.433120906228333090e-38
2.170194413308361783e-03 9.310344827586206407e+01 8.143788272220982823e-38
3.416742232227266019e-03 9.310344827586206407e+01 1.037078656666954832e-37
5.379300310560051687e-03 9.310344827586206407e+01 1.329210528529932330e-37
8.469141030966341813e-03 9.310344827586206407e+01 1.730823485123701768e-37
1.333376938662307956e-02 9.310344827586206407e+01 2.282739628311901612e-37
2.099261370256818096e-02 9.310344827586206407e+01 3.074977217741700212e-37
3.305065636633630621e-02 9.310344827586206407e+01 4.275152331872072938e-37
5.203477288356961328e-02 9.310344827586206407e+01 6.175763072417477106e-37
8.192326225032267595e-02 9.310344827586206407e+01 9.211961816096910755e-37
1.289795366792951259e-01 9.310344827586206407e+01 1.460838799080531056e-36
2.030646781517799204e-01 9.310344827586206407e+01 1.485761877209813871e-35
3.197039202847857253e-01 9.310344827586206407e+01 2.156952819759401381e-35
5.033401060969523444e-01 9.310344827586206407e+01 0.000000000000000000e+00
9.999999999999999547e-08 9.931034482758620641e+01 5.301480591995854698e-40
1.574394538698769890e-07 9.931034482758620641e+01 6.648541813844319879e-40
2.478718163484512809e-07 9.931034482758620641e+01 8.350511769213930239e-40
3.902480339563453570e-07 9.931034482758620641e+01 1.047065952498243654e-39
6.144043733988022528e-07 9.931034482758620641e+01 1.317479399148705201e-39
9.673148900317140265e-07 9.931034482758620641e+01 1.651502967136450186e-39
1.522935280067928583e-06 9.931034482758620641e+01 2.070762136202889464e-39
2.397700987730628402e-06 9.931034482758620641e+01 2.602874301043701010e-39
3.774927340515747906e-06 9.931034482758620641e+01 3.255711323343421828e-39
5.943224988892664861e-06 9.931034482758620641e+01 4.092521121245805752e-39
9.356980964770669887e-06 9.931034482758620641e+01 5.137797751967971254e-39
1.473157972964325986e-05 9.931034482758620641e+01 6.447945741404916339e-39
2.319331867275585017e-05 9.931034482758620641e+01 8.093994600082823247e-39
3.651543425268701019e-05 9.931034482758620641e+01 1.015693683325764039e-38
5.748970026564431755e-05 9.931034482758620641e+01 1.278734757722135896e-38
9.051147012965963645e-05 9.931034482758620641e+01 1.603160210255048596e-38
1.425007642617329682e-04 9.931034482758620641e+01 2.010310369112761953e-38
2.243524250140732342e-04 9.931034482758620641e+01 2.521071383662518703e-38
3.532192326859818587e-04 9.931034482758620641e+01 3.173968569636000623e-38
5.561064309041793136e-04 9.931034482758620641e+01 3.997818151133042126e-38
8.755309277508047973e-04 9.931034482758620641e+01 5.032068656558756064e-38
1.378431111112734305e-03 9.931034482758620641e+01 6.351716259591505016e-38
2.170194413308361783e-03 9.931034482758620641e+01 8.074730945352746958e-38
3.416742232227266019e-03 9.931034482758620641e+01 1.026358334680435855e-37
5.379300310560051687e-03 9.931034482758620641e+01 1.320251839623762012e-37
8.469141030966341813e-03 9.931034482758620641e+01 1.710479165464304861e-37
1.333376938662307956e-02 9.931034482758620641e+01 2.252691037445545903e-37
2.099261370256818096e-02 9.931034482758620641e+01 3.031634653895915188e-37
3.305065636633630621e-02 9.931034482758620641e+01 4.195858574783326188e-37
5.203477288356961328e-02 9.931034482758620641e+01 5.986751453250841656e-37
8.192326225032267595e-02 9.931034482758620641e+01 8.746874058657147731e-37
1.289795366792951259e-01 9.931034482758620641e+01 1.471980417386574254e-36
2.030646781517799204e-01 9.931034482758620641e+01 1.727254820823126365e-35
3.197039202847857253e-01 9.931034482758620641e+01 1.454183646642554657e-35
5.033401060969523444e-01 9.931034482758620641e+01 0.000000000000000000e+00
9.999999999999999547e-08 1.055172413793103630e+02 5.187038518803021207e-40
1.574394538698769890e-07 1.055172413793103630e+02 6.504111200649083180e-40
2.478718163484512809e-07 1.055172413793103630e+02 8.161575360408246492e-40
3.902480339563453570e-07 1.055172413793103630e+02 1.024052348321574385e-39
6.144043733988022528e-07 1.055172413793103630e+02 1.287359950901606775e-39
9.673148900317140265e-07 1.055172413793103630e+02 1.607761973770841656e-39
1.522935280067928583e-06 1.055172413793103630e+02 2.024740719149737017e-39
2.397700987730628402e-06 1.055172413793103630e+02 2.538020599857436936e-39
3.774927340515747906e-06 1.055172413793103630e+02 3.186087078067013949e-39
5.943224988892664861e-06 1.055172413793103630e+02 3.999384865948402828e-39
9.356980964770669887e-06 1.055172413793103630e+02 5.009148461735228383e-39
1.473157972964325986e-05 1.055172413793103630e+02 6.291465778639115569e-39
2.319331867275585017e-05 1.055172413793103630e+02 7.888225994644970385e-39
3.651543425268701019e-05 1.055172413793103630e+02 9.912750613642264622e-39
5.748970026564431755e-05 1.055172413793103630e+02 1.247489717965436266e-38
9.051147012965963645e-05 1.055172413793103630e+02 1.560792282893912600e-38
1.425007642617329682e-04 1.055172413793103630e+02 1.968327161435949524e-38
2.243524250140732342e-04 1.055172413793103630e+02 2.468244514137993364e-38
3.532192326859818587e-04 1.055172413793103630e+02 3.100002188337222726e-38
5.561064309041793136e-04 1.055172413793103630e+02 3.910530743088836004e-38
8.755309277508047973e-04 1.055172413793103630e+02 4.930193315972676918e-38
1.378431111112734305e-03 1.055172413793103630e+02 6.218025657899499050e-38
2.170194413308361783e-03 1.055172413793103630e+02 7.879070401650267723e-38
3.416742232227266019e-03 1.055172413793103630e+02 1.005793062676062152e-37
5.379300310560051687e-03 1.055172413793103630e+02 1.290870949385802942e-37
8.469141030966341813e-03 1.055172413793103630e+02 1.672164397154300285e-37
1.333376938662307956e-02 1.055172413793103630e+02 2.197405149584868406e-37
2.099261370256818096e-02 1.055172413793103630e+02 2.940188778866961280e-37
3.305065636633630621e-02 1.055172413793103630e+02 4.053188967160430022e-37
5.203477288356961328e-02 1.055172413793103630e+02 5.721343303684424438e-37
8.192326225032267595e-02 1.055172413793103630e+02 8.248432007435670205e-37
1.289795366792951259e-01 1.055172413793103630e+02 1.570745189351582563e-36
2.030646781517799204e-01 1.055172413793103630e+02 1.810641272183706766e-35
3.197039202847857253e-01 1.055172413793103630e+02 9.278902099972827895e-36
5.033401060969523444e-01 1.055172413793103630e+02 0.000000000000000000e+00
9.999999999999999547e-08 1.117241379310344911e+02 5.006566149204380492e-40
1.574394538698769890e-07 1.117241379310344911e+02 6.267050109174426136e-40
2.478718163484512809e-07 1.117241379310344911e+02 7.863471142353303651e-40
3.902480339563453570e-07 1.117241379310344911e+02 9.878594013325874350e-40
6.144043733988022528e-07 1.117241379310344911e+02 1.239534040737200145e-39
9.673148900317140265e-07 1.117241379310344911e+02 1.556418922626983434e-39
1.522935280067928583e-06 1.117241379310344911e+02 1.952095867582402842e-39
2.397700987730628402e-06 1.117241379310344911e+02 2.445600601238748915e-39
3.774927340515747906e-06 1.117241379310344911e+02 3.067202629711547752e-39
5.943224988892664861e-06 1.117241379310344911e+02 3.850439103608239330e-39
9.356980964770669887e-06 1.117241379310344911e+02 4.839824504141882779e-39
1.473157972964325986e-05 1.117241379310344911e+02 6.067048163142714655e-39
2.319331867275585017e-05 1.117241379310344911e+02 7.626749719020351859e-39
3.651543425268701019e-05 1.117241379310344911e+02 9.579107092727857397e-39
5.748970026564431755e-05 1.117241379310344911e+02 1.202205408469070606e-38
9.051147012965963645e-05 1.117241379310344911e+02 1.507498669997953076e-38
1.425007642617329682e-04 1.117241379310344911e+02 1.892885548452763193e-38
2.243524250140732342e-04 1.117241379310344911e+02 2.383981915690699250e-38
3.532192326859818587e-04 1.117241379310344911e+02 2.997229799445751673e-38
5.561064309041793136e-04 1.117241379310344911e+02 3.766180048460120580e-38
8.755309277508047973e-04 1.117241379310344911e+02 4.752195930355223932e-38
1.378431111112734305e-03 1.117241379310344911e+02 6.024483808881693315e-38
2.170194413308361783e-03 1.117241379310344911e+02 7.630026724630615023e-38
3.416742232227266019e-03 1.117241379310344911e+02 9.698905229584448659e-38
5.379300310560051687e-03 1.117241379310344911e+02 1.243341002388029187e-37
8.469141030966341813e-03 1.117241379310344911e+02 1.611398260534418234e-37
1.333376938662307956e-02 1.117241379310344911e+02 2.118450898062036938e-37
2.099261370256818096e-02 1.117241379310344911e+02 2.817278222153842547e-37
3.305065636633630621e-02 1.117241379310344911e+02 3.864384494901840459e-37
5.203477288356961328e-02 1.117241379310344911e+02 5.406560888863288988e-37
8.192326225032267595e-02 1.117241379310344911e+02 7.665034553637170899e-37
1.289795366792951259e-01 1.117241379310344911e+02 1.755079546184554930e-36
2.030646781517799204e-01 1.117241379310344911e+02 1.735132300410174305e-35
3.197039202847857253e-01 1.117241379310344911e+02 5.461151648699893906e-36
5.033401060969523444e-01 1.117241379310344911e+02 0.000000000000000000e+00
9.999999999999999547e-08 1.179310344827586192e+02 4.749852891940763202e-40
1.574394538698769890e-07 1.179310344827586192e+02 5.961475858035495147e-40
2.478718163484512809e-07 1.179310344827586192e+02 7.480644114254116269e-40
3.902480339563453570e-07 1.179310344827586192e+02 9.400162017933413980e-40
6.144043733988022528e-07 1.179310344827586192e+02 1.176918448421970728e-39
9.673148900317140265e-07 1.179310344827586192e+02 1.477797673851526484e-39
1.522935280067928583e-06 1.179310344827586192e+02 1.851398161195080189e-39
2.397700987730628402e-06 1.179310344827586192e+02 2.329161298456410961e-39
3.774927340515747906e-06 1.179310344827586192e+02 2.920589512745912188e-39
5.943224988892664861e-06 1.179310344827586192e+02 3.664888101666542681e-39
9.356980964770669887e-06 1.179310344827586192e+02 4.605589282527176917e-39
1.473157972964325986e-05 1.179310344827586192e+02 5.783351710363257038e-39
2.319331867275585017e-05 1.179310344827586192e+02 7.268851058900135432e-39
3.651543425268701019e-05 1.179310344827586192e+02 9.090916838988426940e-39
5.748970026564431755e-05 1.179310344827586192e+02 1.141361105060800331e-38
9.051147012965963645e-05 1.179310344827586192e+02 1.437415911107820893e-38
1.425007642617329682e-04 1.179310344827586192e+02 1.806141446587525237e-38
2.243524250140732342e-04 1.179310344827586192e+02 2.272764622025195085e-38
3.532192326859818587e-04 1.179310344827586192e+02 2.850308600936210972e-38
5.561064309041793136e-04 1.179310344827586192e+02 3.583800665524511303e-38
8.755309277508047973e-04 1.179310344827586192e+02 4.530690217484940818e-38
1.378431111112734305e-03 1.179310344827586192e+02 5.730611904987085183e-38
2.170194413308361783e-03 1.179310344827586192e+02 7.248508782737845883e-38
3.416742232227266019e-03 1.179310344827586192e+02 9.241292648596449983e-38
5.379300310560051687e-03 1.179310344827586192e+02 1.189415914906423396e-37
8.469141030966341813e-03 1.179310344827586192e+02 1.531693471733040194e-37
1.333376938662307956e-02 1.179310344827586192e+02 2.006900903783558462e-37
2.099261370256818096e-02 1.179310344827586192e+02 2.666505608500718001e-37
3.305065636633630621e-02 1.179310344827586192e+02 3.627420127016265175e-37
5.203477288356961328e-02 1.179310344827586192e+02 5.015902966968833010e-37
8.192326225032267595e-02 1.179310344827586192e+02 7.031418257348012532e-37
1.289795366792951259e-01 1.179310344827586192e+02 1.987544697571766307e-36
2.030646781517799204e-01 1.179310344827586192e+02 1.557263452032853010e-35
3.197039202847857253e-01 1.179310344827586192e+02 2.964995640259143174e-36
5.033401060969523444e-01 1.179310344827586192e+02 0.000000000000000000e+00
9.999999999999999547e-08 1.241379310344827616e+02 4.446174059586010227e-40
1.574394538698769890e-07 1.241379310344827616e+02 5.586358220052340843e-40
2.478718163484512809e-07 1.241379310344827616e+02 7.014774321208979715e-40
3.902480339563453570e-07 1.241379310344827616e+02 8.797199800875440204e-40
6.144043733988022528e-07 1.241379310344827616e+02 1.104731388387201538e-39
9.673148900317140265e-07 1.241379310344827616e+02 1.384381227619507767e-39
1.522935280067928583e-06 1.241379310344827616e+02 1.732292578749941521e-39
2.397700987730628402e-06 1.241379310344827616e+02 2.179395821117840539e-39
3.774927340515747906e-06 1.241379310344827616e+02 2.729321067901398132e-39
5.943224988892664861e-06 1.241379310344827616e+02 3.433185799762861736e-39
9.356980964770669887e-06 1.241379310344827616e+02 4.313203313034929490e-39
1.473157972964325986e-05 1.241379310344827616e+02 5.406424458232233614e-39
2.319331867275585017e-05 1.241379310344827616e+02 6.795648998869648421e-39
3.651543425268701019e-05 1.241379310344827616e+02 8.519124910323995238e-39
5.748970026564431755e-05 1.241379310344827616e+02 1.070301814209081342e-38
9.051147012965963645e-05 1.241379310344827616e+02 1.342247407029680312e-38
1.425007642617329682e-04 1.241379310344827616e+02 1.690441106404556505e-38
2.243524250140732342e-04 1.241379310344827616e+02 2.130369133324490787e-38
3.532192326859818587e-04 1.241379310344827616e+02 2.674636836138964400e-38
5.561064309041793136e-04 1.241379310344827616e+02 3.362634485806955278e-38
8.755309277508047973e-04 1.241379310344827616e+02 4.251142698036553700e-38
1.378431111112734305e-03 1.241379310344827616e+02 5.365878750851364810e-38
2.170194413308361783e-03 1.241379310344827616e+02 6.820346523315481842e-38
3.416742232227266019e-03 1.241379310344827616e+02 8.662745385981945558e-38
5.379300310560051687e-03 1.241379310344827616e+02 1.110861667469508028e-37
8.469141030966341813e-03 1.241379310344827616e+02 1.433606283781765663e-37
1.333376938662307956e-02 1.241379310344827616e+02 1.868514846978092147e-37
2.099261370256818096e-02 1.241379310344827616e+02 2.474263244925236326e-37
3.305065636633630621e-02 1.241379310344827616e+02 3.351889009268786369e-37
5.203477288356961328e-02 1.241379310344827616e+02 4.608965595027253941e-37
8.192326225032267595e-02 1.241379310344827616e+02 6.378952649337244827e-37
1.289795366792951259e-01 1.241379310344827616e+02 2.225613290430472019e-36
2.030646781517799204e-01 1.241379310344827616e+02 1.340730678531428147e-35
3.197039202847857253e-01 1.241379310344827616e+02 1.516135205555630546e-36
5.033401060969523444e-01 1.241379310344827616e+02 0.000000000000000000e+00
9.999999999999999547e-08 1.303448275862068897e+02 4.093476491147786188e-40
1.574394538698769890e-07 1.303448275862068897e+02 5.145160035116773163e-40
2.478718163484512809e-07 1.303448275862068897e+02 6.451076670706737970e-40
3.902480339563453570e-07 1.303448275862068897e+02 8.088258428872654104e-40
6.144043733988022528e-07 1.303448275862068897e+02 1.017955784255923138e-39
9.673148900317140265e-07 1.303448275862068897e+02 1.274602559693618322e-39
1.522935280067928583e-06 1.303448275862068897e+02 1.603109082431957490e-39
2.397700987730628402e-06 1.303448275862068897e+02 2.015202868239103840e-39
3.774927340515747906e-06 1.303448275862068897e+02 2.520779235285363275e-39
5.943224988892664861e-06 1.303448275862068897e+02 3.158677760668864407e-39
9.356980964770669887e-06 1.303448275862068897e+02 3.971422531350528745e-39
1.473157972964325986e-05 1.303448275862068897e+02 4.990240307644545913e-39
2.319331867275585017e-05 1.303448275862068897e+02 6.257860335977849866e-39
3.651543425268701019e-05 1.303448275862068897e+02 7.846748919053086143e-39
5.748970026564431755e-05 1.303448275862068897e+02 9.879995664350272650e-39
9.051147012965963645e-05 1.303448275862068897e+02 1.240696984298908632e-38
1.425007642617329682e-04 1.303448275862068897e+02 1.559777441135677101e-38
2.243524250140732342e-04 1.303448275862068897e+02 1.959225610448232934e-38
3.532192326859818587e-04 1.303448275862068897e+02 2.465196667790081576e-38
5.561064309041793136e-04 1.303448275862068897e+02 3.108797235076193639e-38
8.755309277508047973e-04 1.303448275862068897e+02 3.908504660124056062e-38
1.378431111112734305e-03 1.303448275862068897e+02 4.952103487904792966e-38
2.170194413308361783e-03 1.303448275862068897e+02 6.268272376847025335e-38
3.416742232227266019e-03 1.303448275862068897e+02 7.989704932049789794e-38
5.379300310560051687e-03 1.303448275862068897e+02 1.023390578593737467e-37
8.469141030966341813e-03 1.303448275862068897e+02 1.316448995304780256e-37
1.333376938662307956e-02 1.303448275862068897e+02 1.718016761101189781e-37
2.099261370256818096e-02 1.303448275862068897e+02 2.267668457946578995e-37
3.305065636633630621e-02 1.303448275862068897e+02 3.053623670763115908e-37
5.203477288356961328e-02 1.303448275862068897e+02 4.150849537904614034e-37
8.192326225032267595e-02 1.303448275862068897e+02 5.719014772956171832e-37
1.289795366792951259e-01 1.303448275862068897e+02 2.449884727239316055e-36
2.030646781517799204e-01 1.303448275862068897e+02 1.126024437537157193e-35
3.197039202847857253e-01 1.303448275862068897e+02 7.355382021704864275e-37
5.033401060969523444e-01 1.303448275862068897e+02 0.000000000000000000e+00
9.999999999999999547e-08 1.365517241379310462e+02 3.687720581028623311e-40
1.574394538698769890e-07 1.365517241379310462e+02 4.620548669437776724e-40
2.478718163484512809e-07 1.365517241379310462e+02 5.818437477270167824e-40
3.902480339563453570e-07 1.365517241379310462e+02 7.308048103073201323e-40
6.144043733988022528e-07 1.365517241379310462e+02 9.167945279029264469e-40
9.673148900317140265e-07 1.365517241379310462e+02 1.152611853488666752e-39
1.522935280067928583e-06 1.365517241379310462e+02 1.445037629039827103e-39
2.397700987730628402e-06 1.365517241379310462e+02 1.816689258423044750e-39
3.774927340515747906e-06 1.365517241379310462e+02 2.271710109612299117e-39
5.943224988892664861e-06 1.365517241379310462e+02 2.852811124740597047e-39
9.356980964770669887e-06 1.365517241379310462e+02 3.588955093648121659e-39
1.473157972964325986e-05 1.365517241379310462e+02 4.495594689167173463e-39
2.319331867275585017e-05 1.365517241379310462e+02 5.645197928615260447e-39
3.651543425268701019e-05 1.365517241379310462e+02 7.090741459211545877e-39
5.748970026564431755e-05 1.365517241379310462e+02 8.899469724245772565e-39
9.051147012965963645e-05 1.365517241379310462e+02 1.117501409471332739e-38
1.425007642617329682e-04 1.365517241379310462e+02 1.405817816646547641e-38
2.243524250140732342e-04 1.365517241379310462e+02 1.770510924675540600e-38
3.532192326859818587e-04 1.365517241379310462e+02 2.226939850243554246e-38
5.561064309041793136e-04 1.365517241379310462e+02 2.800838085968176003e-38
8.755309277508047973e-04 1.365517241379310462e+02 3.538778058621977788e-38
1.378431111112734305e-03 1.365517241379310462e+02 4.473217357459183032e-38
2.170194413308361783e-03 1.365517241379310462e+02 5.664043487294438880e-38
3.416742232227266019e-03 1.365517241379310462e+02 7.202645000275844159e-38
5.379300310560051687e-03 1.365517241379310462e+02 9.226444268865210469e-38
8.469141030966341813e-03 1.365517241379310462e+02 1.185424552027174505e-37
1.333376938662307956e-02 1.365517241379310462e+02 1.540336617084527845e-37
2.099261370256818096e-02 1.365517241379310462e+02 2.032780209849757726e-37
3.305065636633630621e-02 1.365517241379310462e+02 2.722388011242551475e-37
5.203477288356961328e-02 1.365517241379310462e+02 3.668766077266628267e-37
8.192326225032267595e-02 1.365517241379310462e+02 5.056618137857863373e-37
1.289795366792951259e-01 1.365517241379310462e+02 2.542197310502731215e-36
2.030646781517799204e-01 1.365517241379310462e+02 9.309508960068704572e-36
3.197039202847857253e-01 1.365517241379310462e+02 3.461430589893495089e-37
5.033401060969523444e-01 1.365517241379310462e+02 0.000000000000000000e+00
9.999999999999999547e-08 1.427586206896551744e+02 3.258160414083397723e-40
1.574394538698769890e-07 1.427586206896551744e+02 4.094410325100805493e-40
2.478718163484512809e-07 1.427586206896551744e+02 5.125050292198851883e-40
3.902480339563453570e-07 1.427586206896551744e+02 6.445227985611503083e-40
6.144043733988022528e-07 1.427586206896551744e+02 8.074347078995044139e-40
9.673148900317140265e-07 1.427586206896551744e+02 1.013021391759460399e-39
1.522935280067928583e-06 1.427586206896551744e+02 1.271334853875641827e-39
2.397700987730628402e-06 1.427586206896551744e+02 1.594791093710585390e-39
3.774927340515747906e-06 1.427586206896551744e+02 2.001801983539534455e-39
5.943224988892664861e-06 1.427586206896551744e+02 2.513832477068975657e-39
9.356980964770669887e-06 1.427586206896551744e+02 3.157802025607060109e-39
1.473157972964325986e-05 1.427586206896551744e+02 3.966621526760449570e-39
2.319331867275585017e-05 1.427586206896551744e+02 4.972748051354124572e-39
3.651543425268701019e-05 1.427586206896551744e+02 6.249691494223527572e-39
5.748970026564431755e-05 1.427586206896551744e+02 7.853662012214337385e-39
9.051147012965963645e-05 1.427586206896551744e+02 9.852077920076056794e-39
1.425007642617329682e-04 1.427586206896551744e+02 1.241315557776256555e-38
2.243524250140732342e-04 1.427586206896551744e+02 1.557078160016414384e-38
3.532192326859818587e-04 1.427586206896551744e+02 1.960306056819951089e-38
5.561064309041793136e-04 1.427586206896551744e+02 2.470803631407244855e-38
8.755309277508047973e-04 1.427586206896551744e+02 3.114307285052301568e-38
1.378431111112734305e-03 1.427586206896551744e+02 3.941676377902814870e-38
2.170194413308361783e-03 1.427586206896551744e+02 4.983975264510016746e-38
3.416742232227266019e-03 1.427586206896551744e+02 6.333939609282832538e-38
5.379300310560051687e-03 1.427586206896551744e+02 8.082094988927104347e-38
8.469141030966341813e-03 1.427586206896551744e+02 1.043755717627344816e-37
1.333376938662307956e-02 1.427586206896551744e+02 1.353031262804690984e-37
2.099261370256818096e-02 1.427586206896551744e+02 1.778005929090032690e-37
3.305065636633630621e-02 1.427586206896551744e+02 2.368878539028643898e-37
5.203477288356961328e-02 1.427586206896551744e+02 3.168456055741316626e-37
8.192326225032267595e-02 1.427586206896551744e+02 4.389821123160136518e-37
1.289795366792951259e-01 1.427586206896551744e+02 2.541860770149387042e-36
2.030646781517799204e-01 1.427586206896551744e+02 7.511259850005800442e-36
3.197039202847857253e-01 1.427586206896551744e+02 1.630305090959140818e-37
5.033401060969523444e-01 1.427586206896551744e+02 0.000000000000000000e+00
9.999999999999999547e-08 1.489655172413793025e+02 2.765280495456603860e-40
1.574394538698769890e-07 1.489655172413793025e+02 3.480684053186295951e-40
2.478718163484512809e-07 1.489655172413793025e+02 4.365550527168257493e-40
3.902480339563453570e-07 1.489655172413793025e+02 5.481894931955387293e-40
6.144043733988022528e-07 1.489655172413793025e+02 6.867155757123635799e-40
9.673148900317140265e-07 1.489655172413793025e+02 8.637693828866203194e-40
1.522935280067928583e-06 1.489655172413793025e+02 1.081771401932429732e-39
2.397700987730628402e-06 1.489655172413793025e+02 1.356959282296319979e-39
3.774927340515747906e-06 1.489655172413793025e+02 1.706355395936619414e-39
5.943224988892664861e-06 1.489655172413793025e+02 2.141432891406829881e-39
9.356980964770669887e-06 1.489655172413793025e+02 2.691220568430363650e-39
1.473157972964325986e-05 1.489655172413793025e+02 3.365400216462217860e-39
2.319331867275585017e-05 1.489655172413793025e+02 4.244877954309586098e-39
3.651543425268701019e-05 1.489655172413793025e+02 5.325872289720556396e-39
5.748970026564431755e-05 1.489655172413793025e+02 6.692397397420426853e-39
9.051147012965963645e-05 1.489655172413793025e+02 8.398211168802702368e-39
1.425007642617329682e-04 1.489655172413793025e+02 1.056244262085031883e-38
2.243524250140732342e-04 1.489655172413793025e+02 1.326213347452910068e-38
3.532192326859818587e-04 1.489655172413793025e+02 1.674000516554401459e-38
5.561064309041793136e-04 1.489655172413793025e+02 2.107713894924936370e-38
8.755309277508047973e-04 1.489655172413793025e+02 2.654421484871018425e-38
1.378431111112734305e-03 1.489655172413793025e+02 3.353737099803549713e-38
2.170194413308361783e-03 1.489655172413793025e+02 4.247245259133400709e-38
3.416742232227266019e-03 1.489655172413793025e+02 5.414568495618802693e-38
5.379300310560051687e-03 1.489655172413793025e+02 6.891642406019648987e-38
8.469141030966341813e-03 1.489655172413793025e+02 8.856248202510870703e-38
1.333376938662307956e-02 1.489655172413793025e+02 1.147983183565637778e-37
2.099261370256818096e-02 1.489655172413793025e+02 1.505441005697011899e-37
3.305065636633630621e-02 1.489655172413793025e+02 1.992907963355564532e-37
5.203477288356961328e-02 1.489655172413793025e+02 2.657903089015080519e-37
8.192326225032267595e-02 1.489655172413793025e+02 3.760553570393967791e-37
1.289795366792951259e-01 1.489655172413793025e+02 2.380162965937469807e-36
2.030646781517799204e-01 1.489655172413793025e+02 5.911783849240234349e-36
3.197039202847857253e-01 1.489655172413793025e+02 7.551642289924833242e-38
5.033401060969523444e-01 1.489655172413793025e+02 0.000000000000000000e+00
9.999999999999999547e-08 1.551724137931034591e+02 2.254960487415049321e-40
1.574394538698769890e-07 1.551724137931034591e+02 2.834362923830159547e-40
2.478718163484512809e-07 1.551724137931034591e+02 3.557850810130573283e-40
3.902480339563453570e-07 1.551724137931034591e+02 4.457867388267900634e-40
6.144043733988022528e-07 1.551724137931034591e+02 5.595366619912514972e-40
9.673148900317140265e-07 1.551724137931034591e+02 7.043377057714939275e-40
1.522935280067928583e-06 1.551724137931034591e+02 8.820987426057559860e-40
2.397700987730628402e-06 1.551724137931034591e+02 1.106748539293111920e-39
3.774927340515747906e-06 1.551724137931034591e+02 1.386602845704957350e-39
5.943224988892664861e-06 1.551724137931034591e+02 1.746808786686930413e-39
9.356980964770669887e-06 1.551724137931034591e+02 2.192641984339179372e-39
1.473157972964325986e-05 1.551724137931034591e+02 2.748072172514296795e-39
2.319331867275585017e-05 1.551724137931034591e+02 3.443104142293598770e-39
3.651543425268701019e-05 1.551724137931034591e+02 4.328290694965648847e-39
5.748970026564431755e-05 1.551724137931034591e+02 5.438642267181297804e-39
9.051147012965963645e-05 1.551724137931034591e+02 6.844480132154351922e-39
1.425007642617329682e-04 1.551724137931034591e+02 8.573619888677610156e-39
2.243524250140732342e-04 1.551724137931034591e+02 1.080684007332405913e-38
3.532192326859818587e-04 1.551724137931034591e+02 1.362443850661737423e-38
5.561064309041793136e-04 1.551724137931034591e+02 1.713418538252131147e-38
8.755309277508047973e-04 1.551724137931034591e+02 2.162518689502586325e-38
1.378431111112734305e-03 1.551724137931034591e+02 2.734172517975437162e-38
2.170194413308361783e-03 1.551724137931034591e+02 3.464514650044585555e-38
3.416742232227266019e-03 1.551724137931034591e+02 4.402894626710321257e-38
5.379300310560051687e-03 1.551724137931034591e+02 5.616756418920288144e-38
8.469141030966341813e-03 1.551724137931034591e+02 7.192625301245102148e-38
1.333376938662307956e-02 1.551724137931034591e+02 9.323955214013884741e-38
2.099261370256818096e-02 1.551724137931034591e+02 1.220608772197593987e-37
3.305065636633630621e-02 1.551724137931034591e+02 1.616775944810293127e-37
5.203477288356961328e-02 1.551724137931034591e+02 2.143622068879887934e-37
8.192326225032267595e-02 1.551724137931034591e+02 3.083856082767993763e-37
1.289795366792951259e-01 1.551724137931034591e+02 2.099567256300478605e-36
2.030646781517799204e-01 1.551724137931034591e+02 4.509285849959323841e-36
3.197039202847857253e-01 1.551724137931034591e+02 3.735301455823396189e-38
5.033401060969523444e-01 1.551724137931034591e+02 0.000000000000000000e+00
9.999999999999999547e-08 1.613793103448276156e+02 1.713869478635884285e-40
1.574394538698769890e-07 1.613793103448276156e+02 2.150433888022113432e-40
2.478718163484512809e-07 1.613793103448276156e+02 2.707958175225059586e-40
3.902480339563453570e-07 1.613793103448276156e+02 3.391386589544134098e-40
6.144043733988022528e-07 1.613793103448276156e+02 4.251057242510034905e-40
9.673148900317140265e-07 1.613793103448276156e+02 5.342116385660822831e-40
1.522935280067928583e-06 1.613793103448276156e+02 6.713910283353279703e-40
2.397700987730628402e-06 1.613793103448276156e+02 8.428406157663894092e-40
3.774927340515747906e-06 1.613793103448276156e+02 1.058296227492665713e-39
5.943224988892664861e-06 1.613793103448276156e+02 1.327037072835161487e-39
9.356980964770669887e-06 1.613793103448276156e+02 1.663886281871851586e-39
1.473157972964325986e-05 1.613793103448276156e+02 2.085968427427542256e-39
2.319331867275585017e-05 1.613793103448276156e+02 2.628744815826776992e-39
3.651543425268701019e-05 1.613793103448276156e+02 3.291713129368550251e-39
5.748970026564431755e-05 1.613793103448276156e+02 4.142036568899269804e-39
9.051147012965963645e-05 1.613793103448276156e+02 5.207913604586719146e-39
1.425007642617329682e-04 1.613793103448276156e+02 6.538391183570170731e-39
2.243524250140732342e-04 1.613793103448276156e+02 8.228602749446665639e-39
3.532192326859818587e-04 1.613793103448276156e+02 1.035856830431496272e-38
5.561064309041793136e-04 1.613793103448276156e+02 1.305196470621304724e-38
8.755309277508047973e-04 1.613793103448276156e+02 1.643106820210226590e-38
1.378431111112734305e-03 1.613793103448276156e+02 2.078485897128654756e-38
2.170194413308361783e-03 1.613793103448276156e+02 2.635349595959776396e-38
3.416742232227266019e-03 1.613793103448276156e+02 3.342040705966185447e-38
5.379300310560051687e-03 1.613793103448276156e+02 4.265265601318913618e-38
8.469141030966341813e-03 1.613793103448276156e+02 5.456145617568943985e-38
1.333376938662307956e-02 1.613793103448276156e+02 7.082478295670779802e-38
2.099261370256818096e-02 1.613793103448276156e+02 9.248853372271515330e-38
3.305065636633630621e-02 1.613793103448276156e+02 1.218489282031702426e-37
5.203477288356961328e-02 1.613793103448276156e+02 1.610330758382820989e-37
8.192326225032267595e-02 1.613793103448276156e+02 2.375515248119578223e-37
1.289795366792951259e-01 1.613793103448276156e+02 1.682823273075219143e-36
2.030646781517799204e-01 1.613793103448276156e+02 3.243406237105218154e-36
3.197039202847857253e-01 1.613793103448276156e+02 1.760397286062059276e-38
5.033401060969523444e-01 1.613793103448276156e+02 0.000000000000000000e+00
9.999999999999999547e-08 1.675862068965517437e+02 1.159320925809258221e-40
1.574394538698769890e-07 1.675862068965517437e+02 1.452147756607258747e-40
2.478718163484512809e-07 1.675862068965517437e+02 1.819617505867433087e-40
3.902480339563453570e-07 1.675862068965517437e+02 2.287095345957101201e-40
6.144043733988022528e-07 1.675862068965517437e+02 2.861541100492092423e-40
9.673148900317140265e-07 1.675862068965517437e+02 3.592773085871263165e-40
1.522935280067928583e-06 1.675862068965517437e+02 4.515620538777776467e-40
2.397700987730628402e-06 1.675862068965517437e+02 5.674139840907260834e-40
3.774927340515747906e-06 1.675862068965517437e+02 7.091067887004387838e-40
5.943224988892664861e-06 1.675862068965517437e+02 8.927862709076078715e-40
9.356980964770669887e-06 1.675862068965517437e+02 1.122429382603996455e-39
1.473157972964325986e-05 1.675862068965517437e+02 1.404071405129453730e-39
2.319331867275585017e-05 1.675862068965517437e+02 1.765315502121164721e-39
3.651543425268701019e-05 1.675862068965517437e+02 2.220186892072019281e-39
5.748970026564431755e-05 1.675862068965517437e+02 2.792211845496480775e-39
9.051147012965963645e-05 1.675862068965517437e+02 3.502724986711835690e-39
1.425007642617329682e-04 1.675862068965517437e+02 4.405021166344940391e-39
2.243524250140732342e-04 1.675862068965517437e+02 5.543054505234985456e-39
3.532192326859818587e-04 1.675862068965517437e+02 6.966118632568412884e-39
5.561064309041793136e-04 1.675862068965517437e+02 8.786876217893787660e-39
8.755309277508047973e-04 1.675862068965517437e+02 1.109482573045598163e-38
1.378431111112734305e-03 1.675862068965517437e+02 1.400673481105764548e-38
2.170194413308361783e-03 1.675862068965517437e+02 1.774437320517373704e-38
3.416742232227266019e-03 1.675862068965517437e+02 2.250467602056952138e-38
5.379300310560051687e-03 1.675862068965517437e+02 2.865209658998884186e-38
8.469141030966341813e-03 1.675862068965517437e+02 3.674230682235687674e-38
1.333376938662307956e-02 1.675862068965517437e+02 4.747088648762942063e-38
2.099261370256818096e-02 1.675862068965517437e+02 6.215778824229204589e-38
3.305065636633630621e-02 1.675862068965517437e+02 8.156045936742364872e-38
5.203477288356961328e-02 1.675862068965517437e+02 1.075299475366926239e-37
8.192326225032267595e-02 1.675862068965517437e+02 1.613411033731343115e-37
1.289795366792951259e-01 1.675862068965517437e+02 1.175400597900030413e-36
2.030646781517799204e-01 1.675862068965517437e+02 2.095604003141138310e-36
3.197039202847857253e-01 1.675862068965517437e+02 8.300793493555223918e-39
5.033401060969523444e-01 1.675862068965517437e+02 0.000000000000000000e+00
9.999999999999999547e-08 1.737931034482758719e+02 5.815635297809978621e-41
1.574394538698769890e-07 1.737931034482758719e+02 7.278144937875693639e-41
2.478718163484512809e-07 1.737931034482758719e+02 9.166083498447765947e-41
3.902480339563453570e-07 1.737931034482758719e+02 1.148133235083297640e-40
6.144043733988022528e-07 1.737931034482758719e+02 1.442099110577167208e-40
9.673148900317140265e-07 1.737931034482758719e+02 1.810991074904745852e-40
1.522935280067928583e-06 1.737931034482758719e+02 2.275050632546033955e-40
2.397700987730628402e-06 1.737931034482758719e+02 2.851299573567885941e-40
3.774927340515747906e-06 1.737931034482758719e+02 3.575328748096596938e-40
5.943224988892664861e-06 1.737931034482758719e+02 4.487118023205404890e-40
9.356980964770669887e-06 1.737931034482758719e+02 5.628917360977952290e-40
1.473157972964325986e-05 1.737931034482758719e+02 7.080640081468335068e-40
2.319331867275585017e-05 1.737931034482758719e+02 8.880572272209200957e-40
3.651543425268701019e-05 1.737931034482758719e+02 1.114215517632944431e-39
5.748970026564431755e-05 1.737931034482758719e+02 1.403147349974405696e-39
9.051147012965963645e-05 1.737931034482758719e+02 1.762188884613996187e-39
1.425007642617329682e-04 1.737931034482758719e+02 2.215996437569483481e-39
2.243524250140732342e-04 1.737931034482758719e+02 2.783188564115516141e-39
3.532192326859818587e-04 1.737931034482758719e+02 3.511420930766496547e-39
5.561064309041793136e-04 1.737931034482758719e+02 4.418015159087998323e-39
8.755309277508047973e-04 1.737931034482758719e+02 5.565013432539322674e-39
1.378431111112734305e-03 1.737931034482758719e+02 7.042559093740260116e-39
2.170194413308361783e-03 1.737931034482758719e+02 8.910777432554312753e-39
3.416742232227266019e-03 1.737931034482758719e+02 1.131744152905272238e-38
5.379300310560051687e-03 1.737931034482758719e+02 1.442675291899633939e-38
8.469141030966341813e-03 1.737931034482758719e+02 1.846247493420099393e-38
1.333376938662307956e-02 1.737931034482758719e+02 2.385623459652478223e-38
2.099261370256818096e-02 1.737931034482758719e+02 3.114659331529811034e-38
3.305065636633630621e-02 1.737931034482758719e+02 4.095037985250167471e-38
5.203477288356961328e-02 1.737931034482758719e+02 5.387392081074523728e-38
8.192326225032267595e-02 1.737931034482758719e+02 8.153216505977162888e-38
1.289795366792951259e-01 1.737931034482758719e+02 6.026486483263910327e-37
2.030646781517799204e-01 1.737931034482758719e+02 1.027501225256968331e-36
3.197039202847857253e-01 1.737931034482758719e+02 3.992181734371405293e-39
5.033401060969523444e-01 1.737931034482758719e+02 0.000000000000000000e+00
9.999999999999999547e-08 1.800000000000000000e+02 6.594737548368465939e-56
1.574394538698769890e-07 1.800000000000000000e+02 8.254791181416852670e-56
2.478718163484512809e-07 1.800000000000000000e+02 1.039588765552781990e-55
3.902480339563453570e-07 1.800000000000000000e+02 1.300682867951073528e-55
6.144043733988022528e-07 1.800000000000000000e+02 1.635333729634323897e-55
9.673148900317140265e-07 1.800000000000000000e+02 2.049027133009277338e-55
1.522935280067928583e-06 1.800000000000000000e+02 2.571177105827336934e-55
2.397700987730628402e-06 1.800000000000000000e+02 3.224262386273326962e-55
3.774927340515747906e-06 1.800000000000000000e+02 4.049766398586525414e-55
5.943224988892664861e-06 1.800000000000000000e+02 5.078812638279005313e-55
9.356980964770669887e-06 1.800000000000000000e+02 6.389868458902074143e-55
1.473157972964325986e-05 1.800000000000000000e+02 8.006410906085819148e-55
2.319331867275585017e-05 1.800000000000000000e+02 1.008141007247643527e-54
3.651543425268701019e-05 1.800000000000000000e+02 1.264420688129210449e-54
5.748970026564431755e-05 1.800000000000000000e+02 0.000000000000000000e+00
9.051147012965963645e-05 1.800000000000000000e+02 1.997597334884230167e-54
1.425007642617329682e-04 1.800000000000000000e+02 2.517552529598343795e-54
2.243524250140732342e-04 1.800000000000000000e+02 3.158814482072828653e-54
3.532192326859818587e-04 1.800000000000000000e+02 3.969827489951275318e-54
5.561064309041793136e-04 1.800000000000000000e+02 4.998758949575279884e-54
8.755309277508047973e-04 1.800000000000000000e+02 6.324901974307259414e-54
1.378431111112734305e-03 1.800000000000000000e+02 7.983109480194731389e-54
2.170194413308361783e-03 1.800000000000000000e+02 1.008119617525480983e-53
3.416742232227266019e-03 1.800000000000000000e+02 1.283447008558332734e-53
5.379300310560051687e-03 1.800000000000000000e+02 1.631233721034812323e-53
8.469141030966341813e-03 1.800000000000000000e+02 2.089397255358864936e-53
1.333376938662307956e-02 1.800000000000000000e+02 2.699118712466839199e-53
2.099261370256818096e-02 1.800000000000000000e+02 3.528473181206086602e-53
3.305065636633630621e-02 1.800000000000000000e+02 4.635063500899211552e-53
5.203477288356961328e-02 1.800000000000000000e+02 6.090945149514461993e-53
8.192326225032267595e-02 1.800000000000000000e+02 9.265246328553281748e-53
1.289795366792951259e-01 1.800000000000000000e+02 6.848226189513722179e-52
2.030646781517799204e-01 1.800000000000000000e+02 1.153957902733893714e-51
3.197039202847857253e-01 1.800000000000000000e+02 3.936834389742422634e-54
5.033401060969523444e-01 1.800000000000000000e+02 0.000000000000000000e+00
