# atom 56: Tchi 0.6210169418915616 [GeV]; m_chi = 0.03 [GeV]; mS = 0.3 [GeV]; gchi =0.01; gN = 0.01
# Tchi^prime [GeV], theta [degree] ,dsigma/dTchip dtheta [cm^2/GeV]
9.999999999999999547e-08 0.000000000000000000e+00 0.000000000000000000e+00
1.581765038478375206e-07 0.000000000000000000e+00 0.000000000000000000e+00
2.501980636952495318e-07 0.000000000000000000e+00 0.000000000000000000e+00
3.957545498481313547e-07 0.000000000000000000e+00 0.000000000000000000e+00
6.259907107685227244e-07 0.000000000000000000e+00 0.000000000000000000e+00
9.901702207058776949e-07 0.000000000000000000e+00 0.000000000000000000e+00
1.566216637254973893e-06 0.000000000000000000e+00 0.000000000000000000e+00
2.477386719493084971e-06 0.000000000000000000e+00 0.000000000000000000e+00
3.918643699684795082e-06 0.000000000000000000e+00 0.000000000000000000e+00
6.198373602414974549e-06 0.000000000000000000e+00 0.000000000000000000e+00
9.804370659727267644e-06 0.000000000000000000e+00 0.000000000000000000e+00
1.550821073383975258e-05 0.000000000000000000e+00 0.000000000000000000e+00
2.453034554814278694e-05 0.000000000000000000e+00 0.000000000000000000e+00
3.880124296984591311e-05 0.000000000000000000e+00 0.000000000000000000e+00
6.137444957920709968e-05 0.000000000000000000e+00 0.000000000000000000e+00
9.707995860024360021e-05 0.000000000000000000e+00 0.000000000000000000e+00
1.535576844507935347e-04 0.000000000000000000e+00 0.000000000000000000e+00
2.428921766539596401e-04 0.000000000000000000e+00 0.000000000000000000e+00
3.841983531511471432e-04 0.000000000000000000e+00 0.000000000000000000e+00
6.077115228554525470e-04 0.000000000000000000e+00 0.000000000000000000e+00
9.612568403332068419e-04 0.000000000000000000e+00 0.000000000000000000e+00
1.520482463037256191e-03 0.000000000000000000e+00 0.000000000000000000e+00
2.405046001651820267e-03 0.000000000000000000e+00 0.000000000000000000e+00
3.804217681345061462e-03 0.000000000000000000e+00 0.000000000000000000e+00
6.017378527112885768e-03 0.000000000000000000e+00 0.000000000000000000e+00
9.518078977477662309e-03 0.000000000000000000e+00 0.000000000000000000e+00
1.505536456005016586e-02 0.000000000000000000e+00 0.000000000000000000e+00
2.381404930263371703e-02 0.000000000000000000e+00 0.000000000000000000e+00
3.766823061150634255e-02 0.000000000000000000e+00 0.000000000000000000e+00
5.958229024262175905e-02 0.000000000000000000e+00 0.000000000000000000e+00
9.424518361825032220e-02 0.000000000000000000e+00 0.000000000000000000e+00
1.490737364923232500e-01 0.000000000000000000e+00 0.000000000000000000e+00
2.357996245388948031e-01 0.000000000000000000e+00 0.000000000000000000e+00
3.729796021819513641e-01 0.000000000000000000e+00 0.000000000000000000e+00
5.899660947969835867e-01 0.000000000000000000e+00 0.000000000000000000e+00
9.999999999999999547e-08 6.206896551724137900e+00 2.040155235342853275e-41
1.581765038478375206e-07 6.206896551724137900e+00 2.560043826505954105e-41
2.501980636952495318e-07 6.206896551724137900e+00 3.218515190217799790e-41
3.957545498481313547e-07 6.206896551724137900e+00 4.046070356814218246e-41
6.259907107685227244e-07 6.206896551724137900e+00 5.084593821583903670e-41
9.901702207058776949e-07 6.206896551724137900e+00 6.395078936706163612e-41
1.566216637254973893e-06 6.206896551724137900e+00 8.039623222226499401e-41
2.477386719493084971e-06 6.206896551724137900e+00 1.009389254319900723e-40
3.918643699684795082e-06 6.206896551724137900e+00 1.270920832416634675e-40
6.198373602414974549e-06 6.206896551724137900e+00 1.593661911600622607e-40
9.804370659727267644e-06 6.206896551724137900e+00 1.998731213363807513e-40
1.550821073383975258e-05 6.206896551724137900e+00 2.504448895045189646e-40
2.453034554814278694e-05 6.206896551724137900e+00 3.146198262106634812e-40
3.880124296984591311e-05 6.206896551724137900e+00 3.946536113815822818e-40
6.137444957920709968e-05 6.206896551724137900e+00 4.937270304947978937e-40
9.707995860024360021e-05 6.206896551724137900e+00 6.172377336053291865e-40
1.535576844507935347e-04 6.206896551724137900e+00 7.721643984550848680e-40
2.428921766539596401e-04 6.206896551724137900e+00 9.620370810588248499e-40
3.841983531511471432e-04 6.206896551724137900e+00 1.196455912904238961e-39
6.077115228554525470e-04 6.206896551724137900e+00 1.483443791267257488e-39
9.612568403332068419e-04 6.206896551724137900e+00 1.836245863263012606e-39
1.520482463037256191e-03 6.206896551724137900e+00 2.262609552414424382e-39
2.405046001651820267e-03 6.206896551724137900e+00 2.768711272730351474e-39
3.804217681345061462e-03 6.206896551724137900e+00 3.382444519309139377e-39
6.017378527112885768e-03 6.206896551724137900e+00 4.098509278707580108e-39
9.518078977477662309e-03 6.206896551724137900e+00 4.961324127061755570e-39
1.505536456005016586e-02 6.206896551724137900e+00 5.986490023537833583e-39
2.381404930263371703e-02 6.206896551724137900e+00 7.331189631573377747e-39
3.766823061150634255e-02 6.206896551724137900e+00 9.130220629092572552e-39
5.958229024262175905e-02 6.206896551724137900e+00 1.211621188829611284e-38
9.424518361825032220e-02 6.206896551724137900e+00 1.766674744043430510e-38
1.490737364923232500e-01 6.206896551724137900e+00 3.079023465114597519e-38
2.357996245388948031e-01 6.206896551724137900e+00 7.109808297969845583e-38
3.729796021819513641e-01 6.206896551724137900e+00 0.000000000000000000e+00
5.899660947969835867e-01 6.206896551724137900e+00 0.000000000000000000e+00
9.999999999999999547e-08 1.241379310344827580e+01 4.047952996523626368e-41
1.581765038478375206e-07 1.241379310344827580e+01 5.092425294332014247e-41
2.501980636952495318e-07 1.241379310344827580e+01 6.395986152392998548e-41
3.957545498481313547e-07 1.241379310344827580e+01 8.055810228688283566e-41
6.259907107685227244e-07 1.241379310344827580e+01 1.009784059690055147e-40
9.901702207058776949e-07 1.241379310344827580e+01 1.274039199082816476e-40
1.566216637254973893e-06 1.241379310344827580e+01 1.601404296197680117e-40
2.477386719493084971e-06 1.241379310344827580e+01 2.008310742498210536e-40
3.918643699684795082e-06 1.241379310344827580e+01 2.519693970294135857e-40
6.198373602414974549e-06 1.241379310344827580e+01 3.170553600803855659e-40
9.804370659727267644e-06 1.241379310344827580e+01 3.964815681958559909e-40
1.550821073383975258e-05 1.241379310344827580e+01 4.996786380784180517e-40
2.453034554814278694e-05 1.241379310344827580e+01 6.266737968762866784e-40
3.880124296984591311e-05 1.241379310344827580e+01 7.864773001979590221e-40
6.137444957920709968e-05 1.241379310344827580e+01 9.834552281316386900e-40
9.707995860024360021e-05 1.241379310344827580e+01 1.228372989170405687e-39
1.535576844507935347e-04 1.241379310344827580e+01 1.534660905984946436e-39
2.428921766539596401e-04 1.241379310344827580e+01 1.915727734882525139e-39
3.841983531511471432e-04 1.241379310344827580e+01 2.377708820712306232e-39
6.077115228554525470e-04 1.241379310344827580e+01 2.952871449984426389e-39
9.612568403332068419e-04 1.241379310344827580e+01 3.657450674796045547e-39
1.520482463037256191e-03 1.241379310344827580e+01 4.496969973394641529e-39
2.405046001651820267e-03 1.241379310344827580e+01 5.523036258096147177e-39
3.804217681345061462e-03 1.241379310344827580e+01 6.750119035647525039e-39
6.017378527112885768e-03 1.241379310344827580e+01 8.242691467397956209e-39
9.518078977477662309e-03 1.241379310344827580e+01 1.003650717126367250e-38
1.505536456005016586e-02 1.241379310344827580e+01 1.227452060902918736e-38
2.381404930263371703e-02 1.241379310344827580e+01 1.526839478918719924e-38
3.766823061150634255e-02 1.241379310344827580e+01 1.981389601546361969e-38
5.958229024262175905e-02 1.241379310344827580e+01 2.785458578639012321e-38
9.424518361825032220e-02 1.241379310344827580e+01 4.501624337536317816e-38
1.490737364923232500e-01 1.241379310344827580e+01 9.007248813772691050e-38
2.357996245388948031e-01 1.241379310344827580e+01 2.429447222546073366e-37
3.729796021819513641e-01 1.241379310344827580e+01 0.000000000000000000e+00
5.899660947969835867e-01 1.241379310344827580e+01 0.000000000000000000e+00
9.999999999999999547e-08 1.862068965517241281e+01 6.013450100610835380e-41
1.581765038478375206e-07 1.862068965517241281e+01 7.572836853350119052e-41
2.501980636952495318e-07 1.862068965517241281e+01 9.515389544223628025e-41
3.957545498481313547e-07 1.862068965517241281e+01 1.196355559148176820e-40
6.259907107685227244e-07 1.862068965517241281e+01 1.505850203509307292e-40
9.901702207058776949e-07 1.862068965517241281e+01 1.887309643708215691e-40
1.566216637254973893e-06 1.862068965517241281e+01 2.371907227423405395e-40
2.477386719493084971e-06 1.862068965517241281e+01 2.983340956317304066e-40
3.918643699684795082e-06 1.862068965517241281e+01 3.746722056332382616e-40
6.198373602414974549e-06 1.862068965517241281e+01 4.702717054136897977e-40
9.804370659727267644e-06 1.862068965517241281e+01 5.910441222051881827e-40
1.550821073383975258e-05 1.862068965517241281e+01 7.431552805333155309e-40
2.453034554814278694e-05 1.862068965517241281e+01 9.299798031658417420e-40
3.880124296984591311e-05 1.862068965517241281e+01 1.162595292724438330e-39
6.137444957920709968e-05 1.862068965517241281e+01 1.464073964858901264e-39
9.707995860024360021e-05 1.862068965517241281e+01 1.828756538365883655e-39
1.535576844507935347e-04 1.862068965517241281e+01 2.280394879304909091e-39
2.428921766539596401e-04 1.862068965517241281e+01 2.846885156979828053e-39
3.841983531511471432e-04 1.862068965517241281e+01 3.535415229491535318e-39
6.077115228554525470e-04 1.862068965517241281e+01 4.397075816208736922e-39
9.612568403332068419e-04 1.862068965517241281e+01 5.458353883965594567e-39
1.520482463037256191e-03 1.862068965517241281e+01 6.731006977218948417e-39
2.405046001651820267e-03 1.862068965517241281e+01 8.305113698914457252e-39
3.804217681345061462e-03 1.862068965517241281e+01 1.017437259277396666e-38
6.017378527112885768e-03 1.862068965517241281e+01 1.247231383779925024e-38
9.518078977477662309e-03 1.862068965517241281e+01 1.532794513383977032e-38
1.505536456005016586e-02 1.862068965517241281e+01 1.904178878234214975e-38
2.381404930263371703e-02 1.862068965517241281e+01 2.444169906051963134e-38
3.766823061150634255e-02 1.862068965517241281e+01 3.315884500622790821e-38
5.958229024262175905e-02 1.862068965517241281e+01 4.982937371065488418e-38
9.424518361825032220e-02 1.862068965517241281e+01 8.766502566582857070e-38
1.490737364923232500e-01 1.862068965517241281e+01 1.901342830824712343e-37
2.357996245388948031e-01 1.862068965517241281e+01 5.412408758629913480e-37
3.729796021819513641e-01 1.862068965517241281e+01 0.000000000000000000e+00
5.899660947969835867e-01 1.862068965517241281e+01 0.000000000000000000e+00
9.999999999999999547e-08 2.482758620689655160e+01 7.916660706504467510e-41
1.581765038478375206e-07 2.482758620689655160e+01 9.961755793389065768e-41
2.501980636952495318e-07 2.482758620689655160e+01 1.248957125137603013e-40
3.957545498481313547e-07 2.482758620689655160e+01 1.575106977941940237e-40
6.259907107685227244e-07 2.482758620689655160e+01 1.975969824000711118e-40
9.901702207058776949e-07 2.482758620689655160e+01 2.479983932529896331e-40
1.566216637254973893e-06 2.482758620689655160e+01 3.126319818719817123e-40
2.477386719493084971e-06 2.482758620689655160e+01 3.926334103235854145e-40
3.918643699684795082e-06 2.482758620689655160e+01 4.929549999310151388e-40
6.198373602414974549e-06 2.482758620689655160e+01 6.182078645164710058e-40
9.804370659727267644e-06 2.482758620689655160e+01 7.758503695554350907e-40
1.550821073383975258e-05 2.482758620689655160e+01 9.757570642992439505e-40
2.453034554814278694e-05 2.482758620689655160e+01 1.224476392845544454e-39
3.880124296984591311e-05 2.482758620689655160e+01 1.537644783991449994e-39
6.137444957920709968e-05 2.482758620689655160e+01 1.921102898310931727e-39
9.707995860024360021e-05 2.482758620689655160e+01 2.405182103782711899e-39
1.535576844507935347e-04 2.482758620689655160e+01 3.007594092450619324e-39
2.428921766539596401e-04 2.482758620689655160e+01 3.756736133558998833e-39
3.841983531511471432e-04 2.482758620689655160e+01 4.684458201380865902e-39
6.077115228554525470e-04 2.482758620689655160e+01 5.799572788917993549e-39
9.612568403332068419e-04 2.482758620689655160e+01 7.225470200684687054e-39
1.520482463037256191e-03 2.482758620689655160e+01 8.917862461872506496e-39
2.405046001651820267e-03 2.482758620689655160e+01 1.103497103316826066e-38
3.804217681345061462e-03 2.482758620689655160e+01 1.359517590048129775e-38
6.017378527112885768e-03 2.482758620689655160e+01 1.679127436939536059e-38
9.518078977477662309e-03 2.482758620689655160e+01 2.090433162767152990e-38
1.505536456005016586e-02 2.482758620689655160e+01 2.653684607492884491e-38
2.381404930263371703e-02 2.482758620689655160e+01 3.499440221147826441e-38
3.766823061150634255e-02 2.482758620689655160e+01 4.948575540046592746e-38
5.958229024262175905e-02 2.482758620689655160e+01 7.864548842462528525e-38
9.424518361825032220e-02 2.482758620689655160e+01 1.454831858293517476e-37
1.490737364923232500e-01 2.482758620689655160e+01 3.246389730980957727e-37
2.357996245388948031e-01 2.482758620689655160e+01 9.144228438286460107e-37
3.729796021819513641e-01 2.482758620689655160e+01 0.000000000000000000e+00
5.899660947969835867e-01 2.482758620689655160e+01 0.000000000000000000e+00
9.999999999999999547e-08 3.103448275862069039e+01 9.698480620856549891e-41
1.581765038478375206e-07 3.103448275862069039e+01 1.222857420517199032e-40
2.501980636952495318e-07 3.103448275862069039e+01 1.538157339492813759e-40
3.957545498481313547e-07 3.103448275862069039e+01 1.927650773220314264e-40
6.259907107685227244e-07 3.103448275862069039e+01 2.430787041573553590e-40
9.901702207058776949e-07 3.103448275862069039e+01 3.052612643710345136e-40
1.566216637254973893e-06 3.103448275862069039e+01 3.836213454173583932e-40
2.477386719493084971e-06 3.103448275862069039e+01 4.820913298687548636e-40
3.918643699684795082e-06 3.103448275862069039e+01 6.059551726315053696e-40
6.198373602414974549e-06 3.103448275862069039e+01 7.627351254559457987e-40
9.804370659727267644e-06 3.103448275862069039e+01 9.557818840622558129e-40
1.550821073383975258e-05 3.103448275862069039e+01 1.200231643057506414e-39
2.453034554814278694e-05 3.103448275862069039e+01 1.506296542650129413e-39
3.880124296984591311e-05 3.103448275862069039e+01 1.889091869482240645e-39
6.137444957920709968e-05 3.103448275862069039e+01 2.365271781533746922e-39
9.707995860024360021e-05 3.103448275862069039e+01 2.957888159587903008e-39
1.535576844507935347e-04 3.103448275862069039e+01 3.702187318303306938e-39
2.428921766539596401e-04 3.103448275862069039e+01 4.613757799525798637e-39
3.841983531511471432e-04 3.103448275862069039e+01 5.778152563398712451e-39
6.077115228554525470e-04 3.103448275862069039e+01 7.175736997740899972e-39
9.612568403332068419e-04 3.103448275862069039e+01 8.910811051536397941e-39
1.520482463037256191e-03 3.103448275862069039e+01 1.106783920145654411e-38
2.405046001651820267e-03 3.103448275862069039e+01 1.370980120967874391e-38
3.804217681345061462e-03 3.103448275862069039e+01 1.704012412661255926e-38
6.017378527112885768e-03 3.103448275862069039e+01 2.113842979622167720e-38
9.518078977477662309e-03 3.103448275862069039e+01 2.675694503889099175e-38
1.505536456005016586e-02 3.103448275862069039e+01 3.460652233648687675e-38
2.381404930263371703e-02 3.103448275862069039e+01 4.692318261608685855e-38
3.766823061150634255e-02 3.103448275862069039e+01 6.882958903827264758e-38
5.958229024262175905e-02 3.103448275862069039e+01 1.130579136832452382e-37
9.424518361825032220e-02 3.103448275862069039e+01 2.131085085572147223e-37
1.490737364923232500e-01 3.103448275862069039e+01 4.712681170900573297e-37
2.357996245388948031e-01 3.103448275862069039e+01 1.278457540675582387e-36
3.729796021819513641e-01 3.103448275862069039e+01 4.622721586399596268e-36
5.899660947969835867e-01 3.103448275862069039e+01 0.000000000000000000e+00
9.999999999999999547e-08 3.724137931034482563e+01 1.140564234590086074e-40
1.581765038478375206e-07 3.724137931034482563e+01 1.435049150433485555e-40
2.501980636952495318e-07 3.724137931034482563e+01 1.805049216678739809e-40
3.957545498481313547e-07 3.724137931034482563e+01 2.269986829528494873e-40
6.259907107685227244e-07 3.724137931034482563e+01 2.853872158204842652e-40
9.901702207058776949e-07 3.724137931034482563e+01 3.589280419169070763e-40
1.566216637254973893e-06 3.724137931034482563e+01 4.502647282679400414e-40
2.477386719493084971e-06 3.724137931034482563e+01 5.673279909419065184e-40
3.918643699684795082e-06 3.724137931034482563e+01 7.109422140014416831e-40
6.198373602414974549e-06 3.724137931034482563e+01 8.924658362413971697e-40
9.804370659727267644e-06 3.724137931034482563e+01 1.120057923098057482e-39
1.550821073383975258e-05 3.724137931034482563e+01 1.412342216976323703e-39
2.453034554814278694e-05 3.724137931034482563e+01 1.768730157244338058e-39
3.880124296984591311e-05 3.724137931034482563e+01 2.211202693913589937e-39
6.137444957920709968e-05 3.724137931034482563e+01 2.778489893694994413e-39
9.707995860024360021e-05 3.724137931034482563e+01 3.481904300469196054e-39
1.535576844507935347e-04 3.724137931034482563e+01 4.355086049743271365e-39
2.428921766539596401e-04 3.724137931034482563e+01 5.437723778061475184e-39
3.841983531511471432e-04 3.724137931034482563e+01 6.808205235507991717e-39
6.077115228554525470e-04 3.724137931034482563e+01 8.469831845011189379e-39
9.612568403332068419e-04 3.724137931034482563e+01 1.054082732072851779e-38
1.520482463037256191e-03 3.724137931034482563e+01 1.312070253206401753e-38
2.405046001651820267e-03 3.724137931034482563e+01 1.635497632871432188e-38
3.804217681345061462e-03 3.724137931034482563e+01 2.036587940339766596e-38
6.017378527112885768e-03 3.724137931034482563e+01 2.562597087955139976e-38
9.518078977477662309e-03 3.724137931034482563e+01 3.282637067459443528e-38
1.505536456005016586e-02 3.724137931034482563e+01 4.324460800590326008e-38
2.381404930263371703e-02 3.724137931034482563e+01 5.999662524704650472e-38
3.766823061150634255e-02 3.724137931034482563e+01 9.027511516008907119e-38
5.958229024262175905e-02 3.724137931034482563e+01 1.503925397235760278e-37
9.424518361825032220e-02 3.724137931034482563e+01 2.832636583991886607e-37
1.490737364923232500e-01 3.724137931034482563e+01 6.117745357314837717e-37
2.357996245388948031e-01 3.724137931034482563e+01 1.598738992924561447e-36
3.729796021819513641e-01 3.724137931034482563e+01 6.839548383213536662e-36
5.899660947969835867e-01 3.724137931034482563e+01 0.000000000000000000e+00
9.999999999999999547e-08 4.344827586206896797e+01 1.297818123379468161e-40
1.581765038478375206e-07 4.344827586206896797e+01 1.630648012013805798e-40
2.501980636952495318e-07 4.344827586206896797e+01 2.051835372508886216e-40
3.957545498481313547e-07 4.344827586206896797e+01 2.576565660212656640e-40
6.259907107685227244e-07 4.344827586206896797e+01 3.242255370966063104e-40
9.901702207058776949e-07 4.344827586206896797e+01 4.068041713652854582e-40
1.566216637254973893e-06 4.344827586206896797e+01 5.119988036241700517e-40
2.477386719493084971e-06 4.344827586206896797e+01 6.438312589969772840e-40
3.918643699684795082e-06 4.344827586206896797e+01 8.088513878605417313e-40
6.198373602414974549e-06 4.344827586206896797e+01 1.015014215077813049e-39
9.804370659727267644e-06 4.344827586206896797e+01 1.274433614114029091e-39
1.550821073383975258e-05 4.344827586206896797e+01 1.605068922922431606e-39
2.453034554814278694e-05 4.344827586206896797e+01 2.010423297353175244e-39
3.880124296984591311e-05 4.344827586206896797e+01 2.516887941866942251e-39
6.137444957920709968e-05 4.344827586206896797e+01 3.161936901389932963e-39
9.707995860024360021e-05 4.344827586206896797e+01 3.963681063321395199e-39
1.535576844507935347e-04 4.344827586206896797e+01 4.965080671968351676e-39
2.428921766539596401e-04 4.344827586206896797e+01 6.199844176089976748e-39
3.841983531511471432e-04 4.344827586206896797e+01 7.789262429732954686e-39
6.077115228554525470e-04 4.344827586206896797e+01 9.674063735927804394e-39
9.612568403332068419e-04 4.344827586206896797e+01 1.211052435355708761e-38
1.520482463037256191e-03 4.344827586206896797e+01 1.507051645178205720e-38
2.405046001651820267e-03 4.344827586206896797e+01 1.888454999047665912e-38
3.804217681345061462e-03 4.344827586206896797e+01 2.372260550300597169e-38
6.017378527112885768e-03 4.344827586206896797e+01 3.004355240772793812e-38
9.518078977477662309e-03 4.344827586206896797e+01 3.893842036978479144e-38
1.505536456005016586e-02 4.344827586206896797e+01 5.213394520458137823e-38
2.381404930263371703e-02 4.344827586206896797e+01 7.362957555807838689e-38
3.766823061150634255e-02 4.344827586206896797e+01 1.124218224564933902e-37
5.958229024262175905e-02 4.344827586206896797e+01 1.880046720442582177e-37
9.424518361825032220e-02 4.344827586206896797e+01 3.502332289198489760e-37
1.490737364923232500e-01 4.344827586206896797e+01 7.352458727892323436e-37
2.357996245388948031e-01 4.344827586206896797e+01 1.816075533550043332e-36
3.729796021819513641e-01 4.344827586206896797e+01 1.361707059872637375e-35
5.899660947969835867e-01 4.344827586206896797e+01 0.000000000000000000e+00
9.999999999999999547e-08 4.965517241379310320e+01 1.436668201107616689e-40
1.581765038478375206e-07 4.965517241379310320e+01 1.804268329883400570e-40
2.501980636952495318e-07 4.965517241379310320e+01 2.270772040448402000e-40
3.957545498481313547e-07 4.965517241379310320e+01 2.855721191380851645e-40
6.259907107685227244e-07 4.965517241379310320e+01 3.592088697390904262e-40
9.901702207058776949e-07 4.965517241379310320e+01 4.515262461270887804e-40
1.566216637254973893e-06 4.965517241379310320e+01 5.681295884655529205e-40
2.477386719493084971e-06 4.965517241379310320e+01 7.137345084206375513e-40
3.918643699684795082e-06 4.965517241379310320e+01 8.967718954395751176e-40
6.198373602414974549e-06 4.965517241379310320e+01 1.124684914249825069e-39
9.804370659727267644e-06 4.965517241379310320e+01 1.415620489494895033e-39
1.550821073383975258e-05 4.965517241379310320e+01 1.777483091300674647e-39
2.453034554814278694e-05 4.965517241379310320e+01 2.235613171086189891e-39
3.880124296984591311e-05 4.965517241379310320e+01 2.803763585061351859e-39
6.137444957920709968e-05 4.965517241379310320e+01 3.516927246716287919e-39
9.707995860024360021e-05 4.965517241379310320e+01 4.406846665163030473e-39
1.535576844507935347e-04 4.965517241379310320e+01 5.520019931839817454e-39
2.428921766539596401e-04 4.965517241379310320e+01 6.903288545448024836e-39
3.841983531511471432e-04 4.965517241379310320e+01 8.642276119537798718e-39
6.077115228554525470e-04 4.965517241379310320e+01 1.081022962473340745e-38
9.612568403332068419e-04 4.965517241379310320e+01 1.354042812469677148e-38
1.520482463037256191e-03 4.965517241379310320e+01 1.692705351900335120e-38
2.405046001651820267e-03 4.965517241379310320e+01 2.125457399221174451e-38
3.804217681345061462e-03 4.965517241379310320e+01 2.690629756783636233e-38
6.017378527112885768e-03 4.965517241379310320e+01 3.440041579975786633e-38
9.518078977477662309e-03 4.965517241379310320e+01 4.500404401212519268e-38
1.505536456005016586e-02 4.965517241379310320e+01 6.092116916065984139e-38
2.381404930263371703e-02 4.965517241379310320e+01 8.718856422026181536e-38
3.766823061150634255e-02 4.965517241379310320e+01 1.339564088834460830e-37
5.958229024262175905e-02 4.965517241379310320e+01 2.232598150255302757e-37
9.424518361825032220e-02 4.965517241379310320e+01 4.080206065342073771e-37
1.490737364923232500e-01 4.965517241379310320e+01 8.317608288516946819e-37
2.357996245388948031e-01 4.965517241379310320e+01 1.933996047194066287e-36
3.729796021819513641e-01 4.965517241379310320e+01 2.723199798167363378e-35
5.899660947969835867e-01 4.965517241379310320e+01 0.000000000000000000e+00
9.999999999999999547e-08 5.586206896551724554e+01 1.561106884473141316e-40
1.581765038478375206e-07 5.586206896551724554e+01 1.962002139311745457e-40
2.501980636952495318e-07 5.586206896551724554e+01 2.467662376707935161e-40
3.957545498481313547e-07 5.586206896551724554e+01 3.103571838178690865e-40
6.259907107685227244e-07 5.586206896551724554e+01 3.901420619955710183e-40
9.901702207058776949e-07 5.586206896551724554e+01 4.902396102382768491e-40
1.566216637254973893e-06 5.586206896551724554e+01 6.154133281362344656e-40
2.477386719493084971e-06 5.586206896551724554e+01 7.738692572883556205e-40
3.918643699684795082e-06 5.586206896551724554e+01 9.723987616146088402e-40
6.198373602414974549e-06 5.586206896551724554e+01 1.221018414404868029e-39
9.804370659727267644e-06 5.586206896551724554e+01 1.535322523180901612e-39
1.550821073383975258e-05 5.586206896551724554e+01 1.929149811700008388e-39
2.453034554814278694e-05 5.586206896551724554e+01 2.426442236590514124e-39
3.880124296984591311e-05 5.586206896551724554e+01 3.045192660560762613e-39
6.137444957920709968e-05 5.586206896551724554e+01 3.828401201171312417e-39
9.707995860024360021e-05 5.586206896551724554e+01 4.786508369915693022e-39
1.535576844507935347e-04 5.586206896551724554e+01 6.007997807098767568e-39
2.428921766539596401e-04 5.586206896551724554e+01 7.537892321388347416e-39
3.841983531511471432e-04 5.586206896551724554e+01 9.468026241037116211e-39
6.077115228554525470e-04 5.586206896551724554e+01 1.183562636894937717e-38
9.612568403332068419e-04 5.586206896551724554e+01 1.486189758197761833e-38
1.520482463037256191e-03 5.586206896551724554e+01 1.862998029461660921e-38
2.405046001651820267e-03 5.586206896551724554e+01 2.350350230737516353e-38
3.804217681345061462e-03 5.586206896551724554e+01 2.990887098315919526e-38
6.017378527112885768e-03 5.586206896551724554e+01 3.846870178841630020e-38
9.518078977477662309e-03 5.586206896551724554e+01 5.089301611433387948e-38
1.505536456005016586e-02 5.586206896551724554e+01 6.961221317317769956e-38
2.381404930263371703e-02 5.586206896551724554e+01 1.001522018077151809e-37
3.766823061150634255e-02 5.586206896551724554e+01 1.544104557166435987e-37
5.958229024262175905e-02 5.586206896551724554e+01 2.536705523904651722e-37
9.424518361825032220e-02 5.586206896551724554e+01 4.544532252041906913e-37
1.490737364923232500e-01 5.586206896551724554e+01 8.992369333539749358e-37
2.357996245388948031e-01 5.586206896551724554e+01 1.973828525576701687e-36
3.729796021819513641e-01 5.586206896551724554e+01 4.286351632062409353e-35
5.899660947969835867e-01 5.586206896551724554e+01 0.000000000000000000e+00
9.999999999999999547e-08 6.206896551724138078e+01 1.662968378681678836e-40
1.581765038478375206e-07 6.206896551724138078e+01 2.091294526291085157e-40
2.501980636952495318e-07 6.206896551724138078e+01 2.638389496913203777e-40
3.957545498481313547e-07 6.206896551724138078e+01 3.309210380234264647e-40
6.259907107685227244e-07 6.206896551724138078e+01 4.159977246204028627e-40
9.901702207058776949e-07 6.206896551724138078e+01 5.236397879546112035e-40
1.566216637254973893e-06 6.206896551724138078e+01 6.572967569378155819e-40
2.477386719493084971e-06 6.206896551724138078e+01 8.273310545080064362e-40
3.918643699684795082e-06 6.206896551724138078e+01 1.040024269597562139e-39
6.198373602414974549e-06 6.206896551724138078e+01 1.306951332681907937e-39
9.804370659727267644e-06 6.206896551724138078e+01 1.645251357855218737e-39
1.550821073383975258e-05 6.206896551724138078e+01 2.061010765560487857e-39
2.453034554814278694e-05 6.206896551724138078e+01 2.591372658097404177e-39
3.880124296984591311e-05 6.206896551724138078e+01 3.260684773206346417e-39
6.137444957920709968e-05 6.206896551724138078e+01 4.087467821898016195e-39
9.707995860024360021e-05 6.206896551724138078e+01 5.148293426882116135e-39
1.535576844507935347e-04 6.206896551724138078e+01 6.437275128947604760e-39
2.428921766539596401e-04 6.206896551724138078e+01 8.068305728234813632e-39
3.841983531511471432e-04 6.206896551724138078e+01 1.015109347485799878e-38
6.077115228554525470e-04 6.206896551724138078e+01 1.274412467686026964e-38
9.612568403332068419e-04 6.206896551724138078e+01 1.599364887601440826e-38
1.520482463037256191e-03 6.206896551724138078e+01 2.015567506671159482e-38
2.405046001651820267e-03 6.206896551724138078e+01 2.554042223908915581e-38
3.804217681345061462e-03 6.206896551724138078e+01 3.264065081919637047e-38
6.017378527112885768e-03 6.206896551724138078e+01 4.224957552092340268e-38
9.518078977477662309e-03 6.206896551724138078e+01 5.617411659502295081e-38
1.505536456005016586e-02 6.206896551724138078e+01 7.745436829772210460e-38
2.381404930263371703e-02 6.206896551724138078e+01 1.117427055750993365e-37
3.766823061150634255e-02 6.206896551724138078e+01 1.717810470549850692e-37
5.958229024262175905e-02 6.206896551724138078e+01 2.790916553200514640e-37
9.424518361825032220e-02 6.206896551724138078e+01 4.894936295570739840e-37
1.490737364923232500e-01 6.206896551724138078e+01 9.380540946233258642e-37
2.357996245388948031e-01 6.206896551724138078e+01 1.961112080384562348e-36
3.729796021819513641e-01 6.206896551724138078e+01 4.855881352704492602e-35
5.899660947969835867e-01 6.206896551724138078e+01 0.000000000000000000e+00
9.999999999999999547e-08 6.827586206896552312e+01 1.756004304515022520e-40
1.581765038478375206e-07 6.827586206896552312e+01 2.201659938258058692e-40
2.501980636952495318e-07 6.827586206896552312e+01 2.770271942250550867e-40
3.957545498481313547e-07 6.827586206896552312e+01 3.484388172119439890e-40
6.259907107685227244e-07 6.827586206896552312e+01 4.379968041773144881e-40
9.901702207058776949e-07 6.827586206896552312e+01 5.506427083427520049e-40
1.566216637254973893e-06 6.827586206896552312e+01 6.917587616618390260e-40
2.477386719493084971e-06 6.827586206896552312e+01 8.700995425527866466e-40
3.918643699684795082e-06 6.827586206896552312e+01 1.093797422437600535e-39
6.198373602414974549e-06 6.827586206896552312e+01 1.375567291833528669e-39
9.804370659727267644e-06 6.827586206896552312e+01 1.731111836978097534e-39
1.550821073383975258e-05 6.827586206896552312e+01 2.171285392909365772e-39
2.453034554814278694e-05 6.827586206896552312e+01 2.726746255332839205e-39
3.880124296984591311e-05 6.827586206896552312e+01 3.433776416096264958e-39
6.137444957920709968e-05 6.827586206896552312e+01 4.305140655037597482e-39
9.707995860024360021e-05 6.827586206896552312e+01 5.414881185218005732e-39
1.535576844507935347e-04 6.827586206896552312e+01 6.807779224205862171e-39
2.428921766539596401e-04 6.827586206896552312e+01 8.522176203712242175e-39
3.841983531511471432e-04 6.827586206896552312e+01 1.074385550286496183e-38
6.077115228554525470e-04 6.827586206896552312e+01 1.350729598595281452e-38
9.612568403332068419e-04 6.827586206896552312e+01 1.700825235060723491e-38
1.520482463037256191e-03 6.827586206896552312e+01 2.155163040075803898e-38
2.405046001651820267e-03 6.827586206896552312e+01 2.735555753060806919e-38
3.804217681345061462e-03 6.827586206896552312e+01 3.506323140203637956e-38
6.017378527112885768e-03 6.827586206896552312e+01 4.574889943127433682e-38
9.518078977477662309e-03 6.827586206896552312e+01 6.108187471492048403e-38
1.505536456005016586e-02 6.827586206896552312e+01 8.450546160387207282e-38
2.381404930263371703e-02 6.827586206896552312e+01 1.220207089781858599e-37
3.766823061150634255e-02 6.827586206896552312e+01 1.858610973426904476e-37
5.958229024262175905e-02 6.827586206896552312e+01 2.981153735061458173e-37
9.424518361825032220e-02 6.827586206896552312e+01 5.111368425643182328e-37
1.490737364923232500e-01 6.827586206896552312e+01 9.560588658290589949e-37
2.357996245388948031e-01 6.827586206896552312e+01 2.060042959954348015e-36
3.729796021819513641e-01 6.827586206896552312e+01 4.308905902649975953e-35
5.899660947969835867e-01 6.827586206896552312e+01 0.000000000000000000e+00
9.999999999999999547e-08 7.448275862068965125e+01 1.813330701182143995e-40
1.581765038478375206e-07 7.448275862068965125e+01 2.282526751877173011e-40
2.501980636952495318e-07 7.448275862068965125e+01 2.876991061158458490e-40
3.957545498481313547e-07 7.448275862068965125e+01 3.621212807229520339e-40
6.259907107685227244e-07 7.448275862068965125e+01 4.545112279987380366e-40
9.901702207058776949e-07 7.448275862068965125e+01 5.724548911368248177e-40
1.566216637254973893e-06 7.448275862068965125e+01 7.191483453804355510e-40
2.477386719493084971e-06 7.448275862068965125e+01 9.028611701584251084e-40
3.918643699684795082e-06 7.448275862068965125e+01 1.133148569782532795e-39
6.198373602414974549e-06 7.448275862068965125e+01 1.429966857523283318e-39
9.804370659727267644e-06 7.448275862068965125e+01 1.796454456336934659e-39
1.550821073383975258e-05 7.448275862068965125e+01 2.260345855712830464e-39
2.453034554814278694e-05 7.448275862068965125e+01 2.831242896733062153e-39
3.880124296984591311e-05 7.448275862068965125e+01 3.573187862442892618e-39
6.137444957920709968e-05 7.448275862068965125e+01 4.484268864170080751e-39
9.707995860024360021e-05 7.448275862068965125e+01 5.628693754218648356e-39
1.535576844507935347e-04 7.448275862068965125e+01 7.084852388417018984e-39
2.428921766539596401e-04 7.448275862068965125e+01 8.915324300238374605e-39
3.841983531511471432e-04 7.448275862068965125e+01 1.121041542657964420e-38
6.077115228554525470e-04 7.448275862068965125e+01 1.407128275519388790e-38
9.612568403332068419e-04 7.448275862068965125e+01 1.777190190359421219e-38
1.520482463037256191e-03 7.448275862068965125e+01 2.262429426929928662e-38
2.405046001651820267e-03 7.448275862068965125e+01 2.880233914318637654e-38
3.804217681345061462e-03 7.448275862068965125e+01 3.711732818245754051e-38
6.017378527112885768e-03 7.448275862068965125e+01 4.856848821301008627e-38
9.518078977477662309e-03 7.448275862068965125e+01 6.496829254352698432e-38
1.505536456005016586e-02 7.448275862068965125e+01 9.029752903972734020e-38
2.381404930263371703e-02 7.448275862068965125e+01 1.299927980848771439e-37
3.766823061150634255e-02 7.448275862068965125e+01 1.961389100429668481e-37
5.958229024262175905e-02 7.448275862068965125e+01 3.117201193565921149e-37
9.424518361825032220e-02 7.448275862068965125e+01 5.225558713185563915e-37
1.490737364923232500e-01 7.448275862068965125e+01 9.419701295646924858e-37
2.357996245388948031e-01 7.448275862068965125e+01 2.585706313041790950e-36
3.729796021819513641e-01 7.448275862068965125e+01 3.445864117163514556e-35
5.899660947969835867e-01 7.448275862068965125e+01 0.000000000000000000e+00
9.999999999999999547e-08 8.068965517241380780e+01 1.860105999823700100e-40
1.581765038478375206e-07 8.068965517241380780e+01 2.340305942051003561e-40
2.501980636952495318e-07 8.068965517241380780e+01 2.945057467631394005e-40
3.957545498481313547e-07 8.068965517241380780e+01 3.694545986761401141e-40
6.259907107685227244e-07 8.068965517241380780e+01 4.649098435375161003e-40
9.901702207058776949e-07 8.068965517241380780e+01 5.850175773933593619e-40
1.566216637254973893e-06 8.068965517241380780e+01 7.355514417296871558e-40
2.477386719493084971e-06 8.068965517241380780e+01 9.237898790888929022e-40
3.918643699684795082e-06 8.068965517241380780e+01 1.163618328562460843e-39
6.198373602414974549e-06 8.068965517241380780e+01 1.461141414367350249e-39
9.804370659727267644e-06 8.068965517241380780e+01 1.839824301627824076e-39
1.550821073383975258e-05 8.068965517241380780e+01 2.313877818780018425e-39
2.453034554814278694e-05 8.068965517241380780e+01 2.911034206148355847e-39
3.880124296984591311e-05 8.068965517241380780e+01 3.662835191521194781e-39
6.137444957920709968e-05 8.068965517241380780e+01 4.599379464709941385e-39
9.707995860024360021e-05 8.068965517241380780e+01 5.796580398993573982e-39
1.535576844507935347e-04 8.068965517241380780e+01 7.267996946440774909e-39
2.428921766539596401e-04 8.068965517241380780e+01 9.150690871457061942e-39
3.841983531511471432e-04 8.068965517241380780e+01 1.153361320217118990e-38
6.077115228554525470e-04 8.068965517241380780e+01 1.456996085765537512e-38
9.612568403332068419e-04 8.068965517241380780e+01 1.842841703597704892e-38
1.520482463037256191e-03 8.068965517241380780e+01 2.340763223443378899e-38
2.405046001651820267e-03 8.068965517241380780e+01 2.994769189433960457e-38
3.804217681345061462e-03 8.068965517241380780e+01 3.867122731881001828e-38
6.017378527112885768e-03 8.068965517241380780e+01 5.085704496159485032e-38
9.518078977477662309e-03 8.068965517241380780e+01 6.832096278137093406e-38
1.505536456005016586e-02 8.068965517241380780e+01 9.463767651821047017e-38
2.381404930263371703e-02 8.068965517241380780e+01 1.359237102267259517e-37
3.766823061150634255e-02 8.068965517241380780e+01 2.032943053414847876e-37
5.958229024262175905e-02 8.068965517241380780e+01 3.169627423313652116e-37
9.424518361825032220e-02 8.068965517241380780e+01 5.252727154309192809e-37
1.490737364923232500e-01 8.068965517241380780e+01 9.121084882241072065e-37
2.357996245388948031e-01 8.068965517241380780e+01 3.740817714529826823e-36
3.729796021819513641e-01 8.068965517241380780e+01 2.556207317026728706e-35
5.899660947969835867e-01 8.068965517241380780e+01 0.000000000000000000e+00
9.999999999999999547e-08 8.689655172413793593e+01 1.883704600563739193e-40
1.581765038478375206e-07 8.689655172413793593e+01 2.368465768346520770e-40
2.501980636952495318e-07 8.689655172413793593e+01 2.974587773174336262e-40
3.957545498481313547e-07 8.689655172413793593e+01 3.748704211434126777e-40
6.259907107685227244e-07 8.689655172413793593e+01 4.710052799701587718e-40
9.901702207058776949e-07 8.689655172413793593e+01 5.913023662797086307e-40
1.566216637254973893e-06 8.689655172413793593e+01 7.446933646094851360e-40
2.477386719493084971e-06 8.689655172413793593e+01 9.373222208733428890e-40
3.918643699684795082e-06 8.689655172413793593e+01 1.179295700620621540e-39
6.198373602414974549e-06 8.689655172413793593e+01 1.484514160500786337e-39
9.804370659727267644e-06 8.689655172413793593e+01 1.867731572743363117e-39
1.550821073383975258e-05 8.689655172413793593e+01 2.343982182900901913e-39
2.453034554814278694e-05 8.689655172413793593e+01 2.949142136862171672e-39
3.880124296984591311e-05 8.689655172413793593e+01 3.707290525322400899e-39
6.137444957920709968e-05 8.689655172413793593e+01 4.675648661794216979e-39
9.707995860024360021e-05 8.689655172413793593e+01 5.877535446792742733e-39
1.535576844507935347e-04 8.689655172413793593e+01 7.389926333613775557e-39
2.428921766539596401e-04 8.689655172413793593e+01 9.314288016178794089e-39
3.841983531511471432e-04 8.689655172413793593e+01 1.176512268826791584e-38
6.077115228554525470e-04 8.689655172413793593e+01 1.480615177105135989e-38
9.612568403332068419e-04 8.689655172413793593e+01 1.883136993673348673e-38
1.520482463037256191e-03 8.689655172413793593e+01 2.400039267567911055e-38
2.405046001651820267e-03 8.689655172413793593e+01 3.073747463376576168e-38
3.804217681345061462e-03 8.689655172413793593e+01 3.972781271817895248e-38
6.017378527112885768e-03 8.689655172413793593e+01 5.241284215649752034e-38
9.518078977477662309e-03 8.689655172413793593e+01 7.053678690561634268e-38
1.505536456005016586e-02 8.689655172413793593e+01 9.773557282200271097e-38
2.381404930263371703e-02 8.689655172413793593e+01 1.393224245979702941e-37
3.766823061150634255e-02 8.689655172413793593e+01 2.063266302470886706e-37
5.958229024262175905e-02 8.689655172413793593e+01 3.183966312506669432e-37
9.424518361825032220e-02 8.689655172413793593e+01 5.169757965611895808e-37
1.490737364923232500e-01 8.689655172413793593e+01 8.685815494182457365e-37
2.357996245388948031e-01 8.689655172413793593e+01 5.480183323061710391e-36
3.729796021819513641e-01 8.689655172413793593e+01 1.765494116414485103e-35
5.899660947969835867e-01 8.689655172413793593e+01 0.000000000000000000e+00
9.999999999999999547e-08 9.310344827586206407e+01 1.882375609305014720e-40
1.581765038478375206e-07 9.310344827586206407e+01 2.369593749290372029e-40
2.501980636952495318e-07 9.310344827586206407e+01 2.977775171377752529e-40
3.957545498481313547e-07 9.310344827586206407e+01 3.744547234224686240e-40
6.259907107685227244e-07 9.310344827586206407e+01 4.706437695179873435e-40
9.901702207058776949e-07 9.310344827586206407e+01 5.921157121614804027e-40
1.566216637254973893e-06 9.310344827586206407e+01 7.455454941849151895e-40
2.477386719493084971e-06 9.310344827586206407e+01 9.370419490635681175e-40
3.918643699684795082e-06 9.310344827586206407e+01 1.180270308092727852e-39
6.198373602414974549e-06 9.310344827586206407e+01 1.480846345395292732e-39
9.804370659727267644e-06 9.310344827586206407e+01 1.865188205042025319e-39
1.550821073383975258e-05 9.310344827586206407e+01 2.348006240509084651e-39
2.453034554814278694e-05 9.310344827586206407e+01 2.954714832182223739e-39
3.880124296984591311e-05 9.310344827586206407e+01 3.719978556020713780e-39
6.137444957920709968e-05 9.310344827586206407e+01 4.675913490373087550e-39
9.707995860024360021e-05 9.310344827586206407e+01 5.893203204932094618e-39
1.535576844507935347e-04 9.310344827586206407e+01 7.432724866496822791e-39
2.428921766539596401e-04 9.310344827586206407e+01 9.361261684936175284e-39
3.841983531511471432e-04 9.310344827586206407e+01 1.180287486272894351e-38
6.077115228554525470e-04 9.310344827586206407e+01 1.497582098655009950e-38
9.612568403332068419e-04 9.310344827586206407e+01 1.896577278399839823e-38
1.520482463037256191e-03 9.310344827586206407e+01 2.421238580018314761e-38
2.405046001651820267e-03 9.310344827586206407e+01 3.119589555946302174e-38
3.804217681345061462e-03 9.310344827586206407e+01 4.054033008032639617e-38
6.017378527112885768e-03 9.310344827586206407e+01 5.332761581524403498e-38
9.518078977477662309e-03 9.310344827586206407e+01 7.174142545810206209e-38
1.505536456005016586e-02 9.310344827586206407e+01 9.903110807620829153e-38
2.381404930263371703e-02 9.310344827586206407e+01 1.408073066389735594e-37
3.766823061150634255e-02 9.310344827586206407e+01 2.066112211418636961e-37
5.958229024262175905e-02 9.310344827586206407e+01 3.139521914643238122e-37
9.424518361825032220e-02 9.310344827586206407e+01 5.026497329404427687e-37
1.490737364923232500e-01 9.310344827586206407e+01 8.178754398234765976e-37
2.357996245388948031e-01 9.310344827586206407e+01 7.577655868025091019e-36
3.729796021819513641e-01 9.310344827586206407e+01 1.164589909585183280e-35
5.899660947969835867e-01 9.310344827586206407e+01 0.000000000000000000e+00
9.999999999999999547e-08 9.931034482758620641e+01 1.857870385682176754e-40
1.581765038478375206e-07 9.931034482758620641e+01 2.345421663360632367e-40
2.501980636952495318e-07 9.931034482758620641e+01 2.939697817837069961e-40
3.957545498481313547e-07 9.931034482758620641e+01 3.697431788523643116e-40
6.259907107685227244e-07 9.931034482758620641e+01 4.660422023949094165e-40
9.901702207058776949e-07 9.931034482758620641e+01 5.858274682829670893e-40
1.566216637254973893e-06 9.931034482758620641e+01 7.380823397832586680e-40
2.477386719493084971e-06 9.931034482758620641e+01 9.246371088304852616e-40
3.918643699684795082e-06 9.931034482758620641e+01 1.163904542060565980e-39
6.198373602414974549e-06 9.931034482758620641e+01 1.466387783955837911e-39
9.804370659727267644e-06 9.931034482758620641e+01 1.849837800626941504e-39
1.550821073383975258e-05 9.931034482758620641e+01 2.320336686287219352e-39
2.453034554814278694e-05 9.931034482758620641e+01 2.922800356523801196e-39
3.880124296984591311e-05 9.931034482758620641e+01 3.673207200326587450e-39
6.137444957920709968e-05 9.931034482758620641e+01 4.632437708031642821e-39
9.707995860024360021e-05 9.931034482758620641e+01 5.841527405161136393e-39
1.535576844507935347e-04 9.931034482758620641e+01 7.367221682459069883e-39
2.428921766539596401e-04 9.931034482758620641e+01 9.291176492451305792e-39
3.841983531511471432e-04 9.931034482758620641e+01 1.174021833403540068e-38
6.077115228554525470e-04 9.931034482758620641e+01 1.486277800115489414e-38
9.612568403332068419e-04 9.931034482758620641e+01 1.895556838828397277e-38
1.520482463037256191e-03 9.931034482758620641e+01 2.416316406337249990e-38
2.405046001651820267e-03 9.931034482758620641e+01 3.109343098644583888e-38
3.804217681345061462e-03 9.931034482758620641e+01 4.052943809379968252e-38
6.017378527112885768e-03 9.931034482758620641e+01 5.349205423938194967e-38
9.518078977477662309e-03 9.931034482758620641e+01 7.173122059742626545e-38
1.505536456005016586e-02 9.931034482758620641e+01 9.913673898045142909e-38
2.381404930263371703e-02 9.931034482758620641e+01 1.397274758912601334e-37
3.766823061150634255e-02 9.931034482758620641e+01 2.035787189855485618e-37
5.958229024262175905e-02 9.931034482758620641e+01 3.058712722564970866e-37
9.424518361825032220e-02 9.931034482758620641e+01 4.808973728835306436e-37
1.490737364923232500e-01 9.931034482758620641e+01 7.680030713683147850e-37
2.357996245388948031e-01 9.931034482758620641e+01 9.368883060768642894e-36
3.729796021819513641e-01 9.931034482758620641e+01 7.242036109971372349e-36
5.899660947969835867e-01 9.931034482758620641e+01 0.000000000000000000e+00
9.999999999999999547e-08 1.055172413793103630e+02 1.814275894039979534e-40
1.581765038478375206e-07 1.055172413793103630e+02 2.291060337504383213e-40
2.501980636952495318e-07 1.055172413793103630e+02 2.873771454209722491e-40
3.957545498481313547e-07 1.055172413793103630e+02 3.622829790312023224e-40
6.259907107685227244e-07 1.055172413793103630e+02 4.547336702183772303e-40
9.901702207058776949e-07 1.055172413793103630e+02 5.716344859049246027e-40
1.566216637254973893e-06 1.055172413793103630e+02 7.201455369958249622e-40
2.477386719493084971e-06 1.055172413793103630e+02 9.064087708689175005e-40
3.918643699684795082e-06 1.055172413793103630e+02 1.141457389474449149e-39
6.198373602414974549e-06 1.055172413793103630e+02 1.431268256715891821e-39
9.804370659727267644e-06 1.055172413793103630e+02 1.804020667970114029e-39
1.550821073383975258e-05 1.055172413793103630e+02 2.272310350182678695e-39
2.453034554814278694e-05 1.055172413793103630e+02 2.866359220411510292e-39
3.880124296984591311e-05 1.055172413793103630e+02 3.601809754129160509e-39
6.137444957920709968e-05 1.055172413793103630e+02 4.533781164496989272e-39
9.707995860024360021e-05 1.055172413793103630e+02 5.709573227292903676e-39
1.535576844507935347e-04 1.055172413793103630e+02 7.213921764242903780e-39
2.428921766539596401e-04 1.055172413793103630e+02 9.095635821053835030e-39
3.841983531511471432e-04 1.055172413793103630e+02 1.154033798597735033e-38
6.077115228554525470e-04 1.055172413793103630e+02 1.461023338462662651e-38
9.612568403332068419e-04 1.055172413793103630e+02 1.865581758000415415e-38
1.520482463037256191e-03 1.055172413793103630e+02 2.380604300955162623e-38
2.405046001651820267e-03 1.055172413793103630e+02 3.068470892704831782e-38
3.804217681345061462e-03 1.055172413793103630e+02 4.000964659301858770e-38
6.017378527112885768e-03 1.055172413793103630e+02 5.281725427341164073e-38
9.518078977477662309e-03 1.055172413793103630e+02 7.093590624365953922e-38
1.505536456005016586e-02 1.055172413793103630e+02 9.725510891750902764e-38
2.381404930263371703e-02 1.055172413793103630e+02 1.367883080245002737e-37
3.766823061150634255e-02 1.055172413793103630e+02 1.972145123151072917e-37
5.958229024262175905e-02 1.055172413793103630e+02 2.943692506429076444e-37
9.424518361825032220e-02 1.055172413793103630e+02 4.534644716963642754e-37
1.490737364923232500e-01 1.055172413793103630e+02 7.382980297756791813e-37
2.357996245388948031e-01 1.055172413793103630e+02 1.019731257796238155e-35
3.729796021819513641e-01 1.055172413793103630e+02 4.109976592767981670e-36
5.899660947969835867e-01 1.055172413793103630e+02 0.000000000000000000e+00
9.999999999999999547e-08 1.117241379310344911e+02 1.748306966502983576e-40
1.581765038478375206e-07 1.117241379310344911e+02 2.203498145484257335e-40
2.501980636952495318e-07 1.117241379310344911e+02 2.777639024913209660e-40
3.957545498481313547e-07 1.117241379310344911e+02 3.487723692045337560e-40
6.259907107685227244e-07 1.117241379310344911e+02 4.383589378827562557e-40
9.901702207058776949e-07 1.117241379310344911e+02 5.516584342827280647e-40
1.566216637254973893e-06 1.117241379310344911e+02 6.940808223283230724e-40
2.477386719493084971e-06 1.117241379310344911e+02 8.730274716879175970e-40
3.918643699684795082e-06 1.117241379310344911e+02 1.100105730279582220e-39
6.198373602414974549e-06 1.117241379310344911e+02 1.383766738162259219e-39
9.804370659727267644e-06 1.117241379310344911e+02 1.738919459055732074e-39
1.550821073383975258e-05 1.117241379310344911e+02 2.191011718423518456e-39
2.453034554814278694e-05 1.117241379310344911e+02 2.757862937805490911e-39
3.880124296984591311e-05 1.117241379310344911e+02 3.468157131880823210e-39
6.137444957920709968e-05 1.117241379310344911e+02 4.381187737052838896e-39
9.707995860024360021e-05 1.117241379310344911e+02 5.515502307262570568e-39
1.535576844507935347e-04 1.117241379310344911e+02 6.984392337139746908e-39
2.428921766539596401e-04 1.117241379310344911e+02 8.814213999367788243e-39
3.841983531511471432e-04 1.117241379310344911e+02 1.117686259447003755e-38
6.077115228554525470e-04 1.117241379310344911e+02 1.415754244382325428e-38
9.612568403332068419e-04 1.117241379310344911e+02 1.809466499565479400e-38
1.520482463037256191e-03 1.117241379310344911e+02 2.314547091496338750e-38
2.405046001651820267e-03 1.117241379310344911e+02 2.991411450367549229e-38
3.804217681345061462e-03 1.117241379310344911e+02 3.902587107942824098e-38
6.017378527112885768e-03 1.117241379310344911e+02 5.144859295744930428e-38
9.518078977477662309e-03 1.117241379310344911e+02 6.890292732780031903e-38
1.505536456005016586e-02 1.117241379310344911e+02 9.451672077391765888e-38
2.381404930263371703e-02 1.117241379310344911e+02 1.319359607516946180e-37
3.766823061150634255e-02 1.117241379310344911e+02 1.887846057303092610e-37
5.958229024262175905e-02 1.117241379310344911e+02 2.786225134033404143e-37
9.424518361825032220e-02 1.117241379310344911e+02 4.241862491820039652e-37
1.490737364923232500e-01 1.117241379310344911e+02 7.499412239031326445e-37
2.357996245388948031e-01 1.117241379310344911e+02 1.003776379466072972e-35
3.729796021819513641e-01 1.117241379310344911e+02 2.047679227215368979e-36
5.899660947969835867e-01 1.117241379310344911e+02 0.000000000000000000e+00
9.999999999999999547e-08 1.179310344827586192e+02 1.667391099956810844e-40
1.581765038478375206e-07 1.179310344827586192e+02 2.097434191218736012e-40
2.501980636952495318e-07 1.179310344827586192e+02 2.637795983238297857e-40
3.957545498481313547e-07 1.179310344827586192e+02 3.316148549707108882e-40
6.259907107685227244e-07 1.179310344827586192e+02 4.168445449182563056e-40
9.901702207058776949e-07 1.179310344827586192e+02 5.252042652179052856e-40
1.566216637254973893e-06 1.179310344827586192e+02 6.612406666682142181e-40
2.477386719493084971e-06 1.179310344827586192e+02 8.309335642282320343e-40
3.918643699684795082e-06 1.179310344827586192e+02 1.045191781015094557e-39
6.198373602414974549e-06 1.179310344827586192e+02 1.313971910174290369e-39
9.804370659727267644e-06 1.179310344827586192e+02 1.654415094769712610e-39
1.550821073383975258e-05 1.179310344827586192e+02 2.084816976098350804e-39
2.453034554814278694e-05 1.179310344827586192e+02 2.630223725693452316e-39
3.880124296984591311e-05 1.179310344827586192e+02 3.306737762282538593e-39
6.137444957920709968e-05 1.179310344827586192e+02 4.178123493397534076e-39
9.707995860024360021e-05 1.179310344827586192e+02 5.264850805028146671e-39
1.535576844507935347e-04 1.179310344827586192e+02 6.658197820165369415e-39
2.428921766539596401e-04 1.179310344827586192e+02 8.422636779421019819e-39
3.841983531511471432e-04 1.179310344827586192e+02 1.068151396464904431e-38
6.077115228554525470e-04 1.179310344827586192e+02 1.355366558254534560e-38
9.612568403332068419e-04 1.179310344827586192e+02 1.733004863966499763e-38
1.520482463037256191e-03 1.179310344827586192e+02 2.221437716694838167e-38
2.405046001651820267e-03 1.179310344827586192e+02 2.870183488547792378e-38
3.804217681345061462e-03 1.179310344827586192e+02 3.740177502920612462e-38
6.017378527112885768e-03 1.179310344827586192e+02 4.941076656302094540e-38
9.518078977477662309e-03 1.179310344827586192e+02 6.616063342423517438e-38
1.505536456005016586e-02 1.179310344827586192e+02 9.016562675714194926e-38
2.381404930263371703e-02 1.179310344827586192e+02 1.251470666200668156e-37
3.766823061150634255e-02 1.179310344827586192e+02 1.779200026831043619e-37
5.958229024262175905e-02 1.179310344827586192e+02 2.604008105639793558e-37
9.424518361825032220e-02 1.179310344827586192e+02 3.885854582976362888e-37
1.490737364923232500e-01 1.179310344827586192e+02 7.923620522804054145e-37
2.357996245388948031e-01 1.179310344827586192e+02 9.157659341676815712e-36
3.729796021819513641e-01 1.179310344827586192e+02 9.287397640837197046e-37
5.899660947969835867e-01 1.179310344827586192e+02 0.000000000000000000e+00
9.999999999999999547e-08 1.241379310344827616e+02 1.558091288139708583e-40
1.581765038478375206e-07 1.241379310344827616e+02 1.965372484516372712e-40
2.501980636952495318e-07 1.241379310344827616e+02 2.474377783054174971e-40
3.957545498481313547e-07 1.241379310344827616e+02 3.104859166422528490e-40
6.259907107685227244e-07 1.241379310344827616e+02 3.906751858071118493e-40
9.901702207058776949e-07 1.241379310344827616e+02 4.918287046223221011e-40
1.566216637254973893e-06 1.241379310344827616e+02 6.198825776896458097e-40
2.477386719493084971e-06 1.241379310344827616e+02 7.775654797987203045e-40
3.918643699684795082e-06 1.241379310344827616e+02 9.804599877459735514e-40
6.198373602414974549e-06 1.241379310344827616e+02 1.233395046937983566e-39
9.804370659727267644e-06 1.241379310344827616e+02 1.555608273445695723e-39
1.550821073383975258e-05 1.241379310344827616e+02 1.954771905838777049e-39
2.453034554814278694e-05 1.241379310344827616e+02 2.463352094331940025e-39
3.880124296984591311e-05 1.241379310344827616e+02 3.104474792521392830e-39
6.137444957920709968e-05 1.241379310344827616e+02 3.918207950435176726e-39
9.707995860024360021e-05 1.241379310344827616e+02 4.939987509231721389e-39
1.535576844507935347e-04 1.241379310344827616e+02 6.255247769648453691e-39
2.428921766539596401e-04 1.241379310344827616e+02 7.930154075306938865e-39
3.841983531511471432e-04 1.241379310344827616e+02 1.003492398992591725e-38
6.077115228554525470e-04 1.241379310344827616e+02 1.276228420627903185e-38
9.612568403332068419e-04 1.241379310344827616e+02 1.634050186774402325e-38
1.520482463037256191e-03 1.241379310344827616e+02 2.095957399096574885e-38
2.405046001651820267e-03 1.241379310344827616e+02 2.706297440666491466e-38
3.804217681345061462e-03 1.241379310344827616e+02 3.524767162126345755e-38
6.017378527112885768e-03 1.241379310344827616e+02 4.649842301384104882e-38
9.518078977477662309e-03 1.241379310344827616e+02 6.215675034209118704e-38
1.505536456005016586e-02 1.241379310344827616e+02 8.430388711366866323e-38
2.381404930263371703e-02 1.241379310344827616e+02 1.167963109219323873e-37
3.766823061150634255e-02 1.241379310344827616e+02 1.652779768930413679e-37
5.958229024262175905e-02 1.241379310344827616e+02 2.399960351698994668e-37
9.424518361825032220e-02 1.241379310344827616e+02 3.523579285864712373e-37
1.490737364923232500e-01 1.241379310344827616e+02 8.646446576383786882e-37
2.357996245388948031e-01 1.241379310344827616e+02 7.912064789608535498e-36
3.729796021819513641e-01 1.241379310344827616e+02 3.827946717085421643e-37
5.899660947969835867e-01 1.241379310344827616e+02 0.000000000000000000e+00
9.999999999999999547e-08 1.303448275862068897e+02 1.438003985944164392e-40
1.581765038478375206e-07 1.303448275862068897e+02 1.811153275638285908e-40
2.501980636952495318e-07 1.303448275862068897e+02 2.278276117371396946e-40
3.957545498481313547e-07 1.303448275862068897e+02 2.863567479030178009e-40
6.259907107685227244e-07 1.303448275862068897e+02 3.601822880062998306e-40
9.901702207058776949e-07 1.303448275862068897e+02 4.530482088341732490e-40
1.566216637254973893e-06 1.303448275862068897e+02 5.696095872391430613e-40
2.477386719493084971e-06 1.303448275862068897e+02 7.174994720089513776e-40
3.918643699684795082e-06 1.303448275862068897e+02 9.027746826901409518e-40
6.198373602414974549e-06 1.303448275862068897e+02 1.135627938503288513e-39
9.804370659727267644e-06 1.303448275862068897e+02 1.429656911798299432e-39
1.550821073383975258e-05 1.303448275862068897e+02 1.805972922037733414e-39
2.453034554814278694e-05 1.303448275862068897e+02 2.276267463969920829e-39
3.880124296984591311e-05 1.303448275862068897e+02 2.867172280375239113e-39
6.137444957920709968e-05 1.303448275862068897e+02 3.614780545410252744e-39
9.707995860024360021e-05 1.303448275862068897e+02 4.561260511657827300e-39
1.535576844507935347e-04 1.303448275862068897e+02 5.770018837784941270e-39
2.428921766539596401e-04 1.303448275862068897e+02 7.304315930752451141e-39
3.841983531511471432e-04 1.303448275862068897e+02 9.274165925200059672e-39
6.077115228554525470e-04 1.303448275862068897e+02 1.183591688062641895e-38
9.612568403332068419e-04 1.303448275862068897e+02 1.510577632032234207e-38
1.520482463037256191e-03 1.303448275862068897e+02 1.942408183811060746e-38
2.405046001651820267e-03 1.303448275862068897e+02 2.506085063916900447e-38
3.804217681345061462e-03 1.303448275862068897e+02 3.272647669732312595e-38
6.017378527112885768e-03 1.303448275862068897e+02 4.316387899408757959e-38
9.518078977477662309e-03 1.303448275862068897e+02 5.750031015598793200e-38
1.505536456005016586e-02 1.303448275862068897e+02 7.795823287166385015e-38
2.381404930263371703e-02 1.303448275862068897e+02 1.073536168726078689e-37
3.766823061150634255e-02 1.303448275862068897e+02 1.504665656245719092e-37
5.958229024262175905e-02 1.303448275862068897e+02 2.176570745105144751e-37
9.424518361825032220e-02 1.303448275862068897e+02 3.130152467220845402e-37
1.490737364923232500e-01 1.303448275862068897e+02 9.339371847844983022e-37
2.357996245388948031e-01 1.303448275862068897e+02 6.626471269084843910e-36
3.729796021819513641e-01 1.303448275862068897e+02 1.501940249189911791e-37
5.899660947969835867e-01 1.303448275862068897e+02 0.000000000000000000e+00
9.999999999999999547e-08 1.365517241379310462e+02 1.298536912561765379e-40
1.581765038478375206e-07 1.365517241379310462e+02 1.632771409434744703e-40
2.501980636952495318e-07 1.365517241379310462e+02 2.050928217530100680e-40
3.957545498481313547e-07 1.365517241379310462e+02 2.580380454198683876e-40
6.259907107685227244e-07 1.365517241379310462e+02 3.255649138602977800e-40
9.901702207058776949e-07 1.365517241379310462e+02 4.089121114618971802e-40
1.566216637254973893e-06 1.365517241379310462e+02 5.139543569213831276e-40
2.477386719493084971e-06 1.365517241379310462e+02 6.491903941884808981e-40
3.918643699684795082e-06 1.365517241379310462e+02 8.132201677699037332e-40
6.198373602414974549e-06 1.365517241379310462e+02 1.029176498242287568e-39
9.804370659727267644e-06 1.365517241379310462e+02 1.292758724050476437e-39
1.550821073383975258e-05 1.365517241379310462e+02 1.625930292950656532e-39
2.453034554814278694e-05 1.365517241379310462e+02 2.050513422849586742e-39
3.880124296984591311e-05 1.365517241379310462e+02 2.590832347882267335e-39
6.137444957920709968e-05 1.365517241379310462e+02 3.269694494876916227e-39
9.707995860024360021e-05 1.365517241379310462e+02 4.129538531831024184e-39
1.535576844507935347e-04 1.365517241379310462e+02 5.218481235697535042e-39
2.428921766539596401e-04 1.365517241379310462e+02 6.627996334358097917e-39
3.841983531511471432e-04 1.365517241379310462e+02 8.422290529534834711e-39
6.077115228554525470e-04 1.365517241379310462e+02 1.070597631395549797e-38
9.612568403332068419e-04 1.365517241379310462e+02 1.367020235557531743e-38
1.520482463037256191e-03 1.365517241379310462e+02 1.760800068203166738e-38
2.405046001651820267e-03 1.365517241379310462e+02 2.281310743666312820e-38
3.804217681345061462e-03 1.365517241379310462e+02 2.962531685930258316e-38
6.017378527112885768e-03 1.365517241379310462e+02 3.903286311200226966e-38
9.518078977477662309e-03 1.365517241379310462e+02 5.200060909225893079e-38
1.505536456005016586e-02 1.365517241379310462e+02 7.032693403037888083e-38
2.381404930263371703e-02 1.365517241379310462e+02 9.641479267487193160e-38
3.766823061150634255e-02 1.365517241379310462e+02 1.345422292727788185e-37
5.958229024262175905e-02 1.365517241379310462e+02 1.931273574092817242e-37
9.424518361825032220e-02 1.365517241379310462e+02 2.754586597014955774e-37
1.490737364923232500e-01 1.365517241379310462e+02 9.902878463549169450e-37
2.357996245388948031e-01 1.365517241379310462e+02 5.455391152544331137e-36
3.729796021819513641e-01 1.365517241379310462e+02 5.654434988605106507e-38
5.899660947969835867e-01 1.365517241379310462e+02 0.000000000000000000e+00
9.999999999999999547e-08 1.427586206896551744e+02 1.141902994017104233e-40
1.581765038478375206e-07 1.427586206896551744e+02 1.436286726662650484e-40
2.501980636952495318e-07 1.427586206896551744e+02 1.807670916362136334e-40
3.957545498481313547e-07 1.427586206896551744e+02 2.269329195828361519e-40
6.259907107685227244e-07 1.427586206896551744e+02 2.863951075521919087e-40
9.901702207058776949e-07 1.427586206896551744e+02 3.595096576806299175e-40
1.566216637254973893e-06 1.427586206896551744e+02 4.520579249090672424e-40
2.477386719493084971e-06 1.427586206896551744e+02 5.702907803529299780e-40
3.918643699684795082e-06 1.427586206896551744e+02 7.171979335313981893e-40
6.198373602414974549e-06 1.427586206896551744e+02 9.035956630938833485e-40
9.804370659727267644e-06 1.427586206896551744e+02 1.138659198292016521e-39
1.550821073383975258e-05 1.427586206896551744e+02 1.435888515031835677e-39
2.453034554814278694e-05 1.427586206896551744e+02 1.808258463096448649e-39
3.880124296984591311e-05 1.427586206896551744e+02 2.281421028592125593e-39
6.137444957920709968e-05 1.427586206896551744e+02 2.876378552908535289e-39
9.707995860024360021e-05 1.427586206896551744e+02 3.636137935042664251e-39
1.535576844507935347e-04 1.427586206896551744e+02 4.594998725797676905e-39
2.428921766539596401e-04 1.427586206896551744e+02 5.829219130600429090e-39
3.841983531511471432e-04 1.427586206896551744e+02 7.423500032123459251e-39
6.077115228554525470e-04 1.427586206896551744e+02 9.452057221131061147e-39
9.612568403332068419e-04 1.427586206896551744e+02 1.207048030446786265e-38
1.520482463037256191e-03 1.427586206896551744e+02 1.554087969104235920e-38
2.405046001651820267e-03 1.427586206896551744e+02 2.012802953496204986e-38
3.804217681345061462e-03 1.427586206896551744e+02 2.623915334647306149e-38
6.017378527112885768e-03 1.427586206896551744e+02 3.446427443823839954e-38
9.518078977477662309e-03 1.427586206896551744e+02 4.583354090496756656e-38
1.505536456005016586e-02 1.427586206896551744e+02 6.172745718425843547e-38
2.381404930263371703e-02 1.427586206896551744e+02 8.459031062282343511e-38
3.766823061150634255e-02 1.427586206896551744e+02 1.175349987065720075e-37
5.958229024262175905e-02 1.427586206896551744e+02 1.674289568008339520e-37
9.424518361825032220e-02 1.427586206896551744e+02 2.367663366876970011e-37
1.490737364923232500e-01 1.427586206896551744e+02 1.000034462146691683e-36
2.357996245388948031e-01 1.427586206896551744e+02 4.385895231420329772e-36
3.729796021819513641e-01 1.427586206896551744e+02 2.147180647056529640e-38
5.899660947969835867e-01 1.427586206896551744e+02 0.000000000000000000e+00
9.999999999999999547e-08 1.489655172413793025e+02 9.729824611530480474e-41
1.581765038478375206e-07 1.489655172413793025e+02 1.222700956685238536e-40
2.501980636952495318e-07 1.489655172413793025e+02 1.538093121448494837e-40
3.957545498481313547e-07 1.489655172413793025e+02 1.938396372758519857e-40
6.259907107685227244e-07 1.489655172413793025e+02 2.440832599682107148e-40
9.901702207058776949e-07 1.489655172413793025e+02 3.064361562107101852e-40
1.566216637254973893e-06 1.489655172413793025e+02 3.864998190825109924e-40
2.477386719493084971e-06 1.489655172413793025e+02 4.851947469747280794e-40
3.918643699684795082e-06 1.489655172413793025e+02 6.122191645724192427e-40
6.198373602414974549e-06 1.489655172413793025e+02 7.701982847223825438e-40
9.804370659727267644e-06 1.489655172413793025e+02 9.696821225375803077e-40
1.550821073383975258e-05 1.489655172413793025e+02 1.222464857532335331e-39
2.453034554814278694e-05 1.489655172413793025e+02 1.540503799981993699e-39
3.880124296984591311e-05 1.489655172413793025e+02 1.944734769551979140e-39
6.137444957920709968e-05 1.489655172413793025e+02 2.457361173954571730e-39
9.707995860024360021e-05 1.489655172413793025e+02 3.105026812980814859e-39
1.535576844507935347e-04 1.489655172413793025e+02 3.927740978475903328e-39
2.428921766539596401e-04 1.489655172413793025e+02 4.992523330980662216e-39
3.841983531511471432e-04 1.489655172413793025e+02 6.326116749188284091e-39
6.077115228554525470e-04 1.489655172413793025e+02 8.068351719591401970e-39
9.612568403332068419e-04 1.489655172413793025e+02 1.030801889335050938e-38
1.520482463037256191e-03 1.489655172413793025e+02 1.326496787320788164e-38
2.405046001651820267e-03 1.489655172413793025e+02 1.716493610011288455e-38
3.804217681345061462e-03 1.489655172413793025e+02 2.242611701884200403e-38
6.017378527112885768e-03 1.489655172413793025e+02 2.945715590627860809e-38
9.518078977477662309e-03 1.489655172413793025e+02 3.911651650797222169e-38
1.505536456005016586e-02 1.489655172413793025e+02 5.268396532921818057e-38
2.381404930263371703e-02 1.489655172413793025e+02 7.154104209387607401e-38
3.766823061150634255e-02 1.489655172413793025e+02 9.935166126129391767e-38
5.958229024262175905e-02 1.489655172413793025e+02 1.407678728235030370e-37
9.424518361825032220e-02 1.489655172413793025e+02 1.971918101333322097e-37
1.490737364923232500e-01 1.489655172413793025e+02 9.598959683422121332e-37
2.357996245388948031e-01 1.489655172413793025e+02 3.435474672803411036e-36
3.729796021819513641e-01 1.489655172413793025e+02 8.665748160916452141e-39
5.899660947969835867e-01 1.489655172413793025e+02 0.000000000000000000e+00
9.999999999999999547e-08 1.551724137931034591e+02 7.926934513470341469e-41
1.581765038478375206e-07 1.551724137931034591e+02 9.974591159684223386e-41
2.501980636952495318e-07 1.551724137931034591e+02 1.257133254911146313e-40
3.957545498481313547e-07 1.551724137931034591e+02 1.577742733464007640e-40
6.259907107685227244e-07 1.551724137931034591e+02 1.979952149171605579e-40
9.901702207058776949e-07 1.551724137931034591e+02 2.498964586833682992e-40
1.566216637254973893e-06 1.551724137931034591e+02 3.139228088882427432e-40
2.477386719493084971e-06 1.551724137931034591e+02 3.959526512999683906e-40
3.918643699684795082e-06 1.551724137931034591e+02 4.975733859865963289e-40
6.198373602414974549e-06 1.551724137931034591e+02 6.276554923905941529e-40
9.804370659727267644e-06 1.551724137931034591e+02 7.901441189381446819e-40
1.550821073383975258e-05 1.551724137931034591e+02 9.960681613770265373e-40
2.453034554814278694e-05 1.551724137931034591e+02 1.255910939534709974e-39
3.880124296984591311e-05 1.551724137931034591e+02 1.586523686453710538e-39
6.137444957920709968e-05 1.551724137931034591e+02 2.003170719315442701e-39
9.707995860024360021e-05 1.551724137931034591e+02 2.535171874128975227e-39
1.535576844507935347e-04 1.551724137931034591e+02 3.207480603001509735e-39
2.428921766539596401e-04 1.551724137931034591e+02 4.069247797402096629e-39
3.841983531511471432e-04 1.551724137931034591e+02 5.166553644087196341e-39
6.077115228554525470e-04 1.551724137931034591e+02 6.588967515815177146e-39
9.612568403332068419e-04 1.551724137931034591e+02 8.442278281841794656e-39
1.520482463037256191e-03 1.551724137931034591e+02 1.086630493756730387e-38
2.405046001651820267e-03 1.551724137931034591e+02 1.405626306958623998e-38
3.804217681345061462e-03 1.551724137931034591e+02 1.826302591118799690e-38
6.017378527112885768e-03 1.551724137931034591e+02 2.404535925351715890e-38
9.518078977477662309e-03 1.551724137931034591e+02 3.189715865581085196e-38
1.505536456005016586e-02 1.551724137931034591e+02 4.274281101613991266e-38
2.381404930263371703e-02 1.551724137931034591e+02 5.821628054271098453e-38
3.766823061150634255e-02 1.551724137931034591e+02 8.053509534299219575e-38
5.958229024262175905e-02 1.551724137931034591e+02 1.134114616423914414e-37
9.424518361825032220e-02 1.551724137931034591e+02 1.582330696366767762e-37
1.490737364923232500e-01 1.551724137931034591e+02 8.639348315287066839e-37
2.357996245388948031e-01 1.551724137931034591e+02 2.604692929996638766e-36
3.729796021819513641e-01 1.551724137931034591e+02 3.508678065032670670e-39
5.899660947969835867e-01 1.551724137931034591e+02 0.000000000000000000e+00
9.999999999999999547e-08 1.613793103448276156e+02 6.010680716542121902e-41
1.581765038478375206e-07 1.613793103448276156e+02 7.571387140599152809e-41
2.501980636952495318e-07 1.613793103448276156e+02 9.522533644159133549e-41
3.957545498481313547e-07 1.613793103448276156e+02 1.198274344450288601e-40
6.259907107685227244e-07 1.613793103448276156e+02 1.512237864400046285e-40
9.901702207058776949e-07 1.613793103448276156e+02 1.900440215101822983e-40
1.566216637254973893e-06 1.613793103448276156e+02 2.390048523007931878e-40
2.477386719493084971e-06 1.613793103448276156e+02 3.003778710552990977e-40
3.918643699684795082e-06 1.613793103448276156e+02 3.786238714246212803e-40
6.198373602414974549e-06 1.613793103448276156e+02 4.777859838224660934e-40
9.804370659727267644e-06 1.613793103448276156e+02 6.014352119792970660e-40
1.550821073383975258e-05 1.613793103448276156e+02 7.580576049566371762e-40
2.453034554814278694e-05 1.613793103448276156e+02 9.553591912524862034e-40
3.880124296984591311e-05 1.613793103448276156e+02 1.206613566833675422e-39
6.137444957920709968e-05 1.613793103448276156e+02 1.519502153997669066e-39
9.707995860024360021e-05 1.613793103448276156e+02 1.925802372082592934e-39
1.535576844507935347e-04 1.613793103448276156e+02 2.442229580530788440e-39
2.428921766539596401e-04 1.613793103448276156e+02 3.093865815952046464e-39
3.841983531511471432e-04 1.613793103448276156e+02 3.938290273705203952e-39
6.077115228554525470e-04 1.613793103448276156e+02 5.024866228871335781e-39
9.612568403332068419e-04 1.613793103448276156e+02 6.436823741157518827e-39
1.520482463037256191e-03 1.613793103448276156e+02 8.275385120674402893e-39
2.405046001651820267e-03 1.613793103448276156e+02 1.071975592619911754e-38
3.804217681345061462e-03 1.613793103448276156e+02 1.396025439742242334e-38
6.017378527112885768e-03 1.613793103448276156e+02 1.826234278148377310e-38
9.518078977477662309e-03 1.613793103448276156e+02 2.421990324342845372e-38
1.505536456005016586e-02 1.613793103448276156e+02 3.252866097684003366e-38
2.381404930263371703e-02 1.613793103448276156e+02 4.401234534200016304e-38
3.766823061150634255e-02 1.613793103448276156e+02 6.064400496166122857e-38
5.958229024262175905e-02 1.613793103448276156e+02 8.539391884665882754e-38
9.424518361825032220e-02 1.613793103448276156e+02 1.188997166188310787e-37
1.490737364923232500e-01 1.613793103448276156e+02 7.036641215248139940e-37
2.357996245388948031e-01 1.613793103448276156e+02 1.870927733703143301e-36
3.729796021819513641e-01 1.613793103448276156e+02 2.033618930028604864e-39
5.899660947969835867e-01 1.613793103448276156e+02 0.000000000000000000e+00
9.999999999999999547e-08 1.675862068965517437e+02 4.057360532110308378e-41
1.581765038478375206e-07 1.675862068965517437e+02 5.099809718252647833e-41
2.501980636952495318e-07 1.675862068965517437e+02 6.419998699162368953e-41
3.957545498481313547e-07 1.675862068965517437e+02 8.062954182663961861e-41
6.259907107685227244e-07 1.675862068965517437e+02 1.016301145443758664e-40
9.901702207058776949e-07 1.675862068965517437e+02 1.278360569576796053e-40
1.566216637254973893e-06 1.675862068965517437e+02 1.609154204550549045e-40
2.477386719493084971e-06 1.675862068965517437e+02 2.027469315064148186e-40
3.918643699684795082e-06 1.675862068965517437e+02 2.547703535351817823e-40
6.198373602414974549e-06 1.675862068965517437e+02 3.213827141605432346e-40
9.804370659727267644e-06 1.675862068965517437e+02 4.042150808082590995e-40
1.550821073383975258e-05 1.675862068965517437e+02 5.104125142991482153e-40
2.453034554814278694e-05 1.675862068965517437e+02 6.434904612988118576e-40
3.880124296984591311e-05 1.675862068965517437e+02 8.142203649904031092e-40
6.137444957920709968e-05 1.675862068965517437e+02 1.025874988879165695e-39
9.707995860024360021e-05 1.675862068965517437e+02 1.296768101044320951e-39
1.535576844507935347e-04 1.675862068965517437e+02 1.646105693317941023e-39
2.428921766539596401e-04 1.675862068965517437e+02 2.085610724778542853e-39
3.841983531511471432e-04 1.675862068965517437e+02 2.655849761968861444e-39
6.077115228554525470e-04 1.675862068965517437e+02 3.384341500001886728e-39
9.612568403332068419e-04 1.675862068965517437e+02 4.329948234537758633e-39
1.520482463037256191e-03 1.675862068965517437e+02 5.592053067958953768e-39
2.405046001651820267e-03 1.675862068965517437e+02 7.218648412796892555e-39
3.804217681345061462e-03 1.675862068965517437e+02 9.397641210371998330e-39
6.017378527112885768e-03 1.675862068965517437e+02 1.235773801301539601e-38
9.518078977477662309e-03 1.675862068965517437e+02 1.632430517868950015e-38
1.505536456005016586e-02 1.675862068965517437e+02 2.184661531308512598e-38
2.381404930263371703e-02 1.675862068965517437e+02 2.961689254702288186e-38
3.766823061150634255e-02 1.675862068965517437e+02 4.072398148208133654e-38
5.958229024262175905e-02 1.675862068965517437e+02 5.726885099709569138e-38
9.424518361825032220e-02 1.675862068965517437e+02 7.929575583712513284e-38
1.490737364923232500e-01 1.675862068965517437e+02 4.950050912791422745e-37
2.357996245388948031e-01 1.675862068965517437e+02 1.201959049693311224e-36
3.729796021819513641e-01 1.675862068965517437e+02 1.158699171385638289e-39
5.899660947969835867e-01 1.675862068965517437e+02 0.000000000000000000e+00
9.999999999999999547e-08 1.737931034482758719e+02 2.042196337304626394e-41
1.581765038478375206e-07 1.737931034482758719e+02 2.568020220978659665e-41
2.501980636952495318e-07 1.737931034482758719e+02 3.229567318585331872e-41
3.957545498481313547e-07 1.737931034482758719e+02 4.067570440926968464e-41
6.259907107685227244e-07 1.737931034482758719e+02 5.112525638779639865e-41
9.901702207058776949e-07 1.737931034482758719e+02 6.442924899087220175e-41
1.566216637254973893e-06 1.737931034482758719e+02 8.082505696277998993e-41
2.477386719493084971e-06 1.737931034482758719e+02 1.020375776032145204e-40
3.918643699684795082e-06 1.737931034482758719e+02 1.283186557369107984e-40
6.198373602414974549e-06 1.737931034482758719e+02 1.621317324670681231e-40
9.804370659727267644e-06 1.737931034482758719e+02 2.038578989853681917e-40
1.550821073383975258e-05 1.737931034482758719e+02 2.563906687397952731e-40
2.453034554814278694e-05 1.737931034482758719e+02 3.231271335100202006e-40
3.880124296984591311e-05 1.737931034482758719e+02 4.082715821551252677e-40
6.137444957920709968e-05 1.737931034482758719e+02 5.160810841321136988e-40
9.707995860024360021e-05 1.737931034482758719e+02 6.521722278558511884e-40
1.535576844507935347e-04 1.737931034482758719e+02 8.273289242272643758e-40
2.428921766539596401e-04 1.737931034482758719e+02 1.048669864910842708e-39
3.841983531511471432e-04 1.737931034482758719e+02 1.333597827937900719e-39
6.077115228554525470e-04 1.737931034482758719e+02 1.707567184883975649e-39
9.612568403332068419e-04 1.737931034482758719e+02 2.187173972408463209e-39
1.520482463037256191e-03 1.737931034482758719e+02 2.808091950906160853e-39
2.405046001651820267e-03 1.737931034482758719e+02 3.632657311965925530e-39
3.804217681345061462e-03 1.737931034482758719e+02 4.725067068956981154e-39
6.017378527112885768e-03 1.737931034482758719e+02 6.211504527629887547e-39
9.518078977477662309e-03 1.737931034482758719e+02 8.219124339969195479e-39
1.505536456005016586e-02 1.737931034482758719e+02 1.099704769721540653e-38
2.381404930263371703e-02 1.737931034482758719e+02 1.485707282474744310e-38
3.766823061150634255e-02 1.737931034482758719e+02 2.045609711802240248e-38
5.958229024262175905e-02 1.737931034482758719e+02 2.860409404429581417e-38
9.424518361825032220e-02 1.737931034482758719e+02 3.969444192843038812e-38
1.490737364923232500e-01 1.737931034482758719e+02 2.568126994438694685e-37
2.357996245388948031e-01 1.737931034482758719e+02 5.903595582826161178e-37
3.729796021819513641e-01 1.737931034482758719e+02 5.150980699514063971e-40
5.899660947969835867e-01 1.737931034482758719e+02 0.000000000000000000e+00
9.999999999999999547e-08 1.800000000000000000e+02 2.313971190404294713e-56
1.581765038478375206e-07 1.800000000000000000e+02 2.906827778694646097e-56
2.501980636952495318e-07 1.800000000000000000e+02 3.660695281032716343e-56
3.957545498481313547e-07 1.800000000000000000e+02 4.597079832645525395e-56
6.259907107685227244e-07 1.800000000000000000e+02 5.786133737516733123e-56
9.901702207058776949e-07 1.800000000000000000e+02 7.275306970542147988e-56
1.566216637254973893e-06 1.800000000000000000e+02 9.165026440328463788e-56
2.477386719493084971e-06 1.800000000000000000e+02 1.156117938974832149e-55
3.918643699684795082e-06 1.800000000000000000e+02 1.452417740541939373e-55
6.198373602414974549e-06 1.800000000000000000e+02 1.833563527230394766e-55
9.804370659727267644e-06 1.800000000000000000e+02 2.304971398160898245e-55
1.550821073383975258e-05 1.800000000000000000e+02 2.911448763537470352e-55
2.453034554814278694e-05 1.800000000000000000e+02 3.664386322101976286e-55
3.880124296984591311e-05 1.800000000000000000e+02 4.630471681670835889e-55
6.137444957920709968e-05 1.800000000000000000e+02 5.852196463504535523e-55
9.707995860024360021e-05 1.800000000000000000e+02 7.392862872660427722e-55
1.535576844507935347e-04 1.800000000000000000e+02 9.387479164648181482e-55
2.428921766539596401e-04 1.800000000000000000e+02 1.191620249685310614e-54
3.841983531511471432e-04 1.800000000000000000e+02 1.512134958745201741e-54
6.077115228554525470e-04 1.800000000000000000e+02 1.931164604230073685e-54
9.612568403332068419e-04 1.800000000000000000e+02 2.474328109135343729e-54
1.520482463037256191e-03 1.800000000000000000e+02 3.184803212927668192e-54
2.405046001651820267e-03 1.800000000000000000e+02 4.118979156142986458e-54
3.804217681345061462e-03 1.800000000000000000e+02 5.352239444425419530e-54
6.017378527112885768e-03 1.800000000000000000e+02 7.036484625134900323e-54
9.518078977477662309e-03 1.800000000000000000e+02 9.308885318198609492e-54
1.505536456005016586e-02 1.800000000000000000e+02 1.243462510523882004e-53
2.381404930263371703e-02 1.800000000000000000e+02 1.682338968031644745e-53
3.766823061150634255e-02 1.800000000000000000e+02 2.313418985164296376e-53
5.958229024262175905e-02 1.800000000000000000e+02 3.243701156160353061e-53
9.424518361825032220e-02 1.800000000000000000e+02 4.483271418834226506e-53
1.490737364923232500e-01 1.800000000000000000e+02 2.941894870453681360e-52
2.357996245388948031e-01 1.800000000000000000e+02 6.617199982980548912e-52
3.729796021819513641e-01 1.800000000000000000e+02 5.701783579400245663e-55
5.899660947969835867e-01 1.800000000000000000e+02 0.000000000000000000e+00
