# atom 56: Tchi 0.5298316906283709 [GeV]; m_chi = 0.1 [GeV]; mS = 0.3 [GeV]; gchi =0.01; gN = 0.01
# Tchi^prime [GeV], theta [degree] ,dsigma/dTchip dtheta [cm^2/GeV]
9.999999999999999547e-08 0.000000000000000000e+00 0.000000000000000000e+00
1.574394538698769890e-07 0.000000000000000000e+00 0.000000000000000000e+00
2.478718163484512809e-07 0.000000000000000000e+00 0.000000000000000000e+00
3.902480339563453570e-07 0.000000000000000000e+00 0.000000000000000000e+00
6.144043733988022528e-07 0.000000000000000000e+00 0.000000000000000000e+00
9.673148900317140265e-07 0.000000000000000000e+00 0.000000000000000000e+00
1.522935280067928583e-06 0.000000000000000000e+00 0.000000000000000000e+00
2.397700987730628402e-06 0.000000000000000000e+00 0.000000000000000000e+00
3.774927340515747906e-06 0.000000000000000000e+00 0.000000000000000000e+00
5.943224988892664861e-06 0.000000000000000000e+00 0.000000000000000000e+00
9.356980964770669887e-06 0.000000000000000000e+00 0.000000000000000000e+00
1.473157972964325986e-05 0.000000000000000000e+00 0.000000000000000000e+00
2.319331867275585017e-05 0.000000000000000000e+00 0.000000000000000000e+00
3.651543425268701019e-05 0.000000000000000000e+00 0.000000000000000000e+00
5.748970026564431755e-05 0.000000000000000000e+00 0.000000000000000000e+00
9.051147012965963645e-05 0.000000000000000000e+00 0.000000000000000000e+00
1.425007642617329682e-04 0.000000000000000000e+00 0.000000000000000000e+00
2.243524250140732342e-04 0.000000000000000000e+00 0.000000000000000000e+00
3.532192326859818587e-04 0.000000000000000000e+00 0.000000000000000000e+00
5.561064309041793136e-04 0.000000000000000000e+00 0.000000000000000000e+00
8.755309277508047973e-04 0.000000000000000000e+00 0.000000000000000000e+00
1.378431111112734305e-03 0.000000000000000000e+00 0.000000000000000000e+00
2.170194413308361783e-03 0.000000000000000000e+00 0.000000000000000000e+00
3.416742232227266019e-03 0.000000000000000000e+00 0.000000000000000000e+00
5.379300310560051687e-03 0.000000000000000000e+00 0.000000000000000000e+00
8.469141030966341813e-03 0.000000000000000000e+00 0.000000000000000000e+00
1.333376938662307956e-02 0.000000000000000000e+00 0.000000000000000000e+00
2.099261370256818096e-02 0.000000000000000000e+00 0.000000000000000000e+00
3.305065636633630621e-02 0.000000000000000000e+00 0.000000000000000000e+00
5.203477288356961328e-02 0.000000000000000000e+00 0.000000000000000000e+00
8.192326225032267595e-02 0.000000000000000000e+00 0.000000000000000000e+00
1.289795366792951259e-01 0.000000000000000000e+00 0.000000000000000000e+00
2.030646781517799204e-01 0.000000000000000000e+00 0.000000000000000000e+00
3.197039202847857253e-01 0.000000000000000000e+00 0.000000000000000000e+00
5.033401060969523444e-01 0.000000000000000000e+00 0.000000000000000000e+00
9.999999999999999547e-08 6.206896551724137900e+00 9.561387617284928031e-41
1.574394538698769890e-07 6.206896551724137900e+00 1.198080734823433762e-40
2.478718163484512809e-07 6.206896551724137900e+00 1.505464085711284180e-40
3.902480339563453570e-07 6.206896551724137900e+00 1.885051004035971999e-40
6.144043733988022528e-07 6.206896551724137900e+00 2.363789336176167534e-40
9.673148900317140265e-07 6.206896551724137900e+00 2.963720397085208257e-40
1.522935280067928583e-06 6.206896551724137900e+00 3.724099832372529905e-40
2.397700987730628402e-06 6.206896551724137900e+00 4.690455948823360167e-40
3.774927340515747906e-06 6.206896551724137900e+00 5.864126666106569423e-40
5.943224988892664861e-06 6.206896551724137900e+00 7.371240548295928442e-40
9.356980964770669887e-06 6.206896551724137900e+00 9.296538053555293726e-40
1.473157972964325986e-05 6.206896551724137900e+00 1.163609545421378329e-39
2.319331867275585017e-05 6.206896551724137900e+00 1.464485002623951684e-39
3.651543425268701019e-05 6.206896551724137900e+00 1.837746631666963721e-39
5.748970026564431755e-05 6.206896551724137900e+00 2.316667468820964040e-39
9.051147012965963645e-05 6.206896551724137900e+00 2.915895749299854966e-39
1.425007642617329682e-04 6.206896551724137900e+00 3.672927012808447992e-39
2.243524250140732342e-04 6.206896551724137900e+00 4.636949491706126008e-39
3.532192326859818587e-04 6.206896551724137900e+00 5.866510720953247753e-39
5.561064309041793136e-04 6.206896551724137900e+00 7.430173948165649580e-39
8.755309277508047973e-04 6.206896551724137900e+00 9.411013046284786354e-39
1.378431111112734305e-03 6.206896551724137900e+00 1.201318977186833759e-38
2.170194413308361783e-03 6.206896551724137900e+00 1.540704086740360952e-38
3.416742232227266019e-03 6.206896551724137900e+00 1.975784813328353532e-38
5.379300310560051687e-03 6.206896551724137900e+00 2.575748695548187959e-38
8.469141030966341813e-03 6.206896551724137900e+00 3.371983314227924225e-38
1.333376938662307956e-02 6.206896551724137900e+00 4.514869471881299718e-38
2.099261370256818096e-02 6.206896551724137900e+00 6.165717050602721821e-38
3.305065636633630621e-02 6.206896551724137900e+00 8.674725959845098304e-38
5.203477288356961328e-02 6.206896551724137900e+00 1.280531699142829655e-37
8.192326225032267595e-02 6.206896551724137900e+00 2.030574397978005321e-37
1.289795366792951259e-01 6.206896551724137900e+00 3.594866660193334939e-37
2.030646781517799204e-01 6.206896551724137900e+00 0.000000000000000000e+00
3.197039202847857253e-01 6.206896551724137900e+00 0.000000000000000000e+00
5.033401060969523444e-01 6.206896551724137900e+00 0.000000000000000000e+00
9.999999999999999547e-08 1.241379310344827580e+01 1.896368123577005872e-40
1.574394538698769890e-07 1.241379310344827580e+01 2.385424201565023567e-40
2.478718163484512809e-07 1.241379310344827580e+01 2.987001154304324015e-40
3.902480339563453570e-07 1.241379310344827580e+01 3.752752913948193653e-40
6.144043733988022528e-07 1.241379310344827580e+01 4.712972283658933069e-40
9.673148900317140265e-07 1.241379310344827580e+01 5.925339102064067762e-40
1.522935280067928583e-06 1.241379310344827580e+01 7.417522474644469394e-40
2.397700987730628402e-06 1.241379310344827580e+01 9.302872121298438937e-40
3.774927340515747906e-06 1.241379310344827580e+01 1.167437194543572303e-39
5.943224988892664861e-06 1.241379310344827580e+01 1.470811597308452607e-39
9.356980964770669887e-06 1.241379310344827580e+01 1.845455690570472707e-39
1.473157972964325986e-05 1.241379310344827580e+01 2.319567627228093424e-39
2.319331867275585017e-05 1.241379310344827580e+01 2.908848164585055030e-39
3.651543425268701019e-05 1.241379310344827580e+01 3.660322583680814795e-39
5.748970026564431755e-05 1.241379310344827580e+01 4.615930425087032406e-39
9.051147012965963645e-05 1.241379310344827580e+01 5.788181626614481383e-39
1.425007642617329682e-04 1.241379310344827580e+01 7.297602014037662859e-39
2.243524250140732342e-04 1.241379310344827580e+01 9.213592005411683832e-39
3.532192326859818587e-04 1.241379310344827580e+01 1.165160163396011578e-38
5.561064309041793136e-04 1.241379310344827580e+01 1.475122084779954806e-38
8.755309277508047973e-04 1.241379310344827580e+01 1.873552983560025856e-38
1.378431111112734305e-03 1.241379310344827580e+01 2.388519957789845953e-38
2.170194413308361783e-03 1.241379310344827580e+01 3.049908379533743188e-38
3.416742232227266019e-03 1.241379310344827580e+01 3.938614260721287707e-38
5.379300310560051687e-03 1.241379310344827580e+01 5.093876576703183245e-38
8.469141030966341813e-03 1.241379310344827580e+01 6.694227108762175537e-38
1.333376938662307956e-02 1.241379310344827580e+01 8.934572025348408145e-38
2.099261370256818096e-02 1.241379310344827580e+01 1.220624420005326080e-37
3.305065636633630621e-02 1.241379310344827580e+01 1.719021662542606065e-37
5.203477288356961328e-02 1.241379310344827580e+01 2.528351548319112866e-37
8.192326225032267595e-02 1.241379310344827580e+01 4.002149839637867739e-37
1.289795366792951259e-01 1.241379310344827580e+01 7.143864541987290356e-37
2.030646781517799204e-01 1.241379310344827580e+01 0.000000000000000000e+00
3.197039202847857253e-01 1.241379310344827580e+01 0.000000000000000000e+00
5.033401060969523444e-01 1.241379310344827580e+01 0.000000000000000000e+00
9.999999999999999547e-08 1.862068965517241281e+01 2.824835449906879228e-40
1.574394538698769890e-07 1.862068965517241281e+01 3.539056495633680465e-40
2.478718163484512809e-07 1.862068965517241281e+01 4.452730144931495578e-40
3.902480339563453570e-07 1.862068965517241281e+01 5.563498916015063590e-40
6.144043733988022528e-07 1.862068965517241281e+01 7.004033937390238702e-40
9.673148900317140265e-07 1.862068965517241281e+01 8.789510311087330115e-40
1.522935280067928583e-06 1.862068965517241281e+01 1.101030734574648259e-39
2.397700987730628402e-06 1.862068965517241281e+01 1.379711167801159292e-39
3.774927340515747906e-06 1.862068965517241281e+01 1.738678404298519682e-39
5.943224988892664861e-06 1.862068965517241281e+01 2.176818038899227735e-39
9.356980964770669887e-06 1.862068965517241281e+01 2.745207080921414802e-39
1.473157972964325986e-05 1.862068965517241281e+01 3.443303244467582649e-39
2.319331867275585017e-05 1.862068965517241281e+01 4.333283183813048729e-39
3.651543425268701019e-05 1.862068965517241281e+01 5.439539495978677599e-39
5.748970026564431755e-05 1.862068965517241281e+01 6.835722233275109094e-39
9.051147012965963645e-05 1.862068965517241281e+01 8.598656674879495563e-39
1.425007642617329682e-04 1.862068965517241281e+01 1.086482607415100481e-38
2.243524250140732342e-04 1.862068965517241281e+01 1.367779775037656248e-38
3.532192326859818587e-04 1.862068965517241281e+01 1.729532134239202676e-38
5.561064309041793136e-04 1.862068965517241281e+01 2.189412710577849204e-38
8.755309277508047973e-04 1.862068965517241281e+01 2.770368518044117222e-38
1.378431111112734305e-03 1.862068965517241281e+01 3.537764668410253899e-38
2.170194413308361783e-03 1.862068965517241281e+01 4.514205452443170826e-38
3.416742232227266019e-03 1.862068965517241281e+01 5.806999013875374706e-38
5.379300310560051687e-03 1.862068965517241281e+01 7.532451458463311290e-38
8.469141030966341813e-03 1.862068965517241281e+01 9.900222655014630782e-38
1.333376938662307956e-02 1.862068965517241281e+01 1.319063238884374174e-37
2.099261370256818096e-02 1.862068965517241281e+01 1.798896104370867550e-37
3.305065636633630621e-02 1.862068965517241281e+01 2.530292600842806856e-37
5.203477288356961328e-02 1.862068965517241281e+01 3.728934582443608268e-37
8.192326225032267595e-02 1.862068965517241281e+01 5.900630345603349793e-37
1.289795366792951259e-01 1.862068965517241281e+01 1.050478904792083764e-36
2.030646781517799204e-01 1.862068965517241281e+01 2.253854640771054717e-36
3.197039202847857253e-01 1.862068965517241281e+01 0.000000000000000000e+00
5.033401060969523444e-01 1.862068965517241281e+01 0.000000000000000000e+00
9.999999999999999547e-08 2.482758620689655160e+01 3.706378171837993366e-40
1.574394538698769890e-07 2.482758620689655160e+01 4.649416600845944855e-40
2.478718163484512809e-07 2.482758620689655160e+01 5.837489945127149437e-40
3.902480339563453570e-07 2.482758620689655160e+01 7.321122384552265448e-40
6.144043733988022528e-07 2.482758620689655160e+01 9.205204950347952135e-40
9.673148900317140265e-07 2.482758620689655160e+01 1.155709273204109923e-39
1.522935280067928583e-06 2.482758620689655160e+01 1.446086516242371281e-39
2.397700987730628402e-06 2.482758620689655160e+01 1.824689457795638497e-39
3.774927340515747906e-06 2.482758620689655160e+01 2.286615695213996150e-39
5.943224988892664861e-06 2.482758620689655160e+01 2.864007319835321003e-39
9.356980964770669887e-06 2.482758620689655160e+01 3.602431649670706756e-39
1.473157972964325986e-05 2.482758620689655160e+01 4.516899029108963316e-39
2.319331867275585017e-05 2.482758620689655160e+01 5.684494462335022247e-39
3.651543425268701019e-05 2.482758620689655160e+01 7.131415542339108365e-39
5.748970026564431755e-05 2.482758620689655160e+01 8.976092788115886630e-39
9.051147012965963645e-05 2.482758620689655160e+01 1.131898566499064684e-38
1.425007642617329682e-04 2.482758620689655160e+01 1.425815007477201970e-38
2.243524250140732342e-04 2.482758620689655160e+01 1.796164114817229096e-38
3.532192326859818587e-04 2.482758620689655160e+01 2.268178395685292238e-38
5.561064309041793136e-04 2.482758620689655160e+01 2.872717658329306320e-38
8.755309277508047973e-04 2.482758620689655160e+01 3.646548243462872136e-38
1.378431111112734305e-03 2.482758620689655160e+01 4.630697815621743314e-38
2.170194413308361783e-03 2.482758620689655160e+01 5.920118642379995721e-38
3.416742232227266019e-03 2.482758620689655160e+01 7.621120191499195187e-38
5.379300310560051687e-03 2.482758620689655160e+01 9.884258683245492338e-38
8.469141030966341813e-03 2.482758620689655160e+01 1.292798747781202396e-37
1.333376938662307956e-02 2.482758620689655160e+01 1.717211447135260270e-37
2.099261370256818096e-02 2.482758620689655160e+01 2.334868804197403718e-37
3.305065636633630621e-02 2.482758620689655160e+01 3.284289579201614542e-37
5.203477288356961328e-02 2.482758620689655160e+01 4.825626985929539944e-37
8.192326225032267595e-02 2.482758620689655160e+01 7.640641959253414947e-37
1.289795366792951259e-01 2.482758620689655160e+01 1.355024500306719613e-36
2.030646781517799204e-01 2.482758620689655160e+01 2.884236812232263822e-36
3.197039202847857253e-01 2.482758620689655160e+01 0.000000000000000000e+00
5.033401060969523444e-01 2.482758620689655160e+01 0.000000000000000000e+00
9.999999999999999547e-08 3.103448275862069039e+01 4.554319721367700715e-40
1.574394538698769890e-07 3.103448275862069039e+01 5.706709649537599109e-40
2.478718163484512809e-07 3.103448275862069039e+01 7.178315500320796422e-40
3.902480339563453570e-07 3.103448275862069039e+01 8.981654689657380846e-40
6.144043733988022528e-07 3.103448275862069039e+01 1.130302597498726864e-39
9.673148900317140265e-07 3.103448275862069039e+01 1.419435026360442475e-39
1.522935280067928583e-06 3.103448275862069039e+01 1.773515932938309115e-39
2.397700987730628402e-06 3.103448275862069039e+01 2.231086841825897100e-39
3.774927340515747906e-06 3.103448275862069039e+01 2.805720667430554306e-39
5.943224988892664861e-06 3.103448275862069039e+01 3.512942814216147055e-39
9.356980964770669887e-06 3.103448275862069039e+01 4.421847685269644802e-39
1.473157972964325986e-05 3.103448275862069039e+01 5.547802729961764475e-39
2.319331867275585017e-05 3.103448275862069039e+01 6.975438911509604240e-39
3.651543425268701019e-05 3.103448275862069039e+01 8.778652142660657217e-39
5.748970026564431755e-05 3.103448275862069039e+01 1.104680352910825822e-38
9.051147012965963645e-05 3.103448275862069039e+01 1.389182785438037688e-38
1.425007642617329682e-04 3.103448275862069039e+01 1.750922014902574226e-38
2.243524250140732342e-04 3.103448275862069039e+01 2.206527952460230475e-38
3.532192326859818587e-04 3.103448275862069039e+01 2.778967893618549691e-38
5.561064309041793136e-04 3.103448275862069039e+01 3.525527756344827206e-38
8.755309277508047973e-04 3.103448275862069039e+01 4.456931333133762214e-38
1.378431111112734305e-03 3.103448275862069039e+01 5.679706205199462883e-38
2.170194413308361783e-03 3.103448275862069039e+01 7.249045017590769031e-38
3.416742232227266019e-03 3.103448275862069039e+01 9.292126323435665820e-38
5.379300310560051687e-03 3.103448275862069039e+01 1.202541283704387643e-37
8.469141030966341813e-03 3.103448275862069039e+01 1.578034555494623482e-37
1.333376938662307956e-02 3.103448275862069039e+01 2.091056510483123041e-37
2.099261370256818096e-02 3.103448275862069039e+01 2.832497967477487268e-37
3.305065636633630621e-02 3.103448275862069039e+01 3.962273962517119131e-37
5.203477288356961328e-02 3.103448275862069039e+01 5.817406421755158880e-37
8.192326225032267595e-02 3.103448275862069039e+01 9.156292113260376363e-37
1.289795366792951259e-01 3.103448275862069039e+01 1.611857152761827022e-36
2.030646781517799204e-01 3.103448275862069039e+01 3.355658950265509872e-36
3.197039202847857253e-01 3.103448275862069039e+01 0.000000000000000000e+00
5.033401060969523444e-01 3.103448275862069039e+01 0.000000000000000000e+00
9.999999999999999547e-08 3.724137931034482563e+01 5.338019124759584921e-40
1.574394538698769890e-07 3.724137931034482563e+01 6.709579426735014302e-40
2.478718163484512809e-07 3.724137931034482563e+01 8.428630629519621732e-40
3.902480339563453570e-07 3.724137931034482563e+01 1.058418967334163047e-39
6.144043733988022528e-07 3.724137931034482563e+01 1.324778582373539068e-39
9.673148900317140265e-07 3.724137931034482563e+01 1.661033124431128474e-39
1.522935280067928583e-06 3.724137931034482563e+01 2.086463068848222472e-39
2.397700987730628402e-06 3.724137931034482563e+01 2.617156172698045261e-39
3.774927340515747906e-06 3.724137931034482563e+01 3.282424739120683503e-39
5.943224988892664861e-06 3.724137931034482563e+01 4.132179621365065575e-39
9.356980964770669887e-06 3.724137931034482563e+01 5.195705189474693522e-39
1.473157972964325986e-05 3.724137931034482563e+01 6.508854196215063485e-39
2.319331867275585017e-05 3.724137931034482563e+01 8.158906928339590074e-39
3.651543425268701019e-05 3.724137931034482563e+01 1.025367321376396345e-38
5.748970026564431755e-05 3.724137931034482563e+01 1.295090430418816635e-38
9.051147012965963645e-05 3.724137931034482563e+01 1.627392586565573229e-38
1.425007642617329682e-04 3.724137931034482563e+01 2.046297185412499188e-38
2.243524250140732342e-04 3.724137931034482563e+01 2.581198364041596816e-38
3.532192326859818587e-04 3.724137931034482563e+01 3.264101961803794143e-38
5.561064309041793136e-04 3.724137931034482563e+01 4.119691384381429215e-38
8.755309277508047973e-04 3.724137931034482563e+01 5.233540042668221525e-38
1.378431111112734305e-03 3.724137931034482563e+01 6.613561470799317307e-38
2.170194413308361783e-03 3.724137931034482563e+01 8.469676754018658785e-38
3.416742232227266019e-03 3.724137931034482563e+01 1.085583610506490536e-37
5.379300310560051687e-03 3.724137931034482563e+01 1.404349582501364685e-37
8.469141030966341813e-03 3.724137931034482563e+01 1.830578043316982539e-37
1.333376938662307956e-02 3.724137931034482563e+01 2.419285739323317256e-37
2.099261370256818096e-02 3.724137931034482563e+01 3.266043007580210034e-37
3.305065636633630621e-02 3.724137931034482563e+01 4.555550505833769913e-37
5.203477288356961328e-02 3.724137931034482563e+01 6.635053260463587873e-37
8.192326225032267595e-02 3.724137931034482563e+01 1.039362666242292416e-36
1.289795366792951259e-01 3.724137931034482563e+01 1.807990769705362938e-36
2.030646781517799204e-01 3.724137931034482563e+01 3.623286666741918153e-36
3.197039202847857253e-01 3.724137931034482563e+01 2.386083466211854207e-35
5.033401060969523444e-01 3.724137931034482563e+01 0.000000000000000000e+00
9.999999999999999547e-08 4.344827586206896797e+01 6.080363159396507957e-40
1.574394538698769890e-07 4.344827586206896797e+01 7.619738526316132578e-40
2.478718163484512809e-07 4.344827586206896797e+01 9.561944713686160945e-40
3.902480339563453570e-07 4.344827586206896797e+01 1.198181875349214174e-39
6.144043733988022528e-07 4.344827586206896797e+01 1.504946803090850647e-39
9.673148900317140265e-07 4.344827586206896797e+01 1.888288769494371444e-39
1.522935280067928583e-06 4.344827586206896797e+01 2.377445264330711941e-39
2.397700987730628402e-06 4.344827586206896797e+01 2.974593330238890468e-39
3.774927340515747906e-06 4.344827586206896797e+01 3.735602493443100279e-39
5.943224988892664861e-06 4.344827586206896797e+01 4.700751153694402236e-39
9.356980964770669887e-06 4.344827586206896797e+01 5.894314811242827158e-39
1.473157972964325986e-05 4.344827586206896797e+01 7.392651927815269898e-39
2.319331867275585017e-05 4.344827586206896797e+01 9.298119124493180741e-39
3.651543425268701019e-05 4.344827586206896797e+01 1.169341022745428830e-38
5.748970026564431755e-05 4.344827586206896797e+01 1.468811943873194765e-38
9.051147012965963645e-05 4.344827586206896797e+01 1.848998229457414430e-38
1.425007642617329682e-04 4.344827586206896797e+01 2.328362364496237144e-38
2.243524250140732342e-04 4.344827586206896797e+01 2.933039253644579996e-38
3.532192326859818587e-04 4.344827586206896797e+01 3.705205813114042974e-38
5.561064309041793136e-04 4.344827586206896797e+01 4.671394883034986463e-38
8.755309277508047973e-04 4.344827586206896797e+01 5.906318427642680043e-38
1.378431111112734305e-03 4.344827586206896797e+01 7.493888007390088632e-38
2.170194413308361783e-03 4.344827586206896797e+01 9.557771527995181065e-38
3.416742232227266019e-03 4.344827586206896797e+01 1.223627001693388323e-37
5.379300310560051687e-03 4.344827586206896797e+01 1.580615934443725763e-37
8.469141030966341813e-03 4.344827586206896797e+01 2.058241339324169620e-37
1.333376938662307956e-02 4.344827586206896797e+01 2.710329345168889912e-37
2.099261370256818096e-02 4.344827586206896797e+01 3.649213817999074120e-37
3.305065636633630621e-02 4.344827586206896797e+01 5.061675386514054167e-37
5.203477288356961328e-02 4.344827586206896797e+01 7.337266574100015445e-37
8.192326225032267595e-02 4.344827586206896797e+01 1.133460320578121320e-36
1.289795366792951259e-01 4.344827586206896797e+01 1.940853388853027403e-36
2.030646781517799204e-01 4.344827586206896797e+01 3.740832913202708453e-36
3.197039202847857253e-01 4.344827586206896797e+01 4.780551319740620049e-35
5.033401060969523444e-01 4.344827586206896797e+01 0.000000000000000000e+00
9.999999999999999547e-08 4.965517241379310320e+01 6.726706451097462790e-40
1.574394538698769890e-07 4.965517241379310320e+01 8.439893710100573977e-40
2.478718163484512809e-07 4.965517241379310320e+01 1.059393885963879469e-39
3.902480339563453570e-07 4.965517241379310320e+01 1.330400880607171588e-39
6.144043733988022528e-07 4.965517241379310320e+01 1.666974671076572402e-39
9.673148900317140265e-07 4.965517241379310320e+01 2.092635153435445584e-39
1.522935280067928583e-06 4.965517241379310320e+01 2.623169061513794772e-39
2.397700987730628402e-06 4.965517241379310320e+01 3.305118732575910475e-39
3.774927340515747906e-06 4.965517241379310320e+01 4.141172289020125340e-39
5.943224988892664861e-06 4.965517241379310320e+01 5.205781967413399712e-39
9.356980964770669887e-06 4.965517241379310320e+01 6.520209091235912891e-39
1.473157972964325986e-05 4.965517241379310320e+01 8.213914348440336134e-39
2.319331867275585017e-05 4.965517241379310320e+01 1.028544768165530286e-38
3.651543425268701019e-05 4.965517241379310320e+01 1.292642208343458614e-38
5.748970026564431755e-05 4.965517241379310320e+01 1.627104121607028670e-38
9.051147012965963645e-05 4.965517241379310320e+01 2.042201080937017825e-38
1.425007642617329682e-04 4.965517241379310320e+01 2.567284347326236452e-38
2.243524250140732342e-04 4.965517241379310320e+01 3.243959006816216143e-38
3.532192326859818587e-04 4.965517241379310320e+01 4.090477405489181906e-38
5.561064309041793136e-04 4.965517241379310320e+01 5.159968445580833999e-38
8.755309277508047973e-04 4.965517241379310320e+01 6.533943027840840784e-38
1.378431111112734305e-03 4.965517241379310320e+01 8.262425323609413943e-38
2.170194413308361783e-03 4.965517241379310320e+01 1.053006700197071419e-37
3.416742232227266019e-03 4.965517241379310320e+01 1.344292757367563784e-37
5.379300310560051687e-03 4.965517241379310320e+01 1.731366204990903669e-37
8.469141030966341813e-03 4.965517241379310320e+01 2.248284674089385468e-37
1.333376938662307956e-02 4.965517241379310320e+01 2.957207829734313621e-37
2.099261370256818096e-02 4.965517241379310320e+01 3.962301403132967292e-37
3.305065636633630621e-02 4.965517241379310320e+01 5.461072870590961411e-37
5.203477288356961328e-02 4.965517241379310320e+01 7.839847720019654953e-37
8.192326225032267595e-02 4.965517241379310320e+01 1.202814953747424772e-36
1.289795366792951259e-01 4.965517241379310320e+01 2.006440232325038903e-36
2.030646781517799204e-01 4.965517241379310320e+01 3.766836705549040808e-36
3.197039202847857253e-01 4.965517241379310320e+01 7.407039617402294928e-35
5.033401060969523444e-01 4.965517241379310320e+01 0.000000000000000000e+00
9.999999999999999547e-08 5.586206896551724554e+01 7.292481744886184992e-40
1.574394538698769890e-07 5.586206896551724554e+01 9.145099022488036505e-40
2.478718163484512809e-07 5.586206896551724554e+01 1.147932466588407211e-39
3.902480339563453570e-07 5.586206896551724554e+01 1.442329378028149473e-39
6.144043733988022528e-07 5.586206896551724554e+01 1.813314154605498869e-39
9.673148900317140265e-07 5.586206896551724554e+01 2.275842005537512862e-39
1.522935280067928583e-06 5.586206896551724554e+01 2.851277495961066278e-39
2.397700987730628402e-06 5.586206896551724554e+01 3.587487682235162907e-39
3.774927340515747906e-06 5.586206896551724554e+01 4.482831994829845783e-39
5.943224988892664861e-06 5.586206896551724554e+01 5.650919341559495111e-39
9.356980964770669887e-06 5.586206896551724554e+01 7.069410803217848158e-39
1.473157972964325986e-05 5.586206896551724554e+01 8.915461212665720038e-39
2.319331867275585017e-05 5.586206896551724554e+01 1.117057006695514027e-38
3.651543425268701019e-05 5.586206896551724554e+01 1.400093255352311204e-38
5.748970026564431755e-05 5.586206896551724554e+01 1.763598023377795488e-38
9.051147012965963645e-05 5.586206896551724554e+01 2.222683947082357404e-38
1.425007642617329682e-04 5.586206896551724554e+01 2.795170998941006624e-38
2.243524250140732342e-04 5.586206896551724554e+01 3.519482783326957461e-38
3.532192326859818587e-04 5.586206896551724554e+01 4.424887129135443184e-38
5.561064309041793136e-04 5.586206896551724554e+01 5.586212906593746096e-38
8.755309277508047973e-04 5.586206896551724554e+01 7.052930586219468141e-38
1.378431111112734305e-03 5.586206896551724554e+01 8.931428610329420389e-38
2.170194413308361783e-03 5.586206896551724554e+01 1.136846141881036516e-37
3.416742232227266019e-03 5.586206896551724554e+01 1.447426256326754133e-37
5.379300310560051687e-03 5.586206896551724554e+01 1.861024859781001404e-37
8.469141030966341813e-03 5.586206896551724554e+01 2.409519638945251215e-37
1.333376938662307956e-02 5.586206896551724554e+01 3.148694583986780961e-37
2.099261370256818096e-02 5.586206896551724554e+01 4.210946505020322929e-37
3.305065636633630621e-02 5.586206896551724554e+01 5.758352021117888136e-37
5.203477288356961328e-02 5.586206896551724554e+01 8.213734007568398533e-37
8.192326225032267595e-02 5.586206896551724554e+01 1.239728625510680356e-36
1.289795366792951259e-01 5.586206896551724554e+01 2.016646536228451354e-36
2.030646781517799204e-01 5.586206896551724554e+01 4.012947484517162868e-36
3.197039202847857253e-01 5.586206896551724554e+01 8.291598339647739375e-35
5.033401060969523444e-01 5.586206896551724554e+01 0.000000000000000000e+00
9.999999999999999547e-08 6.206896551724138078e+01 7.788678902837465822e-40
1.574394538698769890e-07 6.206896551724138078e+01 9.791152169969152358e-40
2.478718163484512809e-07 6.206896551724138078e+01 1.232536561319603628e-39
3.902480339563453570e-07 6.206896551724138078e+01 1.541254460733950283e-39
6.144043733988022528e-07 6.206896551724138078e+01 1.930008883830718562e-39
9.673148900317140265e-07 6.206896551724138078e+01 2.426025008007372390e-39
1.522935280067928583e-06 6.206896551724138078e+01 3.036083355256816767e-39
2.397700987730628402e-06 6.206896551724138078e+01 3.812143428144642743e-39
3.774927340515747906e-06 6.206896551724138078e+01 4.794139241117250002e-39
5.943224988892664861e-06 6.206896551724138078e+01 6.022653531104892749e-39
9.356980964770669887e-06 6.206896551724138078e+01 7.550172945618042952e-39
1.473157972964325986e-05 6.206896551724138078e+01 9.499206005137002459e-39
2.319331867275585017e-05 6.206896551724138078e+01 1.193203936445463852e-38
3.651543425268701019e-05 6.206896551724138078e+01 1.495858550150217304e-38
5.748970026564431755e-05 6.206896551724138078e+01 1.882270339438436659e-38
9.051147012965963645e-05 6.206896551724138078e+01 2.367628269335838629e-38
1.425007642617329682e-04 6.206896551724138078e+01 2.968814826418975888e-38
2.243524250140732342e-04 6.206896551724138078e+01 3.734741936221322620e-38
3.532192326859818587e-04 6.206896551724138078e+01 4.712175373973899229e-38
5.561064309041793136e-04 6.206896551724138078e+01 5.925847807874710296e-38
8.755309277508047973e-04 6.206896551724138078e+01 7.499449757036193927e-38
1.378431111112734305e-03 6.206896551724138078e+01 9.484308926917978613e-38
2.170194413308361783e-03 6.206896551724138078e+01 1.203632834082496462e-37
3.416742232227266019e-03 6.206896551724138078e+01 1.533618353220304808e-37
5.379300310560051687e-03 6.206896551724138078e+01 1.960039741858823802e-37
8.469141030966341813e-03 6.206896551724138078e+01 2.520373123013476564e-37
1.333376938662307956e-02 6.206896551724138078e+01 3.304456371384986690e-37
2.099261370256818096e-02 6.206896551724138078e+01 4.378929825524843180e-37
3.305065636633630621e-02 6.206896551724138078e+01 5.960810486516250464e-37
5.203477288356961328e-02 6.206896551724138078e+01 8.405930117478037402e-37
8.192326225032267595e-02 6.206896551724138078e+01 1.253595865038396755e-36
1.289795366792951259e-01 6.206896551724138078e+01 1.976811480400657414e-36
2.030646781517799204e-01 6.206896551724138078e+01 5.297142150727622580e-36
3.197039202847857253e-01 6.206896551724138078e+01 7.234661407464000451e-35
5.033401060969523444e-01 6.206896551724138078e+01 0.000000000000000000e+00
9.999999999999999547e-08 6.827586206896552312e+01 8.205172591170322409e-40
1.574394538698769890e-07 6.827586206896552312e+01 1.027711321420889399e-39
2.478718163484512809e-07 6.827586206896552312e+01 1.288635849419877317e-39
3.902480339563453570e-07 6.827586206896552312e+01 1.620079638966621783e-39
6.144043733988022528e-07 6.827586206896552312e+01 2.031343752948244519e-39
9.673148900317140265e-07 6.827586206896552312e+01 2.555385407510844858e-39
1.522935280067928583e-06 6.827586206896552312e+01 3.198943885953134409e-39
2.397700987730628402e-06 6.827586206896552312e+01 4.018852979577143162e-39
3.774927340515747906e-06 6.827586206896552312e+01 5.034451864987760566e-39
5.943224988892664861e-06 6.827586206896552312e+01 6.323662597459896694e-39
9.356980964770669887e-06 6.827586206896552312e+01 7.928864986480194356e-39
1.473157972964325986e-05 6.827586206896552312e+01 9.973870786115684494e-39
2.319331867275585017e-05 6.827586206896552312e+01 1.252302109414215950e-38
3.651543425268701019e-05 6.827586206896552312e+01 1.572550826641275158e-38
5.748970026564431755e-05 6.827586206896552312e+01 1.970523979016019088e-38
9.051147012965963645e-05 6.827586206896552312e+01 2.483590402931619065e-38
1.425007642617329682e-04 6.827586206896552312e+01 3.115621819202892153e-38
2.243524250140732342e-04 6.827586206896552312e+01 3.917394241271254579e-38
3.532192326859818587e-04 6.827586206896552312e+01 4.944967749607974142e-38
5.561064309041793136e-04 6.827586206896552312e+01 6.220342904248119628e-38
8.755309277508047973e-04 6.827586206896552312e+01 7.843779705118908043e-38
1.378431111112734305e-03 6.827586206896552312e+01 9.932414767313473497e-38
2.170194413308361783e-03 6.827586206896552312e+01 1.258209967661139012e-37
3.416742232227266019e-03 6.827586206896552312e+01 1.594710420345078051e-37
5.379300310560051687e-03 6.827586206896552312e+01 2.039535648677341433e-37
8.469141030966341813e-03 6.827586206896552312e+01 2.617184714850002914e-37
1.333376938662307956e-02 6.827586206896552312e+01 3.401649835848181083e-37
2.099261370256818096e-02 6.827586206896552312e+01 4.488634272832782217e-37
3.305065636633630621e-02 6.827586206896552312e+01 6.057024074647397211e-37
5.203477288356961328e-02 6.827586206896552312e+01 8.484363258661443716e-37
8.192326225032267595e-02 6.827586206896552312e+01 1.236064493568917275e-36
1.289795366792951259e-01 6.827586206896552312e+01 1.903269619586374372e-36
2.030646781517799204e-01 6.827586206896552312e+01 8.099474761943224441e-36
3.197039202847857253e-01 6.827586206896552312e+01 5.654702301811692442e-35
5.033401060969523444e-01 6.827586206896552312e+01 0.000000000000000000e+00
9.999999999999999547e-08 7.448275862068965125e+01 8.508333937344983034e-40
1.574394538698769890e-07 7.448275862068965125e+01 1.066684260390581778e-39
2.478718163484512809e-07 7.448275862068965125e+01 1.341478493741757786e-39
3.902480339563453570e-07 7.448275862068965125e+01 1.674933668805125265e-39
6.144043733988022528e-07 7.448275862068965125e+01 2.102381142587648635e-39
9.673148900317140265e-07 7.448275862068965125e+01 2.650428001284706136e-39
1.522935280067928583e-06 7.448275862068965125e+01 3.321110987096462936e-39
2.397700987730628402e-06 7.448275862068965125e+01 4.172695350951344097e-39
3.774927340515747906e-06 7.448275862068965125e+01 5.228545001242442205e-39
5.943224988892664861e-06 7.448275862068965125e+01 6.555816918174674213e-39
9.356980964770669887e-06 7.448275862068965125e+01 8.235531255964000550e-39
1.473157972964325986e-05 7.448275862068965125e+01 1.031514413632362259e-38
2.319331867275585017e-05 7.448275862068965125e+01 1.299305117695067338e-38
3.651543425268701019e-05 7.448275862068965125e+01 1.629121434374069827e-38
5.748970026564431755e-05 7.448275862068965125e+01 2.044912448838748264e-38
9.051147012965963645e-05 7.448275862068965125e+01 2.569470306643448430e-38
1.425007642617329682e-04 7.448275862068965125e+01 3.236788046384836914e-38
2.243524250140732342e-04 7.448275862068965125e+01 4.055470172569577568e-38
3.532192326859818587e-04 7.448275862068965125e+01 5.105621591264927759e-38
5.561064309041793136e-04 7.448275862068965125e+01 6.415654313170842645e-38
8.755309277508047973e-04 7.448275862068965125e+01 8.093190260780602549e-38
1.378431111112734305e-03 7.448275862068965125e+01 1.021646555817370425e-37
2.170194413308361783e-03 7.448275862068965125e+01 1.290962080679904829e-37
3.416742232227266019e-03 7.448275862068965125e+01 1.637460744328068104e-37
5.379300310560051687e-03 7.448275862068965125e+01 2.081313163152671023e-37
8.469141030966341813e-03 7.448275862068965125e+01 2.667057819728359685e-37
1.333376938662307956e-02 7.448275862068965125e+01 3.460686005146969619e-37
2.099261370256818096e-02 7.448275862068965125e+01 4.530691577404533264e-37
3.305065636633630621e-02 7.448275862068965125e+01 6.083446790402354165e-37
5.203477288356961328e-02 7.448275862068965125e+01 8.412551239330883072e-37
8.192326225032267595e-02 7.448275862068965125e+01 1.202654259705292561e-36
1.289795366792951259e-01 7.448275862068965125e+01 1.825689872998613527e-36
2.030646781517799204e-01 7.448275862068965125e+01 1.245896448754750070e-35
3.197039202847857253e-01 7.448275862068965125e+01 4.123505737785589382e-35
5.033401060969523444e-01 7.448275862068965125e+01 0.000000000000000000e+00
9.999999999999999547e-08 8.068965517241380780e+01 8.711364297550757775e-40
1.574394538698769890e-07 8.068965517241380780e+01 1.091370299864252699e-39
2.478718163484512809e-07 8.068965517241380780e+01 1.368666485992104055e-39
3.902480339563453570e-07 8.068965517241380780e+01 1.718093695256810543e-39
6.144043733988022528e-07 8.068965517241380780e+01 2.159045067067192203e-39
9.673148900317140265e-07 8.068965517241380780e+01 2.705692327338713925e-39
1.522935280067928583e-06 8.068965517241380780e+01 3.394661513703369354e-39
2.397700987730628402e-06 8.068965517241380780e+01 4.268951043655062679e-39
3.774927340515747906e-06 8.068965517241380780e+01 5.345970332794918184e-39
5.943224988892664861e-06 8.068965517241380780e+01 6.724499056464256456e-39
9.356980964770669887e-06 8.068965517241380780e+01 8.407420306136836411e-39
1.473157972964325986e-05 8.068965517241380780e+01 1.056679751669894045e-38
2.319331867275585017e-05 8.068965517241380780e+01 1.329980229688664893e-38
3.651543425268701019e-05 8.068965517241380780e+01 1.665231966892860643e-38
5.748970026564431755e-05 8.068965517241380780e+01 2.098974763851546829e-38
9.051147012965963645e-05 8.068965517241380780e+01 2.625850481367839886e-38
1.425007642617329682e-04 8.068965517241380780e+01 3.301685779018281169e-38
2.243524250140732342e-04 8.068965517241380780e+01 4.148308422754037089e-38
3.532192326859818587e-04 8.068965517241380780e+01 5.214056721045995852e-38
5.561064309041793136e-04 8.068965517241380780e+01 6.547678210059527866e-38
8.755309277508047973e-04 8.068965517241380780e+01 8.260055464674775630e-38
1.378431111112734305e-03 8.068965517241380780e+01 1.039289580067787533e-37
2.170194413308361783e-03 8.068965517241380780e+01 1.309589676287140758e-37
3.416742232227266019e-03 8.068965517241380780e+01 1.658090320221068327e-37
5.379300310560051687e-03 8.068965517241380780e+01 2.101572744806214872e-37
8.469141030966341813e-03 8.068965517241380780e+01 2.694475719945160385e-37
1.333376938662307956e-02 8.068965517241380780e+01 3.463954214367800326e-37
2.099261370256818096e-02 8.068965517241380780e+01 4.509615289465426024e-37
3.305065636633630621e-02 8.068965517241380780e+01 6.019514563684493729e-37
5.203477288356961328e-02 8.068965517241380780e+01 8.208358330330419817e-37
8.192326225032267595e-02 8.068965517241380780e+01 1.153884720467992673e-36
1.289795366792951259e-01 8.068965517241380780e+01 1.821489771271890865e-36
2.030646781517799204e-01 8.068965517241380780e+01 1.736101608771009425e-35
3.197039202847857253e-01 8.068965517241380780e+01 2.777890195935344531e-35
5.033401060969523444e-01 8.068965517241380780e+01 0.000000000000000000e+00
9.999999999999999547e-08 8.689655172413793593e+01 8.815568499961825309e-40
1.574394538698769890e-07 8.689655172413793593e+01 1.105713303279800358e-39
2.478718163484512809e-07 8.689655172413793593e+01 1.386603854065546854e-39
3.902480339563453570e-07 8.689655172413793593e+01 1.740363391527637157e-39
6.144043733988022528e-07 8.689655172413793593e+01 2.183583737218496682e-39
9.673148900317140265e-07 8.689655172413793593e+01 2.741822293834696331e-39
1.522935280067928583e-06 8.689655172413793593e+01 3.436212206504779215e-39
2.397700987730628402e-06 8.689655172413793593e+01 4.315663261925740590e-39
3.774927340515747906e-06 8.689655172413793593e+01 5.415023310505050897e-39
5.943224988892664861e-06 8.689655172413793593e+01 6.796300170750756902e-39
9.356980964770669887e-06 8.689655172413793593e+01 8.510966002770603407e-39
1.473157972964325986e-05 8.689655172413793593e+01 1.071040313528481737e-38
2.319331867275585017e-05 8.689655172413793593e+01 1.343767022206840163e-38
3.651543425268701019e-05 8.689655172413793593e+01 1.685165678954243361e-38
5.748970026564431755e-05 8.689655172413793593e+01 2.113129067861738432e-38
9.051147012965963645e-05 8.689655172413793593e+01 2.649497478852940775e-38
1.425007642617329682e-04 8.689655172413793593e+01 3.334051837905406537e-38
2.243524250140732342e-04 8.689655172413793593e+01 4.182212086777510851e-38
3.532192326859818587e-04 8.689655172413793593e+01 5.247619218488128054e-38
5.561064309041793136e-04 8.689655172413793593e+01 6.616036812795791782e-38
8.755309277508047973e-04 8.689655172413793593e+01 8.306957090206150426e-38
1.378431111112734305e-03 8.689655172413793593e+01 1.043121986470829699e-37
2.170194413308361783e-03 8.689655172413793593e+01 1.317664556169119227e-37
3.416742232227266019e-03 8.689655172413793593e+01 1.656626628010123788e-37
5.379300310560051687e-03 8.689655172413793593e+01 2.102383813668802403e-37
8.469141030966341813e-03 8.689655172413793593e+01 2.674775662966891737e-37
1.333376938662307956e-02 8.689655172413793593e+01 3.442240952699048972e-37
2.099261370256818096e-02 8.689655172413793593e+01 4.467167811620276222e-37
3.305065636633630621e-02 8.689655172413793593e+01 5.881344995162331433e-37
5.203477288356961328e-02 8.689655172413793593e+01 7.924079252126889807e-37
8.192326225032267595e-02 8.689655172413793593e+01 1.090508236263188663e-36
1.289795366792951259e-01 8.689655172413793593e+01 2.008867211572986513e-36
2.030646781517799204e-01 8.689655172413793593e+01 2.091447509850436020e-35
3.197039202847857253e-01 8.689655172413793593e+01 1.774503899748270088e-35
5.033401060969523444e-01 8.689655172413793593e+01 0.000000000000000000e+00
9.999999999999999547e-08 9.310344827586206407e+01 8.818824676242126596e-40
1.574394538698769890e-07 9.310344827586206407e+01 1.107168970744548284e-39
2.478718163484512809e-07 9.310344827586206407e+01 1.389028661945181620e-39
3.902480339563453570e-07 9.310344827586206407e+01 1.738974684748841550e-39
6.144043733988022528e-07 9.310344827586206407e+01 2.182561797974759559e-39
9.673148900317140265e-07 9.310344827586206407e+01 2.746224080767065505e-39
1.522935280067928583e-06 9.310344827586206407e+01 3.435706787017665821e-39
2.397700987730628402e-06 9.310344827586206407e+01 4.311918904943595765e-39
3.774927340515747906e-06 9.310344827586206407e+01 5.423824618227052519e-39
5.943224988892664861e-06 9.310344827586206407e+01 6.814598630889335555e-39
9.356980964770669887e-06 9.310344827586206407e+01 8.515010313299366236e-39
1.473157972964325986e-05 9.310344827586206407e+01 1.069286914030366167e-38
2.319331867275585017e-05 9.310344827586206407e+01 1.342998734937813365e-38
3.651543425268701019e-05 9.310344827586206407e+01 1.683172424088482079e-38
5.748970026564431755e-05 9.310344827586206407e+01 2.115198319266059947e-38
9.051147012965963645e-05 9.310344827586206407e+01 2.650126825578796209e-38
1.425007642617329682e-04 9.310344827586206407e+01 3.321103722576924491e-38
2.243524250140732342e-04 9.310344827586206407e+01 4.172486274691336605e-38
3.532192326859818587e-04 9.310344827586206407e+01 5.238535390114573104e-38
5.561064309041793136e-04 9.310344827586206407e+01 6.569236991287764584e-38
8.755309277508047973e-04 9.310344827586206407e+01 8.232353947465038129e-38
1.378431111112734305e-03 9.310344827586206407e+01 1.038027791360950062e-37
2.170194413308361783e-03 9.310344827586206407e+01 1.301147183231575415e-37
3.416742232227266019e-03 9.310344827586206407e+01 1.640951344861457407e-37
5.379300310560051687e-03 9.310344827586206407e+01 2.077611971614386442e-37
8.469141030966341813e-03 9.310344827586206407e+01 2.628911037929804783e-37
1.333376938662307956e-02 9.310344827586206407e+01 3.353026374828947861e-37
2.099261370256818096e-02 9.310344827586206407e+01 4.338059767902082625e-37
3.305065636633630621e-02 9.310344827586206407e+01 5.666759374484611652e-37
5.203477288356961328e-02 9.310344827586206407e+01 7.540999966499430118e-37
8.192326225032267595e-02 9.310344827586206407e+01 1.026910873583094745e-36
1.289795366792951259e-01 9.310344827586206407e+01 2.437171013378826145e-36
2.030646781517799204e-01 9.310344827586206407e+01 2.170943852808509483e-35
3.197039202847857253e-01 9.310344827586206407e+01 1.058217332723114996e-35
5.033401060969523444e-01 9.310344827586206407e+01 0.000000000000000000e+00
9.999999999999999547e-08 9.931034482758620641e+01 8.709645800319361609e-40
1.574394538698769890e-07 9.931034482758620641e+01 1.094430064174256717e-39
2.478718163484512809e-07 9.931034482758620641e+01 1.373062760026155283e-39
3.902480339563453570e-07 9.931034482758620641e+01 1.717761510948200180e-39
6.144043733988022528e-07 9.931034482758620641e+01 2.155507989629596996e-39
9.673148900317140265e-07 9.931034482758620641e+01 2.706236752826023721e-39
1.522935280067928583e-06 9.931034482758620641e+01 3.396971320692733227e-39
2.397700987730628402e-06 9.931034482758620641e+01 4.262879749005058064e-39
3.774927340515747906e-06 9.931034482758620641e+01 5.347824408414167671e-39
5.943224988892664861e-06 9.931034482758620641e+01 6.728499019471347803e-39
9.356980964770669887e-06 9.931034482758620641e+01 8.432048759807208917e-39
1.473157972964325986e-05 9.931034482758620641e+01 1.053950936053647391e-38
2.319331867275585017e-05 9.931034482758620641e+01 1.324504882223867601e-38
3.651543425268701019e-05 9.931034482758620641e+01 1.661907191414291150e-38
5.748970026564431755e-05 9.931034482758620641e+01 2.080474889747589068e-38
9.051147012965963645e-05 9.931034482758620641e+01 2.616999910810343327e-38
1.425007642617329682e-04 9.931034482758620641e+01 3.284422076918000243e-38
2.243524250140732342e-04 9.931034482758620641e+01 4.108706583024835392e-38
3.532192326859818587e-04 9.931034482758620641e+01 5.139375427372631752e-38
5.561064309041793136e-04 9.931034482758620641e+01 6.490265376492070915e-38
8.755309277508047973e-04 9.931034482758620641e+01 8.127019884439468992e-38
1.378431111112734305e-03 9.931034482758620641e+01 1.018184511321012481e-37
2.170194413308361783e-03 9.931034482758620641e+01 1.277945112656506475e-37
3.416742232227266019e-03 9.931034482758620641e+01 1.606553629183659218e-37
5.379300310560051687e-03 9.931034482758620641e+01 2.024778548287415136e-37
8.469141030966341813e-03 9.931034482758620641e+01 2.554300644151311221e-37
1.333376938662307956e-02 9.931034482758620641e+01 3.248717979212384173e-37
2.099261370256818096e-02 9.931034482758620641e+01 4.168567273833028840e-37
3.305065636633630621e-02 9.931034482758620641e+01 5.407448403185949289e-37
5.203477288356961328e-02 9.931034482758620641e+01 7.082141315652101370e-37
8.192326225032267595e-02 9.931034482758620641e+01 9.562252818727962617e-37
1.289795366792951259e-01 9.931034482758620641e+01 3.121303562708015266e-36
2.030646781517799204e-01 9.931034482758620641e+01 2.011742851033221400e-35
3.197039202847857253e-01 9.931034482758620641e+01 5.525799842714920514e-36
5.033401060969523444e-01 9.931034482758620641e+01 0.000000000000000000e+00
9.999999999999999547e-08 1.055172413793103630e+02 8.499765056114720007e-40
1.574394538698769890e-07 1.055172413793103630e+02 1.067738284039362402e-39
2.478718163484512809e-07 1.055172413793103630e+02 1.339728868332794593e-39
3.902480339563453570e-07 1.055172413793103630e+02 1.678500158655553029e-39
6.144043733988022528e-07 1.055172413793103630e+02 2.108855511239683614e-39
9.673148900317140265e-07 1.055172413793103630e+02 2.640406085412119887e-39
1.522935280067928583e-06 1.055172413793103630e+02 3.318851628712941867e-39
2.397700987730628402e-06 1.055172413793103630e+02 4.153508792755939775e-39
3.774927340515747906e-06 1.055172413793103630e+02 5.222532097625642450e-39
5.943224988892664861e-06 1.055172413793103630e+02 6.543762411401297152e-39
9.356980964770669887e-06 1.055172413793103630e+02 8.202344696418698298e-39
1.473157972964325986e-05 1.055172413793103630e+02 1.029129390943004458e-38
2.319331867275585017e-05 1.055172413793103630e+02 1.294941816885929931e-38
3.651543425268701019e-05 1.055172413793103630e+02 1.618934100024477070e-38
5.748970026564431755e-05 1.055172413793103630e+02 2.029179662404096223e-38
9.051147012965963645e-05 1.055172413793103630e+02 2.546326477716401493e-38
1.425007642617329682e-04 1.055172413793103630e+02 3.194909007994948609e-38
2.243524250140732342e-04 1.055172413793103630e+02 4.006609786686964470e-38
3.532192326859818587e-04 1.055172413793103630e+02 5.015653624361247935e-38
5.561064309041793136e-04 1.055172413793103630e+02 6.279519585922432606e-38
8.755309277508047973e-04 1.055172413793103630e+02 7.895457460668668147e-38
1.378431111112734305e-03 1.055172413793103630e+02 9.886751862416935267e-38
2.170194413308361783e-03 1.055172413793103630e+02 1.235053811358512107e-37
3.416742232227266019e-03 1.055172413793103630e+02 1.552728713389583886e-37
5.379300310560051687e-03 1.055172413793103630e+02 1.943643374267656569e-37
8.469141030966341813e-03 1.055172413793103630e+02 2.452243225284434872e-37
1.333376938662307956e-02 1.055172413793103630e+02 3.110601351195148057e-37
2.099261370256818096e-02 1.055172413793103630e+02 3.976268756594691914e-37
3.305065636633630621e-02 1.055172413793103630e+02 5.100305805827497461e-37
5.203477288356961328e-02 1.055172413793103630e+02 6.619025614944540215e-37
8.192326225032267595e-02 1.055172413793103630e+02 9.009070975208703510e-37
1.289795366792951259e-01 1.055172413793103630e+02 3.970044116321175387e-36
2.030646781517799204e-01 1.055172413793103630e+02 1.735786062896183880e-35
3.197039202847857253e-01 1.055172413793103630e+02 2.523100353845306321e-36
5.033401060969523444e-01 1.055172413793103630e+02 0.000000000000000000e+00
9.999999999999999547e-08 1.117241379310344911e+02 8.191891394079210510e-40
1.574394538698769890e-07 1.117241379310344911e+02 1.028995333017667318e-39
2.478718163484512809e-07 1.117241379310344911e+02 1.289911756384419580e-39
3.902480339563453570e-07 1.117241379310344911e+02 1.613713123621359306e-39
6.144043733988022528e-07 1.117241379310344911e+02 2.032095248973906224e-39
9.673148900317140265e-07 1.117241379310344911e+02 2.547161824811430091e-39
1.522935280067928583e-06 1.117241379310344911e+02 3.202042483610380419e-39
2.397700987730628402e-06 1.117241379310344911e+02 4.004162143134589229e-39
3.774927340515747906e-06 1.117241379310344911e+02 5.030568447849842897e-39
5.943224988892664861e-06 1.117241379310344911e+02 6.310039380377847759e-39
9.356980964770669887e-06 1.117241379310344911e+02 7.919548720229206670e-39
1.473157972964325986e-05 1.117241379310344911e+02 9.936072166526033619e-39
2.319331867275585017e-05 1.117241379310344911e+02 1.246407778775914344e-38
3.651543425268701019e-05 1.117241379310344911e+02 1.560658222046418376e-38
5.748970026564431755e-05 1.117241379310344911e+02 1.954371561663201604e-38
9.051147012965963645e-05 1.117241379310344911e+02 2.450609787254234677e-38
1.425007642617329682e-04 1.117241379310344911e+02 3.073663159160141449e-38
2.243524250140732342e-04 1.117241379310344911e+02 3.840810338194474302e-38
3.532192326859818587e-04 1.117241379310344911e+02 4.827077093883822804e-38
5.561064309041793136e-04 1.117241379310344911e+02 6.038211421414493647e-38
8.755309277508047973e-04 1.117241379310344911e+02 7.583498992469775093e-38
1.378431111112734305e-03 1.117241379310344911e+02 9.455692615070517149e-38
2.170194413308361783e-03 1.117241379310344911e+02 1.184665832303018236e-37
3.416742232227266019e-03 1.117241379310344911e+02 1.478144326931519668e-37
5.379300310560051687e-03 1.117241379310344911e+02 1.860299613441377644e-37
8.469141030966341813e-03 1.117241379310344911e+02 2.330619344885006658e-37
1.333376938662307956e-02 1.117241379310344911e+02 2.938634738517155385e-37
2.099261370256818096e-02 1.117241379310344911e+02 3.719433969696834880e-37
3.305065636633630621e-02 1.117241379310344911e+02 4.755064141910299366e-37
5.203477288356961328e-02 1.117241379310344911e+02 6.105976055958487686e-37
8.192326225032267595e-02 1.117241379310344911e+02 8.738514860694582317e-37
1.289795366792951259e-01 1.117241379310344911e+02 4.773519550054396310e-36
2.030646781517799204e-01 1.117241379310344911e+02 1.441441848136380980e-35
3.197039202847857253e-01 1.117241379310344911e+02 9.863927684861305396e-37
5.033401060969523444e-01 1.117241379310344911e+02 0.000000000000000000e+00
9.999999999999999547e-08 1.179310344827586192e+02 7.805174318585430611e-40
1.574394538698769890e-07 1.179310344827586192e+02 9.792484660477397955e-40
2.478718163484512809e-07 1.179310344827586192e+02 1.227944527046586880e-39
3.902480339563453570e-07 1.179310344827586192e+02 1.538298612297500305e-39
6.144043733988022528e-07 1.179310344827586192e+02 1.932145737473455246e-39
9.673148900317140265e-07 1.179310344827586192e+02 2.420140232879112677e-39
1.522935280067928583e-06 1.179310344827586192e+02 3.038662180653276990e-39
2.397700987730628402e-06 1.179310344827586192e+02 3.814706085930336543e-39
3.774927340515747906e-06 1.179310344827586192e+02 4.772366226469587152e-39
5.943224988892664861e-06 1.179310344827586192e+02 5.984970250878780986e-39
9.356980964770669887e-06 1.179310344827586192e+02 7.511191899840869110e-39
1.473157972964325986e-05 1.179310344827586192e+02 9.446391178095777771e-39
2.319331867275585017e-05 1.179310344827586192e+02 1.185542095916613962e-38
3.651543425268701019e-05 1.179310344827586192e+02 1.479752464280104612e-38
5.748970026564431755e-05 1.179310344827586192e+02 1.860437006799449951e-38
9.051147012965963645e-05 1.179310344827586192e+02 2.330230254347057209e-38
1.425007642617329682e-04 1.179310344827586192e+02 2.919866546541268818e-38
2.243524250140732342e-04 1.179310344827586192e+02 3.654728164157013861e-38
3.532192326859818587e-04 1.179310344827586192e+02 4.566634355677294168e-38
5.561064309041793136e-04 1.179310344827586192e+02 5.721210862098893194e-38
8.755309277508047973e-04 1.179310344827586192e+02 7.169895444614658924e-38
1.378431111112734305e-03 1.179310344827586192e+02 8.948430897522675065e-38
2.170194413308361783e-03 1.179310344827586192e+02 1.116629498251373859e-37
3.416742232227266019e-03 1.179310344827586192e+02 1.394330192980585001e-37
5.379300310560051687e-03 1.179310344827586192e+02 1.745500608201069630e-37
8.469141030966341813e-03 1.179310344827586192e+02 2.186545525783661459e-37
1.333376938662307956e-02 1.179310344827586192e+02 2.748374637132894118e-37
2.099261370256818096e-02 1.179310344827586192e+02 3.459541212836550382e-37
3.305065636633630621e-02 1.179310344827586192e+02 4.369587725112428499e-37
5.203477288356961328e-02 1.179310344827586192e+02 5.553725380274874921e-37
8.192326225032267595e-02 1.179310344827586192e+02 8.786949348878935739e-37
1.289795366792951259e-01 1.179310344827586192e+02 5.487980056429073315e-36
2.030646781517799204e-01 1.179310344827586192e+02 1.175182249396298737e-35
3.197039202847857253e-01 1.179310344827586192e+02 3.494084274574542485e-37
5.033401060969523444e-01 1.179310344827586192e+02 0.000000000000000000e+00
9.999999999999999547e-08 1.241379310344827616e+02 7.297090440961184258e-40
1.574394538698769890e-07 1.241379310344827616e+02 9.174378805961851354e-40
2.478718163484512809e-07 1.241379310344827616e+02 1.150075638370240587e-39
3.902480339563453570e-07 1.241379310344827616e+02 1.442132522923759384e-39
6.144043733988022528e-07 1.241379310344827616e+02 1.808385789117044604e-39
9.673148900317140265e-07 1.241379310344827616e+02 2.264972704107003712e-39
1.522935280067928583e-06 1.241379310344827616e+02 2.846727916059862735e-39
2.397700987730628402e-06 1.241379310344827616e+02 3.563979596605219990e-39
3.774927340515747906e-06 1.241379310344827616e+02 4.480159765893538963e-39
5.943224988892664861e-06 1.241379310344827616e+02 5.629077493952885184e-39
9.356980964770669887e-06 1.241379310344827616e+02 7.039023462138599118e-39
1.473157972964325986e-05 1.241379310344827616e+02 8.822510573770460951e-39
2.319331867275585017e-05 1.241379310344827616e+02 1.105216991143769672e-38
3.651543425268701019e-05 1.241379310344827616e+02 1.389393129971612948e-38
5.748970026564431755e-05 1.241379310344827616e+02 1.739537630095400178e-38
9.051147012965963645e-05 1.241379310344827616e+02 2.178622606505461124e-38
1.425007642617329682e-04 1.241379310344827616e+02 2.729185377285794639e-38
2.243524250140732342e-04 1.241379310344827616e+02 3.412581160782795358e-38
3.532192326859818587e-04 1.241379310344827616e+02 4.266753484302403188e-38
5.561064309041793136e-04 1.241379310344827616e+02 5.339886807774472419e-38
8.755309277508047973e-04 1.241379310344827616e+02 6.675426915712133041e-38
1.378431111112734305e-03 1.241379310344827616e+02 8.333128426689825499e-38
2.170194413308361783e-03 1.241379310344827616e+02 1.040319558732825549e-37
3.416742232227266019e-03 1.241379310344827616e+02 1.295622452998190646e-37
5.379300310560051687e-03 1.241379310344827616e+02 1.613707075234771269e-37
8.469141030966341813e-03 1.241379310344827616e+02 2.016795951444413532e-37
1.333376938662307956e-02 1.241379310344827616e+02 2.523698304447524798e-37
2.099261370256818096e-02 1.241379310344827616e+02 3.172249534570473355e-37
3.305065636633630621e-02 1.241379310344827616e+02 3.983482065172140170e-37
5.203477288356961328e-02 1.241379310344827616e+02 5.033222019929263775e-37
8.192326225032267595e-02 1.241379310344827616e+02 8.989927632180160567e-37
1.289795366792951259e-01 1.241379310344827616e+02 5.882074750438677047e-36
2.030646781517799204e-01 1.241379310344827616e+02 9.411116478756808989e-36
3.197039202847857253e-01 1.241379310344827616e+02 1.129812152337422923e-37
5.033401060969523444e-01 1.241379310344827616e+02 0.000000000000000000e+00
9.999999999999999547e-08 1.303448275862068897e+02 6.720328140766180624e-40
1.574394538698769890e-07 1.303448275862068897e+02 8.434395373599401157e-40
2.478718163484512809e-07 1.303448275862068897e+02 1.058337716240952592e-39
3.902480339563453570e-07 1.303448275862068897e+02 1.331840055553912760e-39
6.144043733988022528e-07 1.303448275862068897e+02 1.665520630355512645e-39
9.673148900317140265e-07 1.303448275862068897e+02 2.086373714306255173e-39
1.522935280067928583e-06 1.303448275862068897e+02 2.619446491925065549e-39
2.397700987730628402e-06 1.303448275862068897e+02 3.285466738903030645e-39
3.774927340515747906e-06 1.303448275862068897e+02 4.128258180105075697e-39
5.943224988892664861e-06 1.303448275862068897e+02 5.169749251341759678e-39
9.356980964770669887e-06 1.303448275862068897e+02 6.479679007251761491e-39
1.473157972964325986e-05 1.303448275862068897e+02 8.119324301828776317e-39
2.319331867275585017e-05 1.303448275862068897e+02 1.017759459342426552e-38
3.651543425268701019e-05 1.303448275862068897e+02 1.276902839923353289e-38
5.748970026564431755e-05 1.303448275862068897e+02 1.600766534944217647e-38
9.051147012965963645e-05 1.303448275862068897e+02 2.007268663570852564e-38
1.425007642617329682e-04 1.303448275862068897e+02 2.509528658045721618e-38
2.243524250140732342e-04 1.303448275862068897e+02 3.133856455948438069e-38
3.532192326859818587e-04 1.303448275862068897e+02 3.926931641887838997e-38
5.561064309041793136e-04 1.303448275862068897e+02 4.895720160745168406e-38
8.755309277508047973e-04 1.303448275862068897e+02 6.110606246669251470e-38
1.378431111112734305e-03 1.303448275862068897e+02 7.621782376975103731e-38
2.170194413308361783e-03 1.303448275862068897e+02 9.523826918420042894e-38
3.416742232227266019e-03 1.303448275862068897e+02 1.182348822916458607e-37
5.379300310560051687e-03 1.303448275862068897e+02 1.472974707753861869e-37
8.469141030966341813e-03 1.303448275862068897e+02 1.833314987221428507e-37
1.333376938662307956e-02 1.303448275862068897e+02 2.288596808758340871e-37
2.099261370256818096e-02 1.303448275862068897e+02 2.858067696722006868e-37
3.305065636633630621e-02 1.303448275862068897e+02 3.554261565330382489e-37
5.203477288356961328e-02 1.303448275862068897e+02 4.470605536424463118e-37
8.192326225032267595e-02 1.303448275862068897e+02 9.311011386790501211e-37
1.289795366792951259e-01 1.303448275862068897e+02 5.899822885799526621e-36
2.030646781517799204e-01 1.303448275862068897e+02 7.409251815478015053e-36
3.197039202847857253e-01 1.303448275862068897e+02 3.655969761543279217e-38
5.033401060969523444e-01 1.303448275862068897e+02 0.000000000000000000e+00
9.999999999999999547e-08 1.365517241379310462e+02 6.064370710921114797e-40
1.574394538698769890e-07 1.365517241379310462e+02 7.600529546321670632e-40
2.478718163484512809e-07 1.365517241379310462e+02 9.527707347153383469e-40
3.902480339563453570e-07 1.365517241379310462e+02 1.197900027225830108e-39
6.144043733988022528e-07 1.365517241379310462e+02 1.498499719110556621e-39
9.673148900317140265e-07 1.365517241379310462e+02 1.883716450607558645e-39
1.522935280067928583e-06 1.365517241379310462e+02 2.362642415909340758e-39
2.397700987730628402e-06 1.365517241379310462e+02 2.961293625301375326e-39
3.774927340515747906e-06 1.365517241379310462e+02 3.718884935619243609e-39
5.943224988892664861e-06 1.365517241379310462e+02 4.660792976653263402e-39
9.356980964770669887e-06 1.365517241379310462e+02 5.847003177977268432e-39
1.473157972964325986e-05 1.365517241379310462e+02 7.323078544049212619e-39
2.319331867275585017e-05 1.365517241379310462e+02 9.196649208657172285e-39
3.651543425268701019e-05 1.365517241379310462e+02 1.151024253805368936e-38
5.748970026564431755e-05 1.365517241379310462e+02 1.442441133788461592e-38
9.051147012965963645e-05 1.365517241379310462e+02 1.804497856846564794e-38
1.425007642617329682e-04 1.365517241379310462e+02 2.267171537969099098e-38
2.243524250140732342e-04 1.365517241379310462e+02 2.830221428066441485e-38
3.532192326859818587e-04 1.365517241379310462e+02 3.525904488010426306e-38
5.561064309041793136e-04 1.365517241379310462e+02 4.406895466061920882e-38
8.755309277508047973e-04 1.365517241379310462e+02 5.494304256966376789e-38
1.378431111112734305e-03 1.365517241379310462e+02 6.839522359896922240e-38
2.170194413308361783e-03 1.365517241379310462e+02 8.507373337071548158e-38
3.416742232227266019e-03 1.365517241379310462e+02 1.059250236197509000e-37
5.379300310560051687e-03 1.365517241379310462e+02 1.318964163747356515e-37
8.469141030966341813e-03 1.365517241379310462e+02 1.634685365218640438e-37
1.333376938662307956e-02 1.365517241379310462e+02 2.031485135088340822e-37
2.099261370256818096e-02 1.365517241379310462e+02 2.521052676057191016e-37
3.305065636633630621e-02 1.365517241379310462e+02 3.126377521539687389e-37
5.203477288356961328e-02 1.365517241379310462e+02 3.944663053564856738e-37
8.192326225032267595e-02 1.365517241379310462e+02 9.451898690192040829e-37
1.289795366792951259e-01 1.365517241379310462e+02 5.636360996321502401e-36
2.030646781517799204e-01 1.365517241379310462e+02 5.683801329007433288e-36
3.197039202847857253e-01 1.365517241379310462e+02 9.552189614072406005e-39
5.033401060969523444e-01 1.365517241379310462e+02 0.000000000000000000e+00
9.999999999999999547e-08 1.427586206896551744e+02 5.345831595364027280e-40
1.574394538698769890e-07 1.427586206896551744e+02 6.667228791565541602e-40
2.478718163484512809e-07 1.427586206896551744e+02 8.425671101354551263e-40
3.902480339563453570e-07 1.427586206896551744e+02 1.053165114473284086e-39
6.144043733988022528e-07 1.427586206896551744e+02 1.325573324984168520e-39
9.673148900317140265e-07 1.427586206896551744e+02 1.656806369512235138e-39
1.522935280067928583e-06 1.427586206896551744e+02 2.078611285912194333e-39
2.397700987730628402e-06 1.427586206896551744e+02 2.611471338109875390e-39
3.774927340515747906e-06 1.427586206896551744e+02 3.268635201390301075e-39
5.943224988892664861e-06 1.427586206896551744e+02 4.106786400879533008e-39
9.356980964770669887e-06 1.427586206896551744e+02 5.134941542007688538e-39
1.473157972964325986e-05 1.427586206896551744e+02 6.447757796823857877e-39
2.319331867275585017e-05 1.427586206896551744e+02 8.071244108849256196e-39
3.651543425268701019e-05 1.427586206896551744e+02 1.012568434246282684e-38
5.748970026564431755e-05 1.427586206896551744e+02 1.267943659389130824e-38
9.051147012965963645e-05 1.427586206896551744e+02 1.586156849621978578e-38
1.425007642617329682e-04 1.427586206896551744e+02 1.982666731519229196e-38
2.243524250140732342e-04 1.427586206896551744e+02 2.476260525887533219e-38
3.532192326859818587e-04 1.427586206896551744e+02 3.097191243995134765e-38
5.561064309041793136e-04 1.427586206896551744e+02 3.861267296188608855e-38
8.755309277508047973e-04 1.427586206896551744e+02 4.820972684242401036e-38
1.378431111112734305e-03 1.427586206896551744e+02 6.002827698978294173e-38
2.170194413308361783e-03 1.427586206896551744e+02 7.461543556415670461e-38
3.416742232227266019e-03 1.427586206896551744e+02 9.278459314621918088e-38
5.379300310560051687e-03 1.427586206896551744e+02 1.149616036140507373e-37
8.469141030966341813e-03 1.427586206896551744e+02 1.428744724631904757e-37
1.333376938662307956e-02 1.427586206896551744e+02 1.763793586171532835e-37
2.099261370256818096e-02 1.427586206896551744e+02 2.180169536825229761e-37
3.305065636633630621e-02 1.427586206896551744e+02 2.694204642710192277e-37
5.203477288356961328e-02 1.427586206896551744e+02 3.406476807542959483e-37
8.192326225032267595e-02 1.427586206896551744e+02 9.335174019784519481e-37
1.289795366792951259e-01 1.427586206896551744e+02 5.063094928200629090e-36
2.030646781517799204e-01 1.427586206896551744e+02 4.298646146392619267e-36
3.197039202847857253e-01 1.427586206896551744e+02 3.784139667411115352e-39
5.033401060969523444e-01 1.427586206896551744e+02 0.000000000000000000e+00
9.999999999999999547e-08 1.489655172413793025e+02 4.550523443669892312e-40
1.574394538698769890e-07 1.489655172413793025e+02 5.693426028687867885e-40
2.478718163484512809e-07 1.489655172413793025e+02 7.153592090168903077e-40
3.902480339563453570e-07 1.489655172413793025e+02 8.963556960067135593e-40
6.144043733988022528e-07 1.489655172413793025e+02 1.125246409734756012e-39
9.673148900317140265e-07 1.489655172413793025e+02 1.415552001654852153e-39
1.522935280067928583e-06 1.489655172413793025e+02 1.775273638292139066e-39
2.397700987730628402e-06 1.489655172413793025e+02 2.217638997512148453e-39
3.774927340515747906e-06 1.489655172413793025e+02 2.791726952581312071e-39
5.943224988892664861e-06 1.489655172413793025e+02 3.492496010557004046e-39
9.356980964770669887e-06 1.489655172413793025e+02 4.371455404273976204e-39
1.473157972964325986e-05 1.489655172413793025e+02 5.490218672027416029e-39
2.319331867275585017e-05 1.489655172413793025e+02 6.890008109696395426e-39
3.651543425268701019e-05 1.489655172413793025e+02 8.623538837204091179e-39
5.748970026564431755e-05 1.489655172413793025e+02 1.076764442389141874e-38
9.051147012965963645e-05 1.489655172413793025e+02 1.350271628675314018e-38
1.425007642617329682e-04 1.489655172413793025e+02 1.688816894288316080e-38
2.243524250140732342e-04 1.489655172413793025e+02 2.111411731185309229e-38
3.532192326859818587e-04 1.489655172413793025e+02 2.634754935159698447e-38
5.561064309041793136e-04 1.489655172413793025e+02 3.285065613135198740e-38
8.755309277508047973e-04 1.489655172413793025e+02 4.096769601242791772e-38
1.378431111112734305e-03 1.489655172413793025e+02 5.078735353433771196e-38
2.170194413308361783e-03 1.489655172413793025e+02 6.315814918478079114e-38
3.416742232227266019e-03 1.489655172413793025e+02 7.833872340837785944e-38
5.379300310560051687e-03 1.489655172413793025e+02 9.723855236967141118e-38
8.469141030966341813e-03 1.489655172413793025e+02 1.202455351928335731e-37
1.333376938662307956e-02 1.489655172413793025e+02 1.483787256999173326e-37
2.099261370256818096e-02 1.489655172413793025e+02 1.834393473945416852e-37
3.305065636633630621e-02 1.489655172413793025e+02 2.243881621134473660e-37
5.203477288356961328e-02 1.489655172413793025e+02 2.873613982565325514e-37
8.192326225032267595e-02 1.489655172413793025e+02 8.829743110586453660e-37
1.289795366792951259e-01 1.489655172413793025e+02 4.341836014066298014e-36
2.030646781517799204e-01 1.489655172413793025e+02 3.220525999172276646e-36
3.197039202847857253e-01 1.489655172413793025e+02 2.118298924907631746e-39
5.033401060969523444e-01 1.489655172413793025e+02 0.000000000000000000e+00
9.999999999999999547e-08 1.551724137931034591e+02 3.702496794006981598e-40
1.574394538698769890e-07 1.551724137931034591e+02 4.656732192424763095e-40
2.478718163484512809e-07 1.551724137931034591e+02 5.834255894647490507e-40
3.902480339563453570e-07 1.551724137931034591e+02 7.314420246156381149e-40
6.144043733988022528e-07 1.551724137931034591e+02 9.160783338985529624e-40
9.673148900317140265e-07 1.551724137931034591e+02 1.151958774804584901e-39
1.522935280067928583e-06 1.551724137931034591e+02 1.443371402779533723e-39
2.397700987730628402e-06 1.551724137931034591e+02 1.812065713787874050e-39
3.774927340515747906e-06 1.551724137931034591e+02 2.266842442894349556e-39
5.943224988892664861e-06 1.551724137931034591e+02 2.844340146899429187e-39
9.356980964770669887e-06 1.551724137931034591e+02 3.576719413140997794e-39
1.473157972964325986e-05 1.551724137931034591e+02 4.465832243679936985e-39
2.319331867275585017e-05 1.551724137931034591e+02 5.598281157114622154e-39
3.651543425268701019e-05 1.551724137931034591e+02 7.011298668174388684e-39
5.748970026564431755e-05 1.551724137931034591e+02 8.784077428066538598e-39
9.051147012965963645e-05 1.551724137931034591e+02 1.097644604711252580e-38
1.425007642617329682e-04 1.551724137931034591e+02 1.372743237110718982e-38
2.243524250140732342e-04 1.551724137931034591e+02 1.713413962448098962e-38
3.532192326859818587e-04 1.551724137931034591e+02 2.146379496122849342e-38
5.561064309041793136e-04 1.551724137931034591e+02 2.671177478521993730e-38
8.755309277508047973e-04 1.551724137931034591e+02 3.320671975483085278e-38
1.378431111112734305e-03 1.551724137931034591e+02 4.141494353115256037e-38
2.170194413308361783e-03 1.551724137931034591e+02 5.129763524403848456e-38
3.416742232227266019e-03 1.551724137931034591e+02 6.360716421999523287e-38
5.379300310560051687e-03 1.551724137931034591e+02 7.870679963276791469e-38
8.469141030966341813e-03 1.551724137931034591e+02 9.726641686691126380e-38
1.333376938662307956e-02 1.551724137931034591e+02 1.200404607921269738e-37
2.099261370256818096e-02 1.551724137931034591e+02 1.474367365483039699e-37
3.305065636633630621e-02 1.551724137931034591e+02 1.805237102203458619e-37
5.203477288356961328e-02 1.551724137931034591e+02 2.353921389144098870e-37
8.192326225032267595e-02 1.551724137931034591e+02 7.862624259910368350e-37
1.289795366792951259e-01 1.551724137931034591e+02 3.508547474465660146e-36
2.030646781517799204e-01 1.551724137931034591e+02 2.339418624284809655e-36
3.197039202847857253e-01 1.551724137931034591e+02 1.179804459946111140e-39
5.033401060969523444e-01 1.551724137931034591e+02 0.000000000000000000e+00
9.999999999999999547e-08 1.613793103448276156e+02 2.819072694053424937e-40
1.574394538698769890e-07 1.613793103448276156e+02 3.533835811870716566e-40
2.478718163484512809e-07 1.613793103448276156e+02 4.441695165504151741e-40
3.902480339563453570e-07 1.613793103448276156e+02 5.557463704343161806e-40
6.144043733988022528e-07 1.613793103448276156e+02 6.976617754489588542e-40
9.673148900317140265e-07 1.613793103448276156e+02 8.754493169525809455e-40
1.522935280067928583e-06 1.613793103448276156e+02 1.096155359867098397e-39
2.397700987730628402e-06 1.613793103448276156e+02 1.376558191031587504e-39
3.774927340515747906e-06 1.613793103448276156e+02 1.726079673666664206e-39
5.943224988892664861e-06 1.613793103448276156e+02 2.161503944396931372e-39
9.356980964770669887e-06 1.613793103448276156e+02 2.717034160660623451e-39
1.473157972964325986e-05 1.613793103448276156e+02 3.397015046395011707e-39
2.319331867275585017e-05 1.613793103448276156e+02 4.261326804864495461e-39
3.651543425268701019e-05 1.613793103448276156e+02 5.325430693224793918e-39
5.748970026564431755e-05 1.613793103448276156e+02 6.663237546051243221e-39
9.051147012965963645e-05 1.613793103448276156e+02 8.344026315884015283e-39
1.425007642617329682e-04 1.613793103448276156e+02 1.045349492345816237e-38
2.243524250140732342e-04 1.613793103448276156e+02 1.303604132121987452e-38
3.532192326859818587e-04 1.613793103448276156e+02 1.625898042147064389e-38
5.561064309041793136e-04 1.613793103448276156e+02 2.030714248837178839e-38
8.755309277508047973e-04 1.613793103448276156e+02 2.520905206029347054e-38
1.378431111112734305e-03 1.613793103448276156e+02 3.132501670899859522e-38
2.170194413308361783e-03 1.613793103448276156e+02 3.888488777053196313e-38
3.416742232227266019e-03 1.613793103448276156e+02 4.829964268511975802e-38
5.379300310560051687e-03 1.613793103448276156e+02 5.975924039945312438e-38
8.469141030966341813e-03 1.613793103448276156e+02 7.357810224941949850e-38
1.333376938662307956e-02 1.613793103448276156e+02 9.048153318129039679e-38
2.099261370256818096e-02 1.613793103448276156e+02 1.109750763349938244e-37
3.305065636633630621e-02 1.613793103448276156e+02 1.354067996365384273e-37
5.203477288356961328e-02 1.613793103448276156e+02 1.794051888784939875e-37
8.192326225032267595e-02 1.613793103448276156e+02 6.322166337830311185e-37
1.289795366792951259e-01 1.613793103448276156e+02 2.641939997173054658e-36
2.030646781517799204e-01 1.613793103448276156e+02 1.624554628551186021e-36
3.197039202847857253e-01 1.613793103448276156e+02 6.694605872019675903e-40
5.033401060969523444e-01 1.613793103448276156e+02 0.000000000000000000e+00
9.999999999999999547e-08 1.675862068965517437e+02 1.891862677607969375e-40
1.574394538698769890e-07 1.675862068965517437e+02 2.379418589551217685e-40
2.478718163484512809e-07 1.675862068965517437e+02 2.977795144505359204e-40
3.902480339563453570e-07 1.675862068965517437e+02 3.751369474499781232e-40
6.144043733988022528e-07 1.675862068965517437e+02 4.690273411063856676e-40
9.673148900317140265e-07 1.675862068965517437e+02 5.895765700633749263e-40
1.522935280067928583e-06 1.675862068965517437e+02 7.394066657350754876e-40
2.397700987730628402e-06 1.675862068965517437e+02 9.275538972827076970e-40
3.774927340515747906e-06 1.675862068965517437e+02 1.164905227749357947e-39
5.943224988892664861e-06 1.675862068965517437e+02 1.455828812219632171e-39
9.356980964770669887e-06 1.675862068965517437e+02 1.824044512515612071e-39
1.473157972964325986e-05 1.675862068965517437e+02 2.288670153696304078e-39
2.319331867275585017e-05 1.675862068965517437e+02 2.863319470532153113e-39
3.651543425268701019e-05 1.675862068965517437e+02 3.593554100110368049e-39
5.748970026564431755e-05 1.675862068965517437e+02 4.482092621929003419e-39
9.051147012965963645e-05 1.675862068965517437e+02 5.608059727848072931e-39
1.425007642617329682e-04 1.675862068965517437e+02 7.036321481097903636e-39
2.243524250140732342e-04 1.675862068965517437e+02 8.775832981875851983e-39
3.532192326859818587e-04 1.675862068965517437e+02 1.095291017779216970e-38
5.561064309041793136e-04 1.675862068965517437e+02 1.364086918613309071e-38
8.755309277508047973e-04 1.675862068965517437e+02 1.696060255731570952e-38
1.378431111112734305e-03 1.675862068965517437e+02 2.110645484992343919e-38
2.170194413308361783e-03 1.675862068965517437e+02 2.610923946296882825e-38
3.416742232227266019e-03 1.675862068965517437e+02 3.244989685541361893e-38
5.379300310560051687e-03 1.675862068965517437e+02 4.008088528326626778e-38
8.469141030966341813e-03 1.675862068965517437e+02 4.916668858552714362e-38
1.333376938662307956e-02 1.675862068965517437e+02 6.058459821713923645e-38
2.099261370256818096e-02 1.675862068965517437e+02 7.410709851323334818e-38
3.305065636633630621e-02 1.675862068965517437e+02 9.044574263245391185e-38
5.203477288356961328e-02 1.675862068965517437e+02 1.216366121757042769e-37
8.192326225032267595e-02 1.675862068965517437e+02 4.472939479488163796e-37
1.289795366792951259e-01 1.675862068965517437e+02 1.753271505845818353e-36
2.030646781517799204e-01 1.675862068965517437e+02 1.026357619459041216e-36
3.197039202847857253e-01 1.675862068965517437e+02 3.636465320416984424e-40
5.033401060969523444e-01 1.675862068965517437e+02 0.000000000000000000e+00
9.999999999999999547e-08 1.737931034482758719e+02 9.554263777367125369e-41
1.574394538698769890e-07 1.737931034482758719e+02 1.196998996359375028e-40
2.478718163484512809e-07 1.737931034482758719e+02 1.500516054604987336e-40
3.902480339563453570e-07 1.737931034482758719e+02 1.880694732871786537e-40
6.144043733988022528e-07 1.737931034482758719e+02 2.356429101645285976e-40
9.673148900317140265e-07 1.737931034482758719e+02 2.958680166213721858e-40
1.522935280067928583e-06 1.737931034482758719e+02 3.720669842946459529e-40
2.397700987730628402e-06 1.737931034482758719e+02 4.660367083024664181e-40
3.774927340515747906e-06 1.737931034482758719e+02 5.837091535202640769e-40
5.943224988892664861e-06 1.737931034482758719e+02 7.319931086890408326e-40
9.356980964770669887e-06 1.737931034482758719e+02 9.203680420483310619e-40
1.473157972964325986e-05 1.737931034482758719e+02 1.149385868848650993e-39
2.319331867275585017e-05 1.737931034482758719e+02 1.439352037598416017e-39
3.651543425268701019e-05 1.737931034482758719e+02 1.806646548525357459e-39
5.748970026564431755e-05 1.737931034482758719e+02 2.257034302231572657e-39
9.051147012965963645e-05 1.737931034482758719e+02 2.819567414316718984e-39
1.425007642617329682e-04 1.737931034482758719e+02 3.531778190506845204e-39
2.243524250140732342e-04 1.737931034482758719e+02 4.403996991278804030e-39
3.532192326859818587e-04 1.737931034482758719e+02 5.508117578366242004e-39
5.561064309041793136e-04 1.737931034482758719e+02 6.854621897686910900e-39
8.755309277508047973e-04 1.737931034482758719e+02 8.510850246418121123e-39
1.378431111112734305e-03 1.737931034482758719e+02 1.060353197828345902e-38
2.170194413308361783e-03 1.737931034482758719e+02 1.312297113294864500e-38
3.416742232227266019e-03 1.737931034482758719e+02 1.625538256790506114e-38
5.379300310560051687e-03 1.737931034482758719e+02 2.006819016683326186e-38
8.469141030966341813e-03 1.737931034482758719e+02 2.475351578859377984e-38
1.333376938662307956e-02 1.737931034482758719e+02 3.036414504306132800e-38
2.099261370256818096e-02 1.737931034482758719e+02 3.707915665482256958e-38
3.305065636633630621e-02 1.737931034482758719e+02 4.517090254781612660e-38
5.203477288356961328e-02 1.737931034482758719e+02 6.156683066151694463e-38
8.192326225032267595e-02 1.737931034482758719e+02 2.316612950977245974e-37
1.289795366792951259e-01 1.737931034482758719e+02 8.755981182159988388e-37
2.030646781517799204e-01 1.737931034482758719e+02 4.942842247068746425e-37
3.197039202847857253e-01 1.737931034482758719e+02 1.585221230247638624e-40
5.033401060969523444e-01 1.737931034482758719e+02 0.000000000000000000e+00
9.999999999999999547e-08 1.800000000000000000e+02 0.000000000000000000e+00
1.574394538698769890e-07 1.800000000000000000e+02 1.353389463189479885e-55
2.478718163484512809e-07 1.800000000000000000e+02 0.000000000000000000e+00
3.902480339563453570e-07 1.800000000000000000e+02 0.000000000000000000e+00
6.144043733988022528e-07 1.800000000000000000e+02 2.673876584242389803e-55
9.673148900317140265e-07 1.800000000000000000e+02 0.000000000000000000e+00
1.522935280067928583e-06 1.800000000000000000e+02 0.000000000000000000e+00
2.397700987730628402e-06 1.800000000000000000e+02 0.000000000000000000e+00
3.774927340515747906e-06 1.800000000000000000e+02 6.618107222352815527e-55
5.943224988892664861e-06 1.800000000000000000e+02 8.295228699792864364e-55
9.356980964770669887e-06 1.800000000000000000e+02 1.040376916317223155e-54
1.473157972964325986e-05 1.800000000000000000e+02 1.304815363532183804e-54
2.319331867275585017e-05 1.800000000000000000e+02 1.633878328278856303e-54
3.651543425268701019e-05 1.800000000000000000e+02 0.000000000000000000e+00
5.748970026564431755e-05 1.800000000000000000e+02 0.000000000000000000e+00
9.051147012965963645e-05 1.800000000000000000e+02 3.198418350616070913e-54
1.425007642617329682e-04 1.800000000000000000e+02 3.999754943044226822e-54
2.243524250140732342e-04 1.800000000000000000e+02 0.000000000000000000e+00
3.532192326859818587e-04 1.800000000000000000e+02 6.232340530265090862e-54
5.561064309041793136e-04 1.800000000000000000e+02 0.000000000000000000e+00
8.755309277508047973e-04 1.800000000000000000e+02 0.000000000000000000e+00
1.378431111112734305e-03 1.800000000000000000e+02 1.198532620319279684e-53
2.170194413308361783e-03 1.800000000000000000e+02 0.000000000000000000e+00
3.416742232227266019e-03 1.800000000000000000e+02 0.000000000000000000e+00
5.379300310560051687e-03 1.800000000000000000e+02 0.000000000000000000e+00
8.469141030966341813e-03 1.800000000000000000e+02 0.000000000000000000e+00
1.333376938662307956e-02 1.800000000000000000e+02 0.000000000000000000e+00
2.099261370256818096e-02 1.800000000000000000e+02 0.000000000000000000e+00
3.305065636633630621e-02 1.800000000000000000e+02 5.124483273928352089e-53
5.203477288356961328e-02 1.800000000000000000e+02 6.961890590232103527e-53
8.192326225032267595e-02 1.800000000000000000e+02 2.654873461335573955e-52
1.289795366792951259e-01 1.800000000000000000e+02 9.896063885711805476e-52
2.030646781517799204e-01 1.800000000000000000e+02 0.000000000000000000e+00
3.197039202847857253e-01 1.800000000000000000e+02 0.000000000000000000e+00
5.033401060969523444e-01 1.800000000000000000e+02 0.000000000000000000e+00
