# atom 56: Tchi 0.41753189365604015 [GeV]; m_chi = 0.013333333333333334 [GeV]; mS = 0.04 [GeV]; gchi =0.01; gN = 0.01
# Tchi^prime [GeV], theta [degree] ,dsigma/dTchip dtheta [cm^2/GeV]
9.999999999999999547e-08 0.000000000000000000e+00 0.000000000000000000e+00
1.563403134142530628e-07 0.000000000000000000e+00 0.000000000000000000e+00
2.444229359846687273e-07 0.000000000000000000e+00 0.000000000000000000e+00
3.821315841747502258e-07 0.000000000000000000e+00 0.000000000000000000e+00
5.974257163536547787e-07 0.000000000000000000e+00 0.000000000000000000e+00
9.340172373646522676e-07 0.000000000000000000e+00 0.000000000000000000e+00
1.460245476239042244e-06 0.000000000000000000e+00 0.000000000000000000e+00
2.282952354169575739e-06 0.000000000000000000e+00 0.000000000000000000e+00
3.569174865606782901e-06 0.000000000000000000e+00 0.000000000000000000e+00
5.580059171192390368e-06 0.000000000000000000e+00 0.000000000000000000e+00
8.723881996942955131e-06 0.000000000000000000e+00 0.000000000000000000e+00
1.363894445591021312e-05 0.000000000000000000e+00 0.000000000000000000e+00
2.132316850876592016e-05 0.000000000000000000e+00 0.000000000000000000e+00
3.333670847645394986e-05 0.000000000000000000e+00 0.000000000000000000e+00
5.211871451408407345e-05 0.000000000000000000e+00 0.000000000000000000e+00
8.148256161879867084e-05 0.000000000000000000e+00 0.000000000000000000e+00
1.273900922127918576e-04 0.000000000000000000e+00 0.000000000000000000e+00
1.991620694241847593e-04 0.000000000000000000e+00 0.000000000000000000e+00
3.113706035400827066e-04 0.000000000000000000e+00 0.000000000000000000e+00
4.867977774544171641e-04 0.000000000000000000e+00 0.000000000000000000e+00
7.610611709658538296e-04 0.000000000000000000e+00 0.000000000000000000e+00
1.189845419962200354e-03 0.000000000000000000e+00 0.000000000000000000e+00
1.860208058714039403e-03 0.000000000000000000e+00 0.000000000000000000e+00
2.908255109150721662e-03 0.000000000000000000e+00 0.000000000000000000e+00
4.546775152532265760e-03 0.000000000000000000e+00 0.000000000000000000e+00
7.108442523710327247e-03 0.000000000000000000e+00 0.000000000000000000e+00
1.111336132044076462e-02 0.000000000000000000e+00 0.000000000000000000e+00
1.737466391923549874e-02 0.000000000000000000e+00 0.000000000000000000e+00
2.716360402600592402e-02 0.000000000000000000e+00 0.000000000000000000e+00
4.246766366886432775e-02 0.000000000000000000e+00 0.000000000000000000e+00
6.639407847961335818e-02 0.000000000000000000e+00 0.000000000000000000e+00
1.038007103835326822e-01 0.000000000000000000e+00 0.000000000000000000e+00
1.622823559398361148e-01 0.000000000000000000e+00 0.000000000000000000e+00
2.537127438923734712e-01 0.000000000000000000e+00 0.000000000000000000e+00
3.966552989732381462e-01 0.000000000000000000e+00 0.000000000000000000e+00
9.999999999999999547e-08 6.206896551724137900e+00 1.737350845388326389e-39
1.563403134142530628e-07 6.206896551724137900e+00 2.172938311881407450e-39
2.444229359846687273e-07 6.206896551724137900e+00 2.724280975530490912e-39
3.821315841747502258e-07 6.206896551724137900e+00 3.405460132873621292e-39
5.974257163536547787e-07 6.206896551724137900e+00 4.271100169940760121e-39
9.340172373646522676e-07 6.206896551724137900e+00 5.335604523081589843e-39
1.460245476239042244e-06 6.206896551724137900e+00 6.706974352930749563e-39
2.282952354169575739e-06 6.206896551724137900e+00 8.422136463187235033e-39
3.569174865606782901e-06 6.206896551724137900e+00 1.056141736408406407e-38
5.580059171192390368e-06 6.206896551724137900e+00 1.329426113637520890e-38
8.723881996942955131e-06 6.206896551724137900e+00 1.669260824294461079e-38
1.363894445591021312e-05 6.206896551724137900e+00 2.097557364585188449e-38
2.132316850876592016e-05 6.206896551724137900e+00 2.647807094705605563e-38
3.333670847645394986e-05 6.206896551724137900e+00 3.362336046327979969e-38
5.211871451408407345e-05 6.206896551724137900e+00 4.243759842590580613e-38
8.148256161879867084e-05 6.206896551724137900e+00 5.431191415319906684e-38
1.273900922127918576e-04 6.206896551724137900e+00 6.947853035871705223e-38
1.991620694241847593e-04 6.206896551724137900e+00 8.937160802621020114e-38
3.113706035400827066e-04 6.206896551724137900e+00 1.155688449876453831e-37
4.867977774544171641e-04 6.206896551724137900e+00 1.515517888680382760e-37
7.610611709658538296e-04 6.206896551724137900e+00 2.009530630727722063e-37
1.189845419962200354e-03 6.206896551724137900e+00 2.712391736222024983e-37
1.860208058714039403e-03 6.206896551724137900e+00 3.711824935150139011e-37
2.908255109150721662e-03 6.206896551724137900e+00 5.200237375646681331e-37
4.546775152532265760e-03 6.206896551724137900e+00 7.488509041394581034e-37
7.108442523710327247e-03 6.206896551724137900e+00 1.109674133497821048e-36
1.111336132044076462e-02 6.206896551724137900e+00 1.704260993562539429e-36
1.737466391923549874e-02 6.206896551724137900e+00 2.695428565898812185e-36
2.716360402600592402e-02 6.206896551724137900e+00 4.416660856053865823e-36
4.246766366886432775e-02 6.206896551724137900e+00 7.458379139966672468e-36
6.639407847961335818e-02 6.206896551724137900e+00 1.309045922058126202e-35
1.038007103835326822e-01 6.206896551724137900e+00 0.000000000000000000e+00
1.622823559398361148e-01 6.206896551724137900e+00 0.000000000000000000e+00
2.537127438923734712e-01 6.206896551724137900e+00 0.000000000000000000e+00
3.966552989732381462e-01 6.206896551724137900e+00 0.000000000000000000e+00
9.999999999999999547e-08 1.241379310344827580e+01 3.455435983747791841e-39
1.563403134142530628e-07 1.241379310344827580e+01 4.328840366359653064e-39
2.444229359846687273e-07 1.241379310344827580e+01 5.406258537672040446e-39
3.821315841747502258e-07 1.241379310344827580e+01 6.768621425827936909e-39
5.974257163536547787e-07 1.241379310344827580e+01 8.486851588071428754e-39
9.340172373646522676e-07 1.241379310344827580e+01 1.061835529984415775e-38
1.460245476239042244e-06 1.241379310344827580e+01 1.331734659782550621e-38
2.282952354169575739e-06 1.241379310344827580e+01 1.671443788060610895e-38
3.569174865606782901e-06 1.241379310344827580e+01 2.097220838248248502e-38
5.580059171192390368e-06 1.241379310344827580e+01 2.631019314122445857e-38
8.723881996942955131e-06 1.241379310344827580e+01 3.310575412578422796e-38
1.363894445591021312e-05 1.241379310344827580e+01 4.172008419637122071e-38
2.132316850876592016e-05 1.241379310344827580e+01 5.263616658856287295e-38
3.333670847645394986e-05 1.241379310344827580e+01 6.673355673056654034e-38
5.211871451408407345e-05 1.241379310344827580e+01 8.461221178956427405e-38
8.148256161879867084e-05 1.241379310344827580e+01 1.077593480074340948e-37
1.273900922127918576e-04 1.241379310344827580e+01 1.377331932591802744e-37
1.991620694241847593e-04 1.241379310344827580e+01 1.773181468729103435e-37
3.113706035400827066e-04 1.241379310344827580e+01 2.294335766125849282e-37
4.867977774544171641e-04 1.241379310344827580e+01 3.003153958652548462e-37
7.610611709658538296e-04 1.241379310344827580e+01 3.967870851622786320e-37
1.189845419962200354e-03 1.241379310344827580e+01 5.333365376813963832e-37
1.860208058714039403e-03 1.241379310344827580e+01 7.291126704301793911e-37
2.908255109150721662e-03 1.241379310344827580e+01 1.015884107554450147e-36
4.546775152532265760e-03 1.241379310344827580e+01 1.457289369849255686e-36
7.108442523710327247e-03 1.241379310344827580e+01 2.132730185517936073e-36
1.111336132044076462e-02 1.241379310344827580e+01 3.223263983053375718e-36
1.737466391923549874e-02 1.241379310344827580e+01 4.998027518544216544e-36
2.716360402600592402e-02 1.241379310344827580e+01 7.902007965982562919e-36
4.246766366886432775e-02 1.241379310344827580e+01 1.270120041252062165e-35
6.639407847961335818e-02 1.241379310344827580e+01 2.091309914531285376e-35
1.038007103835326822e-01 1.241379310344827580e+01 0.000000000000000000e+00
1.622823559398361148e-01 1.241379310344827580e+01 0.000000000000000000e+00
2.537127438923734712e-01 1.241379310344827580e+01 0.000000000000000000e+00
3.966552989732381462e-01 1.241379310344827580e+01 0.000000000000000000e+00
9.999999999999999547e-08 1.862068965517241281e+01 5.140261624154596059e-39
1.563403134142530628e-07 1.862068965517241281e+01 6.404984158385542564e-39
2.444229359846687273e-07 1.862068965517241281e+01 8.040419964756390701e-39
3.821315841747502258e-07 1.862068965517241281e+01 1.005205531341503891e-38
5.974257163536547787e-07 1.862068965517241281e+01 1.260976949404118272e-38
9.340172373646522676e-07 1.862068965517241281e+01 1.577123948501758344e-38
1.460245476239042244e-06 1.862068965517241281e+01 1.975372070081815790e-38
2.282952354169575739e-06 1.862068965517241281e+01 2.477736972034597087e-38
3.569174865606782901e-06 1.862068965517241281e+01 3.108721927780383830e-38
5.580059171192390368e-06 1.862068965517241281e+01 3.905110109351485529e-38
8.723881996942955131e-06 1.862068965517241281e+01 4.914923810248656145e-38
1.363894445591021312e-05 1.862068965517241281e+01 6.191914618425204500e-38
2.132316850876592016e-05 1.862068965517241281e+01 7.809508576062325072e-38
3.333670847645394986e-05 1.862068965517241281e+01 9.873050012814957227e-38
5.211871451408407345e-05 1.862068965517241281e+01 1.252133417783167202e-37
8.148256161879867084e-05 1.862068965517241281e+01 1.594046286000940480e-37
1.273900922127918576e-04 1.862068965517241281e+01 2.037288803569571396e-37
1.991620694241847593e-04 1.862068965517241281e+01 2.617646235423832587e-37
3.113706035400827066e-04 1.862068965517241281e+01 3.386506382078777531e-37
4.867977774544171641e-04 1.862068965517241281e+01 4.426184756542610815e-37
7.610611709658538296e-04 1.862068965517241281e+01 5.841744433292570954e-37
1.189845419962200354e-03 1.862068965517241281e+01 7.810884073387703058e-37
1.860208058714039403e-03 1.862068965517241281e+01 1.062110838218212918e-36
2.908255109150721662e-03 1.862068965517241281e+01 1.471713212447912418e-36
4.546775152532265760e-03 1.862068965517241281e+01 2.075899720702566456e-36
7.108442523710327247e-03 1.862068965517241281e+01 3.002999087354305674e-36
1.111336132044076462e-02 1.862068965517241281e+01 4.434849395702510570e-36
1.737466391923549874e-02 1.862068965517241281e+01 6.637432506919594966e-36
2.716360402600592402e-02 1.862068965517241281e+01 9.982399628073307446e-36
4.246766366886432775e-02 1.862068965517241281e+01 1.505901455772151597e-35
6.639407847961335818e-02 1.862068965517241281e+01 2.265672938399440070e-35
1.038007103835326822e-01 1.862068965517241281e+01 0.000000000000000000e+00
1.622823559398361148e-01 1.862068965517241281e+01 0.000000000000000000e+00
2.537127438923734712e-01 1.862068965517241281e+01 0.000000000000000000e+00
3.966552989732381462e-01 1.862068965517241281e+01 0.000000000000000000e+00
9.999999999999999547e-08 2.482758620689655160e+01 6.738541108208119374e-39
1.563403134142530628e-07 2.482758620689655160e+01 8.455294666320087662e-39
2.444229359846687273e-07 2.482758620689655160e+01 1.055320682229719885e-38
3.821315841747502258e-07 2.482758620689655160e+01 1.318508427953582327e-38
5.974257163536547787e-07 2.482758620689655160e+01 1.654369582100900216e-38
9.340172373646522676e-07 2.482758620689655160e+01 2.075168151780498505e-38
1.460245476239042244e-06 2.482758620689655160e+01 2.597396276848381499e-38
2.282952354169575739e-06 2.482758620689655160e+01 3.256176895725767075e-38
3.569174865606782901e-06 2.482758620689655160e+01 4.087882184878503961e-38
5.580059171192390368e-06 2.482758620689655160e+01 5.139457123418525406e-38
8.723881996942955131e-06 2.482758620689655160e+01 6.452892545750748117e-38
1.363894445591021312e-05 2.482758620689655160e+01 8.149607596011564760e-38
2.132316850876592016e-05 2.482758620689655160e+01 1.025077887015572938e-37
3.333670847645394986e-05 2.482758620689655160e+01 1.296059109860001796e-37
5.211871451408407345e-05 2.482758620689655160e+01 1.641057662625820088e-37
8.148256161879867084e-05 2.482758620689655160e+01 2.092639623495224649e-37
1.273900922127918576e-04 2.482758620689655160e+01 2.677362438597588933e-37
1.991620694241847593e-04 2.482758620689655160e+01 3.416786329276740281e-37
3.113706035400827066e-04 2.482758620689655160e+01 4.417427611417635270e-37
4.867977774544171641e-04 2.482758620689655160e+01 5.756446074184144406e-37
7.610611709658538296e-04 2.482758620689655160e+01 7.571641605644725944e-37
1.189845419962200354e-03 2.482758620689655160e+01 1.008766239418104445e-36
1.860208058714039403e-03 2.482758620689655160e+01 1.358112238767473900e-36
2.908255109150721662e-03 2.482758620689655160e+01 1.867054455998137592e-36
4.546775152532265760e-03 2.482758620689655160e+01 2.597871242361225740e-36
7.108442523710327247e-03 2.482758620689655160e+01 3.692933884570232210e-36
1.111336132044076462e-02 2.482758620689655160e+01 5.280181477523791966e-36
1.737466391923549874e-02 2.482758620689655160e+01 7.594579995945394972e-36
2.716360402600592402e-02 2.482758620689655160e+01 1.085156560088552519e-35
4.246766366886432775e-02 2.482758620689655160e+01 1.529884032981583292e-35
6.639407847961335818e-02 2.482758620689655160e+01 2.153198687935015179e-35
1.038007103835326822e-01 2.482758620689655160e+01 0.000000000000000000e+00
1.622823559398361148e-01 2.482758620689655160e+01 0.000000000000000000e+00
2.537127438923734712e-01 2.482758620689655160e+01 0.000000000000000000e+00
3.966552989732381462e-01 2.482758620689655160e+01 0.000000000000000000e+00
9.999999999999999547e-08 3.103448275862069039e+01 8.265215613820165433e-39
1.563403134142530628e-07 3.103448275862069039e+01 1.037148750004894926e-38
2.444229359846687273e-07 3.103448275862069039e+01 1.296766463381504893e-38
3.821315841747502258e-07 3.103448275862069039e+01 1.620672877949262164e-38
5.974257163536547787e-07 3.103448275862069039e+01 2.030403383173613629e-38
9.340172373646522676e-07 3.103448275862069039e+01 2.547650098411884034e-38
1.460245476239042244e-06 3.103448275862069039e+01 3.191128741565074426e-38
2.282952354169575739e-06 3.103448275862069039e+01 4.000112971301799903e-38
3.569174865606782901e-06 3.103448275862069039e+01 5.014870159933666236e-38
5.580059171192390368e-06 3.103448275862069039e+01 6.299245011260571452e-38
8.723881996942955131e-06 3.103448275862069039e+01 7.916279578661266259e-38
1.363894445591021312e-05 3.103448275862069039e+01 9.983638130122124190e-38
2.132316850876592016e-05 3.103448275862069039e+01 1.254612644643654160e-37
3.333670847645394986e-05 3.103448275862069039e+01 1.582122108632335578e-37
5.211871451408407345e-05 3.103448275862069039e+01 2.012520829736816537e-37
8.148256161879867084e-05 3.103448275862069039e+01 2.546281984865241330e-37
1.273900922127918576e-04 3.103448275862069039e+01 3.256251492211697603e-37
1.991620694241847593e-04 3.103448275862069039e+01 4.165109359186277705e-37
3.113706035400827066e-04 3.103448275862069039e+01 5.362402139701429195e-37
4.867977774544171641e-04 3.103448275862069039e+01 6.971509037756137181e-37
7.610611709658538296e-04 3.103448275862069039e+01 9.131759189769436445e-37
1.189845419962200354e-03 3.103448275862069039e+01 1.207515994531425600e-36
1.860208058714039403e-03 3.103448275862069039e+01 1.619412572389274697e-36
2.908255109150721662e-03 3.103448275862069039e+01 2.190450129562569187e-36
4.546775152532265760e-03 3.103448275862069039e+01 3.010104976541278426e-36
7.108442523710327247e-03 3.103448275862069039e+01 4.180912016574122631e-36
1.111336132044076462e-02 3.103448275862069039e+01 5.796016012551747250e-36
1.737466391923549874e-02 3.103448275862069039e+01 7.989507659893557279e-36
2.716360402600592402e-02 3.103448275862069039e+01 1.089290089018527497e-35
4.246766366886432775e-02 3.103448275862069039e+01 1.455583153203292321e-35
6.639407847961335818e-02 3.103448275862069039e+01 1.944709066438118943e-35
1.038007103835326822e-01 3.103448275862069039e+01 0.000000000000000000e+00
1.622823559398361148e-01 3.103448275862069039e+01 0.000000000000000000e+00
2.537127438923734712e-01 3.103448275862069039e+01 0.000000000000000000e+00
3.966552989732381462e-01 3.103448275862069039e+01 0.000000000000000000e+00
9.999999999999999547e-08 3.724137931034482563e+01 9.699095524931911547e-39
1.563403134142530628e-07 3.724137931034482563e+01 1.216043769682739859e-38
2.444229359846687273e-07 3.724137931034482563e+01 1.522177609792843748e-38
3.821315841747502258e-07 3.724137931034482563e+01 1.901702517264777017e-38
5.974257163536547787e-07 3.724137931034482563e+01 2.384395984067129411e-38
9.340172373646522676e-07 3.724137931034482563e+01 2.985370565360337224e-38
1.460245476239042244e-06 3.724137931034482563e+01 3.735868934168857101e-38
2.282952354169575739e-06 3.724137931034482563e+01 4.691158279331949190e-38
3.569174865606782901e-06 3.724137931034482563e+01 5.886395107011736987e-38
5.580059171192390368e-06 3.724137931034482563e+01 7.382467004487456109e-38
8.723881996942955131e-06 3.724137931034482563e+01 9.283657116769857834e-38
1.363894445591021312e-05 3.724137931034482563e+01 1.166503992114547433e-37
2.132316850876592016e-05 3.724137931034482563e+01 1.465499824294570430e-37
3.333670847645394986e-05 3.724137931034482563e+01 1.850848995038216788e-37
5.211871451408407345e-05 3.724137931034482563e+01 2.342790445509709122e-37
8.148256161879867084e-05 3.724137931034482563e+01 2.978114870826120378e-37
1.273900922127918576e-04 3.724137931034482563e+01 3.783855325521885585e-37
1.991620694241847593e-04 3.724137931034482563e+01 4.856409118450223178e-37
3.113706035400827066e-04 3.724137931034482563e+01 6.226971232627829891e-37
4.867977774544171641e-04 3.724137931034482563e+01 8.046385819025130637e-37
7.610611709658538296e-04 3.724137931034482563e+01 1.048259079571405901e-36
1.189845419962200354e-03 3.724137931034482563e+01 1.379846763425196263e-36
1.860208058714039403e-03 3.724137931034482563e+01 1.825761676290020829e-36
2.908255109150721662e-03 3.724137931034482563e+01 2.443373740964204315e-36
4.546775152532265760e-03 3.724137931034482563e+01 3.310517987551129097e-36
7.108442523710327247e-03 3.724137931034482563e+01 4.484661503724865268e-36
1.111336132044076462e-02 3.724137931034482563e+01 6.033423200877371178e-36
1.737466391923549874e-02 3.724137931034482563e+01 8.031092402248650935e-36
2.716360402600592402e-02 3.724137931034482563e+01 1.050404992756833502e-35
4.246766366886432775e-02 3.724137931034482563e+01 1.346701837320752632e-35
6.639407847961335818e-02 3.724137931034482563e+01 1.744048558225561424e-35
1.038007103835326822e-01 3.724137931034482563e+01 0.000000000000000000e+00
1.622823559398361148e-01 3.724137931034482563e+01 0.000000000000000000e+00
2.537127438923734712e-01 3.724137931034482563e+01 0.000000000000000000e+00
3.966552989732381462e-01 3.724137931034482563e+01 0.000000000000000000e+00
9.999999999999999547e-08 4.344827586206896797e+01 1.105879721357565759e-38
1.563403134142530628e-07 4.344827586206896797e+01 1.383813094695879154e-38
2.444229359846687273e-07 4.344827586206896797e+01 1.726891974256271101e-38
3.821315841747502258e-07 4.344827586206896797e+01 2.165558006094522827e-38
5.974257163536547787e-07 4.344827586206896797e+01 2.711101802517526645e-38
9.340172373646522676e-07 4.344827586206896797e+01 3.395495700007188344e-38
1.460245476239042244e-06 4.344827586206896797e+01 4.242662736295857936e-38
2.282952354169575739e-06 4.344827586206896797e+01 5.314910538014415743e-38
3.569174865606782901e-06 4.344827586206896797e+01 6.675095975489556313e-38
5.580059171192390368e-06 4.344827586206896797e+01 8.382368158164754989e-38
8.723881996942955131e-06 4.344827586206896797e+01 1.048816573239286592e-37
1.363894445591021312e-05 4.344827586206896797e+01 1.324645669244790359e-37
2.132316850876592016e-05 4.344827586206896797e+01 1.663393027376249820e-37
3.333670847645394986e-05 4.344827586206896797e+01 2.097325444184713768e-37
5.211871451408407345e-05 4.344827586206896797e+01 2.650999846496340974e-37
8.148256161879867084e-05 4.344827586206896797e+01 3.361031559953728009e-37
1.273900922127918576e-04 4.344827586206896797e+01 4.263265233440958069e-37
1.991620694241847593e-04 4.344827586206896797e+01 5.436753350917149010e-37
3.113706035400827066e-04 4.344827586206896797e+01 6.959851995718008720e-37
4.867977774544171641e-04 4.344827586206896797e+01 8.979071709889744467e-37
7.610611709658538296e-04 4.344827586206896797e+01 1.162236381484737023e-36
1.189845419962200354e-03 4.344827586206896797e+01 1.519750042641938293e-36
1.860208058714039403e-03 4.344827586206896797e+01 1.994955033748086413e-36
2.908255109150721662e-03 4.344827586206896797e+01 2.639717171945258307e-36
4.546775152532265760e-03 4.344827586206896797e+01 3.500278695469586333e-36
7.108442523710327247e-03 4.344827586206896797e+01 4.622027177581059466e-36
1.111336132044076462e-02 4.344827586206896797e+01 6.058163706311132270e-36
1.737466391923549874e-02 4.344827586206896797e+01 7.802768633821593039e-36
2.716360402600592402e-02 4.344827586206896797e+01 9.877733492735642153e-36
4.246766366886432775e-02 4.344827586206896797e+01 1.228272576797441673e-35
6.639407847961335818e-02 4.344827586206896797e+01 1.553671821420139389e-35
1.038007103835326822e-01 4.344827586206896797e+01 2.068771037725525762e-35
1.622823559398361148e-01 4.344827586206896797e+01 0.000000000000000000e+00
2.537127438923734712e-01 4.344827586206896797e+01 0.000000000000000000e+00
3.966552989732381462e-01 4.344827586206896797e+01 0.000000000000000000e+00
9.999999999999999547e-08 4.965517241379310320e+01 1.225342416021525553e-38
1.563403134142530628e-07 4.965517241379310320e+01 1.526930151395052409e-38
2.444229359846687273e-07 4.965517241379310320e+01 1.918416702066759915e-38
3.821315841747502258e-07 4.965517241379310320e+01 2.399828336734108982e-38
5.974257163536547787e-07 4.965517241379310320e+01 2.998060167810632522e-38
9.340172373646522676e-07 4.965517241379310320e+01 3.741045478238431938e-38
1.460245476239042244e-06 4.965517241379310320e+01 4.710398629087031672e-38
2.282952354169575739e-06 4.965517241379310320e+01 5.899958420711916029e-38
3.569174865606782901e-06 4.965517241379310320e+01 7.400964423854308225e-38
5.580059171192390368e-06 4.965517241379310320e+01 9.264185525621086357e-38
8.723881996942955131e-06 4.965517241379310320e+01 1.162650468346192090e-37
1.363894445591021312e-05 4.965517241379310320e+01 1.461365869352177022e-37
2.132316850876592016e-05 4.965517241379310320e+01 1.837386028312037234e-37
3.333670847645394986e-05 4.965517241379310320e+01 2.315593979484685595e-37
5.211871451408407345e-05 4.965517241379310320e+01 2.918469240346107318e-37
8.148256161879867084e-05 4.965517241379310320e+01 3.689233781915934458e-37
1.273900922127918576e-04 4.965517241379310320e+01 4.684654576968407305e-37
1.991620694241847593e-04 4.965517241379310320e+01 5.954947525141997455e-37
3.113706035400827066e-04 4.965517241379310320e+01 7.615170177022473363e-37
4.867977774544171641e-04 4.965517241379310320e+01 9.767881725904183006e-37
7.610611709658538296e-04 4.965517241379310320e+01 1.255268690003063439e-36
1.189845419962200354e-03 4.965517241379310320e+01 1.623829671979129306e-36
1.860208058714039403e-03 4.965517241379310320e+01 2.115440405657030949e-36
2.908255109150721662e-03 4.965517241379310320e+01 2.760233407850526514e-36
4.546775152532265760e-03 4.965517241379310320e+01 3.584159491254824798e-36
7.108442523710327247e-03 4.965517241379310320e+01 4.657169377595259265e-36
1.111336132044076462e-02 4.965517241379310320e+01 5.953718135167622938e-36
1.737466391923549874e-02 4.965517241379310320e+01 7.450896546532216095e-36
2.716360402600592402e-02 4.965517241379310320e+01 9.158052064038184026e-36
4.246766366886432775e-02 4.965517241379310320e+01 1.117260839522770009e-35
6.639407847961335818e-02 4.965517241379310320e+01 1.393699831503705260e-35
1.038007103835326822e-01 4.965517241379310320e+01 1.822316827301135928e-35
1.622823559398361148e-01 4.965517241379310320e+01 0.000000000000000000e+00
2.537127438923734712e-01 4.965517241379310320e+01 0.000000000000000000e+00
3.966552989732381462e-01 4.965517241379310320e+01 0.000000000000000000e+00
9.999999999999999547e-08 5.586206896551724554e+01 1.329485726849453096e-38
1.563403134142530628e-07 5.586206896551724554e+01 1.663150840429344817e-38
2.444229359846687273e-07 5.586206896551724554e+01 2.076438287196018608e-38
3.821315841747502258e-07 5.586206896551724554e+01 2.595039256893760892e-38
5.974257163536547787e-07 5.586206896551724554e+01 3.256554586186433187e-38
9.340172373646522676e-07 5.586206896551724554e+01 4.067930035706850739e-38
1.460245476239042244e-06 5.586206896551724554e+01 5.113623260361392108e-38
2.282952354169575739e-06 5.586206896551724554e+01 6.377248751623074713e-38
3.569174865606782901e-06 5.586206896551724554e+01 8.011801426551216984e-38
5.580059171192390368e-06 5.586206896551724554e+01 1.004080366933662565e-37
8.723881996942955131e-06 5.586206896551724554e+01 1.257838014234083003e-37
1.363894445591021312e-05 5.586206896551724554e+01 1.582106890673401836e-37
2.132316850876592016e-05 5.586206896551724554e+01 1.992703051046000219e-37
3.333670847645394986e-05 5.586206896551724554e+01 2.503101051740908119e-37
5.211871451408407345e-05 5.586206896551724554e+01 3.158165155334726350e-37
8.148256161879867084e-05 5.586206896551724554e+01 3.984604926137454436e-37
1.273900922127918576e-04 5.586206896551724554e+01 5.029391174773759027e-37
1.991620694241847593e-04 5.586206896551724554e+01 6.388965047631097255e-37
3.113706035400827066e-04 5.586206896551724554e+01 8.119951278629030201e-37
4.867977774544171641e-04 5.586206896551724554e+01 1.035740935717602305e-36
7.610611709658538296e-04 5.586206896551724554e+01 1.326716237722957727e-36
1.189845419962200354e-03 5.586206896551724554e+01 1.701992613467782437e-36
1.860208058714039403e-03 5.586206896551724554e+01 2.197051477875004178e-36
2.908255109150721662e-03 5.586206896551724554e+01 2.828625629068922001e-36
4.546775152532265760e-03 5.586206896551724554e+01 3.613801465636214734e-36
7.108442523710327247e-03 5.586206896551724554e+01 4.593240455729759314e-36
1.111336132044076462e-02 5.586206896551724554e+01 5.738927838587097261e-36
1.737466391923549874e-02 5.586206896551724554e+01 7.006471982013887100e-36
2.716360402600592402e-02 5.586206896551724554e+01 8.430737145677640086e-36
4.246766366886432775e-02 5.586206896551724554e+01 1.013320030821661957e-35
6.639407847961335818e-02 5.586206896551724554e+01 1.251367569731999003e-35
1.038007103835326822e-01 5.586206896551724554e+01 1.615931580696818862e-35
1.622823559398361148e-01 5.586206896551724554e+01 2.304386722330000634e-35
2.537127438923734712e-01 5.586206896551724554e+01 2.832377998785131350e-34
3.966552989732381462e-01 5.586206896551724554e+01 0.000000000000000000e+00
9.999999999999999547e-08 6.206896551724138078e+01 1.416443393107498797e-38
1.563403134142530628e-07 6.206896551724138078e+01 1.775807452170098787e-38
2.444229359846687273e-07 6.206896551724138078e+01 2.219137932784964313e-38
3.821315841747502258e-07 6.206896551724138078e+01 2.772627643574513643e-38
5.974257163536547787e-07 6.206896551724138078e+01 3.466496400275365884e-38
9.340172373646522676e-07 6.206896551724138078e+01 4.335392302890759805e-38
1.460245476239042244e-06 6.206896551724138078e+01 5.434051577366176533e-38
2.282952354169575739e-06 6.206896551724138078e+01 6.794957570252985106e-38
3.569174865606782901e-06 6.206896551724138078e+01 8.526780757081460703e-38
5.580059171192390368e-06 6.206896551724138078e+01 1.070128200680625324e-37
8.723881996942955131e-06 6.206896551724138078e+01 1.338315103008736001e-37
1.363894445591021312e-05 6.206896551724138078e+01 1.681125344010832302e-37
2.132316850876592016e-05 6.206896551724138078e+01 2.110163461105869091e-37
3.333670847645394986e-05 6.206896551724138078e+01 2.648790839313663728e-37
5.211871451408407345e-05 6.206896551724138078e+01 3.338561295511693621e-37
8.148256161879867084e-05 6.206896551724138078e+01 4.200853203023094642e-37
1.273900922127918576e-04 6.206896551724138078e+01 5.312757803448079445e-37
1.991620694241847593e-04 6.206896551724138078e+01 6.732841570333681897e-37
3.113706035400827066e-04 6.206896551724138078e+01 8.506336939934243161e-37
4.867977774544171641e-04 6.206896551724138078e+01 1.080583123778278293e-36
7.610611709658538296e-04 6.206896551724138078e+01 1.376056351279362210e-36
1.189845419962200354e-03 6.206896551724138078e+01 1.754743768937029009e-36
1.860208058714039403e-03 6.206896551724138078e+01 2.234454497016510549e-36
2.908255109150721662e-03 6.206896551724138078e+01 2.840455515535394323e-36
4.546775152532265760e-03 6.206896551724138078e+01 3.579722431458840207e-36
7.108442523710327247e-03 6.206896551724138078e+01 4.451871536683941168e-36
1.111336132044076462e-02 6.206896551724138078e+01 5.456238113731539228e-36
1.737466391923549874e-02 6.206896551724138078e+01 6.556815867270647072e-36
2.716360402600592402e-02 6.206896551724138078e+01 7.766269492819525391e-36
4.246766366886432775e-02 6.206896551724138078e+01 9.185624559410677027e-36
6.639407847961335818e-02 6.206896551724138078e+01 1.122491560023345050e-35
1.038007103835326822e-01 6.206896551724138078e+01 1.438713665491157657e-35
1.622823559398361148e-01 6.206896551724138078e+01 2.087268047438237025e-35
2.537127438923734712e-01 6.206896551724138078e+01 3.228205056484818721e-34
3.966552989732381462e-01 6.206896551724138078e+01 0.000000000000000000e+00
9.999999999999999547e-08 6.827586206896552312e+01 1.489163117248416820e-38
1.563403134142530628e-07 6.827586206896552312e+01 1.858813565719312987e-38
2.444229359846687273e-07 6.827586206896552312e+01 2.332587681046741262e-38
3.821315841747502258e-07 6.827586206896552312e+01 2.913628683832824848e-38
5.974257163536547787e-07 6.827586206896552312e+01 3.647711068724766421e-38
9.340172373646522676e-07 6.827586206896552312e+01 4.562481608321179720e-38
1.460245476239042244e-06 6.827586206896552312e+01 5.714314209946682254e-38
2.282952354169575739e-06 6.827586206896552312e+01 7.158591365254345011e-38
3.569174865606782901e-06 6.827586206896552312e+01 8.956417795384929355e-38
5.580059171192390368e-06 6.827586206896552312e+01 1.120100694759516447e-37
8.723881996942955131e-06 6.827586206896552312e+01 1.403289082673006055e-37
1.363894445591021312e-05 6.827586206896552312e+01 1.762755101569401603e-37
2.132316850876592016e-05 6.827586206896552312e+01 2.209888583675283321e-37
3.333670847645394986e-05 6.827586206896552312e+01 2.777648606298415080e-37
5.211871451408407345e-05 6.827586206896552312e+01 3.475826871795520813e-37
8.148256161879867084e-05 6.827586206896552312e+01 4.387959380415450724e-37
1.273900922127918576e-04 6.827586206896552312e+01 5.525830071240799114e-37
1.991620694241847593e-04 6.827586206896552312e+01 6.952478943914507147e-37
3.113706035400827066e-04 6.827586206896552312e+01 8.773452357656278356e-37
4.867977774544171641e-04 6.827586206896552312e+01 1.109625498292517803e-36
7.610611709658538296e-04 6.827586206896552312e+01 1.399026511146213337e-36
1.189845419962200354e-03 6.827586206896552312e+01 1.770846300210525177e-36
1.860208058714039403e-03 6.827586206896552312e+01 2.235961007502669673e-36
2.908255109150721662e-03 6.827586206896552312e+01 2.808252676188760354e-36
4.546775152532265760e-03 6.827586206896552312e+01 3.499547852919257608e-36
7.108442523710327247e-03 6.827586206896552312e+01 4.278596682816000941e-36
1.111336132044076462e-02 6.827586206896552312e+01 5.148216025465173146e-36
1.737466391923549874e-02 6.827586206896552312e+01 6.089538952853209246e-36
2.716360402600592402e-02 6.827586206896552312e+01 7.098741915569879212e-36
4.246766366886432775e-02 6.827586206896552312e+01 8.357253454857348079e-36
6.639407847961335818e-02 6.827586206896552312e+01 1.011757179336654683e-35
1.038007103835326822e-01 6.827586206896552312e+01 1.286288109706239972e-35
1.622823559398361148e-01 6.827586206896552312e+01 1.971428487161994739e-35
2.537127438923734712e-01 6.827586206896552312e+01 3.264529882191564155e-34
3.966552989732381462e-01 6.827586206896552312e+01 0.000000000000000000e+00
9.999999999999999547e-08 7.448275862068965125e+01 1.544661367419186964e-38
1.563403134142530628e-07 7.448275862068965125e+01 1.933677103964401319e-38
2.444229359846687273e-07 7.448275862068965125e+01 2.417211171882113130e-38
3.821315841747502258e-07 7.448275862068965125e+01 3.030715736051956805e-38
5.974257163536547787e-07 7.448275862068965125e+01 3.778309593266730303e-38
9.340172373646522676e-07 7.448275862068965125e+01 4.733362451999429238e-38
1.460245476239042244e-06 7.448275862068965125e+01 5.907253837302461264e-38
2.282952354169575739e-06 7.448275862068965125e+01 7.402254033821868549e-38
3.569174865606782901e-06 7.448275862068965125e+01 9.275061360664008006e-38
5.580059171192390368e-06 7.448275862068965125e+01 1.161213288857733283e-37
8.723881996942955131e-06 7.448275862068965125e+01 1.451822416919808344e-37
1.363894445591021312e-05 7.448275862068965125e+01 1.822116530025536151e-37
2.132316850876592016e-05 7.448275862068965125e+01 2.278314553647043444e-37
3.333670847645394986e-05 7.448275862068965125e+01 2.862224415351592141e-37
5.211871451408407345e-05 7.448275862068965125e+01 3.585466416180489255e-37
8.148256161879867084e-05 7.448275862068965125e+01 4.505822124599565245e-37
1.273900922127918576e-04 7.448275862068965125e+01 5.658851108940565813e-37
1.991620694241847593e-04 7.448275862068965125e+01 7.107226360244240085e-37
3.113706035400827066e-04 7.448275862068965125e+01 8.921483920606674936e-37
4.867977774544171641e-04 7.448275862068965125e+01 1.126805868721194989e-36
7.610611709658538296e-04 7.448275862068965125e+01 1.408745324897206082e-36
1.189845419962200354e-03 7.448275862068965125e+01 1.769648489462985563e-36
1.860208058714039403e-03 7.448275862068965125e+01 2.209210616511769871e-36
2.908255109150721662e-03 7.448275862068965125e+01 2.745437633714358757e-36
4.546775152532265760e-03 7.448275862068965125e+01 3.376299087405230805e-36
7.108442523710327247e-03 7.448275862068965125e+01 4.076041158239799682e-36
1.111336132044076462e-02 7.448275862068965125e+01 4.825117481103136019e-36
1.737466391923549874e-02 7.448275862068965125e+01 5.620323387931417801e-36
2.716360402600592402e-02 7.448275862068965125e+01 6.501897774192178026e-36
4.246766366886432775e-02 7.448275862068965125e+01 7.604425019253865531e-36
6.639407847961335818e-02 7.448275862068965125e+01 9.128100018558874924e-36
1.038007103835326822e-01 7.448275862068965125e+01 1.146623953284651013e-35
1.622823559398361148e-01 7.448275862068965125e+01 2.047855020932615303e-35
2.537127438923734712e-01 7.448275862068965125e+01 2.934453223928179213e-34
3.966552989732381462e-01 7.448275862068965125e+01 0.000000000000000000e+00
9.999999999999999547e-08 8.068965517241380780e+01 1.584024568535189065e-38
1.563403134142530628e-07 8.068965517241380780e+01 1.981657902214165074e-38
2.444229359846687273e-07 8.068965517241380780e+01 2.483068513706205657e-38
3.821315841747502258e-07 8.068965517241380780e+01 3.091847894198222173e-38
5.974257163536547787e-07 8.068965517241380780e+01 3.872717845518064194e-38
9.340172373646522676e-07 8.068965517241380780e+01 4.834205426345326514e-38
1.460245476239042244e-06 8.068965517241380780e+01 6.039866154500607024e-38
2.282952354169575739e-06 8.068965517241380780e+01 7.534975067011200464e-38
3.569174865606782901e-06 8.068965517241380780e+01 9.475849746637118749e-38
5.580059171192390368e-06 8.068965517241380780e+01 1.189155116559261656e-37
8.723881996942955131e-06 8.068965517241380780e+01 1.484989826576747319e-37
1.363894445591021312e-05 8.068965517241380780e+01 1.856322383251514436e-37
2.132316850876592016e-05 8.068965517241380780e+01 2.322092340410088733e-37
3.333670847645394986e-05 8.068965517241380780e+01 2.908600525407299842e-37
5.211871451408407345e-05 8.068965517241380780e+01 3.637912358831590192e-37
8.148256161879867084e-05 8.068965517241380780e+01 4.562228775368089602e-37
1.273900922127918576e-04 8.068965517241380780e+01 5.743786044877034369e-37
1.991620694241847593e-04 8.068965517241380780e+01 7.182569646928251111e-37
3.113706035400827066e-04 8.068965517241380780e+01 8.967326206720970156e-37
4.867977774544171641e-04 8.068965517241380780e+01 1.124663382119166126e-36
7.610611709658538296e-04 8.068965517241380780e+01 1.402723276545352535e-36
1.189845419962200354e-03 8.068965517241380780e+01 1.742935035504398440e-36
1.860208058714039403e-03 8.068965517241380780e+01 2.156421720386249243e-36
2.908255109150721662e-03 8.068965517241380780e+01 2.658992556594796424e-36
4.546775152532265760e-03 8.068965517241380780e+01 3.220893712620517672e-36
7.108442523710327247e-03 8.068965517241380780e+01 3.834656526328360325e-36
1.111336132044076462e-02 8.068965517241380780e+01 4.492274222385772254e-36
1.737466391923549874e-02 8.068965517241380780e+01 5.186802313346168101e-36
2.716360402600592402e-02 8.068965517241380780e+01 5.957821370958938396e-36
4.246766366886432775e-02 8.068965517241380780e+01 6.891340682158515899e-36
6.639407847961335818e-02 8.068965517241380780e+01 8.246304430442191558e-36
1.038007103835326822e-01 8.068965517241380780e+01 1.024414915375937396e-35
1.622823559398361148e-01 8.068965517241380780e+01 2.307536054260427116e-35
2.537127438923734712e-01 8.068965517241380780e+01 2.454087759428707587e-34
3.966552989732381462e-01 8.068965517241380780e+01 0.000000000000000000e+00
9.999999999999999547e-08 8.689655172413793593e+01 1.593308881748808216e-38
1.563403134142530628e-07 8.689655172413793593e+01 2.000155353072786734e-38
2.444229359846687273e-07 8.689655172413793593e+01 2.504837845711730566e-38
3.821315841747502258e-07 8.689655172413793593e+01 3.128672535947120936e-38
5.974257163536547787e-07 8.689655172413793593e+01 3.910158605097743534e-38
9.340172373646522676e-07 8.689655172413793593e+01 4.898635532915673785e-38
1.460245476239042244e-06 8.689655172413793593e+01 6.119970241664716071e-38
2.282952354169575739e-06 8.689655172413793593e+01 7.644546984023156857e-38
3.569174865606782901e-06 8.689655172413793593e+01 9.581065885953560555e-38
5.580059171192390368e-06 8.689655172413793593e+01 1.198298412086878501e-37
8.723881996942955131e-06 8.689655172413793593e+01 1.493671346570991197e-37
1.363894445591021312e-05 8.689655172413793593e+01 1.869630913902443163e-37
2.132316850876592016e-05 8.689655172413793593e+01 2.337925492842683852e-37
3.333670847645394986e-05 8.689655172413793593e+01 2.927684584220878932e-37
5.211871451408407345e-05 8.689655172413793593e+01 3.658856412981929251e-37
8.148256161879867084e-05 8.689655172413793593e+01 4.575641088369773762e-37
1.273900922127918576e-04 8.689655172413793593e+01 5.724174592588082701e-37
1.991620694241847593e-04 8.689655172413793593e+01 7.136810385030817828e-37
3.113706035400827066e-04 8.689655172413793593e+01 8.918446255638424496e-37
4.867977774544171641e-04 8.689655172413793593e+01 1.109832918494815562e-36
7.610611709658538296e-04 8.689655172413793593e+01 1.376016626992505449e-36
1.189845419962200354e-03 8.689655172413793593e+01 1.704166765549164710e-36
1.860208058714039403e-03 8.689655172413793593e+01 2.087139562806682451e-36
2.908255109150721662e-03 8.689655172413793593e+01 2.542111528481983815e-36
4.546775152532265760e-03 8.689655172413793593e+01 3.039969070530696490e-36
7.108442523710327247e-03 8.689655172413793593e+01 3.598073539711106230e-36
1.111336132044076462e-02 8.689655172413793593e+01 4.168595635535065529e-36
1.737466391923549874e-02 8.689655172413793593e+01 4.757353253430695206e-36
2.716360402600592402e-02 8.689655172413793593e+01 5.424053456621480731e-36
4.246766366886432775e-02 8.689655172413793593e+01 6.260841826065350973e-36
6.639407847961335818e-02 8.689655172413793593e+01 7.420140338760102676e-36
1.038007103835326822e-01 8.689655172413793593e+01 9.195641150783679142e-36
1.622823559398361148e-01 8.689655172413793593e+01 2.736262952934935785e-35
2.537127438923734712e-01 8.689655172413793593e+01 1.989012428766516656e-34
3.966552989732381462e-01 8.689655172413793593e+01 0.000000000000000000e+00
9.999999999999999547e-08 9.310344827586206407e+01 1.597579846495052254e-38
1.563403134142530628e-07 9.310344827586206407e+01 1.998230937893209460e-38
2.444229359846687273e-07 9.310344827586206407e+01 2.503089936675391507e-38
3.821315841747502258e-07 9.310344827586206407e+01 3.125104074614286186e-38
5.974257163536547787e-07 9.310344827586206407e+01 3.902265691562752095e-38
9.340172373646522676e-07 9.310344827586206407e+01 4.885755558455212664e-38
1.460245476239042244e-06 9.310344827586206407e+01 6.090914788667648290e-38
2.282952354169575739e-06 9.310344827586206407e+01 7.634403736643931025e-38
3.569174865606782901e-06 9.310344827586206407e+01 9.554005951439349112e-38
5.580059171192390368e-06 9.310344827586206407e+01 1.193776755614191639e-37
8.723881996942955131e-06 9.310344827586206407e+01 1.493257186059182162e-37
1.363894445591021312e-05 9.310344827586206407e+01 1.863824420654452384e-37
2.132316850876592016e-05 9.310344827586206407e+01 2.328083772997264918e-37
3.333670847645394986e-05 9.310344827586206407e+01 2.908025297587977121e-37
5.211871451408407345e-05 9.310344827586206407e+01 3.633235037502869249e-37
8.148256161879867084e-05 9.310344827586206407e+01 4.537943862018529600e-37
1.273900922127918576e-04 9.310344827586206407e+01 5.642375604097158227e-37
1.991620694241847593e-04 9.310344827586206407e+01 7.033278255900193641e-37
3.113706035400827066e-04 9.310344827586206407e+01 8.750461299938347263e-37
4.867977774544171641e-04 9.310344827586206407e+01 1.084418302396161264e-36
7.610611709658538296e-04 9.310344827586206407e+01 1.337230697242309342e-36
1.189845419962200354e-03 9.310344827586206407e+01 1.641871011766165448e-36
1.860208058714039403e-03 9.310344827586206407e+01 2.000210762389569553e-36
2.908255109150721662e-03 9.310344827586206407e+01 2.411651676624372017e-36
4.546775152532265760e-03 9.310344827586206407e+01 2.860562819027183042e-36
7.108442523710327247e-03 9.310344827586206407e+01 3.338593569386894749e-36
1.111336132044076462e-02 9.310344827586206407e+01 3.844481542729856643e-36
1.737466391923549874e-02 9.310344827586206407e+01 4.366693933795645191e-36
2.716360402600592402e-02 9.310344827586206407e+01 4.935621033868138272e-36
4.246766366886432775e-02 9.310344827586206407e+01 5.672791327120702325e-36
6.639407847961335818e-02 9.310344827586206407e+01 6.698257681735789450e-36
1.038007103835326822e-01 9.310344827586206407e+01 8.259213751246154868e-36
1.622823559398361148e-01 9.310344827586206407e+01 3.267776159431097781e-35
2.537127438923734712e-01 9.310344827586206407e+01 1.585468164952159677e-34
3.966552989732381462e-01 9.310344827586206407e+01 0.000000000000000000e+00
9.999999999999999547e-08 9.931034482758620641e+01 1.574646368591602722e-38
1.563403134142530628e-07 9.931034482758620641e+01 1.972972192111386478e-38
2.444229359846687273e-07 9.931034482758620641e+01 2.473904743024222991e-38
3.821315841747502258e-07 9.931034482758620641e+01 3.086131714455246332e-38
5.974257163536547787e-07 9.931034482758620641e+01 3.855134798081068302e-38
9.340172373646522676e-07 9.931034482758620641e+01 4.810028845584345658e-38
1.460245476239042244e-06 9.931034482758620641e+01 6.024952470157965735e-38
2.282952354169575739e-06 9.931034482758620641e+01 7.534739338194989041e-38
3.569174865606782901e-06 9.931034482758620641e+01 9.425591860407123550e-38
5.580059171192390368e-06 9.931034482758620641e+01 1.176155848643491122e-37
8.723881996942955131e-06 9.931034482758620641e+01 1.469774047356470602e-37
1.363894445591021312e-05 9.931034482758620641e+01 1.833194653411678088e-37
2.132316850876592016e-05 9.931034482758620641e+01 2.293183366321656710e-37
3.333670847645394986e-05 9.931034482758620641e+01 2.857727300959854911e-37
5.211871451408407345e-05 9.931034482758620641e+01 3.557906229559183341e-37
8.148256161879867084e-05 9.931034482758620641e+01 4.432957957794162830e-37
1.273900922127918576e-04 9.931034482758620641e+01 5.513329681391160131e-37
1.991620694241847593e-04 9.931034482758620641e+01 6.853138246597465535e-37
3.113706035400827066e-04 9.931034482758620641e+01 8.478355363477225437e-37
4.867977774544171641e-04 9.931034482758620641e+01 1.043840532037090677e-36
7.610611709658538296e-04 9.931034482758620641e+01 1.283762780275940384e-36
1.189845419962200354e-03 9.931034482758620641e+01 1.567447862127171200e-36
1.860208058714039403e-03 9.931034482758620641e+01 1.897364399607796498e-36
2.908255109150721662e-03 9.931034482758620641e+01 2.265998442057702884e-36
4.546775152532265760e-03 9.931034482758620641e+01 2.669298834781978915e-36
7.108442523710327247e-03 9.931034482758620641e+01 3.088201376109138675e-36
1.111336132044076462e-02 9.931034482758620641e+01 3.530258311130648378e-36
1.737466391923549874e-02 9.931034482758620641e+01 3.964357018125116185e-36
2.716360402600592402e-02 9.931034482758620641e+01 4.483747790343350653e-36
4.246766366886432775e-02 9.931034482758620641e+01 5.124071053095948887e-36
6.639407847961335818e-02 9.931034482758620641e+01 6.014056868897882049e-36
1.038007103835326822e-01 9.931034482758620641e+01 7.431953458108510630e-36
1.622823559398361148e-01 9.931034482758620641e+01 3.831254899611702747e-35
2.537127438923734712e-01 9.931034482758620641e+01 1.246050009459846343e-34
3.966552989732381462e-01 9.931034482758620641e+01 0.000000000000000000e+00
9.999999999999999547e-08 1.055172413793103630e+02 1.543907572100246396e-38
1.563403134142530628e-07 1.055172413793103630e+02 1.925330334612508898e-38
2.444229359846687273e-07 1.055172413793103630e+02 2.409198605282776986e-38
3.821315841747502258e-07 1.055172413793103630e+02 3.014152180542329284e-38
5.974257163536547787e-07 1.055172413793103630e+02 3.774257965579485653e-38
9.340172373646522676e-07 1.055172413793103630e+02 4.705093567470973979e-38
1.460245476239042244e-06 1.055172413793103630e+02 5.880397682651245017e-38
2.282952354169575739e-06 1.055172413793103630e+02 7.334278396817875537e-38
3.569174865606782901e-06 1.055172413793103630e+02 9.187020804073981608e-38
5.580059171192390368e-06 1.055172413793103630e+02 1.147337795844209208e-37
8.723881996942955131e-06 1.055172413793103630e+02 1.429956648998096366e-37
1.363894445591021312e-05 1.055172413793103630e+02 1.784820686963839890e-37
2.132316850876592016e-05 1.055172413793103630e+02 2.223875809796609153e-37
3.333670847645394986e-05 1.055172413793103630e+02 2.769509527599382062e-37
5.211871451408407345e-05 1.055172413793103630e+02 3.443440623249667617e-37
8.148256161879867084e-05 1.055172413793103630e+02 4.281771456262466984e-37
1.273900922127918576e-04 1.055172413793103630e+02 5.306929283213036079e-37
1.991620694241847593e-04 1.055172413793103630e+02 6.582634946889916496e-37
3.113706035400827066e-04 1.055172413793103630e+02 8.132649209242239061e-37
4.867977774544171641e-04 1.055172413793103630e+02 9.976200970497220560e-37
7.610611709658538296e-04 1.055172413793103630e+02 1.223814480022908792e-36
1.189845419962200354e-03 1.055172413793103630e+02 1.480549438580065788e-36
1.860208058714039403e-03 1.055172413793103630e+02 1.779533036391561374e-36
2.908255109150721662e-03 1.055172413793103630e+02 2.112483941357768104e-36
4.546775152532265760e-03 1.055172413793103630e+02 2.463062286189936282e-36
7.108442523710327247e-03 1.055172413793103630e+02 2.839720651523834088e-36
1.111336132044076462e-02 1.055172413793103630e+02 3.224610605748479902e-36
1.737466391923549874e-02 1.055172413793103630e+02 3.605269230375923029e-36
2.716360402600592402e-02 1.055172413793103630e+02 4.056268551781307614e-36
4.246766366886432775e-02 1.055172413793103630e+02 4.631072553211331767e-36
6.639407847961335818e-02 1.055172413793103630e+02 5.382735731886370351e-36
1.038007103835326822e-01 1.055172413793103630e+02 6.697220366535920222e-36
1.622823559398361148e-01 1.055172413793103630e+02 4.344901756370864540e-35
2.537127438923734712e-01 1.055172413793103630e+02 9.619993912384426398e-35
3.966552989732381462e-01 1.055172413793103630e+02 0.000000000000000000e+00
9.999999999999999547e-08 1.117241379310344911e+02 1.486805691469530487e-38
1.563403134142530628e-07 1.117241379310344911e+02 1.855838240456362793e-38
2.444229359846687273e-07 1.117241379310344911e+02 2.315675314565833546e-38
3.821315841747502258e-07 1.117241379310344911e+02 2.903044295896615196e-38
5.974257163536547787e-07 1.117241379310344911e+02 3.633185766876736049e-38
9.340172373646522676e-07 1.117241379310344911e+02 4.536091106818707251e-38
1.460245476239042244e-06 1.117241379310344911e+02 5.666821709993384920e-38
2.282952354169575739e-06 1.117241379310344911e+02 7.086542876771089251e-38
3.569174865606782901e-06 1.117241379310344911e+02 8.811682103228268477e-38
5.580059171192390368e-06 1.117241379310344911e+02 1.102663640274263454e-37
8.723881996942955131e-06 1.117241379310344911e+02 1.375056091465113648e-37
1.363894445591021312e-05 1.117241379310344911e+02 1.712764626652438253e-37
2.132316850876592016e-05 1.117241379310344911e+02 2.131255189005527832e-37
3.333670847645394986e-05 1.117241379310344911e+02 2.656926772949307865e-37
5.211871451408407345e-05 1.117241379310344911e+02 3.297648007713103955e-37
8.148256161879867084e-05 1.117241379310344911e+02 4.100814618769746235e-37
1.273900922127918576e-04 1.117241379310344911e+02 5.066179928648854694e-37
1.991620694241847593e-04 1.117241379310344911e+02 6.274661592840387984e-37
3.113706035400827066e-04 1.117241379310344911e+02 7.705654224833933612e-37
4.867977774544171641e-04 1.117241379310344911e+02 9.427534637592919321e-37
7.610611709658538296e-04 1.117241379310344911e+02 1.146904358569179245e-36
1.189845419962200354e-03 1.117241379310344911e+02 1.384669144155290501e-36
1.860208058714039403e-03 1.117241379310344911e+02 1.652149656868219868e-36
2.908255109150721662e-03 1.117241379310344911e+02 1.946503993207146106e-36
4.546775152532265760e-03 1.117241379310344911e+02 2.268987778169867135e-36
7.108442523710327247e-03 1.117241379310344911e+02 2.582788591006496778e-36
1.111336132044076462e-02 1.117241379310344911e+02 2.915169819670182007e-36
1.737466391923549874e-02 1.117241379310344911e+02 3.249863129535103987e-36
2.716360402600592402e-02 1.117241379310344911e+02 3.646579455155790659e-36
4.246766366886432775e-02 1.117241379310344911e+02 4.138063498057156834e-36
6.639407847961335818e-02 1.117241379310344911e+02 4.811473823070332016e-36
1.038007103835326822e-01 1.117241379310344911e+02 6.091988546523604531e-36
1.622823559398361148e-01 1.117241379310344911e+02 4.717728762055435910e-35
2.537127438923734712e-01 1.117241379310344911e+02 7.286094626959227082e-35
3.966552989732381462e-01 1.117241379310344911e+02 0.000000000000000000e+00
9.999999999999999547e-08 1.179310344827586192e+02 1.415866159250433621e-38
1.563403134142530628e-07 1.179310344827586192e+02 1.764822471134972625e-38
2.444229359846687273e-07 1.179310344827586192e+02 2.199288751478510126e-38
3.821315841747502258e-07 1.179310344827586192e+02 2.754768149128366763e-38
5.974257163536547787e-07 1.179310344827586192e+02 3.441924082544610006e-38
9.340172373646522676e-07 1.179310344827586192e+02 4.308963295420993063e-38
1.460245476239042244e-06 1.179310344827586192e+02 5.379437996622588914e-38
2.282952354169575739e-06 1.179310344827586192e+02 6.708041112331539144e-38
3.569174865606782901e-06 1.179310344827586192e+02 8.371823178450846249e-38
5.580059171192390368e-06 1.179310344827586192e+02 1.044715526202233297e-37
8.723881996942955131e-06 1.179310344827586192e+02 1.303096746717013066e-37
1.363894445591021312e-05 1.179310344827586192e+02 1.624081500234054165e-37
2.132316850876592016e-05 1.179310344827586192e+02 2.019111052566957549e-37
3.333670847645394986e-05 1.179310344827586192e+02 2.515763356063128914e-37
5.211871451408407345e-05 1.179310344827586192e+02 3.120341014885934742e-37
8.148256161879867084e-05 1.179310344827586192e+02 3.866158758057605862e-37
1.273900922127918576e-04 1.179310344827586192e+02 4.765594807593836803e-37
1.991620694241847593e-04 1.179310344827586192e+02 5.883892603646207278e-37
3.113706035400827066e-04 1.179310344827586192e+02 7.207063553037383383e-37
4.867977774544171641e-04 1.179310344827586192e+02 8.778342360374302815e-37
7.610611709658538296e-04 1.179310344827586192e+02 1.067094074957322064e-36
1.189845419962200354e-03 1.179310344827586192e+02 1.277833588111203344e-36
1.860208058714039403e-03 1.179310344827586192e+02 1.519491083519796695e-36
2.908255109150721662e-03 1.179310344827586192e+02 1.784287973851113185e-36
4.546775152532265760e-03 1.179310344827586192e+02 2.052767936735879807e-36
7.108442523710327247e-03 1.179310344827586192e+02 2.338229911052698500e-36
1.111336132044076462e-02 1.179310344827586192e+02 2.622876485947228956e-36
1.737466391923549874e-02 1.179310344827586192e+02 2.920913538658114833e-36
2.716360402600592402e-02 1.179310344827586192e+02 3.264620677072066787e-36
4.246766366886432775e-02 1.179310344827586192e+02 3.682183248292368192e-36
6.639407847961335818e-02 1.179310344827586192e+02 4.258297662978118053e-36
1.038007103835326822e-01 1.179310344827586192e+02 5.659638552207218813e-36
1.622823559398361148e-01 1.179310344827586192e+02 4.865768459970529838e-35
2.537127438923734712e-01 1.179310344827586192e+02 5.488789502004460746e-35
3.966552989732381462e-01 1.179310344827586192e+02 0.000000000000000000e+00
9.999999999999999547e-08 1.241379310344827616e+02 1.321063211042447591e-38
1.563403134142530628e-07 1.241379310344827616e+02 1.651313753533121681e-38
2.444229359846687273e-07 1.241379310344827616e+02 2.068735756602076870e-38
3.821315841747502258e-07 1.241379310344827616e+02 2.582744744017881646e-38
5.974257163536547787e-07 1.241379310344827616e+02 3.217664642551962556e-38
9.340172373646522676e-07 1.241379310344827616e+02 4.024458108121715880e-38
1.460245476239042244e-06 1.241379310344827616e+02 5.022276792123428746e-38
2.282952354169575739e-06 1.241379310344827616e+02 6.297407893667509054e-38
3.569174865606782901e-06 1.241379310344827616e+02 7.826124318540872849e-38
5.580059171192390368e-06 1.241379310344827616e+02 9.771916187170103639e-38
8.723881996942955131e-06 1.241379310344827616e+02 1.216901864854974517e-37
1.363894445591021312e-05 1.241379310344827616e+02 1.516827580909020941e-37
2.132316850876592016e-05 1.241379310344827616e+02 1.885414856700803999e-37
3.333670847645394986e-05 1.241379310344827616e+02 2.341355907298811980e-37
5.211871451408407345e-05 1.241379310344827616e+02 2.902366109163129991e-37
8.148256161879867084e-05 1.241379310344827616e+02 3.586878192621306224e-37
1.273900922127918576e-04 1.241379310344827616e+02 4.416801592407369689e-37
1.991620694241847593e-04 1.241379310344827616e+02 5.447076179825259384e-37
3.113706035400827066e-04 1.241379310344827616e+02 6.647676187500912854e-37
4.867977774544171641e-04 1.241379310344827616e+02 8.106882274466697791e-37
7.610611709658538296e-04 1.241379310344827616e+02 9.754374040655289997e-37
1.189845419962200354e-03 1.241379310344827616e+02 1.165114335041401910e-36
1.860208058714039403e-03 1.241379310344827616e+02 1.379518682783682609e-36
2.908255109150721662e-03 1.241379310344827616e+02 1.609855408126504988e-36
4.546775152532265760e-03 1.241379310344827616e+02 1.844186425058202071e-36
7.108442523710327247e-03 1.241379310344827616e+02 2.093848854777722327e-36
1.111336132044076462e-02 1.241379310344827616e+02 2.336769623410688312e-36
1.737466391923549874e-02 1.241379310344827616e+02 2.591178879503002517e-36
2.716360402600592402e-02 1.241379310344827616e+02 2.891134577392830852e-36
4.246766366886432775e-02 1.241379310344827616e+02 3.260987661675053298e-36
6.639407847961335818e-02 1.241379310344827616e+02 3.752201562338953235e-36
1.038007103835326822e-01 1.241379310344827616e+02 5.268218545575651574e-36
1.622823559398361148e-01 1.241379310344827616e+02 4.804520848657275379e-35
2.537127438923734712e-01 1.241379310344827616e+02 4.118126027673110758e-35
3.966552989732381462e-01 1.241379310344827616e+02 0.000000000000000000e+00
9.999999999999999547e-08 1.303448275862068897e+02 1.217342217896553315e-38
1.563403134142530628e-07 1.303448275862068897e+02 1.521604791445957333e-38
2.444229359846687273e-07 1.303448275862068897e+02 1.904533836711539252e-38
3.821315841747502258e-07 1.303448275862068897e+02 2.378222696268063961e-38
5.974257163536547787e-07 1.303448275862068897e+02 2.967486667419507895e-38
9.340172373646522676e-07 1.303448275862068897e+02 3.701744822351533892e-38
1.460245476239042244e-06 1.303448275862068897e+02 4.630025669454236427e-38
2.282952354169575739e-06 1.303448275862068897e+02 5.780876265420219657e-38
3.569174865606782901e-06 1.303448275862068897e+02 7.198688193486964731e-38
5.580059171192390368e-06 1.303448275862068897e+02 8.979879262180817699e-38
8.723881996942955131e-06 1.303448275862068897e+02 1.118245945027461036e-37
1.363894445591021312e-05 1.303448275862068897e+02 1.391419862176694364e-37
2.132316850876592016e-05 1.303448275862068897e+02 1.731836465297914603e-37
3.333670847645394986e-05 1.303448275862068897e+02 2.149343260722848079e-37
5.211871451408407345e-05 1.303448275862068897e+02 2.654470696620638961e-37
8.148256161879867084e-05 1.303448275862068897e+02 3.283694845031921371e-37
1.273900922127918576e-04 1.303448275862068897e+02 4.044067845019307208e-37
1.991620694241847593e-04 1.303448275862068897e+02 4.954360395601293700e-37
3.113706035400827066e-04 1.303448275862068897e+02 6.027724618138037055e-37
4.867977774544171641e-04 1.303448275862068897e+02 7.324423123373438923e-37
7.610611709658538296e-04 1.303448275862068897e+02 8.798304813457303797e-37
1.189845419962200354e-03 1.303448275862068897e+02 1.047344739962636171e-36
1.860208058714039403e-03 1.303448275862068897e+02 1.234857372857806873e-36
2.908255109150721662e-03 1.303448275862068897e+02 1.435047807556811403e-36
4.546775152532265760e-03 1.303448275862068897e+02 1.640239194284659995e-36
7.108442523710327247e-03 1.303448275862068897e+02 1.851871808976788906e-36
1.111336132044076462e-02 1.303448275862068897e+02 2.056049299668144070e-36
1.737466391923549874e-02 1.303448275862068897e+02 2.272425642350827959e-36
2.716360402600592402e-02 1.303448275862068897e+02 2.533836993618636934e-36
4.246766366886432775e-02 1.303448275862068897e+02 2.850325850186945570e-36
6.639407847961335818e-02 1.303448275862068897e+02 3.266067609211927196e-36
1.038007103835326822e-01 1.303448275862068897e+02 4.970359730011622799e-36
1.622823559398361148e-01 1.303448275862068897e+02 4.539879049042644538e-35
2.537127438923734712e-01 1.303448275862068897e+02 3.066158661618279970e-35
3.966552989732381462e-01 1.303448275862068897e+02 0.000000000000000000e+00
9.999999999999999547e-08 1.365517241379310462e+02 1.097931869775396427e-38
1.563403134142530628e-07 1.365517241379310462e+02 1.374150707800488746e-38
2.444229359846687273e-07 1.365517241379310462e+02 1.718983226599940367e-38
3.821315841747502258e-07 1.365517241379310462e+02 2.144070880832307357e-38
5.974257163536547787e-07 1.365517241379310462e+02 2.676378559002354568e-38
9.340172373646522676e-07 1.365517241379310462e+02 3.345079673304926930e-38
1.460245476239042244e-06 1.365517241379310462e+02 4.171210882832561438e-38
2.282952354169575739e-06 1.365517241379310462e+02 5.199894610432639818e-38
3.569174865606782901e-06 1.365517241379310462e+02 6.488901004337566762e-38
5.580059171192390368e-06 1.365517241379310462e+02 8.071108662697602457e-38
8.723881996942955131e-06 1.365517241379310462e+02 1.006738444196653674e-37
1.363894445591021312e-05 1.365517241379310462e+02 1.252055460936367936e-37
2.132316850876592016e-05 1.365517241379310462e+02 1.554445099326490038e-37
3.333670847645394986e-05 1.365517241379310462e+02 1.928555550560923835e-37
5.211871451408407345e-05 1.365517241379310462e+02 2.384083501684932028e-37
8.148256161879867084e-05 1.365517241379310462e+02 2.943513455159058443e-37
1.273900922127918576e-04 1.365517241379310462e+02 3.610616246304109140e-37
1.991620694241847593e-04 1.365517241379310462e+02 4.424858291096063213e-37
3.113706035400827066e-04 1.365517241379310462e+02 5.383605443919535027e-37
4.867977774544171641e-04 1.365517241379310462e+02 6.507305152226756008e-37
7.610611709658538296e-04 1.365517241379310462e+02 7.809337281126518813e-37
1.189845419962200354e-03 1.365517241379310462e+02 9.264862745438620940e-37
1.860208058714039403e-03 1.365517241379310462e+02 1.085118443845200138e-36
2.908255109150721662e-03 1.365517241379310462e+02 1.261271547579843598e-36
4.546775152532265760e-03 1.365517241379310462e+02 1.435129975798604349e-36
7.108442523710327247e-03 1.365517241379310462e+02 1.609260069085656022e-36
1.111336132044076462e-02 1.365517241379310462e+02 1.792137914271970971e-36
1.737466391923549874e-02 1.365517241379310462e+02 1.972794964781462270e-36
2.716360402600592402e-02 1.365517241379310462e+02 2.194474453673547289e-36
4.246766366886432775e-02 1.365517241379310462e+02 2.460891550728713696e-36
6.639407847961335818e-02 1.365517241379310462e+02 2.808407869704858691e-36
1.038007103835326822e-01 1.365517241379310462e+02 4.668606975078081402e-36
1.622823559398361148e-01 1.365517241379310462e+02 4.109108731532268713e-35
2.537127438923734712e-01 1.365517241379310462e+02 2.273939075675720821e-35
3.966552989732381462e-01 1.365517241379310462e+02 0.000000000000000000e+00
9.999999999999999547e-08 1.427586206896551744e+02 9.646027304528436298e-39
1.563403134142530628e-07 1.427586206896551744e+02 1.208604874644451693e-38
2.444229359846687273e-07 1.427586206896551744e+02 1.507218927620322812e-38
3.821315841747502258e-07 1.427586206896551744e+02 1.887546011338909958e-38
5.974257163536547787e-07 1.427586206896551744e+02 2.355381198565020857e-38
9.340172373646522676e-07 1.427586206896551744e+02 2.939525103229601284e-38
1.460245476239042244e-06 1.427586206896551744e+02 3.660046139199543528e-38
2.282952354169575739e-06 1.427586206896551744e+02 4.583724174746467391e-38
3.569174865606782901e-06 1.427586206896551744e+02 5.713353995151715503e-38
5.580059171192390368e-06 1.427586206896551744e+02 7.095921983509802981e-38
8.723881996942955131e-06 1.427586206896551744e+02 8.838768228026915804e-38
1.363894445591021312e-05 1.427586206896551744e+02 1.100828762399562429e-37
2.132316850876592016e-05 1.427586206896551744e+02 1.364681175988985296e-37
3.333670847645394986e-05 1.427586206896551744e+02 1.686305908102277741e-37
5.211871451408407345e-05 1.427586206896551744e+02 2.085127157347847176e-37
8.148256161879867084e-05 1.427586206896551744e+02 2.569243172534407978e-37
1.273900922127918576e-04 1.427586206896551744e+02 3.161191117644344513e-37
1.991620694241847593e-04 1.427586206896551744e+02 3.852307460842489819e-37
3.113706035400827066e-04 1.427586206896551744e+02 4.682050019964126495e-37
4.867977774544171641e-04 1.427586206896551744e+02 5.670613795697243135e-37
7.610611709658538296e-04 1.427586206896551744e+02 6.766286954803644044e-37
1.189845419962200354e-03 1.427586206896551744e+02 8.007800464493908177e-37
1.860208058714039403e-03 1.427586206896551744e+02 9.375313933862874016e-37
2.908255109150721662e-03 1.427586206896551744e+02 1.080136967800264206e-36
4.546775152532265760e-03 1.427586206896551744e+02 1.227242422657099008e-36
7.108442523710327247e-03 1.427586206896551744e+02 1.374988214499920704e-36
1.111336132044076462e-02 1.427586206896551744e+02 1.524702486277088499e-36
1.737466391923549874e-02 1.427586206896551744e+02 1.677088332724612788e-36
2.716360402600592402e-02 1.427586206896551744e+02 1.856024082848369875e-36
4.246766366886432775e-02 1.427586206896551744e+02 2.086085972215530561e-36
6.639407847961335818e-02 1.427586206896551744e+02 2.368609561495919918e-36
1.038007103835326822e-01 1.427586206896551744e+02 4.253910780439461165e-36
1.622823559398361148e-01 1.427586206896551744e+02 3.587575498368009409e-35
2.537127438923734712e-01 1.427586206896551744e+02 1.666616126729597362e-35
3.966552989732381462e-01 1.427586206896551744e+02 0.000000000000000000e+00
9.999999999999999547e-08 1.489655172413793025e+02 8.232571574804474797e-39
1.563403134142530628e-07 1.489655172413793025e+02 1.027342307394551858e-38
2.444229359846687273e-07 1.489655172413793025e+02 1.284274471723508340e-38
3.821315841747502258e-07 1.489655172413793025e+02 1.605908141586966597e-38
5.974257163536547787e-07 1.489655172413793025e+02 2.005297446878928002e-38
9.340172373646522676e-07 1.489655172413793025e+02 2.500285240407269614e-38
1.460245476239042244e-06 1.489655172413793025e+02 3.123327672877354388e-38
2.282952354169575739e-06 1.489655172413793025e+02 3.889842202944188259e-38
3.569174865606782901e-06 1.489655172413793025e+02 4.852124994843975747e-38
5.580059171192390368e-06 1.489655172413793025e+02 6.044463288090096617e-38
8.723881996942955131e-06 1.489655172413793025e+02 7.527710262979790698e-38
1.363894445591021312e-05 1.489655172413793025e+02 9.354728981009508975e-38
2.132316850876592016e-05 1.489655172413793025e+02 1.161440016639244581e-37
3.333670847645394986e-05 1.489655172413793025e+02 1.435444974882628284e-37
5.211871451408407345e-05 1.489655172413793025e+02 1.766575112430200725e-37
8.148256161879867084e-05 1.489655172413793025e+02 2.177524423314507749e-37
1.273900922127918576e-04 1.489655172413793025e+02 2.670917588618077609e-37
1.991620694241847593e-04 1.489655172413793025e+02 3.262221169310076502e-37
3.113706035400827066e-04 1.489655172413793025e+02 3.953766984615139891e-37
4.867977774544171641e-04 1.489655172413793025e+02 4.765917639952265711e-37
7.610611709658538296e-04 1.489655172413793025e+02 5.693847778756287778e-37
1.189845419962200354e-03 1.489655172413793025e+02 6.708171258103061969e-37
1.860208058714039403e-03 1.489655172413793025e+02 7.832372723665683989e-37
2.908255109150721662e-03 1.489655172413793025e+02 9.024733030034035427e-37
4.546775152532265760e-03 1.489655172413793025e+02 1.021307976831494994e-36
7.108442523710327247e-03 1.489655172413793025e+02 1.136317580232726740e-36
1.111336132044076462e-02 1.489655172413793025e+02 1.260815152521271034e-36
1.737466391923549874e-02 1.489655172413793025e+02 1.390138508426947462e-36
2.716360402600592402e-02 1.489655172413793025e+02 1.536906349360799948e-36
4.246766366886432775e-02 1.489655172413793025e+02 1.718013630728448373e-36
6.639407847961335818e-02 1.489655172413793025e+02 1.952223225656505407e-36
1.038007103835326822e-01 1.489655172413793025e+02 3.823522085396565726e-36
1.622823559398361148e-01 1.489655172413793025e+02 2.992403481099202012e-35
2.537127438923734712e-01 1.489655172413793025e+02 1.204606219787314207e-35
3.966552989732381462e-01 1.489655172413793025e+02 0.000000000000000000e+00
9.999999999999999547e-08 1.551724137931034591e+02 6.710929875240584773e-39
1.563403134142530628e-07 1.551724137931034591e+02 8.380866531383752704e-39
2.444229359846687273e-07 1.551724137931034591e+02 1.047835571763200598e-38
3.821315841747502258e-07 1.551724137931034591e+02 1.309512673641905128e-38
5.974257163536547787e-07 1.551724137931034591e+02 1.634408563622370500e-38
9.340172373646522676e-07 1.551724137931034591e+02 2.037077298104734363e-38
1.460245476239042244e-06 1.551724137931034591e+02 2.544193563223139651e-38
2.282952354169575739e-06 1.551724137931034591e+02 3.173477491388997320e-38
3.569174865606782901e-06 1.551724137931034591e+02 3.943484853144584031e-38
5.580059171192390368e-06 1.551724137931034591e+02 4.914146575568231691e-38
8.723881996942955131e-06 1.551724137931034591e+02 6.107730399222900118e-38
1.363894445591021312e-05 1.551724137931034591e+02 7.612512498451919177e-38
2.132316850876592016e-05 1.551724137931034591e+02 9.396766150805887817e-38
3.333670847645394986e-05 1.551724137931034591e+02 1.164134986256832099e-37
5.211871451408407345e-05 1.551724137931034591e+02 1.435683811894079602e-37
8.148256161879867084e-05 1.551724137931034591e+02 1.771956551384093428e-37
1.273900922127918576e-04 1.551724137931034591e+02 2.166380463917180688e-37
1.991620694241847593e-04 1.551724137931034591e+02 2.639589623047645460e-37
3.113706035400827066e-04 1.551724137931034591e+02 3.203050245302379673e-37
4.867977774544171641e-04 1.551724137931034591e+02 3.845452468093695145e-37
7.610611709658538296e-04 1.551724137931034591e+02 4.585973441562130362e-37
1.189845419962200354e-03 1.551724137931034591e+02 5.388322967513970460e-37
1.860208058714039403e-03 1.551724137931034591e+02 6.287662766001295995e-37
2.908255109150721662e-03 1.551724137931034591e+02 7.209839428096798747e-37
4.546775152532265760e-03 1.551724137931034591e+02 8.153268541313641938e-37
7.108442523710327247e-03 1.551724137931034591e+02 9.099469377205035474e-37
1.111336132044076462e-02 1.551724137931034591e+02 1.004879247863660925e-36
1.737466391923549874e-02 1.551724137931034591e+02 1.106359827017309511e-36
2.716360402600592402e-02 1.551724137931034591e+02 1.222053684627669811e-36
4.246766366886432775e-02 1.551724137931034591e+02 1.362604208640022288e-36
6.639407847961335818e-02 1.551724137931034591e+02 1.544900368892831570e-36
1.038007103835326822e-01 1.551724137931034591e+02 3.237231790578957407e-36
1.622823559398361148e-01 1.551724137931034591e+02 2.398386889795634609e-35
2.537127438923734712e-01 1.551724137931034591e+02 8.472075535098273977e-36
3.966552989732381462e-01 1.551724137931034591e+02 0.000000000000000000e+00
9.999999999999999547e-08 1.613793103448276156e+02 5.096949906995192863e-39
1.563403134142530628e-07 1.613793103448276156e+02 6.370587506619960053e-39
2.444229359846687273e-07 1.613793103448276156e+02 7.964614617692811649e-39
3.821315841747502258e-07 1.613793103448276156e+02 9.941731497883801648e-39
5.974257163536547787e-07 1.613793103448276156e+02 1.243151939407711024e-38
9.340172373646522676e-07 1.613793103448276156e+02 1.551903597212725047e-38
1.460245476239042244e-06 1.613793103448276156e+02 1.933832469355785277e-38
2.282952354169575739e-06 1.613793103448276156e+02 2.406056582002033633e-38
3.569174865606782901e-06 1.613793103448276156e+02 2.995350275965605465e-38
5.580059171192390368e-06 1.613793103448276156e+02 3.730579899541352029e-38
8.723881996942955131e-06 1.613793103448276156e+02 4.656392688378649018e-38
1.363894445591021312e-05 1.613793103448276156e+02 5.773638228483845497e-38
2.132316850876592016e-05 1.613793103448276156e+02 7.161180332376340970e-38
3.333670847645394986e-05 1.613793103448276156e+02 8.836140454313849703e-38
5.211871451408407345e-05 1.613793103448276156e+02 1.089995604050646954e-37
8.148256161879867084e-05 1.613793103448276156e+02 1.337718851981487496e-37
1.273900922127918576e-04 1.613793103448276156e+02 1.639445228512292990e-37
1.991620694241847593e-04 1.613793103448276156e+02 1.997772463829340868e-37
3.113706035400827066e-04 1.613793103448276156e+02 2.419493442967391543e-37
4.867977774544171641e-04 1.613793103448276156e+02 2.901060023857296164e-37
7.610611709658538296e-04 1.613793103448276156e+02 3.456297417267187619e-37
1.189845419962200354e-03 1.613793103448276156e+02 4.061636371459280488e-37
1.860208058714039403e-03 1.613793103448276156e+02 4.721984891885534396e-37
2.908255109150721662e-03 1.613793103448276156e+02 5.406494550899248246e-37
4.546775152532265760e-03 1.613793103448276156e+02 6.116883836916594144e-37
7.108442523710327247e-03 1.613793103448276156e+02 6.799113150439666165e-37
1.111336132044076462e-02 1.613793103448276156e+02 7.501132602861518210e-37
1.737466391923549874e-02 1.613793103448276156e+02 8.236961103331280086e-37
2.716360402600592402e-02 1.613793103448276156e+02 9.098639553063281518e-37
4.246766366886432775e-02 1.613793103448276156e+02 1.014938510051929498e-36
6.639407847961335818e-02 1.613793103448276156e+02 1.152067025699707163e-36
1.038007103835326822e-01 1.613793103448276156e+02 2.544656148106531067e-36
1.622823559398361148e-01 1.613793103448276156e+02 1.784327942274458520e-35
2.537127438923734712e-01 1.613793103448276156e+02 5.728023587386124696e-36
3.966552989732381462e-01 1.613793103448276156e+02 0.000000000000000000e+00
9.999999999999999547e-08 1.675862068965517437e+02 3.434863920665679458e-39
1.563403134142530628e-07 1.675862068965517437e+02 4.284572532114207903e-39
2.444229359846687273e-07 1.675862068965517437e+02 5.351098394095786746e-39
3.821315841747502258e-07 1.675862068965517437e+02 6.695077178250715996e-39
5.974257163536547787e-07 1.675862068965517437e+02 8.340620526392160081e-39
9.340172373646522676e-07 1.675862068965517437e+02 1.042857113593696491e-38
1.460245476239042244e-06 1.675862068965517437e+02 1.300776042391070526e-38
2.282952354169575739e-06 1.675862068965517437e+02 1.621768833382800211e-38
3.569174865606782901e-06 1.675862068965517437e+02 2.022714487919735193e-38
5.580059171192390368e-06 1.675862068965517437e+02 2.513380278609166341e-38
8.723881996942955131e-06 1.675862068965517437e+02 3.121938574350616754e-38
1.363894445591021312e-05 1.675862068965517437e+02 3.873609736043351936e-38
2.132316850876592016e-05 1.675862068965517437e+02 4.789966908921644641e-38
3.333670847645394986e-05 1.675862068965517437e+02 5.939154911810354981e-38
5.211871451408407345e-05 1.675862068965517437e+02 7.323631911878549627e-38
8.148256161879867084e-05 1.675862068965517437e+02 8.983672323286938263e-38
1.273900922127918576e-04 1.675862068965517437e+02 1.099463371753830302e-37
1.991620694241847593e-04 1.675862068965517437e+02 1.337261405849061439e-37
3.113706035400827066e-04 1.675862068965517437e+02 1.622328160514825408e-37
4.867977774544171641e-04 1.675862068965517437e+02 1.944422501000333496e-37
7.610611709658538296e-04 1.675862068965517437e+02 2.315344483146857033e-37
1.189845419962200354e-03 1.675862068965517437e+02 2.714666028129598845e-37
1.860208058714039403e-03 1.675862068965517437e+02 3.148618510062251374e-37
2.908255109150721662e-03 1.675862068965517437e+02 3.601263727412313293e-37
4.546775152532265760e-03 1.675862068965517437e+02 4.065712384566132900e-37
7.108442523710327247e-03 1.675862068965517437e+02 4.529140250271304124e-37
1.111336132044076462e-02 1.675862068965517437e+02 4.984044829737588556e-37
1.737466391923549874e-02 1.675862068965517437e+02 5.466813367258873990e-37
2.716360402600592402e-02 1.675862068965517437e+02 6.046985987626763890e-37
4.246766366886432775e-02 1.675862068965517437e+02 6.729227587038207033e-37
6.639407847961335818e-02 1.675862068965517437e+02 7.643610823027704257e-37
1.038007103835326822e-01 1.675862068965517437e+02 1.758407233863065749e-36
1.622823559398361148e-01 1.675862068965517437e+02 1.179297121888559282e-35
2.537127438923734712e-01 1.675862068965517437e+02 3.512522911643561107e-36
3.966552989732381462e-01 1.675862068965517437e+02 0.000000000000000000e+00
9.999999999999999547e-08 1.737931034482758719e+02 1.728981268873208194e-39
1.563403134142530628e-07 1.737931034482758719e+02 2.157946957109813039e-39
2.444229359846687273e-07 1.737931034482758719e+02 2.693808665913129568e-39
3.821315841747502258e-07 1.737931034482758719e+02 3.367415486057272603e-39
5.974257163536547787e-07 1.737931034482758719e+02 4.203209989155044002e-39
9.340172373646522676e-07 1.737931034482758719e+02 5.237074162191724116e-39
1.460245476239042244e-06 1.737931034482758719e+02 6.536942914893950009e-39
2.282952354169575739e-06 1.737931034482758719e+02 8.134569152158617834e-39
3.569174865606782901e-06 1.737931034482758719e+02 1.016194697815565801e-38
5.580059171192390368e-06 1.737931034482758719e+02 1.261840373454101980e-38
8.723881996942955131e-06 1.737931034482758719e+02 1.570361299981397432e-38
1.363894445591021312e-05 1.737931034482758719e+02 1.950652016164022345e-38
2.132316850876592016e-05 1.737931034482758719e+02 2.419365108698141013e-38
3.333670847645394986e-05 1.737931034482758719e+02 2.983563098044919566e-38
5.211871451408407345e-05 1.737931034482758719e+02 3.677077892481565866e-38
8.148256161879867084e-05 1.737931034482758719e+02 4.512109439408490748e-38
1.273900922127918576e-04 1.737931034482758719e+02 5.529090140826706256e-38
1.991620694241847593e-04 1.737931034482758719e+02 6.728338796813992425e-38
3.113706035400827066e-04 1.737931034482758719e+02 8.106611995337271516e-38
4.867977774544171641e-04 1.737931034482758719e+02 9.735950299340466538e-38
7.610611709658538296e-04 1.737931034482758719e+02 1.158229827553422059e-37
1.189845419962200354e-03 1.737931034482758719e+02 1.357514403767710412e-37
1.860208058714039403e-03 1.737931034482758719e+02 1.577016207530280732e-37
2.908255109150721662e-03 1.737931034482758719e+02 1.806815759078086273e-37
4.546775152532265760e-03 1.737931034482758719e+02 2.032810094063695708e-37
7.108442523710327247e-03 1.737931034482758719e+02 2.257501741833234121e-37
1.111336132044076462e-02 1.737931034482758719e+02 2.491074866572094368e-37
1.737466391923549874e-02 1.737931034482758719e+02 2.735116607044878893e-37
2.716360402600592402e-02 1.737931034482758719e+02 3.019882650010227253e-37
4.246766366886432775e-02 1.737931034482758719e+02 3.362131460288604552e-37
6.639407847961335818e-02 1.737931034482758719e+02 3.810634373233783266e-37
1.038007103835326822e-01 1.737931034482758719e+02 8.934562291320811790e-37
1.622823559398361148e-01 1.737931034482758719e+02 5.885517243400077529e-36
2.537127438923734712e-01 1.737931034482758719e+02 1.663258062141659385e-36
3.966552989732381462e-01 1.737931034482758719e+02 0.000000000000000000e+00
9.999999999999999547e-08 1.800000000000000000e+02 1.958922529964885613e-54
1.563403134142530628e-07 1.800000000000000000e+02 2.441381437623144176e-54
2.444229359846687273e-07 1.800000000000000000e+02 3.049496067492284921e-54
3.821315841747502258e-07 1.800000000000000000e+02 3.813006603334522932e-54
5.974257163536547787e-07 1.800000000000000000e+02 4.749538052188004767e-54
9.340172373646522676e-07 1.800000000000000000e+02 5.926904956195374435e-54
1.460245476239042244e-06 1.800000000000000000e+02 7.408519470818136148e-54
2.282952354169575739e-06 1.800000000000000000e+02 9.235829502074601982e-54
3.569174865606782901e-06 1.800000000000000000e+02 1.151771375969753041e-53
5.580059171192390368e-06 1.800000000000000000e+02 1.434386194119200077e-53
8.723881996942955131e-06 1.800000000000000000e+02 1.777435281792121433e-53
1.363894445591021312e-05 1.800000000000000000e+02 2.205109052498374248e-53
2.132316850876592016e-05 1.800000000000000000e+02 2.740413457581565945e-53
3.333670847645394986e-05 1.800000000000000000e+02 3.374156193256111285e-53
5.211871451408407345e-05 1.800000000000000000e+02 4.164105786713452995e-53
8.148256161879867084e-05 1.800000000000000000e+02 5.098745136031551968e-53
1.273900922127918576e-04 1.800000000000000000e+02 6.248663909184186612e-53
1.991620694241847593e-04 1.800000000000000000e+02 7.610487133184823143e-53
3.113706035400827066e-04 1.800000000000000000e+02 9.185568374488533177e-53
4.867977774544171641e-04 1.800000000000000000e+02 1.103037543939338263e-52
7.610611709658538296e-04 1.800000000000000000e+02 1.314944929718868088e-52
1.189845419962200354e-03 1.800000000000000000e+02 1.535789002194619551e-52
1.860208058714039403e-03 1.800000000000000000e+02 1.782763167630892217e-52
2.908255109150721662e-03 1.800000000000000000e+02 2.037927463890924285e-52
4.546775152532265760e-03 1.800000000000000000e+02 2.303387620739057679e-52
7.108442523710327247e-03 1.800000000000000000e+02 2.560367046421858073e-52
1.111336132044076462e-02 1.800000000000000000e+02 2.817065632391933983e-52
1.737466391923549874e-02 1.800000000000000000e+02 3.087454234876934541e-52
2.716360402600592402e-02 1.800000000000000000e+02 3.403300984893513159e-52
4.246766366886432775e-02 1.800000000000000000e+02 3.785585010587378706e-52
6.639407847961335818e-02 1.800000000000000000e+02 4.299162788727755424e-52
1.038007103835326822e-01 1.800000000000000000e+02 1.019338512134915087e-51
1.622823559398361148e-01 1.800000000000000000e+02 6.637371443787908578e-51
2.537127438923734712e-01 1.800000000000000000e+02 1.852903487273679739e-51
3.966552989732381462e-01 1.800000000000000000e+02 0.000000000000000000e+00
