# atom 56: Tchi 0.32903445623126687 [GeV]; m_chi = 0.013333333333333334 [GeV]; mS = 0.04 [GeV]; gchi =0.01; gN = 0.01
# Tchi^prime [GeV], theta [degree] ,dsigma/dTchip dtheta [cm^2/GeV]
9.999999999999999547e-08 0.000000000000000000e+00 0.000000000000000000e+00
1.552488464465096726e-07 0.000000000000000000e+00 0.000000000000000000e+00
2.410220432297198580e-07 0.000000000000000000e+00 0.000000000000000000e+00
3.741839417959479486e-07 0.000000000000000000e+00 0.000000000000000000e+00
5.809162532262895137e-07 0.000000000000000000e+00 0.000000000000000000e+00
9.018657819540993514e-07 0.000000000000000000e+00 0.000000000000000000e+00
1.400136222979536266e-06 0.000000000000000000e+00 0.000000000000000000e+00
2.173695334855460347e-06 0.000000000000000000e+00 0.000000000000000000e+00
3.374636932624704993e-06 0.000000000000000000e+00 0.000000000000000000e+00
5.239084909657731830e-06 0.000000000000000000e+00 0.000000000000000000e+00
8.133618886596808025e-06 0.000000000000000000e+00 0.000000000000000000e+00
1.262734949579698756e-05 0.000000000000000000e+00 0.000000000000000000e+00
1.960381442899401737e-05 0.000000000000000000e+00 0.000000000000000000e+00
3.043469576052762872e-05 0.000000000000000000e+00 0.000000000000000000e+00
4.724951408772392312e-05 0.000000000000000000e+00 0.000000000000000000e+00
7.335432557277261521e-05 0.000000000000000000e+00 0.000000000000000000e+00
1.138817442703466499e-04 0.000000000000000000e+00 0.000000000000000000e+00
1.768000942928774760e-04 0.000000000000000000e+00 0.000000000000000000e+00
2.744801069060338991e-04 0.000000000000000000e+00 0.000000000000000000e+00
4.261271996967645986e-04 0.000000000000000000e+00 0.000000000000000000e+00
6.615575619240423536e-04 0.000000000000000000e+00 0.000000000000000000e+00
1.027060483466730621e-03 0.000000000000000000e+00 0.000000000000000000e+00
1.594499552890044384e-03 0.000000000000000000e+00 0.000000000000000000e+00
2.475442162456553425e-03 0.000000000000000000e+00 0.000000000000000000e+00
3.843095401664332802e-03 0.000000000000000000e+00 0.000000000000000000e+00
5.966361278922745898e-03 0.000000000000000000e+00 0.000000000000000000e+00
9.262707060358784175e-03 0.000000000000000000e+00 0.000000000000000000e+00
1.438024586092644802e-02 0.000000000000000000e+00 0.000000000000000000e+00
2.232516581526026306e-02 0.000000000000000000e+00 0.000000000000000000e+00
3.465956239546214013e-02 0.000000000000000000e+00 0.000000000000000000e+00
5.380857080236323142e-02 0.000000000000000000e+00 0.000000000000000000e+00
8.353718546002249223e-02 0.000000000000000000e+00 0.000000000000000000e+00
1.296905167805663117e-01 0.000000000000000000e+00 0.000000000000000000e+00
2.013430312523462606e-01 0.000000000000000000e+00 0.000000000000000000e+00
3.125827334197034957e-01 0.000000000000000000e+00 0.000000000000000000e+00
9.999999999999999547e-08 6.206896551724137900e+00 0.000000000000000000e+00
1.552488464465096726e-07 6.206896551724137900e+00 0.000000000000000000e+00
2.410220432297198580e-07 6.206896551724137900e+00 0.000000000000000000e+00
3.741839417959479486e-07 6.206896551724137900e+00 0.000000000000000000e+00
5.809162532262895137e-07 6.206896551724137900e+00 0.000000000000000000e+00
9.018657819540993514e-07 6.206896551724137900e+00 0.000000000000000000e+00
1.400136222979536266e-06 6.206896551724137900e+00 0.000000000000000000e+00
2.173695334855460347e-06 6.206896551724137900e+00 0.000000000000000000e+00
3.374636932624704993e-06 6.206896551724137900e+00 0.000000000000000000e+00
5.239084909657731830e-06 6.206896551724137900e+00 0.000000000000000000e+00
8.133618886596808025e-06 6.206896551724137900e+00 0.000000000000000000e+00
1.262734949579698756e-05 6.206896551724137900e+00 0.000000000000000000e+00
1.960381442899401737e-05 6.206896551724137900e+00 0.000000000000000000e+00
3.043469576052762872e-05 6.206896551724137900e+00 0.000000000000000000e+00
4.724951408772392312e-05 6.206896551724137900e+00 0.000000000000000000e+00
7.335432557277261521e-05 6.206896551724137900e+00 0.000000000000000000e+00
1.138817442703466499e-04 6.206896551724137900e+00 0.000000000000000000e+00
1.768000942928774760e-04 6.206896551724137900e+00 0.000000000000000000e+00
2.744801069060338991e-04 6.206896551724137900e+00 0.000000000000000000e+00
4.261271996967645986e-04 6.206896551724137900e+00 0.000000000000000000e+00
6.615575619240423536e-04 6.206896551724137900e+00 0.000000000000000000e+00
1.027060483466730621e-03 6.206896551724137900e+00 0.000000000000000000e+00
1.594499552890044384e-03 6.206896551724137900e+00 0.000000000000000000e+00
2.475442162456553425e-03 6.206896551724137900e+00 0.000000000000000000e+00
3.843095401664332802e-03 6.206896551724137900e+00 0.000000000000000000e+00
5.966361278922745898e-03 6.206896551724137900e+00 0.000000000000000000e+00
9.262707060358784175e-03 6.206896551724137900e+00 0.000000000000000000e+00
1.438024586092644802e-02 6.206896551724137900e+00 0.000000000000000000e+00
2.232516581526026306e-02 6.206896551724137900e+00 0.000000000000000000e+00
3.465956239546214013e-02 6.206896551724137900e+00 0.000000000000000000e+00
5.380857080236323142e-02 6.206896551724137900e+00 0.000000000000000000e+00
8.353718546002249223e-02 6.206896551724137900e+00 0.000000000000000000e+00
1.296905167805663117e-01 6.206896551724137900e+00 0.000000000000000000e+00
2.013430312523462606e-01 6.206896551724137900e+00 0.000000000000000000e+00
3.125827334197034957e-01 6.206896551724137900e+00 0.000000000000000000e+00
9.999999999999999547e-08 1.241379310344827580e+01 0.000000000000000000e+00
1.552488464465096726e-07 1.241379310344827580e+01 0.000000000000000000e+00
2.410220432297198580e-07 1.241379310344827580e+01 0.000000000000000000e+00
3.741839417959479486e-07 1.241379310344827580e+01 0.000000000000000000e+00
5.809162532262895137e-07 1.241379310344827580e+01 0.000000000000000000e+00
9.018657819540993514e-07 1.241379310344827580e+01 0.000000000000000000e+00
1.400136222979536266e-06 1.241379310344827580e+01 0.000000000000000000e+00
2.173695334855460347e-06 1.241379310344827580e+01 0.000000000000000000e+00
3.374636932624704993e-06 1.241379310344827580e+01 0.000000000000000000e+00
5.239084909657731830e-06 1.241379310344827580e+01 0.000000000000000000e+00
8.133618886596808025e-06 1.241379310344827580e+01 0.000000000000000000e+00
1.262734949579698756e-05 1.241379310344827580e+01 0.000000000000000000e+00
1.960381442899401737e-05 1.241379310344827580e+01 0.000000000000000000e+00
3.043469576052762872e-05 1.241379310344827580e+01 0.000000000000000000e+00
4.724951408772392312e-05 1.241379310344827580e+01 0.000000000000000000e+00
7.335432557277261521e-05 1.241379310344827580e+01 0.000000000000000000e+00
1.138817442703466499e-04 1.241379310344827580e+01 0.000000000000000000e+00
1.768000942928774760e-04 1.241379310344827580e+01 0.000000000000000000e+00
2.744801069060338991e-04 1.241379310344827580e+01 0.000000000000000000e+00
4.261271996967645986e-04 1.241379310344827580e+01 0.000000000000000000e+00
6.615575619240423536e-04 1.241379310344827580e+01 0.000000000000000000e+00
1.027060483466730621e-03 1.241379310344827580e+01 0.000000000000000000e+00
1.594499552890044384e-03 1.241379310344827580e+01 0.000000000000000000e+00
2.475442162456553425e-03 1.241379310344827580e+01 0.000000000000000000e+00
3.843095401664332802e-03 1.241379310344827580e+01 0.000000000000000000e+00
5.966361278922745898e-03 1.241379310344827580e+01 0.000000000000000000e+00
9.262707060358784175e-03 1.241379310344827580e+01 0.000000000000000000e+00
1.438024586092644802e-02 1.241379310344827580e+01 0.000000000000000000e+00
2.232516581526026306e-02 1.241379310344827580e+01 0.000000000000000000e+00
3.465956239546214013e-02 1.241379310344827580e+01 0.000000000000000000e+00
5.380857080236323142e-02 1.241379310344827580e+01 0.000000000000000000e+00
8.353718546002249223e-02 1.241379310344827580e+01 0.000000000000000000e+00
1.296905167805663117e-01 1.241379310344827580e+01 0.000000000000000000e+00
2.013430312523462606e-01 1.241379310344827580e+01 0.000000000000000000e+00
3.125827334197034957e-01 1.241379310344827580e+01 0.000000000000000000e+00
9.999999999999999547e-08 1.862068965517241281e+01 0.000000000000000000e+00
1.552488464465096726e-07 1.862068965517241281e+01 0.000000000000000000e+00
2.410220432297198580e-07 1.862068965517241281e+01 0.000000000000000000e+00
3.741839417959479486e-07 1.862068965517241281e+01 0.000000000000000000e+00
5.809162532262895137e-07 1.862068965517241281e+01 0.000000000000000000e+00
9.018657819540993514e-07 1.862068965517241281e+01 0.000000000000000000e+00
1.400136222979536266e-06 1.862068965517241281e+01 0.000000000000000000e+00
2.173695334855460347e-06 1.862068965517241281e+01 0.000000000000000000e+00
3.374636932624704993e-06 1.862068965517241281e+01 0.000000000000000000e+00
5.239084909657731830e-06 1.862068965517241281e+01 0.000000000000000000e+00
8.133618886596808025e-06 1.862068965517241281e+01 0.000000000000000000e+00
1.262734949579698756e-05 1.862068965517241281e+01 0.000000000000000000e+00
1.960381442899401737e-05 1.862068965517241281e+01 0.000000000000000000e+00
3.043469576052762872e-05 1.862068965517241281e+01 0.000000000000000000e+00
4.724951408772392312e-05 1.862068965517241281e+01 0.000000000000000000e+00
7.335432557277261521e-05 1.862068965517241281e+01 0.000000000000000000e+00
1.138817442703466499e-04 1.862068965517241281e+01 0.000000000000000000e+00
1.768000942928774760e-04 1.862068965517241281e+01 0.000000000000000000e+00
2.744801069060338991e-04 1.862068965517241281e+01 0.000000000000000000e+00
4.261271996967645986e-04 1.862068965517241281e+01 0.000000000000000000e+00
6.615575619240423536e-04 1.862068965517241281e+01 0.000000000000000000e+00
1.027060483466730621e-03 1.862068965517241281e+01 0.000000000000000000e+00
1.594499552890044384e-03 1.862068965517241281e+01 0.000000000000000000e+00
2.475442162456553425e-03 1.862068965517241281e+01 0.000000000000000000e+00
3.843095401664332802e-03 1.862068965517241281e+01 0.000000000000000000e+00
5.966361278922745898e-03 1.862068965517241281e+01 0.000000000000000000e+00
9.262707060358784175e-03 1.862068965517241281e+01 0.000000000000000000e+00
1.438024586092644802e-02 1.862068965517241281e+01 0.000000000000000000e+00
2.232516581526026306e-02 1.862068965517241281e+01 0.000000000000000000e+00
3.465956239546214013e-02 1.862068965517241281e+01 0.000000000000000000e+00
5.380857080236323142e-02 1.862068965517241281e+01 0.000000000000000000e+00
8.353718546002249223e-02 1.862068965517241281e+01 0.000000000000000000e+00
1.296905167805663117e-01 1.862068965517241281e+01 0.000000000000000000e+00
2.013430312523462606e-01 1.862068965517241281e+01 0.000000000000000000e+00
3.125827334197034957e-01 1.862068965517241281e+01 0.000000000000000000e+00
9.999999999999999547e-08 2.482758620689655160e+01 0.000000000000000000e+00
1.552488464465096726e-07 2.482758620689655160e+01 0.000000000000000000e+00
2.410220432297198580e-07 2.482758620689655160e+01 0.000000000000000000e+00
3.741839417959479486e-07 2.482758620689655160e+01 0.000000000000000000e+00
5.809162532262895137e-07 2.482758620689655160e+01 0.000000000000000000e+00
9.018657819540993514e-07 2.482758620689655160e+01 0.000000000000000000e+00
1.400136222979536266e-06 2.482758620689655160e+01 0.000000000000000000e+00
2.173695334855460347e-06 2.482758620689655160e+01 0.000000000000000000e+00
3.374636932624704993e-06 2.482758620689655160e+01 0.000000000000000000e+00
5.239084909657731830e-06 2.482758620689655160e+01 0.000000000000000000e+00
8.133618886596808025e-06 2.482758620689655160e+01 0.000000000000000000e+00
1.262734949579698756e-05 2.482758620689655160e+01 0.000000000000000000e+00
1.960381442899401737e-05 2.482758620689655160e+01 0.000000000000000000e+00
3.043469576052762872e-05 2.482758620689655160e+01 0.000000000000000000e+00
4.724951408772392312e-05 2.482758620689655160e+01 0.000000000000000000e+00
7.335432557277261521e-05 2.482758620689655160e+01 0.000000000000000000e+00
1.138817442703466499e-04 2.482758620689655160e+01 0.000000000000000000e+00
1.768000942928774760e-04 2.482758620689655160e+01 0.000000000000000000e+00
2.744801069060338991e-04 2.482758620689655160e+01 0.000000000000000000e+00
4.261271996967645986e-04 2.482758620689655160e+01 0.000000000000000000e+00
6.615575619240423536e-04 2.482758620689655160e+01 0.000000000000000000e+00
1.027060483466730621e-03 2.482758620689655160e+01 0.000000000000000000e+00
1.594499552890044384e-03 2.482758620689655160e+01 0.000000000000000000e+00
2.475442162456553425e-03 2.482758620689655160e+01 0.000000000000000000e+00
3.843095401664332802e-03 2.482758620689655160e+01 0.000000000000000000e+00
5.966361278922745898e-03 2.482758620689655160e+01 0.000000000000000000e+00
9.262707060358784175e-03 2.482758620689655160e+01 0.000000000000000000e+00
1.438024586092644802e-02 2.482758620689655160e+01 0.000000000000000000e+00
2.232516581526026306e-02 2.482758620689655160e+01 0.000000000000000000e+00
3.465956239546214013e-02 2.482758620689655160e+01 0.000000000000000000e+00
5.380857080236323142e-02 2.482758620689655160e+01 0.000000000000000000e+00
8.353718546002249223e-02 2.482758620689655160e+01 0.000000000000000000e+00
1.296905167805663117e-01 2.482758620689655160e+01 0.000000000000000000e+00
2.013430312523462606e-01 2.482758620689655160e+01 0.000000000000000000e+00
3.125827334197034957e-01 2.482758620689655160e+01 0.000000000000000000e+00
9.999999999999999547e-08 3.103448275862069039e+01 0.000000000000000000e+00
1.552488464465096726e-07 3.103448275862069039e+01 0.000000000000000000e+00
2.410220432297198580e-07 3.103448275862069039e+01 0.000000000000000000e+00
3.741839417959479486e-07 3.103448275862069039e+01 0.000000000000000000e+00
5.809162532262895137e-07 3.103448275862069039e+01 0.000000000000000000e+00
9.018657819540993514e-07 3.103448275862069039e+01 0.000000000000000000e+00
1.400136222979536266e-06 3.103448275862069039e+01 0.000000000000000000e+00
2.173695334855460347e-06 3.103448275862069039e+01 0.000000000000000000e+00
3.374636932624704993e-06 3.103448275862069039e+01 0.000000000000000000e+00
5.239084909657731830e-06 3.103448275862069039e+01 0.000000000000000000e+00
8.133618886596808025e-06 3.103448275862069039e+01 0.000000000000000000e+00
1.262734949579698756e-05 3.103448275862069039e+01 0.000000000000000000e+00
1.960381442899401737e-05 3.103448275862069039e+01 0.000000000000000000e+00
3.043469576052762872e-05 3.103448275862069039e+01 0.000000000000000000e+00
4.724951408772392312e-05 3.103448275862069039e+01 0.000000000000000000e+00
7.335432557277261521e-05 3.103448275862069039e+01 0.000000000000000000e+00
1.138817442703466499e-04 3.103448275862069039e+01 0.000000000000000000e+00
1.768000942928774760e-04 3.103448275862069039e+01 0.000000000000000000e+00
2.744801069060338991e-04 3.103448275862069039e+01 0.000000000000000000e+00
4.261271996967645986e-04 3.103448275862069039e+01 0.000000000000000000e+00
6.615575619240423536e-04 3.103448275862069039e+01 0.000000000000000000e+00
1.027060483466730621e-03 3.103448275862069039e+01 0.000000000000000000e+00
1.594499552890044384e-03 3.103448275862069039e+01 0.000000000000000000e+00
2.475442162456553425e-03 3.103448275862069039e+01 0.000000000000000000e+00
3.843095401664332802e-03 3.103448275862069039e+01 0.000000000000000000e+00
5.966361278922745898e-03 3.103448275862069039e+01 0.000000000000000000e+00
9.262707060358784175e-03 3.103448275862069039e+01 0.000000000000000000e+00
1.438024586092644802e-02 3.103448275862069039e+01 0.000000000000000000e+00
2.232516581526026306e-02 3.103448275862069039e+01 0.000000000000000000e+00
3.465956239546214013e-02 3.103448275862069039e+01 0.000000000000000000e+00
5.380857080236323142e-02 3.103448275862069039e+01 0.000000000000000000e+00
8.353718546002249223e-02 3.103448275862069039e+01 0.000000000000000000e+00
1.296905167805663117e-01 3.103448275862069039e+01 0.000000000000000000e+00
2.013430312523462606e-01 3.103448275862069039e+01 0.000000000000000000e+00
3.125827334197034957e-01 3.103448275862069039e+01 0.000000000000000000e+00
9.999999999999999547e-08 3.724137931034482563e+01 0.000000000000000000e+00
1.552488464465096726e-07 3.724137931034482563e+01 0.000000000000000000e+00
2.410220432297198580e-07 3.724137931034482563e+01 0.000000000000000000e+00
3.741839417959479486e-07 3.724137931034482563e+01 0.000000000000000000e+00
5.809162532262895137e-07 3.724137931034482563e+01 0.000000000000000000e+00
9.018657819540993514e-07 3.724137931034482563e+01 0.000000000000000000e+00
1.400136222979536266e-06 3.724137931034482563e+01 0.000000000000000000e+00
2.173695334855460347e-06 3.724137931034482563e+01 0.000000000000000000e+00
3.374636932624704993e-06 3.724137931034482563e+01 0.000000000000000000e+00
5.239084909657731830e-06 3.724137931034482563e+01 0.000000000000000000e+00
8.133618886596808025e-06 3.724137931034482563e+01 0.000000000000000000e+00
1.262734949579698756e-05 3.724137931034482563e+01 0.000000000000000000e+00
1.960381442899401737e-05 3.724137931034482563e+01 0.000000000000000000e+00
3.043469576052762872e-05 3.724137931034482563e+01 0.000000000000000000e+00
4.724951408772392312e-05 3.724137931034482563e+01 0.000000000000000000e+00
7.335432557277261521e-05 3.724137931034482563e+01 0.000000000000000000e+00
1.138817442703466499e-04 3.724137931034482563e+01 0.000000000000000000e+00
1.768000942928774760e-04 3.724137931034482563e+01 0.000000000000000000e+00
2.744801069060338991e-04 3.724137931034482563e+01 0.000000000000000000e+00
4.261271996967645986e-04 3.724137931034482563e+01 0.000000000000000000e+00
6.615575619240423536e-04 3.724137931034482563e+01 0.000000000000000000e+00
1.027060483466730621e-03 3.724137931034482563e+01 0.000000000000000000e+00
1.594499552890044384e-03 3.724137931034482563e+01 0.000000000000000000e+00
2.475442162456553425e-03 3.724137931034482563e+01 0.000000000000000000e+00
3.843095401664332802e-03 3.724137931034482563e+01 0.000000000000000000e+00
5.966361278922745898e-03 3.724137931034482563e+01 0.000000000000000000e+00
9.262707060358784175e-03 3.724137931034482563e+01 0.000000000000000000e+00
1.438024586092644802e-02 3.724137931034482563e+01 0.000000000000000000e+00
2.232516581526026306e-02 3.724137931034482563e+01 0.000000000000000000e+00
3.465956239546214013e-02 3.724137931034482563e+01 0.000000000000000000e+00
5.380857080236323142e-02 3.724137931034482563e+01 0.000000000000000000e+00
8.353718546002249223e-02 3.724137931034482563e+01 0.000000000000000000e+00
1.296905167805663117e-01 3.724137931034482563e+01 0.000000000000000000e+00
2.013430312523462606e-01 3.724137931034482563e+01 0.000000000000000000e+00
3.125827334197034957e-01 3.724137931034482563e+01 0.000000000000000000e+00
9.999999999999999547e-08 4.344827586206896797e+01 0.000000000000000000e+00
1.552488464465096726e-07 4.344827586206896797e+01 0.000000000000000000e+00
2.410220432297198580e-07 4.344827586206896797e+01 0.000000000000000000e+00
3.741839417959479486e-07 4.344827586206896797e+01 0.000000000000000000e+00
5.809162532262895137e-07 4.344827586206896797e+01 0.000000000000000000e+00
9.018657819540993514e-07 4.344827586206896797e+01 0.000000000000000000e+00
1.400136222979536266e-06 4.344827586206896797e+01 0.000000000000000000e+00
2.173695334855460347e-06 4.344827586206896797e+01 0.000000000000000000e+00
3.374636932624704993e-06 4.344827586206896797e+01 0.000000000000000000e+00
5.239084909657731830e-06 4.344827586206896797e+01 0.000000000000000000e+00
8.133618886596808025e-06 4.344827586206896797e+01 0.000000000000000000e+00
1.262734949579698756e-05 4.344827586206896797e+01 0.000000000000000000e+00
1.960381442899401737e-05 4.344827586206896797e+01 0.000000000000000000e+00
3.043469576052762872e-05 4.344827586206896797e+01 0.000000000000000000e+00
4.724951408772392312e-05 4.344827586206896797e+01 0.000000000000000000e+00
7.335432557277261521e-05 4.344827586206896797e+01 0.000000000000000000e+00
1.138817442703466499e-04 4.344827586206896797e+01 0.000000000000000000e+00
1.768000942928774760e-04 4.344827586206896797e+01 0.000000000000000000e+00
2.744801069060338991e-04 4.344827586206896797e+01 0.000000000000000000e+00
4.261271996967645986e-04 4.344827586206896797e+01 0.000000000000000000e+00
6.615575619240423536e-04 4.344827586206896797e+01 0.000000000000000000e+00
1.027060483466730621e-03 4.344827586206896797e+01 0.000000000000000000e+00
1.594499552890044384e-03 4.344827586206896797e+01 0.000000000000000000e+00
2.475442162456553425e-03 4.344827586206896797e+01 0.000000000000000000e+00
3.843095401664332802e-03 4.344827586206896797e+01 0.000000000000000000e+00
5.966361278922745898e-03 4.344827586206896797e+01 0.000000000000000000e+00
9.262707060358784175e-03 4.344827586206896797e+01 0.000000000000000000e+00
1.438024586092644802e-02 4.344827586206896797e+01 0.000000000000000000e+00
2.232516581526026306e-02 4.344827586206896797e+01 0.000000000000000000e+00
3.465956239546214013e-02 4.344827586206896797e+01 0.000000000000000000e+00
5.380857080236323142e-02 4.344827586206896797e+01 0.000000000000000000e+00
8.353718546002249223e-02 4.344827586206896797e+01 0.000000000000000000e+00
1.296905167805663117e-01 4.344827586206896797e+01 0.000000000000000000e+00
2.013430312523462606e-01 4.344827586206896797e+01 0.000000000000000000e+00
3.125827334197034957e-01 4.344827586206896797e+01 0.000000000000000000e+00
9.999999999999999547e-08 4.965517241379310320e+01 0.000000000000000000e+00
1.552488464465096726e-07 4.965517241379310320e+01 0.000000000000000000e+00
2.410220432297198580e-07 4.965517241379310320e+01 0.000000000000000000e+00
3.741839417959479486e-07 4.965517241379310320e+01 0.000000000000000000e+00
5.809162532262895137e-07 4.965517241379310320e+01 0.000000000000000000e+00
9.018657819540993514e-07 4.965517241379310320e+01 0.000000000000000000e+00
1.400136222979536266e-06 4.965517241379310320e+01 0.000000000000000000e+00
2.173695334855460347e-06 4.965517241379310320e+01 0.000000000000000000e+00
3.374636932624704993e-06 4.965517241379310320e+01 0.000000000000000000e+00
5.239084909657731830e-06 4.965517241379310320e+01 0.000000000000000000e+00
8.133618886596808025e-06 4.965517241379310320e+01 0.000000000000000000e+00
1.262734949579698756e-05 4.965517241379310320e+01 0.000000000000000000e+00
1.960381442899401737e-05 4.965517241379310320e+01 0.000000000000000000e+00
3.043469576052762872e-05 4.965517241379310320e+01 0.000000000000000000e+00
4.724951408772392312e-05 4.965517241379310320e+01 0.000000000000000000e+00
7.335432557277261521e-05 4.965517241379310320e+01 0.000000000000000000e+00
1.138817442703466499e-04 4.965517241379310320e+01 0.000000000000000000e+00
1.768000942928774760e-04 4.965517241379310320e+01 0.000000000000000000e+00
2.744801069060338991e-04 4.965517241379310320e+01 0.000000000000000000e+00
4.261271996967645986e-04 4.965517241379310320e+01 0.000000000000000000e+00
6.615575619240423536e-04 4.965517241379310320e+01 0.000000000000000000e+00
1.027060483466730621e-03 4.965517241379310320e+01 0.000000000000000000e+00
1.594499552890044384e-03 4.965517241379310320e+01 0.000000000000000000e+00
2.475442162456553425e-03 4.965517241379310320e+01 0.000000000000000000e+00
3.843095401664332802e-03 4.965517241379310320e+01 0.000000000000000000e+00
5.966361278922745898e-03 4.965517241379310320e+01 0.000000000000000000e+00
9.262707060358784175e-03 4.965517241379310320e+01 0.000000000000000000e+00
1.438024586092644802e-02 4.965517241379310320e+01 0.000000000000000000e+00
2.232516581526026306e-02 4.965517241379310320e+01 0.000000000000000000e+00
3.465956239546214013e-02 4.965517241379310320e+01 0.000000000000000000e+00
5.380857080236323142e-02 4.965517241379310320e+01 0.000000000000000000e+00
8.353718546002249223e-02 4.965517241379310320e+01 0.000000000000000000e+00
1.296905167805663117e-01 4.965517241379310320e+01 0.000000000000000000e+00
2.013430312523462606e-01 4.965517241379310320e+01 0.000000000000000000e+00
3.125827334197034957e-01 4.965517241379310320e+01 0.000000000000000000e+00
9.999999999999999547e-08 5.586206896551724554e+01 0.000000000000000000e+00
1.552488464465096726e-07 5.586206896551724554e+01 0.000000000000000000e+00
2.410220432297198580e-07 5.586206896551724554e+01 0.000000000000000000e+00
3.741839417959479486e-07 5.586206896551724554e+01 0.000000000000000000e+00
5.809162532262895137e-07 5.586206896551724554e+01 0.000000000000000000e+00
9.018657819540993514e-07 5.586206896551724554e+01 0.000000000000000000e+00
1.400136222979536266e-06 5.586206896551724554e+01 0.000000000000000000e+00
2.173695334855460347e-06 5.586206896551724554e+01 0.000000000000000000e+00
3.374636932624704993e-06 5.586206896551724554e+01 0.000000000000000000e+00
5.239084909657731830e-06 5.586206896551724554e+01 0.000000000000000000e+00
8.133618886596808025e-06 5.586206896551724554e+01 0.000000000000000000e+00
1.262734949579698756e-05 5.586206896551724554e+01 0.000000000000000000e+00
1.960381442899401737e-05 5.586206896551724554e+01 0.000000000000000000e+00
3.043469576052762872e-05 5.586206896551724554e+01 0.000000000000000000e+00
4.724951408772392312e-05 5.586206896551724554e+01 0.000000000000000000e+00
7.335432557277261521e-05 5.586206896551724554e+01 0.000000000000000000e+00
1.138817442703466499e-04 5.586206896551724554e+01 0.000000000000000000e+00
1.768000942928774760e-04 5.586206896551724554e+01 0.000000000000000000e+00
2.744801069060338991e-04 5.586206896551724554e+01 0.000000000000000000e+00
4.261271996967645986e-04 5.586206896551724554e+01 0.000000000000000000e+00
6.615575619240423536e-04 5.586206896551724554e+01 0.000000000000000000e+00
1.027060483466730621e-03 5.586206896551724554e+01 0.000000000000000000e+00
1.594499552890044384e-03 5.586206896551724554e+01 0.000000000000000000e+00
2.475442162456553425e-03 5.586206896551724554e+01 0.000000000000000000e+00
3.843095401664332802e-03 5.586206896551724554e+01 0.000000000000000000e+00
5.966361278922745898e-03 5.586206896551724554e+01 0.000000000000000000e+00
9.262707060358784175e-03 5.586206896551724554e+01 0.000000000000000000e+00
1.438024586092644802e-02 5.586206896551724554e+01 0.000000000000000000e+00
2.232516581526026306e-02 5.586206896551724554e+01 0.000000000000000000e+00
3.465956239546214013e-02 5.586206896551724554e+01 0.000000000000000000e+00
5.380857080236323142e-02 5.586206896551724554e+01 0.000000000000000000e+00
8.353718546002249223e-02 5.586206896551724554e+01 0.000000000000000000e+00
1.296905167805663117e-01 5.586206896551724554e+01 0.000000000000000000e+00
2.013430312523462606e-01 5.586206896551724554e+01 0.000000000000000000e+00
3.125827334197034957e-01 5.586206896551724554e+01 0.000000000000000000e+00
9.999999999999999547e-08 6.206896551724138078e+01 0.000000000000000000e+00
1.552488464465096726e-07 6.206896551724138078e+01 0.000000000000000000e+00
2.410220432297198580e-07 6.206896551724138078e+01 0.000000000000000000e+00
3.741839417959479486e-07 6.206896551724138078e+01 0.000000000000000000e+00
5.809162532262895137e-07 6.206896551724138078e+01 0.000000000000000000e+00
9.018657819540993514e-07 6.206896551724138078e+01 0.000000000000000000e+00
1.400136222979536266e-06 6.206896551724138078e+01 0.000000000000000000e+00
2.173695334855460347e-06 6.206896551724138078e+01 0.000000000000000000e+00
3.374636932624704993e-06 6.206896551724138078e+01 0.000000000000000000e+00
5.239084909657731830e-06 6.206896551724138078e+01 0.000000000000000000e+00
8.133618886596808025e-06 6.206896551724138078e+01 0.000000000000000000e+00
1.262734949579698756e-05 6.206896551724138078e+01 0.000000000000000000e+00
1.960381442899401737e-05 6.206896551724138078e+01 0.000000000000000000e+00
3.043469576052762872e-05 6.206896551724138078e+01 0.000000000000000000e+00
4.724951408772392312e-05 6.206896551724138078e+01 0.000000000000000000e+00
7.335432557277261521e-05 6.206896551724138078e+01 0.000000000000000000e+00
1.138817442703466499e-04 6.206896551724138078e+01 0.000000000000000000e+00
1.768000942928774760e-04 6.206896551724138078e+01 0.000000000000000000e+00
2.744801069060338991e-04 6.206896551724138078e+01 0.000000000000000000e+00
4.261271996967645986e-04 6.206896551724138078e+01 0.000000000000000000e+00
6.615575619240423536e-04 6.206896551724138078e+01 0.000000000000000000e+00
1.027060483466730621e-03 6.206896551724138078e+01 0.000000000000000000e+00
1.594499552890044384e-03 6.206896551724138078e+01 0.000000000000000000e+00
2.475442162456553425e-03 6.206896551724138078e+01 0.000000000000000000e+00
3.843095401664332802e-03 6.206896551724138078e+01 0.000000000000000000e+00
5.966361278922745898e-03 6.206896551724138078e+01 0.000000000000000000e+00
9.262707060358784175e-03 6.206896551724138078e+01 0.000000000000000000e+00
1.438024586092644802e-02 6.206896551724138078e+01 0.000000000000000000e+00
2.232516581526026306e-02 6.206896551724138078e+01 0.000000000000000000e+00
3.465956239546214013e-02 6.206896551724138078e+01 0.000000000000000000e+00
5.380857080236323142e-02 6.206896551724138078e+01 0.000000000000000000e+00
8.353718546002249223e-02 6.206896551724138078e+01 0.000000000000000000e+00
1.296905167805663117e-01 6.206896551724138078e+01 0.000000000000000000e+00
2.013430312523462606e-01 6.206896551724138078e+01 0.000000000000000000e+00
3.125827334197034957e-01 6.206896551724138078e+01 0.000000000000000000e+00
9.999999999999999547e-08 6.827586206896552312e+01 0.000000000000000000e+00
1.552488464465096726e-07 6.827586206896552312e+01 0.000000000000000000e+00
2.410220432297198580e-07 6.827586206896552312e+01 0.000000000000000000e+00
3.741839417959479486e-07 6.827586206896552312e+01 0.000000000000000000e+00
5.809162532262895137e-07 6.827586206896552312e+01 0.000000000000000000e+00
9.018657819540993514e-07 6.827586206896552312e+01 0.000000000000000000e+00
1.400136222979536266e-06 6.827586206896552312e+01 0.000000000000000000e+00
2.173695334855460347e-06 6.827586206896552312e+01 0.000000000000000000e+00
3.374636932624704993e-06 6.827586206896552312e+01 0.000000000000000000e+00
5.239084909657731830e-06 6.827586206896552312e+01 0.000000000000000000e+00
8.133618886596808025e-06 6.827586206896552312e+01 0.000000000000000000e+00
1.262734949579698756e-05 6.827586206896552312e+01 0.000000000000000000e+00
1.960381442899401737e-05 6.827586206896552312e+01 0.000000000000000000e+00
3.043469576052762872e-05 6.827586206896552312e+01 0.000000000000000000e+00
4.724951408772392312e-05 6.827586206896552312e+01 0.000000000000000000e+00
7.335432557277261521e-05 6.827586206896552312e+01 0.000000000000000000e+00
1.138817442703466499e-04 6.827586206896552312e+01 0.000000000000000000e+00
1.768000942928774760e-04 6.827586206896552312e+01 0.000000000000000000e+00
2.744801069060338991e-04 6.827586206896552312e+01 0.000000000000000000e+00
4.261271996967645986e-04 6.827586206896552312e+01 0.000000000000000000e+00
6.615575619240423536e-04 6.827586206896552312e+01 0.000000000000000000e+00
1.027060483466730621e-03 6.827586206896552312e+01 0.000000000000000000e+00
1.594499552890044384e-03 6.827586206896552312e+01 0.000000000000000000e+00
2.475442162456553425e-03 6.827586206896552312e+01 0.000000000000000000e+00
3.843095401664332802e-03 6.827586206896552312e+01 0.000000000000000000e+00
5.966361278922745898e-03 6.827586206896552312e+01 0.000000000000000000e+00
9.262707060358784175e-03 6.827586206896552312e+01 0.000000000000000000e+00
1.438024586092644802e-02 6.827586206896552312e+01 0.000000000000000000e+00
2.232516581526026306e-02 6.827586206896552312e+01 0.000000000000000000e+00
3.465956239546214013e-02 6.827586206896552312e+01 0.000000000000000000e+00
5.380857080236323142e-02 6.827586206896552312e+01 0.000000000000000000e+00
8.353718546002249223e-02 6.827586206896552312e+01 0.000000000000000000e+00
1.296905167805663117e-01 6.827586206896552312e+01 0.000000000000000000e+00
2.013430312523462606e-01 6.827586206896552312e+01 0.000000000000000000e+00
3.125827334197034957e-01 6.827586206896552312e+01 0.000000000000000000e+00
9.999999999999999547e-08 7.448275862068965125e+01 0.000000000000000000e+00
1.552488464465096726e-07 7.448275862068965125e+01 0.000000000000000000e+00
2.410220432297198580e-07 7.448275862068965125e+01 0.000000000000000000e+00
3.741839417959479486e-07 7.448275862068965125e+01 0.000000000000000000e+00
5.809162532262895137e-07 7.448275862068965125e+01 0.000000000000000000e+00
9.018657819540993514e-07 7.448275862068965125e+01 0.000000000000000000e+00
1.400136222979536266e-06 7.448275862068965125e+01 0.000000000000000000e+00
2.173695334855460347e-06 7.448275862068965125e+01 0.000000000000000000e+00
3.374636932624704993e-06 7.448275862068965125e+01 0.000000000000000000e+00
5.239084909657731830e-06 7.448275862068965125e+01 0.000000000000000000e+00
8.133618886596808025e-06 7.448275862068965125e+01 0.000000000000000000e+00
1.262734949579698756e-05 7.448275862068965125e+01 0.000000000000000000e+00
1.960381442899401737e-05 7.448275862068965125e+01 0.000000000000000000e+00
3.043469576052762872e-05 7.448275862068965125e+01 0.000000000000000000e+00
4.724951408772392312e-05 7.448275862068965125e+01 0.000000000000000000e+00
7.335432557277261521e-05 7.448275862068965125e+01 0.000000000000000000e+00
1.138817442703466499e-04 7.448275862068965125e+01 0.000000000000000000e+00
1.768000942928774760e-04 7.448275862068965125e+01 0.000000000000000000e+00
2.744801069060338991e-04 7.448275862068965125e+01 0.000000000000000000e+00
4.261271996967645986e-04 7.448275862068965125e+01 0.000000000000000000e+00
6.615575619240423536e-04 7.448275862068965125e+01 0.000000000000000000e+00
1.027060483466730621e-03 7.448275862068965125e+01 0.000000000000000000e+00
1.594499552890044384e-03 7.448275862068965125e+01 0.000000000000000000e+00
2.475442162456553425e-03 7.448275862068965125e+01 0.000000000000000000e+00
3.843095401664332802e-03 7.448275862068965125e+01 0.000000000000000000e+00
5.966361278922745898e-03 7.448275862068965125e+01 0.000000000000000000e+00
9.262707060358784175e-03 7.448275862068965125e+01 0.000000000000000000e+00
1.438024586092644802e-02 7.448275862068965125e+01 0.000000000000000000e+00
2.232516581526026306e-02 7.448275862068965125e+01 0.000000000000000000e+00
3.465956239546214013e-02 7.448275862068965125e+01 0.000000000000000000e+00
5.380857080236323142e-02 7.448275862068965125e+01 0.000000000000000000e+00
8.353718546002249223e-02 7.448275862068965125e+01 0.000000000000000000e+00
1.296905167805663117e-01 7.448275862068965125e+01 0.000000000000000000e+00
2.013430312523462606e-01 7.448275862068965125e+01 6.651080274822156684e-34
3.125827334197034957e-01 7.448275862068965125e+01 0.000000000000000000e+00
9.999999999999999547e-08 8.068965517241380780e+01 0.000000000000000000e+00
1.552488464465096726e-07 8.068965517241380780e+01 0.000000000000000000e+00
2.410220432297198580e-07 8.068965517241380780e+01 0.000000000000000000e+00
3.741839417959479486e-07 8.068965517241380780e+01 0.000000000000000000e+00
5.809162532262895137e-07 8.068965517241380780e+01 0.000000000000000000e+00
9.018657819540993514e-07 8.068965517241380780e+01 0.000000000000000000e+00
1.400136222979536266e-06 8.068965517241380780e+01 0.000000000000000000e+00
2.173695334855460347e-06 8.068965517241380780e+01 0.000000000000000000e+00
3.374636932624704993e-06 8.068965517241380780e+01 0.000000000000000000e+00
5.239084909657731830e-06 8.068965517241380780e+01 0.000000000000000000e+00
8.133618886596808025e-06 8.068965517241380780e+01 0.000000000000000000e+00
1.262734949579698756e-05 8.068965517241380780e+01 0.000000000000000000e+00
1.960381442899401737e-05 8.068965517241380780e+01 0.000000000000000000e+00
3.043469576052762872e-05 8.068965517241380780e+01 0.000000000000000000e+00
4.724951408772392312e-05 8.068965517241380780e+01 0.000000000000000000e+00
7.335432557277261521e-05 8.068965517241380780e+01 0.000000000000000000e+00
1.138817442703466499e-04 8.068965517241380780e+01 0.000000000000000000e+00
1.768000942928774760e-04 8.068965517241380780e+01 0.000000000000000000e+00
2.744801069060338991e-04 8.068965517241380780e+01 0.000000000000000000e+00
4.261271996967645986e-04 8.068965517241380780e+01 0.000000000000000000e+00
6.615575619240423536e-04 8.068965517241380780e+01 0.000000000000000000e+00
1.027060483466730621e-03 8.068965517241380780e+01 0.000000000000000000e+00
1.594499552890044384e-03 8.068965517241380780e+01 0.000000000000000000e+00
2.475442162456553425e-03 8.068965517241380780e+01 0.000000000000000000e+00
3.843095401664332802e-03 8.068965517241380780e+01 0.000000000000000000e+00
5.966361278922745898e-03 8.068965517241380780e+01 0.000000000000000000e+00
9.262707060358784175e-03 8.068965517241380780e+01 0.000000000000000000e+00
1.438024586092644802e-02 8.068965517241380780e+01 0.000000000000000000e+00
2.232516581526026306e-02 8.068965517241380780e+01 0.000000000000000000e+00
3.465956239546214013e-02 8.068965517241380780e+01 0.000000000000000000e+00
5.380857080236323142e-02 8.068965517241380780e+01 0.000000000000000000e+00
8.353718546002249223e-02 8.068965517241380780e+01 0.000000000000000000e+00
1.296905167805663117e-01 8.068965517241380780e+01 0.000000000000000000e+00
2.013430312523462606e-01 8.068965517241380780e+01 5.793825231206272042e-34
3.125827334197034957e-01 8.068965517241380780e+01 0.000000000000000000e+00
9.999999999999999547e-08 8.689655172413793593e+01 0.000000000000000000e+00
1.552488464465096726e-07 8.689655172413793593e+01 0.000000000000000000e+00
2.410220432297198580e-07 8.689655172413793593e+01 0.000000000000000000e+00
3.741839417959479486e-07 8.689655172413793593e+01 0.000000000000000000e+00
5.809162532262895137e-07 8.689655172413793593e+01 0.000000000000000000e+00
9.018657819540993514e-07 8.689655172413793593e+01 0.000000000000000000e+00
1.400136222979536266e-06 8.689655172413793593e+01 0.000000000000000000e+00
2.173695334855460347e-06 8.689655172413793593e+01 0.000000000000000000e+00
3.374636932624704993e-06 8.689655172413793593e+01 0.000000000000000000e+00
5.239084909657731830e-06 8.689655172413793593e+01 0.000000000000000000e+00
8.133618886596808025e-06 8.689655172413793593e+01 0.000000000000000000e+00
1.262734949579698756e-05 8.689655172413793593e+01 0.000000000000000000e+00
1.960381442899401737e-05 8.689655172413793593e+01 0.000000000000000000e+00
3.043469576052762872e-05 8.689655172413793593e+01 0.000000000000000000e+00
4.724951408772392312e-05 8.689655172413793593e+01 0.000000000000000000e+00
7.335432557277261521e-05 8.689655172413793593e+01 0.000000000000000000e+00
1.138817442703466499e-04 8.689655172413793593e+01 0.000000000000000000e+00
1.768000942928774760e-04 8.689655172413793593e+01 0.000000000000000000e+00
2.744801069060338991e-04 8.689655172413793593e+01 0.000000000000000000e+00
4.261271996967645986e-04 8.689655172413793593e+01 0.000000000000000000e+00
6.615575619240423536e-04 8.689655172413793593e+01 0.000000000000000000e+00
1.027060483466730621e-03 8.689655172413793593e+01 0.000000000000000000e+00
1.594499552890044384e-03 8.689655172413793593e+01 0.000000000000000000e+00
2.475442162456553425e-03 8.689655172413793593e+01 0.000000000000000000e+00
3.843095401664332802e-03 8.689655172413793593e+01 0.000000000000000000e+00
5.966361278922745898e-03 8.689655172413793593e+01 0.000000000000000000e+00
9.262707060358784175e-03 8.689655172413793593e+01 0.000000000000000000e+00
1.438024586092644802e-02 8.689655172413793593e+01 0.000000000000000000e+00
2.232516581526026306e-02 8.689655172413793593e+01 0.000000000000000000e+00
3.465956239546214013e-02 8.689655172413793593e+01 0.000000000000000000e+00
5.380857080236323142e-02 8.689655172413793593e+01 0.000000000000000000e+00
8.353718546002249223e-02 8.689655172413793593e+01 2.165595465641840165e-35
1.296905167805663117e-01 8.689655172413793593e+01 7.173442028574327795e-35
2.013430312523462606e-01 8.689655172413793593e+01 4.866200234587595704e-34
3.125827334197034957e-01 8.689655172413793593e+01 0.000000000000000000e+00
9.999999999999999547e-08 9.310344827586206407e+01 0.000000000000000000e+00
1.552488464465096726e-07 9.310344827586206407e+01 0.000000000000000000e+00
2.410220432297198580e-07 9.310344827586206407e+01 0.000000000000000000e+00
3.741839417959479486e-07 9.310344827586206407e+01 0.000000000000000000e+00
5.809162532262895137e-07 9.310344827586206407e+01 0.000000000000000000e+00
9.018657819540993514e-07 9.310344827586206407e+01 0.000000000000000000e+00
1.400136222979536266e-06 9.310344827586206407e+01 0.000000000000000000e+00
2.173695334855460347e-06 9.310344827586206407e+01 0.000000000000000000e+00
3.374636932624704993e-06 9.310344827586206407e+01 0.000000000000000000e+00
5.239084909657731830e-06 9.310344827586206407e+01 0.000000000000000000e+00
8.133618886596808025e-06 9.310344827586206407e+01 0.000000000000000000e+00
1.262734949579698756e-05 9.310344827586206407e+01 0.000000000000000000e+00
1.960381442899401737e-05 9.310344827586206407e+01 0.000000000000000000e+00
3.043469576052762872e-05 9.310344827586206407e+01 0.000000000000000000e+00
4.724951408772392312e-05 9.310344827586206407e+01 0.000000000000000000e+00
7.335432557277261521e-05 9.310344827586206407e+01 0.000000000000000000e+00
1.138817442703466499e-04 9.310344827586206407e+01 0.000000000000000000e+00
1.768000942928774760e-04 9.310344827586206407e+01 0.000000000000000000e+00
2.744801069060338991e-04 9.310344827586206407e+01 0.000000000000000000e+00
4.261271996967645986e-04 9.310344827586206407e+01 0.000000000000000000e+00
6.615575619240423536e-04 9.310344827586206407e+01 0.000000000000000000e+00
1.027060483466730621e-03 9.310344827586206407e+01 0.000000000000000000e+00
1.594499552890044384e-03 9.310344827586206407e+01 0.000000000000000000e+00
2.475442162456553425e-03 9.310344827586206407e+01 0.000000000000000000e+00
3.843095401664332802e-03 9.310344827586206407e+01 0.000000000000000000e+00
5.966361278922745898e-03 9.310344827586206407e+01 0.000000000000000000e+00
9.262707060358784175e-03 9.310344827586206407e+01 0.000000000000000000e+00
1.438024586092644802e-02 9.310344827586206407e+01 0.000000000000000000e+00
2.232516581526026306e-02 9.310344827586206407e+01 0.000000000000000000e+00
3.465956239546214013e-02 9.310344827586206407e+01 0.000000000000000000e+00
5.380857080236323142e-02 9.310344827586206407e+01 1.590963007035687100e-35
8.353718546002249223e-02 9.310344827586206407e+01 1.973219405962474409e-35
1.296905167805663117e-01 9.310344827586206407e+01 8.143080813494697258e-35
2.013430312523462606e-01 9.310344827586206407e+01 4.032352982549108072e-34
3.125827334197034957e-01 9.310344827586206407e+01 0.000000000000000000e+00
9.999999999999999547e-08 9.931034482758620641e+01 0.000000000000000000e+00
1.552488464465096726e-07 9.931034482758620641e+01 0.000000000000000000e+00
2.410220432297198580e-07 9.931034482758620641e+01 0.000000000000000000e+00
3.741839417959479486e-07 9.931034482758620641e+01 0.000000000000000000e+00
5.809162532262895137e-07 9.931034482758620641e+01 0.000000000000000000e+00
9.018657819540993514e-07 9.931034482758620641e+01 0.000000000000000000e+00
1.400136222979536266e-06 9.931034482758620641e+01 0.000000000000000000e+00
2.173695334855460347e-06 9.931034482758620641e+01 0.000000000000000000e+00
3.374636932624704993e-06 9.931034482758620641e+01 0.000000000000000000e+00
5.239084909657731830e-06 9.931034482758620641e+01 0.000000000000000000e+00
8.133618886596808025e-06 9.931034482758620641e+01 0.000000000000000000e+00
1.262734949579698756e-05 9.931034482758620641e+01 0.000000000000000000e+00
1.960381442899401737e-05 9.931034482758620641e+01 0.000000000000000000e+00
3.043469576052762872e-05 9.931034482758620641e+01 0.000000000000000000e+00
4.724951408772392312e-05 9.931034482758620641e+01 0.000000000000000000e+00
7.335432557277261521e-05 9.931034482758620641e+01 0.000000000000000000e+00
1.138817442703466499e-04 9.931034482758620641e+01 0.000000000000000000e+00
1.768000942928774760e-04 9.931034482758620641e+01 0.000000000000000000e+00
2.744801069060338991e-04 9.931034482758620641e+01 0.000000000000000000e+00
4.261271996967645986e-04 9.931034482758620641e+01 0.000000000000000000e+00
6.615575619240423536e-04 9.931034482758620641e+01 0.000000000000000000e+00
1.027060483466730621e-03 9.931034482758620641e+01 0.000000000000000000e+00
1.594499552890044384e-03 9.931034482758620641e+01 0.000000000000000000e+00
2.475442162456553425e-03 9.931034482758620641e+01 0.000000000000000000e+00
3.843095401664332802e-03 9.931034482758620641e+01 0.000000000000000000e+00
5.966361278922745898e-03 9.931034482758620641e+01 0.000000000000000000e+00
9.262707060358784175e-03 9.931034482758620641e+01 0.000000000000000000e+00
1.438024586092644802e-02 9.931034482758620641e+01 0.000000000000000000e+00
2.232516581526026306e-02 9.931034482758620641e+01 0.000000000000000000e+00
3.465956239546214013e-02 9.931034482758620641e+01 1.250202259873075829e-35
5.380857080236323142e-02 9.931034482758620641e+01 1.436636803730539406e-35
8.353718546002249223e-02 9.931034482758620641e+01 1.804756889582187187e-35
1.296905167805663117e-01 9.931034482758620641e+01 9.121087762532785700e-35
2.013430312523462606e-01 9.931034482758620641e+01 3.311341797745428106e-34
3.125827334197034957e-01 9.931034482758620641e+01 0.000000000000000000e+00
9.999999999999999547e-08 1.055172413793103630e+02 0.000000000000000000e+00
1.552488464465096726e-07 1.055172413793103630e+02 0.000000000000000000e+00
2.410220432297198580e-07 1.055172413793103630e+02 0.000000000000000000e+00
3.741839417959479486e-07 1.055172413793103630e+02 0.000000000000000000e+00
5.809162532262895137e-07 1.055172413793103630e+02 0.000000000000000000e+00
9.018657819540993514e-07 1.055172413793103630e+02 0.000000000000000000e+00
1.400136222979536266e-06 1.055172413793103630e+02 0.000000000000000000e+00
2.173695334855460347e-06 1.055172413793103630e+02 0.000000000000000000e+00
3.374636932624704993e-06 1.055172413793103630e+02 0.000000000000000000e+00
5.239084909657731830e-06 1.055172413793103630e+02 0.000000000000000000e+00
8.133618886596808025e-06 1.055172413793103630e+02 0.000000000000000000e+00
1.262734949579698756e-05 1.055172413793103630e+02 0.000000000000000000e+00
1.960381442899401737e-05 1.055172413793103630e+02 0.000000000000000000e+00
3.043469576052762872e-05 1.055172413793103630e+02 0.000000000000000000e+00
4.724951408772392312e-05 1.055172413793103630e+02 0.000000000000000000e+00
7.335432557277261521e-05 1.055172413793103630e+02 0.000000000000000000e+00
1.138817442703466499e-04 1.055172413793103630e+02 0.000000000000000000e+00
1.768000942928774760e-04 1.055172413793103630e+02 0.000000000000000000e+00
2.744801069060338991e-04 1.055172413793103630e+02 0.000000000000000000e+00
4.261271996967645986e-04 1.055172413793103630e+02 0.000000000000000000e+00
6.615575619240423536e-04 1.055172413793103630e+02 0.000000000000000000e+00
1.027060483466730621e-03 1.055172413793103630e+02 0.000000000000000000e+00
1.594499552890044384e-03 1.055172413793103630e+02 0.000000000000000000e+00
2.475442162456553425e-03 1.055172413793103630e+02 0.000000000000000000e+00
3.843095401664332802e-03 1.055172413793103630e+02 0.000000000000000000e+00
5.966361278922745898e-03 1.055172413793103630e+02 0.000000000000000000e+00
9.262707060358784175e-03 1.055172413793103630e+02 0.000000000000000000e+00
1.438024586092644802e-02 1.055172413793103630e+02 0.000000000000000000e+00
2.232516581526026306e-02 1.055172413793103630e+02 1.006591409154636770e-35
3.465956239546214013e-02 1.055172413793103630e+02 1.131362116215020022e-35
5.380857080236323142e-02 1.055172413793103630e+02 1.290082538203354533e-35
8.353718546002249223e-02 1.055172413793103630e+02 1.667607281982092722e-35
1.296905167805663117e-01 1.055172413793103630e+02 9.986487815255181554e-35
2.013430312523462606e-01 1.055172413793103630e+02 2.700944385692149927e-34
3.125827334197034957e-01 1.055172413793103630e+02 0.000000000000000000e+00
9.999999999999999547e-08 1.117241379310344911e+02 0.000000000000000000e+00
1.552488464465096726e-07 1.117241379310344911e+02 0.000000000000000000e+00
2.410220432297198580e-07 1.117241379310344911e+02 0.000000000000000000e+00
3.741839417959479486e-07 1.117241379310344911e+02 0.000000000000000000e+00
5.809162532262895137e-07 1.117241379310344911e+02 0.000000000000000000e+00
9.018657819540993514e-07 1.117241379310344911e+02 0.000000000000000000e+00
1.400136222979536266e-06 1.117241379310344911e+02 0.000000000000000000e+00
2.173695334855460347e-06 1.117241379310344911e+02 0.000000000000000000e+00
3.374636932624704993e-06 1.117241379310344911e+02 0.000000000000000000e+00
5.239084909657731830e-06 1.117241379310344911e+02 0.000000000000000000e+00
8.133618886596808025e-06 1.117241379310344911e+02 0.000000000000000000e+00
1.262734949579698756e-05 1.117241379310344911e+02 0.000000000000000000e+00
1.960381442899401737e-05 1.117241379310344911e+02 0.000000000000000000e+00
3.043469576052762872e-05 1.117241379310344911e+02 0.000000000000000000e+00
4.724951408772392312e-05 1.117241379310344911e+02 0.000000000000000000e+00
7.335432557277261521e-05 1.117241379310344911e+02 0.000000000000000000e+00
1.138817442703466499e-04 1.117241379310344911e+02 0.000000000000000000e+00
1.768000942928774760e-04 1.117241379310344911e+02 0.000000000000000000e+00
2.744801069060338991e-04 1.117241379310344911e+02 0.000000000000000000e+00
4.261271996967645986e-04 1.117241379310344911e+02 0.000000000000000000e+00
6.615575619240423536e-04 1.117241379310344911e+02 0.000000000000000000e+00
1.027060483466730621e-03 1.117241379310344911e+02 0.000000000000000000e+00
1.594499552890044384e-03 1.117241379310344911e+02 0.000000000000000000e+00
2.475442162456553425e-03 1.117241379310344911e+02 0.000000000000000000e+00
3.843095401664332802e-03 1.117241379310344911e+02 0.000000000000000000e+00
5.966361278922745898e-03 1.117241379310344911e+02 0.000000000000000000e+00
9.262707060358784175e-03 1.117241379310344911e+02 0.000000000000000000e+00
1.438024586092644802e-02 1.117241379310344911e+02 8.107234228580086142e-36
2.232516581526026306e-02 1.117241379310344911e+02 9.055403850440156574e-36
3.465956239546214013e-02 1.117241379310344911e+02 1.014935681111712548e-35
5.380857080236323142e-02 1.117241379310344911e+02 1.154062913669995241e-35
8.353718546002249223e-02 1.117241379310344911e+02 1.562373389999638278e-35
1.296905167805663117e-01 1.117241379310344911e+02 1.049520584166210817e-34
2.013430312523462606e-01 1.117241379310344911e+02 2.181434493952609295e-34
3.125827334197034957e-01 1.117241379310344911e+02 0.000000000000000000e+00
9.999999999999999547e-08 1.179310344827586192e+02 0.000000000000000000e+00
1.552488464465096726e-07 1.179310344827586192e+02 0.000000000000000000e+00
2.410220432297198580e-07 1.179310344827586192e+02 0.000000000000000000e+00
3.741839417959479486e-07 1.179310344827586192e+02 0.000000000000000000e+00
5.809162532262895137e-07 1.179310344827586192e+02 0.000000000000000000e+00
9.018657819540993514e-07 1.179310344827586192e+02 0.000000000000000000e+00
1.400136222979536266e-06 1.179310344827586192e+02 0.000000000000000000e+00
2.173695334855460347e-06 1.179310344827586192e+02 0.000000000000000000e+00
3.374636932624704993e-06 1.179310344827586192e+02 0.000000000000000000e+00
5.239084909657731830e-06 1.179310344827586192e+02 0.000000000000000000e+00
8.133618886596808025e-06 1.179310344827586192e+02 0.000000000000000000e+00
1.262734949579698756e-05 1.179310344827586192e+02 0.000000000000000000e+00
1.960381442899401737e-05 1.179310344827586192e+02 0.000000000000000000e+00
3.043469576052762872e-05 1.179310344827586192e+02 0.000000000000000000e+00
4.724951408772392312e-05 1.179310344827586192e+02 0.000000000000000000e+00
7.335432557277261521e-05 1.179310344827586192e+02 0.000000000000000000e+00
1.138817442703466499e-04 1.179310344827586192e+02 0.000000000000000000e+00
1.768000942928774760e-04 1.179310344827586192e+02 0.000000000000000000e+00
2.744801069060338991e-04 1.179310344827586192e+02 0.000000000000000000e+00
4.261271996967645986e-04 1.179310344827586192e+02 0.000000000000000000e+00
6.615575619240423536e-04 1.179310344827586192e+02 0.000000000000000000e+00
1.027060483466730621e-03 1.179310344827586192e+02 0.000000000000000000e+00
1.594499552890044384e-03 1.179310344827586192e+02 0.000000000000000000e+00
2.475442162456553425e-03 1.179310344827586192e+02 0.000000000000000000e+00
3.843095401664332802e-03 1.179310344827586192e+02 0.000000000000000000e+00
5.966361278922745898e-03 1.179310344827586192e+02 0.000000000000000000e+00
9.262707060358784175e-03 1.179310344827586192e+02 6.497391455669369031e-36
1.438024586092644802e-02 1.179310344827586192e+02 7.281185637208103181e-36
2.232516581526026306e-02 1.179310344827586192e+02 8.081396129112454148e-36
3.465956239546214013e-02 1.179310344827586192e+02 8.997265173798052175e-36
5.380857080236323142e-02 1.179310344827586192e+02 1.024152101671177539e-35
8.353718546002249223e-02 1.179310344827586192e+02 1.486447177899994969e-35
1.296905167805663117e-01 1.179310344827586192e+02 1.067885914873653677e-34
2.013430312523462606e-01 1.179310344827586192e+02 1.749955563443258247e-34
3.125827334197034957e-01 1.179310344827586192e+02 0.000000000000000000e+00
9.999999999999999547e-08 1.241379310344827616e+02 0.000000000000000000e+00
1.552488464465096726e-07 1.241379310344827616e+02 0.000000000000000000e+00
2.410220432297198580e-07 1.241379310344827616e+02 0.000000000000000000e+00
3.741839417959479486e-07 1.241379310344827616e+02 0.000000000000000000e+00
5.809162532262895137e-07 1.241379310344827616e+02 0.000000000000000000e+00
9.018657819540993514e-07 1.241379310344827616e+02 0.000000000000000000e+00
1.400136222979536266e-06 1.241379310344827616e+02 0.000000000000000000e+00
2.173695334855460347e-06 1.241379310344827616e+02 0.000000000000000000e+00
3.374636932624704993e-06 1.241379310344827616e+02 0.000000000000000000e+00
5.239084909657731830e-06 1.241379310344827616e+02 0.000000000000000000e+00
8.133618886596808025e-06 1.241379310344827616e+02 0.000000000000000000e+00
1.262734949579698756e-05 1.241379310344827616e+02 0.000000000000000000e+00
1.960381442899401737e-05 1.241379310344827616e+02 0.000000000000000000e+00
3.043469576052762872e-05 1.241379310344827616e+02 0.000000000000000000e+00
4.724951408772392312e-05 1.241379310344827616e+02 0.000000000000000000e+00
7.335432557277261521e-05 1.241379310344827616e+02 0.000000000000000000e+00
1.138817442703466499e-04 1.241379310344827616e+02 0.000000000000000000e+00
1.768000942928774760e-04 1.241379310344827616e+02 0.000000000000000000e+00
2.744801069060338991e-04 1.241379310344827616e+02 0.000000000000000000e+00
4.261271996967645986e-04 1.241379310344827616e+02 0.000000000000000000e+00
6.615575619240423536e-04 1.241379310344827616e+02 0.000000000000000000e+00
1.027060483466730621e-03 1.241379310344827616e+02 0.000000000000000000e+00
1.594499552890044384e-03 1.241379310344827616e+02 0.000000000000000000e+00
2.475442162456553425e-03 1.241379310344827616e+02 0.000000000000000000e+00
3.843095401664332802e-03 1.241379310344827616e+02 0.000000000000000000e+00
5.966361278922745898e-03 1.241379310344827616e+02 5.180762235883288847e-36
9.262707060358784175e-03 1.241379310344827616e+02 5.815610224091254054e-36
1.438024586092644802e-02 1.241379310344827616e+02 6.479149910091847409e-36
2.232516581526026306e-02 1.241379310344827616e+02 7.178500107132783435e-36
3.465956239546214013e-02 1.241379310344827616e+02 7.984875763529804142e-36
5.380857080236323142e-02 1.241379310344827616e+02 9.032096192144640397e-36
8.353718546002249223e-02 1.241379310344827616e+02 1.400817029790203169e-35
1.296905167805663117e-01 1.241379310344827616e+02 1.046782398789015451e-34
2.013430312523462606e-01 1.241379310344827616e+02 1.391163889793493862e-34
3.125827334197034957e-01 1.241379310344827616e+02 0.000000000000000000e+00
9.999999999999999547e-08 1.303448275862068897e+02 0.000000000000000000e+00
1.552488464465096726e-07 1.303448275862068897e+02 0.000000000000000000e+00
2.410220432297198580e-07 1.303448275862068897e+02 0.000000000000000000e+00
3.741839417959479486e-07 1.303448275862068897e+02 0.000000000000000000e+00
5.809162532262895137e-07 1.303448275862068897e+02 0.000000000000000000e+00
9.018657819540993514e-07 1.303448275862068897e+02 0.000000000000000000e+00
1.400136222979536266e-06 1.303448275862068897e+02 0.000000000000000000e+00
2.173695334855460347e-06 1.303448275862068897e+02 0.000000000000000000e+00
3.374636932624704993e-06 1.303448275862068897e+02 0.000000000000000000e+00
5.239084909657731830e-06 1.303448275862068897e+02 0.000000000000000000e+00
8.133618886596808025e-06 1.303448275862068897e+02 0.000000000000000000e+00
1.262734949579698756e-05 1.303448275862068897e+02 0.000000000000000000e+00
1.960381442899401737e-05 1.303448275862068897e+02 0.000000000000000000e+00
3.043469576052762872e-05 1.303448275862068897e+02 0.000000000000000000e+00
4.724951408772392312e-05 1.303448275862068897e+02 0.000000000000000000e+00
7.335432557277261521e-05 1.303448275862068897e+02 0.000000000000000000e+00
1.138817442703466499e-04 1.303448275862068897e+02 0.000000000000000000e+00
1.768000942928774760e-04 1.303448275862068897e+02 0.000000000000000000e+00
2.744801069060338991e-04 1.303448275862068897e+02 0.000000000000000000e+00
4.261271996967645986e-04 1.303448275862068897e+02 0.000000000000000000e+00
6.615575619240423536e-04 1.303448275862068897e+02 0.000000000000000000e+00
1.027060483466730621e-03 1.303448275862068897e+02 0.000000000000000000e+00
1.594499552890044384e-03 1.303448275862068897e+02 0.000000000000000000e+00
2.475442162456553425e-03 1.303448275862068897e+02 0.000000000000000000e+00
3.843095401664332802e-03 1.303448275862068897e+02 0.000000000000000000e+00
5.966361278922745898e-03 1.303448275862068897e+02 4.583449770127758017e-36
9.262707060358784175e-03 1.303448275862068897e+02 5.130866600856955478e-36
1.438024586092644802e-02 1.303448275862068897e+02 5.705951463407832635e-36
2.232516581526026306e-02 1.303448275862068897e+02 6.296390913192052339e-36
3.465956239546214013e-02 1.303448275862068897e+02 6.983453770511617465e-36
5.380857080236323142e-02 1.303448275862068897e+02 7.906625765781558022e-36
8.353718546002249223e-02 1.303448275862068897e+02 1.327457471689405360e-35
1.296905167805663117e-01 1.303448275862068897e+02 9.959814693534420501e-35
2.013430312523462606e-01 1.303448275862068897e+02 1.096041467350427388e-34
3.125827334197034957e-01 1.303448275862068897e+02 0.000000000000000000e+00
9.999999999999999547e-08 1.365517241379310462e+02 0.000000000000000000e+00
1.552488464465096726e-07 1.365517241379310462e+02 0.000000000000000000e+00
2.410220432297198580e-07 1.365517241379310462e+02 0.000000000000000000e+00
3.741839417959479486e-07 1.365517241379310462e+02 0.000000000000000000e+00
5.809162532262895137e-07 1.365517241379310462e+02 0.000000000000000000e+00
9.018657819540993514e-07 1.365517241379310462e+02 0.000000000000000000e+00
1.400136222979536266e-06 1.365517241379310462e+02 0.000000000000000000e+00
2.173695334855460347e-06 1.365517241379310462e+02 0.000000000000000000e+00
3.374636932624704993e-06 1.365517241379310462e+02 0.000000000000000000e+00
5.239084909657731830e-06 1.365517241379310462e+02 0.000000000000000000e+00
8.133618886596808025e-06 1.365517241379310462e+02 0.000000000000000000e+00
1.262734949579698756e-05 1.365517241379310462e+02 0.000000000000000000e+00
1.960381442899401737e-05 1.365517241379310462e+02 0.000000000000000000e+00
3.043469576052762872e-05 1.365517241379310462e+02 0.000000000000000000e+00
4.724951408772392312e-05 1.365517241379310462e+02 0.000000000000000000e+00
7.335432557277261521e-05 1.365517241379310462e+02 0.000000000000000000e+00
1.138817442703466499e-04 1.365517241379310462e+02 0.000000000000000000e+00
1.768000942928774760e-04 1.365517241379310462e+02 0.000000000000000000e+00
2.744801069060338991e-04 1.365517241379310462e+02 0.000000000000000000e+00
4.261271996967645986e-04 1.365517241379310462e+02 0.000000000000000000e+00
6.615575619240423536e-04 1.365517241379310462e+02 0.000000000000000000e+00
1.027060483466730621e-03 1.365517241379310462e+02 0.000000000000000000e+00
1.594499552890044384e-03 1.365517241379310462e+02 0.000000000000000000e+00
2.475442162456553425e-03 1.365517241379310462e+02 0.000000000000000000e+00
3.843095401664332802e-03 1.365517241379310462e+02 3.530207716890765246e-36
5.966361278922745898e-03 1.365517241379310462e+02 4.002695203398875351e-36
9.262707060358784175e-03 1.365517241379310462e+02 4.462901447594662223e-36
1.438024586092644802e-02 1.365517241379310462e+02 4.949248620498000323e-36
2.232516581526026306e-02 1.365517241379310462e+02 5.442785127092310442e-36
3.465956239546214013e-02 1.365517241379310462e+02 6.020628867437930015e-36
5.380857080236323142e-02 1.365517241379310462e+02 6.831810381248528416e-36
8.353718546002249223e-02 1.365517241379310462e+02 1.243948261501444823e-35
1.296905167805663117e-01 1.365517241379310462e+02 9.136332868277415616e-35
2.013430312523462606e-01 1.365517241379310462e+02 8.567885559867676727e-35
3.125827334197034957e-01 1.365517241379310462e+02 0.000000000000000000e+00
9.999999999999999547e-08 1.427586206896551744e+02 0.000000000000000000e+00
1.552488464465096726e-07 1.427586206896551744e+02 0.000000000000000000e+00
2.410220432297198580e-07 1.427586206896551744e+02 0.000000000000000000e+00
3.741839417959479486e-07 1.427586206896551744e+02 0.000000000000000000e+00
5.809162532262895137e-07 1.427586206896551744e+02 0.000000000000000000e+00
9.018657819540993514e-07 1.427586206896551744e+02 0.000000000000000000e+00
1.400136222979536266e-06 1.427586206896551744e+02 0.000000000000000000e+00
2.173695334855460347e-06 1.427586206896551744e+02 0.000000000000000000e+00
3.374636932624704993e-06 1.427586206896551744e+02 0.000000000000000000e+00
5.239084909657731830e-06 1.427586206896551744e+02 0.000000000000000000e+00
8.133618886596808025e-06 1.427586206896551744e+02 0.000000000000000000e+00
1.262734949579698756e-05 1.427586206896551744e+02 0.000000000000000000e+00
1.960381442899401737e-05 1.427586206896551744e+02 0.000000000000000000e+00
3.043469576052762872e-05 1.427586206896551744e+02 0.000000000000000000e+00
4.724951408772392312e-05 1.427586206896551744e+02 0.000000000000000000e+00
7.335432557277261521e-05 1.427586206896551744e+02 0.000000000000000000e+00
1.138817442703466499e-04 1.427586206896551744e+02 0.000000000000000000e+00
1.768000942928774760e-04 1.427586206896551744e+02 0.000000000000000000e+00
2.744801069060338991e-04 1.427586206896551744e+02 0.000000000000000000e+00
4.261271996967645986e-04 1.427586206896551744e+02 0.000000000000000000e+00
6.615575619240423536e-04 1.427586206896551744e+02 0.000000000000000000e+00
1.027060483466730621e-03 1.427586206896551744e+02 0.000000000000000000e+00
1.594499552890044384e-03 1.427586206896551744e+02 0.000000000000000000e+00
2.475442162456553425e-03 1.427586206896551744e+02 0.000000000000000000e+00
3.843095401664332802e-03 1.427586206896551744e+02 3.030319419540742014e-36
5.966361278922745898e-03 1.427586206896551744e+02 3.420425922996466320e-36
9.262707060358784175e-03 1.427586206896551744e+02 3.818312777969651673e-36
1.438024586092644802e-02 1.427586206896551744e+02 4.203511583059363043e-36
2.232516581526026306e-02 1.427586206896551744e+02 4.624031930907625411e-36
3.465956239546214013e-02 1.427586206896551744e+02 5.115113446893155326e-36
5.380857080236323142e-02 1.427586206896551744e+02 5.800522050793733839e-36
8.353718546002249223e-02 1.427586206896551744e+02 1.134945602886077054e-35
1.296905167805663117e-01 1.427586206896551744e+02 8.108297737691313687e-35
2.013430312523462606e-01 1.427586206896551744e+02 6.616016824792227662e-35
3.125827334197034957e-01 1.427586206896551744e+02 0.000000000000000000e+00
9.999999999999999547e-08 1.489655172413793025e+02 0.000000000000000000e+00
1.552488464465096726e-07 1.489655172413793025e+02 0.000000000000000000e+00
2.410220432297198580e-07 1.489655172413793025e+02 0.000000000000000000e+00
3.741839417959479486e-07 1.489655172413793025e+02 0.000000000000000000e+00
5.809162532262895137e-07 1.489655172413793025e+02 0.000000000000000000e+00
9.018657819540993514e-07 1.489655172413793025e+02 0.000000000000000000e+00
1.400136222979536266e-06 1.489655172413793025e+02 0.000000000000000000e+00
2.173695334855460347e-06 1.489655172413793025e+02 0.000000000000000000e+00
3.374636932624704993e-06 1.489655172413793025e+02 0.000000000000000000e+00
5.239084909657731830e-06 1.489655172413793025e+02 0.000000000000000000e+00
8.133618886596808025e-06 1.489655172413793025e+02 0.000000000000000000e+00
1.262734949579698756e-05 1.489655172413793025e+02 0.000000000000000000e+00
1.960381442899401737e-05 1.489655172413793025e+02 0.000000000000000000e+00
3.043469576052762872e-05 1.489655172413793025e+02 0.000000000000000000e+00
4.724951408772392312e-05 1.489655172413793025e+02 0.000000000000000000e+00
7.335432557277261521e-05 1.489655172413793025e+02 0.000000000000000000e+00
1.138817442703466499e-04 1.489655172413793025e+02 0.000000000000000000e+00
1.768000942928774760e-04 1.489655172413793025e+02 0.000000000000000000e+00
2.744801069060338991e-04 1.489655172413793025e+02 0.000000000000000000e+00
4.261271996967645986e-04 1.489655172413793025e+02 0.000000000000000000e+00
6.615575619240423536e-04 1.489655172413793025e+02 0.000000000000000000e+00
1.027060483466730621e-03 1.489655172413793025e+02 0.000000000000000000e+00
1.594499552890044384e-03 1.489655172413793025e+02 0.000000000000000000e+00
2.475442162456553425e-03 1.489655172413793025e+02 0.000000000000000000e+00
3.843095401664332802e-03 1.489655172413793025e+02 2.526385805317495415e-36
5.966361278922745898e-03 1.489655172413793025e+02 2.845456810687448272e-36
9.262707060358784175e-03 1.489655172413793025e+02 3.168282421310278392e-36
1.438024586092644802e-02 1.489655172413793025e+02 3.480819514670959935e-36
2.232516581526026306e-02 1.489655172413793025e+02 3.826454797976546536e-36
3.465956239546214013e-02 1.489655172413793025e+02 4.218860712674270837e-36
5.380857080236323142e-02 1.489655172413793025e+02 4.784670027694546131e-36
8.353718546002249223e-02 1.489655172413793025e+02 9.994484324180456096e-36
1.296905167805663117e-01 1.489655172413793025e+02 6.865978606482268059e-35
2.013430312523462606e-01 1.489655172413793025e+02 5.058376114440643512e-35
3.125827334197034957e-01 1.489655172413793025e+02 0.000000000000000000e+00
9.999999999999999547e-08 1.551724137931034591e+02 0.000000000000000000e+00
1.552488464465096726e-07 1.551724137931034591e+02 0.000000000000000000e+00
2.410220432297198580e-07 1.551724137931034591e+02 0.000000000000000000e+00
3.741839417959479486e-07 1.551724137931034591e+02 0.000000000000000000e+00
5.809162532262895137e-07 1.551724137931034591e+02 0.000000000000000000e+00
9.018657819540993514e-07 1.551724137931034591e+02 0.000000000000000000e+00
1.400136222979536266e-06 1.551724137931034591e+02 0.000000000000000000e+00
2.173695334855460347e-06 1.551724137931034591e+02 0.000000000000000000e+00
3.374636932624704993e-06 1.551724137931034591e+02 0.000000000000000000e+00
5.239084909657731830e-06 1.551724137931034591e+02 0.000000000000000000e+00
8.133618886596808025e-06 1.551724137931034591e+02 0.000000000000000000e+00
1.262734949579698756e-05 1.551724137931034591e+02 0.000000000000000000e+00
1.960381442899401737e-05 1.551724137931034591e+02 0.000000000000000000e+00
3.043469576052762872e-05 1.551724137931034591e+02 0.000000000000000000e+00
4.724951408772392312e-05 1.551724137931034591e+02 0.000000000000000000e+00
7.335432557277261521e-05 1.551724137931034591e+02 0.000000000000000000e+00
1.138817442703466499e-04 1.551724137931034591e+02 0.000000000000000000e+00
1.768000942928774760e-04 1.551724137931034591e+02 0.000000000000000000e+00
2.744801069060338991e-04 1.551724137931034591e+02 0.000000000000000000e+00
4.261271996967645986e-04 1.551724137931034591e+02 0.000000000000000000e+00
6.615575619240423536e-04 1.551724137931034591e+02 0.000000000000000000e+00
1.027060483466730621e-03 1.551724137931034591e+02 0.000000000000000000e+00
1.594499552890044384e-03 1.551724137931034591e+02 0.000000000000000000e+00
2.475442162456553425e-03 1.551724137931034591e+02 0.000000000000000000e+00
3.843095401664332802e-03 1.551724137931034591e+02 2.015288662346054003e-36
5.966361278922745898e-03 1.551724137931034591e+02 2.269666233712458173e-36
9.262707060358784175e-03 1.551724137931034591e+02 2.518224243852974766e-36
1.438024586092644802e-02 1.551724137931034591e+02 2.762320479372608493e-36
2.232516581526026306e-02 1.551724137931034591e+02 3.031999952886610637e-36
3.465956239546214013e-02 1.551724137931034591e+02 3.343934006961969453e-36
5.380857080236323142e-02 1.551724137931034591e+02 3.803073664881402290e-36
8.353718546002249223e-02 1.551724137931034591e+02 8.396734027492798654e-36
1.296905167805663117e-01 1.551724137931034591e+02 5.553377068121960439e-35
2.013430312523462606e-01 1.551724137931034591e+02 3.762579115094700667e-35
3.125827334197034957e-01 1.551724137931034591e+02 0.000000000000000000e+00
9.999999999999999547e-08 1.613793103448276156e+02 0.000000000000000000e+00
1.552488464465096726e-07 1.613793103448276156e+02 0.000000000000000000e+00
2.410220432297198580e-07 1.613793103448276156e+02 0.000000000000000000e+00
3.741839417959479486e-07 1.613793103448276156e+02 0.000000000000000000e+00
5.809162532262895137e-07 1.613793103448276156e+02 0.000000000000000000e+00
9.018657819540993514e-07 1.613793103448276156e+02 0.000000000000000000e+00
1.400136222979536266e-06 1.613793103448276156e+02 0.000000000000000000e+00
2.173695334855460347e-06 1.613793103448276156e+02 0.000000000000000000e+00
3.374636932624704993e-06 1.613793103448276156e+02 0.000000000000000000e+00
5.239084909657731830e-06 1.613793103448276156e+02 0.000000000000000000e+00
8.133618886596808025e-06 1.613793103448276156e+02 0.000000000000000000e+00
1.262734949579698756e-05 1.613793103448276156e+02 0.000000000000000000e+00
1.960381442899401737e-05 1.613793103448276156e+02 0.000000000000000000e+00
3.043469576052762872e-05 1.613793103448276156e+02 0.000000000000000000e+00
4.724951408772392312e-05 1.613793103448276156e+02 0.000000000000000000e+00
7.335432557277261521e-05 1.613793103448276156e+02 0.000000000000000000e+00
1.138817442703466499e-04 1.613793103448276156e+02 0.000000000000000000e+00
1.768000942928774760e-04 1.613793103448276156e+02 0.000000000000000000e+00
2.744801069060338991e-04 1.613793103448276156e+02 0.000000000000000000e+00
4.261271996967645986e-04 1.613793103448276156e+02 0.000000000000000000e+00
6.615575619240423536e-04 1.613793103448276156e+02 0.000000000000000000e+00
1.027060483466730621e-03 1.613793103448276156e+02 0.000000000000000000e+00
1.594499552890044384e-03 1.613793103448276156e+02 0.000000000000000000e+00
2.475442162456553425e-03 1.613793103448276156e+02 1.331506768162734467e-36
3.843095401664332802e-03 1.613793103448276156e+02 1.515376671438234680e-36
5.966361278922745898e-03 1.613793103448276156e+02 1.700367801402229486e-36
9.262707060358784175e-03 1.613793103448276156e+02 1.885491483015383338e-36
1.438024586092644802e-02 1.613793103448276156e+02 2.068835515680571767e-36
2.232516581526026306e-02 1.613793103448276156e+02 2.260966349914783828e-36
3.465956239546214013e-02 1.613793103448276156e+02 2.488219722796414967e-36
5.380857080236323142e-02 1.613793103448276156e+02 2.848205580926653984e-36
8.353718546002249223e-02 1.613793103448276156e+02 6.555359669806929732e-36
1.296905167805663117e-01 1.613793103448276156e+02 4.195781774497672850e-35
2.013430312523462606e-01 1.613793103448276156e+02 2.657610805594197470e-35
3.125827334197034957e-01 1.613793103448276156e+02 0.000000000000000000e+00
9.999999999999999547e-08 1.675862068965517437e+02 0.000000000000000000e+00
1.552488464465096726e-07 1.675862068965517437e+02 0.000000000000000000e+00
2.410220432297198580e-07 1.675862068965517437e+02 0.000000000000000000e+00
3.741839417959479486e-07 1.675862068965517437e+02 0.000000000000000000e+00
5.809162532262895137e-07 1.675862068965517437e+02 0.000000000000000000e+00
9.018657819540993514e-07 1.675862068965517437e+02 0.000000000000000000e+00
1.400136222979536266e-06 1.675862068965517437e+02 0.000000000000000000e+00
2.173695334855460347e-06 1.675862068965517437e+02 0.000000000000000000e+00
3.374636932624704993e-06 1.675862068965517437e+02 0.000000000000000000e+00
5.239084909657731830e-06 1.675862068965517437e+02 0.000000000000000000e+00
8.133618886596808025e-06 1.675862068965517437e+02 0.000000000000000000e+00
1.262734949579698756e-05 1.675862068965517437e+02 0.000000000000000000e+00
1.960381442899401737e-05 1.675862068965517437e+02 0.000000000000000000e+00
3.043469576052762872e-05 1.675862068965517437e+02 0.000000000000000000e+00
4.724951408772392312e-05 1.675862068965517437e+02 0.000000000000000000e+00
7.335432557277261521e-05 1.675862068965517437e+02 0.000000000000000000e+00
1.138817442703466499e-04 1.675862068965517437e+02 0.000000000000000000e+00
1.768000942928774760e-04 1.675862068965517437e+02 0.000000000000000000e+00
2.744801069060338991e-04 1.675862068965517437e+02 0.000000000000000000e+00
4.261271996967645986e-04 1.675862068965517437e+02 0.000000000000000000e+00
6.615575619240423536e-04 1.675862068965517437e+02 0.000000000000000000e+00
1.027060483466730621e-03 1.675862068965517437e+02 0.000000000000000000e+00
1.594499552890044384e-03 1.675862068965517437e+02 0.000000000000000000e+00
2.475442162456553425e-03 1.675862068965517437e+02 8.883071443661959139e-37
3.843095401664332802e-03 1.675862068965517437e+02 1.010338049985555719e-36
5.966361278922745898e-03 1.675862068965517437e+02 1.129929928041041446e-36
9.262707060358784175e-03 1.675862068965517437e+02 1.252821773262511034e-36
1.438024586092644802e-02 1.675862068965517437e+02 1.373669470582570501e-36
2.232516581526026306e-02 1.675862068965517437e+02 1.506449385376820131e-36
3.465956239546214013e-02 1.675862068965517437e+02 1.649922273142507875e-36
5.380857080236323142e-02 1.675862068965517437e+02 1.884826628270964619e-36
8.353718546002249223e-02 1.675862068965517437e+02 4.524729845682412533e-36
1.296905167805663117e-01 1.675862068965517437e+02 2.796562676509084732e-35
2.013430312523462606e-01 1.675862068965517437e+02 1.699106138599210879e-35
3.125827334197034957e-01 1.675862068965517437e+02 0.000000000000000000e+00
9.999999999999999547e-08 1.737931034482758719e+02 0.000000000000000000e+00
1.552488464465096726e-07 1.737931034482758719e+02 0.000000000000000000e+00
2.410220432297198580e-07 1.737931034482758719e+02 0.000000000000000000e+00
3.741839417959479486e-07 1.737931034482758719e+02 0.000000000000000000e+00
5.809162532262895137e-07 1.737931034482758719e+02 0.000000000000000000e+00
9.018657819540993514e-07 1.737931034482758719e+02 0.000000000000000000e+00
1.400136222979536266e-06 1.737931034482758719e+02 0.000000000000000000e+00
2.173695334855460347e-06 1.737931034482758719e+02 0.000000000000000000e+00
3.374636932624704993e-06 1.737931034482758719e+02 0.000000000000000000e+00
5.239084909657731830e-06 1.737931034482758719e+02 0.000000000000000000e+00
8.133618886596808025e-06 1.737931034482758719e+02 0.000000000000000000e+00
1.262734949579698756e-05 1.737931034482758719e+02 0.000000000000000000e+00
1.960381442899401737e-05 1.737931034482758719e+02 0.000000000000000000e+00
3.043469576052762872e-05 1.737931034482758719e+02 0.000000000000000000e+00
4.724951408772392312e-05 1.737931034482758719e+02 0.000000000000000000e+00
7.335432557277261521e-05 1.737931034482758719e+02 0.000000000000000000e+00
1.138817442703466499e-04 1.737931034482758719e+02 0.000000000000000000e+00
1.768000942928774760e-04 1.737931034482758719e+02 0.000000000000000000e+00
2.744801069060338991e-04 1.737931034482758719e+02 0.000000000000000000e+00
4.261271996967645986e-04 1.737931034482758719e+02 0.000000000000000000e+00
6.615575619240423536e-04 1.737931034482758719e+02 0.000000000000000000e+00
1.027060483466730621e-03 1.737931034482758719e+02 0.000000000000000000e+00
1.594499552890044384e-03 1.737931034482758719e+02 0.000000000000000000e+00
2.475442162456553425e-03 1.737931034482758719e+02 4.441544764865620447e-37
3.843095401664332802e-03 1.737931034482758719e+02 5.047731537506313540e-37
5.966361278922745898e-03 1.737931034482758719e+02 5.651020385975258897e-37
9.262707060358784175e-03 1.737931034482758719e+02 6.246889288645008497e-37
1.438024586092644802e-02 1.737931034482758719e+02 6.847593968720534375e-37
2.232516581526026306e-02 1.737931034482758719e+02 7.494657363823073685e-37
3.465956239546214013e-02 1.737931034482758719e+02 8.251161423828564522e-37
5.380857080236323142e-02 1.737931034482758719e+02 9.407962196360777007e-37
8.353718546002249223e-02 1.737931034482758719e+02 2.295763068735508015e-36
1.296905167805663117e-01 1.737931034482758719e+02 1.400578144521483274e-35
2.013430312523462606e-01 1.737931034482758719e+02 8.280684105597734428e-36
3.125827334197034957e-01 1.737931034482758719e+02 0.000000000000000000e+00
9.999999999999999547e-08 1.800000000000000000e+02 0.000000000000000000e+00
1.552488464465096726e-07 1.800000000000000000e+02 0.000000000000000000e+00
2.410220432297198580e-07 1.800000000000000000e+02 0.000000000000000000e+00
3.741839417959479486e-07 1.800000000000000000e+02 0.000000000000000000e+00
5.809162532262895137e-07 1.800000000000000000e+02 0.000000000000000000e+00
9.018657819540993514e-07 1.800000000000000000e+02 0.000000000000000000e+00
1.400136222979536266e-06 1.800000000000000000e+02 0.000000000000000000e+00
2.173695334855460347e-06 1.800000000000000000e+02 0.000000000000000000e+00
3.374636932624704993e-06 1.800000000000000000e+02 0.000000000000000000e+00
5.239084909657731830e-06 1.800000000000000000e+02 0.000000000000000000e+00
8.133618886596808025e-06 1.800000000000000000e+02 0.000000000000000000e+00
1.262734949579698756e-05 1.800000000000000000e+02 0.000000000000000000e+00
1.960381442899401737e-05 1.800000000000000000e+02 0.000000000000000000e+00
3.043469576052762872e-05 1.800000000000000000e+02 0.000000000000000000e+00
4.724951408772392312e-05 1.800000000000000000e+02 0.000000000000000000e+00
7.335432557277261521e-05 1.800000000000000000e+02 0.000000000000000000e+00
1.138817442703466499e-04 1.800000000000000000e+02 0.000000000000000000e+00
1.768000942928774760e-04 1.800000000000000000e+02 0.000000000000000000e+00
2.744801069060338991e-04 1.800000000000000000e+02 0.000000000000000000e+00
4.261271996967645986e-04 1.800000000000000000e+02 0.000000000000000000e+00
6.615575619240423536e-04 1.800000000000000000e+02 0.000000000000000000e+00
1.027060483466730621e-03 1.800000000000000000e+02 0.000000000000000000e+00
1.594499552890044384e-03 1.800000000000000000e+02 0.000000000000000000e+00
2.475442162456553425e-03 1.800000000000000000e+02 5.031130465500587095e-52
3.843095401664332802e-03 1.800000000000000000e+02 5.717944676623906097e-52
5.966361278922745898e-03 1.800000000000000000e+02 0.000000000000000000e+00
9.262707060358784175e-03 1.800000000000000000e+02 7.058796660178773800e-52
1.438024586092644802e-02 1.800000000000000000e+02 7.742119208759530027e-52
2.232516581526026306e-02 1.800000000000000000e+02 8.471486419178912874e-52
3.465956239546214013e-02 1.800000000000000000e+02 9.300710247567255802e-52
5.380857080236323142e-02 1.800000000000000000e+02 1.064062385795508883e-51
8.353718546002249223e-02 1.800000000000000000e+02 2.606301571898846638e-51
1.296905167805663117e-01 1.800000000000000000e+02 1.585666777833108340e-50
2.013430312523462606e-01 1.800000000000000000e+02 9.231959511877358845e-51
3.125827334197034957e-01 1.800000000000000000e+02 0.000000000000000000e+00
