# atom 56: Tchi 0.8531678524172808 [GeV]; m_chi = 0.001 [GeV]; mS = 0.2 [GeV]; gchi =0.01; gN = 0.01
# Tchi^prime [GeV], theta [degree] ,dsigma/dTchip dtheta [cm^2/GeV]
9.999999999999999547e-08 0.000000000000000000e+00 0.000000000000000000e+00
1.596609714158835588e-07 0.000000000000000000e+00 0.000000000000000000e+00
2.549162579346358842e-07 0.000000000000000000e+00 0.000000000000000000e+00
4.070017737154589828e-07 0.000000000000000000e+00 0.000000000000000000e+00
6.498229855939779963e-07 0.000000000000000000e+00 0.000000000000000000e+00
1.037513691283042438e-06 0.000000000000000000e+00 0.000000000000000000e+00
1.656504438075296513e-06 0.000000000000000000e+00 0.000000000000000000e+00
2.644791077378241924e-06 0.000000000000000000e+00 0.000000000000000000e+00
4.222699126062713300e-06 0.000000000000000000e+00 0.000000000000000000e+00
6.742002444641753631e-06 0.000000000000000000e+00 0.000000000000000000e+00
1.076434659599764064e-05 0.000000000000000000e+00 0.000000000000000000e+00
1.718646034174242833e-05 0.000000000000000000e+00 0.000000000000000000e+00
2.744006953363154310e-05 0.000000000000000000e+00 0.000000000000000000e+00
4.381108157459003043e-05 0.000000000000000000e+00 0.000000000000000000e+00
6.994919842979561585e-05 0.000000000000000000e+00 0.000000000000000000e+00
1.116815697106356451e-04 0.000000000000000000e+00 0.000000000000000000e+00
1.783118790925080515e-04 0.000000000000000000e+00 0.000000000000000000e+00
2.846944783090141358e-04 0.000000000000000000e+00 0.000000000000000000e+00
4.545459696355538077e-04 0.000000000000000000e+00 0.000000000000000000e+00
7.257325106518723330e-04 0.000000000000000000e+00 0.000000000000000000e+00
1.158711576387660026e-03 0.000000000000000000e+00 0.000000000000000000e+00
1.850010158768835558e-03 0.000000000000000000e+00 0.000000000000000000e+00
2.953744190782852524e-03 0.000000000000000000e+00 0.000000000000000000e+00
4.715976668144131363e-03 0.000000000000000000e+00 0.000000000000000000e+00
7.529574160105339392e-03 0.000000000000000000e+00 0.000000000000000000e+00
1.202179124750354065e-02 0.000000000000000000e+00 0.000000000000000000e+00
1.919410868735381762e-02 0.000000000000000000e+00 0.000000000000000000e+00
3.064550038484960270e-02 0.000000000000000000e+00 0.000000000000000000e+00
4.892890360970920949e-02 0.000000000000000000e+00 0.000000000000000000e+00
7.812036280640304031e-02 0.000000000000000000e+00 0.000000000000000000e+00
1.247277301303156838e-01 0.000000000000000000e+00 0.000000000000000000e+00
1.991415055510437071e-01 0.000000000000000000e+00 0.000000000000000000e+00
3.179512622550120793e-01 0.000000000000000000e+00 0.000000000000000000e+00
5.076440739454157747e-01 0.000000000000000000e+00 0.000000000000000000e+00
8.105094597964166425e-01 0.000000000000000000e+00 0.000000000000000000e+00
9.999999999999999547e-08 6.206896551724137900e+00 3.578136937941971364e-43
1.596609714158835588e-07 6.206896551724137900e+00 4.499386095764824170e-43
2.549162579346358842e-07 6.206896551724137900e+00 5.646867447484644756e-43
4.070017737154589828e-07 6.206896551724137900e+00 7.114926595289112317e-43
6.498229855939779963e-07 6.206896551724137900e+00 8.928122828521952679e-43
1.037513691283042438e-06 6.206896551724137900e+00 1.115755649535864939e-42
1.656504438075296513e-06 6.206896551724137900e+00 1.397094876415854089e-42
2.644791077378241924e-06 6.206896551724137900e+00 1.738771230221516334e-42
4.222699126062713300e-06 6.206896551724137900e+00 2.163036710224035793e-42
6.742002444641753631e-06 6.206896551724137900e+00 2.675151873945924541e-42
1.076434659599764064e-05 6.206896551724137900e+00 3.294592350807310360e-42
1.718646034174242833e-05 6.206896551724137900e+00 4.009173723144344361e-42
2.744006953363154310e-05 6.206896551724137900e+00 4.867529296513284575e-42
4.381108157459003043e-05 6.206896551724137900e+00 5.831379339738335750e-42
6.994919842979561585e-05 6.206896551724137900e+00 6.915777360182866931e-42
1.116815697106356451e-04 6.206896551724137900e+00 8.043183768206027898e-42
1.783118790925080515e-04 6.206896551724137900e+00 9.267164160191030245e-42
2.846944783090141358e-04 6.206896551724137900e+00 1.042119883255686549e-41
4.545459696355538077e-04 6.206896551724137900e+00 1.153582916571496810e-41
7.257325106518723330e-04 6.206896551724137900e+00 1.251692210051643061e-41
1.158711576387660026e-03 6.206896551724137900e+00 1.345868399228661694e-41
1.850010158768835558e-03 6.206896551724137900e+00 1.455838035635878162e-41
2.953744190782852524e-03 6.206896551724137900e+00 1.618981546516416908e-41
4.715976668144131363e-03 6.206896551724137900e+00 1.929665239556093888e-41
7.529574160105339392e-03 6.206896551724137900e+00 2.637108462452534471e-41
1.202179124750354065e-02 6.206896551724137900e+00 4.350876212303913896e-41
1.919410868735381762e-02 6.206896551724137900e+00 8.679972933126470769e-41
3.064550038484960270e-02 6.206896551724137900e+00 1.998578726148545071e-40
4.892890360970920949e-02 6.206896551724137900e+00 5.100747417583514398e-40
7.812036280640304031e-02 6.206896551724137900e+00 1.416481131286198895e-39
1.247277301303156838e-01 6.206896551724137900e+00 4.317088303862164804e-39
1.991415055510437071e-01 6.206896551724137900e+00 1.520855342889954710e-38
3.179512622550120793e-01 6.206896551724137900e+00 6.731021548747318792e-38
5.076440739454157747e-01 6.206896551724137900e+00 4.426089240286539536e-37
8.105094597964166425e-01 6.206896551724137900e+00 0.000000000000000000e+00
9.999999999999999547e-08 1.241379310344827580e+01 7.109604371842738303e-43
1.596609714158835588e-07 1.241379310344827580e+01 8.937337849571121118e-43
2.549162579346358842e-07 1.241379310344827580e+01 1.125306235074283805e-42
4.070017737154589828e-07 1.241379310344827580e+01 1.413936361844165651e-42
6.498229855939779963e-07 1.241379310344827580e+01 1.774641722420300423e-42
1.037513691283042438e-06 1.241379310344827580e+01 2.226092328554660413e-42
1.656504438075296513e-06 1.241379310344827580e+01 2.779098971839710654e-42
2.644791077378241924e-06 1.241379310344827580e+01 3.459744770869392839e-42
4.222699126062713300e-06 1.241379310344827580e+01 4.303601817050690825e-42
6.742002444641753631e-06 1.241379310344827580e+01 5.323789829179684131e-42
1.076434659599764064e-05 1.241379310344827580e+01 6.575016270745719192e-42
1.718646034174242833e-05 1.241379310344827580e+01 8.025069489894879966e-42
2.744006953363154310e-05 1.241379310344827580e+01 9.728518525440618022e-42
4.381108157459003043e-05 1.241379310344827580e+01 1.167838519460854351e-41
6.994919842979561585e-05 1.241379310344827580e+01 1.386866281284511296e-41
1.116815697106356451e-04 1.241379310344827580e+01 1.623903201581053978e-41
1.783118790925080515e-04 1.241379310344827580e+01 1.872721904891055659e-41
2.846944783090141358e-04 1.241379310344827580e+01 2.131337388301813915e-41
4.545459696355538077e-04 1.241379310344827580e+01 2.394894059373040723e-41
7.257325106518723330e-04 1.241379310344827580e+01 2.667188649276529952e-41
1.158711576387660026e-03 1.241379310344827580e+01 3.027233592460693008e-41
1.850010158768835558e-03 1.241379310344827580e+01 3.564441571791488546e-41
2.953744190782852524e-03 1.241379310344827580e+01 4.611161077016939556e-41
4.715976668144131363e-03 1.241379310344827580e+01 6.865279592245483153e-41
7.529574160105339392e-03 1.241379310344827580e+01 1.221009830247934770e-40
1.202179124750354065e-02 1.241379310344827580e+01 2.520064953240972864e-40
1.919410868735381762e-02 1.241379310344827580e+01 5.787837809259916004e-40
3.064550038484960270e-02 1.241379310344827580e+01 1.422657698306577649e-39
4.892890360970920949e-02 1.241379310344827580e+01 3.656784778528935753e-39
7.812036280640304031e-02 1.241379310344827580e+01 9.902278587976173359e-39
1.247277301303156838e-01 1.241379310344827580e+01 2.858239150540492252e-38
1.991415055510437071e-01 1.241379310344827580e+01 9.249816320469234583e-38
3.179512622550120793e-01 1.241379310344827580e+01 3.584617921947469655e-37
5.076440739454157747e-01 1.241379310344827580e+01 1.990675290497015250e-36
8.105094597964166425e-01 1.241379310344827580e+01 0.000000000000000000e+00
9.999999999999999547e-08 1.862068965517241281e+01 1.054843646320613323e-42
1.596609714158835588e-07 1.862068965517241281e+01 1.328787753191685579e-42
2.549162579346358842e-07 1.862068965517241281e+01 1.674059342998120367e-42
4.070017737154589828e-07 1.862068965517241281e+01 2.101546565652821042e-42
6.498229855939779963e-07 1.862068965517241281e+01 2.640386237564266820e-42
1.037513691283042438e-06 1.862068965517241281e+01 3.312932962940246587e-42
1.656504438075296513e-06 1.862068965517241281e+01 4.135934054287577651e-42
2.644791077378241924e-06 1.862068965517241281e+01 5.155007813636645104e-42
4.222699126062713300e-06 1.862068965517241281e+01 6.431593433345038264e-42
6.742002444641753631e-06 1.862068965517241281e+01 7.941307117217846605e-42
1.076434659599764064e-05 1.862068965517241281e+01 9.792464109349813891e-42
1.718646034174242833e-05 1.862068965517241281e+01 1.200484232942080465e-41
2.744006953363154310e-05 1.862068965517241281e+01 1.455837407941123783e-41
4.381108157459003043e-05 1.862068965517241281e+01 1.752458381667390142e-41
6.994919842979561585e-05 1.862068965517241281e+01 2.090684594334958199e-41
1.116815697106356451e-04 1.862068965517241281e+01 2.463245436280001916e-41
1.783118790925080515e-04 1.862068965517241281e+01 2.874949389409188598e-41
2.846944783090141358e-04 1.862068965517241281e+01 3.312122871533460051e-41
4.545459696355538077e-04 1.862068965517241281e+01 3.799301946338118642e-41
7.257325106518723330e-04 1.862068965517241281e+01 4.407508681525494437e-41
1.158711576387660026e-03 1.862068965517241281e+01 5.309357514916523172e-41
1.850010158768835558e-03 1.862068965517241281e+01 6.913183150538325863e-41
2.953744190782852524e-03 1.862068965517241281e+01 1.017342942785445655e-40
4.715976668144131363e-03 1.862068965517241281e+01 1.754183530469017401e-40
7.529574160105339392e-03 1.862068965517241281e+01 3.456206017133290298e-40
1.202179124750354065e-02 1.862068965517241281e+01 7.605708055075231824e-40
1.919410868735381762e-02 1.862068965517241281e+01 1.776260902671102374e-39
3.064550038484960270e-02 1.862068965517241281e+01 4.334861866008809009e-39
4.892890360970920949e-02 1.862068965517241281e+01 1.082695319280114568e-38
7.812036280640304031e-02 1.862068965517241281e+01 2.769763722685671537e-38
1.247277301303156838e-01 1.862068965517241281e+01 7.358705636461045738e-38
1.991415055510437071e-01 1.862068965517241281e+01 2.115776685000512603e-37
3.179512622550120793e-01 1.862068965517241281e+01 7.065253755576856486e-37
5.076440739454157747e-01 1.862068965517241281e+01 3.346785835164490594e-36
8.105094597964166425e-01 1.862068965517241281e+01 0.000000000000000000e+00
9.999999999999999547e-08 2.482758620689655160e+01 1.390152267576821719e-42
1.596609714158835588e-07 2.482758620689655160e+01 1.747268332899714417e-42
2.549162579346358842e-07 2.482758620689655160e+01 2.203322901268641844e-42
4.070017737154589828e-07 2.482758620689655160e+01 2.767109316345178537e-42
6.498229855939779963e-07 2.482758620689655160e+01 3.468562705313221680e-42
1.037513691283042438e-06 2.482758620689655160e+01 4.358841073516792381e-42
1.656504438075296513e-06 2.482758620689655160e+01 5.453491520438937052e-42
2.644791077378241924e-06 2.482758620689655160e+01 6.813583953826212465e-42
4.222699126062713300e-06 2.482758620689655160e+01 8.473986844823054042e-42
6.742002444641753631e-06 2.482758620689655160e+01 1.050655254408195986e-41
1.076434659599764064e-05 2.482758620689655160e+01 1.296038445274716846e-41
1.718646034174242833e-05 2.482758620689655160e+01 1.591003812346925907e-41
2.744006953363154310e-05 2.482758620689655160e+01 1.935019041642315864e-41
4.381108157459003043e-05 2.482758620689655160e+01 2.336274852165548255e-41
6.994919842979561585e-05 2.482758620689655160e+01 2.800310381127098340e-41
1.116815697106356451e-04 2.482758620689655160e+01 3.325920511152011035e-41
1.783118790925080515e-04 2.482758620689655160e+01 3.923083441501519379e-41
2.846944783090141358e-04 2.482758620689655160e+01 4.592088346574607520e-41
4.545459696355538077e-04 2.482758620689655160e+01 5.446837584225803006e-41
7.257325106518723330e-04 2.482758620689655160e+01 6.598739733121175657e-41
1.158711576387660026e-03 2.482758620689655160e+01 8.472603044103225162e-41
1.850010158768835558e-03 2.482758620689655160e+01 1.200705706266372393e-40
2.953744190782852524e-03 2.482758620689655160e+01 1.940291104690765397e-40
4.715976668144131363e-03 2.482758620689655160e+01 3.581049264723823823e-40
7.529574160105339392e-03 2.482758620689655160e+01 7.409557990830678888e-40
1.202179124750354065e-02 2.482758620689655160e+01 1.653777125201431133e-39
1.919410868735381762e-02 2.482758620689655160e+01 3.832167014087401702e-39
3.064550038484960270e-02 2.482758620689655160e+01 9.085647941546410423e-39
4.892890360970920949e-02 2.482758620689655160e+01 2.165314691288931604e-38
7.812036280640304031e-02 2.482758620689655160e+01 5.161258681950522879e-38
1.247277301303156838e-01 2.482758620689655160e+01 1.255049501731487440e-37
1.991415055510437071e-01 2.482758620689655160e+01 3.218301832498330286e-37
3.179512622550120793e-01 2.482758620689655160e+01 9.461463818005324241e-37
5.076440739454157747e-01 2.482758620689655160e+01 3.904969406755461358e-36
8.105094597964166425e-01 2.482758620689655160e+01 5.948348408006611741e-35
9.999999999999999547e-08 3.103448275862069039e+01 1.706734081798297118e-42
1.596609714158835588e-07 3.103448275862069039e+01 2.150571732585857361e-42
2.549162579346358842e-07 3.103448275862069039e+01 2.706916837657776361e-42
4.070017737154589828e-07 3.103448275862069039e+01 3.399604425221957369e-42
6.498229855939779963e-07 3.103448275862069039e+01 4.268207469191098952e-42
1.037513691283042438e-06 3.103448275862069039e+01 5.368306173308176161e-42
1.656504438075296513e-06 3.103448275862069039e+01 6.710059876310071773e-42
2.644791077378241924e-06 3.103448275862069039e+01 8.378224196732690022e-42
4.222699126062713300e-06 3.103448275862069039e+01 1.046068445903295696e-41
6.742002444641753631e-06 3.103448275862069039e+01 1.296868996465853983e-41
1.076434659599764064e-05 3.103448275862069039e+01 1.599711613167271104e-41
1.718646034174242833e-05 3.103448275862069039e+01 1.973431195721791582e-41
2.744006953363154310e-05 3.103448275862069039e+01 2.411025118582482584e-41
4.381108157459003043e-05 3.103448275862069039e+01 2.924409062613662174e-41
6.994919842979561585e-05 3.103448275862069039e+01 3.523261220835352840e-41
1.116815697106356451e-04 3.103448275862069039e+01 4.225574642279631424e-41
1.783118790925080515e-04 3.103448275862069039e+01 5.047734155056177674e-41
2.846944783090141358e-04 3.103448275862069039e+01 6.045094386816460652e-41
4.545459696355538077e-04 3.103448275862069039e+01 7.371794276825798197e-41
7.257325106518723330e-04 3.103448275862069039e+01 9.319586591976402297e-41
1.158711576387660026e-03 3.103448275862069039e+01 1.270489477404664750e-40
1.850010158768835558e-03 3.103448275862069039e+01 1.917398894950266485e-40
2.953744190782852524e-03 3.103448275862069039e+01 3.289634445056168605e-40
4.715976668144131363e-03 3.103448275862069039e+01 6.318474403547194605e-40
7.529574160105339392e-03 3.103448275862069039e+01 1.328049178417655142e-39
1.202179124750354065e-02 3.103448275862069039e+01 2.946484263877892985e-39
1.919410868735381762e-02 3.103448275862069039e+01 6.707702768437144625e-39
3.064550038484960270e-02 3.103448275862069039e+01 1.530769623410731256e-38
4.892890360970920949e-02 3.103448275862069039e+01 3.460449382231667594e-38
7.812036280640304031e-02 3.103448275862069039e+01 7.726845044627760395e-38
1.247277301303156838e-01 3.103448275862069039e+01 1.708418636308038154e-37
1.991415055510437071e-01 3.103448275862069039e+01 3.984238785262650296e-37
3.179512622550120793e-01 3.103448275862069039e+01 1.062088471568308252e-36
5.076440739454157747e-01 3.103448275862069039e+01 3.902067032028262994e-36
8.105094597964166425e-01 3.103448275862069039e+01 1.114701841579150071e-35
9.999999999999999547e-08 3.724137931034482563e+01 2.002059589188265095e-42
1.596609714158835588e-07 3.724137931034482563e+01 2.523596498351540861e-42
2.549162579346358842e-07 3.724137931034482563e+01 3.186360448124317633e-42
4.070017737154589828e-07 3.724137931034482563e+01 3.997173309681330817e-42
6.498229855939779963e-07 3.724137931034482563e+01 5.024554496902866818e-42
1.037513691283042438e-06 3.724137931034482563e+01 6.310588266085965693e-42
1.656504438075296513e-06 3.724137931034482563e+01 7.900683707396360303e-42
2.644791077378241924e-06 3.724137931034482563e+01 9.895675858817918697e-42
4.222699126062713300e-06 3.724137931034482563e+01 1.232029523690601055e-41
6.742002444641753631e-06 3.724137931034482563e+01 1.531826541912712483e-41
1.076434659599764064e-05 3.724137931034482563e+01 1.899589748748429164e-41
1.718646034174242833e-05 3.724137931034482563e+01 2.342548102827185947e-41
2.744006953363154310e-05 3.724137931034482563e+01 2.870759052355197027e-41
4.381108157459003043e-05 3.724137931034482563e+01 3.508138710572889678e-41
6.994919842979561585e-05 3.724137931034482563e+01 4.260792207033008111e-41
1.116815697106356451e-04 3.724137931034482563e+01 5.154879608465618475e-41
1.783118790925080515e-04 3.724137931034482563e+01 6.250236148129292334e-41
2.846944783090141358e-04 3.724137931034482563e+01 7.667883423813311221e-41
4.545459696355538077e-04 3.724137931034482563e+01 9.589698710566766874e-41
7.257325106518723330e-04 3.724137931034482563e+01 1.265288385399344668e-40
1.158711576387660026e-03 3.724137931034482563e+01 1.804521454607674570e-40
1.850010158768835558e-03 3.724137931034482563e+01 2.866169636924025743e-40
2.953744190782852524e-03 3.724137931034482563e+01 5.088356438479138316e-40
4.715976668144131363e-03 3.724137931034482563e+01 9.973446874431338294e-40
7.529574160105339392e-03 3.724137931034482563e+01 2.101756245015463591e-39
1.202179124750354065e-02 3.724137931034482563e+01 4.602152238831048508e-39
1.919410868735381762e-02 3.724137931034482563e+01 1.022113641215151456e-38
3.064550038484960270e-02 3.724137931034482563e+01 2.243655056184249962e-38
4.892890360970920949e-02 3.724137931034482563e+01 4.798552836358276751e-38
7.812036280640304031e-02 3.724137931034482563e+01 9.979218814544634312e-38
1.247277301303156838e-01 3.724137931034482563e+01 2.050682265876861289e-37
1.991415055510437071e-01 3.724137931034482563e+01 4.380757653299612811e-37
3.179512622550120793e-01 3.724137931034482563e+01 1.090932891152060637e-36
5.076440739454157747e-01 3.724137931034482563e+01 3.958897865651108575e-36
8.105094597964166425e-01 3.724137931034482563e+01 0.000000000000000000e+00
9.999999999999999547e-08 4.344827586206896797e+01 2.280072771655839941e-42
1.596609714158835588e-07 4.344827586206896797e+01 2.873024209644383086e-42
2.549162579346358842e-07 4.344827586206896797e+01 3.607703629346966830e-42
4.070017737154589828e-07 4.344827586206896797e+01 4.558390728685468723e-42
6.498229855939779963e-07 4.344827586206896797e+01 5.719840387275451375e-42
1.037513691283042438e-06 4.344827586206896797e+01 7.210345801227023442e-42
1.656504438075296513e-06 4.344827586206896797e+01 9.054962633521659839e-42
2.644791077378241924e-06 4.344827586206896797e+01 1.131114000079525806e-41
4.222699126062713300e-06 4.344827586206896797e+01 1.412197441747989005e-41
6.742002444641753631e-06 4.344827586206896797e+01 1.756128364683339857e-41
1.076434659599764064e-05 4.344827586206896797e+01 2.186530983395791805e-41
1.718646034174242833e-05 4.344827586206896797e+01 2.691611670454932454e-41
2.744006953363154310e-05 4.344827586206896797e+01 3.323936500818705449e-41
4.381108157459003043e-05 4.344827586206896797e+01 4.081812914955256730e-41
6.994919842979561585e-05 4.344827586206896797e+01 4.992997131918214490e-41
1.116815697106356451e-04 4.344827586206896797e+01 6.133919106513951486e-41
1.783118790925080515e-04 4.344827586206896797e+01 7.523116877612980510e-41
2.846944783090141358e-04 4.344827586206896797e+01 9.436923852000236265e-41
4.545459696355538077e-04 4.344827586206896797e+01 1.214966781799484299e-40
7.257325106518723330e-04 4.344827586206896797e+01 1.658327556355355581e-40
1.158711576387660026e-03 4.344827586206896797e+01 2.452280281543490872e-40
1.850010158768835558e-03 4.344827586206896797e+01 4.027650825640455551e-40
2.953744190782852524e-03 4.344827586206896797e+01 7.318078174693063148e-40
4.715976668144131363e-03 4.344827586206896797e+01 1.452961560831064978e-39
7.529574160105339392e-03 4.344827586206896797e+01 3.036459357241008136e-39
1.202179124750354065e-02 4.344827586206896797e+01 6.541577821517064022e-39
1.919410868735381762e-02 4.344827586206896797e+01 1.412634571328231248e-38
3.064550038484960270e-02 4.344827586206896797e+01 2.970153022880555718e-38
4.892890360970920949e-02 4.344827586206896797e+01 6.022748792838118748e-38
7.812036280640304031e-02 4.344827586206896797e+01 1.176281634861597286e-37
1.247277301303156838e-01 4.344827586206896797e+01 2.260510667908990560e-37
1.991415055510437071e-01 4.344827586206896797e+01 4.543358798160315218e-37
3.179512622550120793e-01 4.344827586206896797e+01 1.074855665506903360e-36
5.076440739454157747e-01 4.344827586206896797e+01 6.773277445453729786e-36
8.105094597964166425e-01 4.344827586206896797e+01 0.000000000000000000e+00
9.999999999999999547e-08 4.965517241379310320e+01 2.525569147530268441e-42
1.596609714158835588e-07 4.965517241379310320e+01 3.194015139566960003e-42
2.549162579346358842e-07 4.965517241379310320e+01 4.025851614542646985e-42
4.070017737154589828e-07 4.965517241379310320e+01 5.056672431733751730e-42
6.498229855939779963e-07 4.965517241379310320e+01 6.360876191584157515e-42
1.037513691283042438e-06 4.965517241379310320e+01 8.001140652886749624e-42
1.656504438075296513e-06 4.965517241379310320e+01 1.002637746436309825e-41
2.644791077378241924e-06 4.965517241379310320e+01 1.258609367233397687e-41
4.222699126062713300e-06 4.965517241379310320e+01 1.573425931471533312e-41
6.742002444641753631e-06 4.965517241379310320e+01 1.966564842524209050e-41
1.076434659599764064e-05 4.965517241379310320e+01 2.444348819362155858e-41
1.718646034174242833e-05 4.965517241379310320e+01 3.028981478285363353e-41
2.744006953363154310e-05 4.965517241379310320e+01 3.761228394788971655e-41
4.381108157459003043e-05 4.965517241379310320e+01 4.641076571304392307e-41
6.994919842979561585e-05 4.965517241379310320e+01 5.736178930458036610e-41
1.116815697106356451e-04 4.965517241379310320e+01 7.107762134229626264e-41
1.783118790925080515e-04 4.965517241379310320e+01 8.897288069105906797e-41
2.846944783090141358e-04 4.965517241379310320e+01 1.132721586057217171e-40
4.545459696355538077e-04 4.965517241379310320e+01 1.499257115073836507e-40
7.257325106518723330e-04 4.965517241379310320e+01 2.104210043649737452e-40
1.158711576387660026e-03 4.965517241379310320e+01 3.207201144635302014e-40
1.850010158768835558e-03 4.965517241379310320e+01 5.395256671353364011e-40
2.953744190782852524e-03 4.965517241379310320e+01 9.915694179566942418e-40
4.715976668144131363e-03 4.965517241379310320e+01 1.973064243140998737e-39
7.529574160105339392e-03 4.965517241379310320e+01 4.082007659832736641e-39
1.202179124750354065e-02 4.965517241379310320e+01 8.670958442328633265e-39
1.919410868735381762e-02 4.965517241379310320e+01 1.809672823935995575e-38
3.064550038484960270e-02 4.965517241379310320e+01 3.657290589723557973e-38
4.892890360970920949e-02 4.965517241379310320e+01 7.045774668732567154e-38
7.812036280640304031e-02 4.965517241379310320e+01 1.298339749488170280e-37
1.247277301303156838e-01 4.965517241379310320e+01 2.364746273239586243e-37
1.991415055510437071e-01 4.965517241379310320e+01 4.511429300839191762e-37
3.179512622550120793e-01 4.965517241379310320e+01 1.026449502898476807e-36
5.076440739454157747e-01 4.965517241379310320e+01 1.457989442851920242e-35
8.105094597964166425e-01 4.965517241379310320e+01 0.000000000000000000e+00
9.999999999999999547e-08 5.586206896551724554e+01 2.751672440748272052e-42
1.596609714158835588e-07 5.586206896551724554e+01 3.474956369008431439e-42
2.549162579346358842e-07 5.586206896551724554e+01 4.373624204100926469e-42
4.070017737154589828e-07 5.586206896551724554e+01 5.504058682974642976e-42
6.498229855939779963e-07 5.586206896551724554e+01 6.944410014840732581e-42
1.037513691283042438e-06 5.586206896551724554e+01 8.719613057258806617e-42
1.656504438075296513e-06 5.586206896551724554e+01 1.098160121859225818e-41
2.644791077378241924e-06 5.586206896551724554e+01 1.375763967465334085e-41
4.222699126062713300e-06 5.586206896551724554e+01 1.726323326102786381e-41
6.742002444641753631e-06 5.586206896551724554e+01 2.156299858252042863e-41
1.076434659599764064e-05 5.586206896551724554e+01 2.692548952632099902e-41
1.718646034174242833e-05 5.586206896551724554e+01 3.347935328552113870e-41
2.744006953363154310e-05 5.586206896551724554e+01 4.168159366365128150e-41
4.381108157459003043e-05 5.586206896551724554e+01 5.186827800794623869e-41
6.994919842979561585e-05 5.586206896551724554e+01 6.460668996465789028e-41
1.116815697106356451e-04 5.586206896551724554e+01 8.088752263575081008e-41
1.783118790925080515e-04 5.586206896551724554e+01 1.026291288759998525e-40
2.846944783090141358e-04 5.586206896551724554e+01 1.333028968029825641e-40
4.545459696355538077e-04 5.586206896551724554e+01 1.809571816845168674e-40
7.257325106518723330e-04 5.586206896551724554e+01 2.601980460132763492e-40
1.158711576387660026e-03 5.586206896551724554e+01 4.056128198127577445e-40
1.850010158768835558e-03 5.586206896551724554e+01 6.925520579782148268e-40
2.953744190782852524e-03 5.586206896551724554e+01 1.284198212255160675e-39
4.715976668144131363e-03 5.586206896551724554e+01 2.545524202538100668e-39
7.529574160105339392e-03 5.586206896551724554e+01 5.228608914263290969e-39
1.202179124750354065e-02 5.586206896551724554e+01 1.082276905014895826e-38
1.919410868735381762e-02 5.586206896551724554e+01 2.188696761521011578e-38
3.064550038484960270e-02 5.586206896551724554e+01 4.257304033502968805e-38
4.892890360970920949e-02 5.586206896551724554e+01 7.833525756565292011e-38
7.812036280640304031e-02 5.586206896551724554e+01 1.372753937802662747e-37
1.247277301303156838e-01 5.586206896551724554e+01 2.383343949013880399e-37
1.991415055510437071e-01 5.586206896551724554e+01 4.393514193258162468e-37
3.179512622550120793e-01 5.586206896551724554e+01 9.523408134747407958e-37
5.076440739454157747e-01 5.586206896551724554e+01 2.211789549185710352e-35
8.105094597964166425e-01 5.586206896551724554e+01 0.000000000000000000e+00
9.999999999999999547e-08 6.206896551724138078e+01 2.932449213174947259e-42
1.596609714158835588e-07 6.206896551724138078e+01 3.712190663558990936e-42
2.549162579346358842e-07 6.206896551724138078e+01 4.688914799941706352e-42
4.070017737154589828e-07 6.206896551724138078e+01 5.893003258322457793e-42
6.498229855939779963e-07 6.206896551724138078e+01 7.417333789481931298e-42
1.037513691283042438e-06 6.206896551724138078e+01 9.333479779721764683e-42
1.656504438075296513e-06 6.206896551724138078e+01 1.175271143373984468e-41
2.644791077378241924e-06 6.206896551724138078e+01 1.476977192079264417e-41
4.222699126062713300e-06 6.206896551724138078e+01 1.853662648131565755e-41
6.742002444641753631e-06 6.206896551724138078e+01 2.324260728448928777e-41
1.076434659599764064e-05 6.206896551724138078e+01 2.913260101681534139e-41
1.718646034174242833e-05 6.206896551724138078e+01 3.638490514338408904e-41
2.744006953363154310e-05 6.206896551724138078e+01 4.548728442235313335e-41
4.381108157459003043e-05 6.206896551724138078e+01 5.707874430816544661e-41
6.994919842979561585e-05 6.206896551724138078e+01 7.149049458497246818e-41
1.116815697106356451e-04 6.206896551724138078e+01 9.064614984293899604e-41
1.783118790925080515e-04 6.206896551724138078e+01 1.166131275462085470e-40
2.846944783090141358e-04 6.206896551724138078e+01 1.541054931988039353e-40
4.545459696355538077e-04 6.206896551724138078e+01 2.130158269835029789e-40
7.257325106518723330e-04 6.206896551724138078e+01 3.129961427327483461e-40
1.158711576387660026e-03 6.206896551724138078e+01 4.974896403821963249e-40
1.850010158768835558e-03 6.206896551724138078e+01 8.587442623323661752e-40
2.953744190782852524e-03 6.206896551724138078e+01 1.597889191770321923e-39
4.715976668144131363e-03 6.206896551724138078e+01 3.146046693041596206e-39
7.529574160105339392e-03 6.206896551724138078e+01 6.367376432020518435e-39
1.202179124750354065e-02 6.206896551724138078e+01 1.291116709808267387e-38
1.919410868735381762e-02 6.206896551724138078e+01 2.530764414747714365e-38
3.064550038484960270e-02 6.206896551724138078e+01 4.735586941720646332e-38
4.892890360970920949e-02 6.206896551724138078e+01 8.378059620792654261e-38
7.812036280640304031e-02 6.206896551724138078e+01 1.406515659524818716e-37
1.247277301303156838e-01 6.206896551724138078e+01 2.352936516658391845e-37
1.991415055510437071e-01 6.206896551724138078e+01 4.195319831269198330e-37
3.179512622550120793e-01 6.206896551724138078e+01 8.649934027611892339e-37
5.076440739454157747e-01 6.206896551724138078e+01 2.121742885498173470e-35
8.105094597964166425e-01 6.206896551724138078e+01 0.000000000000000000e+00
9.999999999999999547e-08 6.827586206896552312e+01 3.093356609552926818e-42
1.596609714158835588e-07 6.827586206896552312e+01 3.905930337129410867e-42
2.549162579346358842e-07 6.827586206896552312e+01 4.930242794674983860e-42
4.070017737154589828e-07 6.827586206896552312e+01 6.214520326272228649e-42
6.498229855939779963e-07 6.827586206896552312e+01 7.832438096059406126e-42
1.037513691283042438e-06 6.827586206896552312e+01 9.850839609201341360e-42
1.656504438075296513e-06 6.827586206896552312e+01 1.243008530736254590e-41
2.644791077378241924e-06 6.827586206896552312e+01 1.566794699164805719e-41
4.222699126062713300e-06 6.827586206896552312e+01 1.967291239690351764e-41
6.742002444641753631e-06 6.827586206896552312e+01 2.471692558274196337e-41
1.076434659599764064e-05 6.827586206896552312e+01 3.105077161010701253e-41
1.718646034174242833e-05 6.827586206896552312e+01 3.893186564969432353e-41
2.744006953363154310e-05 6.827586206896552312e+01 4.901885112694619234e-41
4.381108157459003043e-05 6.827586206896552312e+01 6.166710028990427229e-41
6.994919842979561585e-05 6.827586206896552312e+01 7.828142208582685014e-41
1.116815697106356451e-04 6.827586206896552312e+01 1.002158537397780674e-40
1.783118790925080515e-04 6.827586206896552312e+01 1.303934224960628846e-40
2.846944783090141358e-04 6.827586206896552312e+01 1.752865756840373257e-40
4.545459696355538077e-04 6.827586206896552312e+01 2.460209329450648615e-40
7.257325106518723330e-04 6.827586206896552312e+01 3.681617651664652345e-40
1.158711576387660026e-03 6.827586206896552312e+01 5.910567381149033757e-40
1.850010158768835558e-03 6.827586206896552312e+01 1.024947646358014035e-39
2.953744190782852524e-03 6.827586206896552312e+01 1.909245164168605596e-39
4.715976668144131363e-03 6.827586206896552312e+01 3.743287450551919455e-39
7.529574160105339392e-03 6.827586206896552312e+01 7.463956107947798378e-39
1.202179124750354065e-02 6.827586206896552312e+01 1.480049997476206161e-38
1.919410868735381762e-02 6.827586206896552312e+01 2.825236253391864231e-38
3.064550038484960270e-02 6.827586206896552312e+01 5.099619700603908915e-38
4.892890360970920949e-02 6.827586206896552312e+01 8.642836921164189884e-38
7.812036280640304031e-02 6.827586206896552312e+01 1.406939483667897276e-37
1.247277301303156838e-01 6.827586206896552312e+01 2.282384701373208327e-37
1.991415055510437071e-01 6.827586206896552312e+01 3.987831812208509256e-37
3.179512622550120793e-01 6.827586206896552312e+01 7.977544191863935765e-37
5.076440739454157747e-01 6.827586206896552312e+01 1.593363943882338677e-35
8.105094597964166425e-01 6.827586206896552312e+01 0.000000000000000000e+00
9.999999999999999547e-08 7.448275862068965125e+01 3.210027050422156697e-42
1.596609714158835588e-07 7.448275862068965125e+01 4.050609456268670662e-42
2.549162579346358842e-07 7.448275862068965125e+01 5.116089684603567849e-42
4.070017737154589828e-07 7.448275862068965125e+01 6.472744394560241782e-42
6.498229855939779963e-07 7.448275862068965125e+01 8.147698007580581918e-42
1.037513691283042438e-06 7.448275862068965125e+01 1.028301654548980148e-41
1.656504438075296513e-06 7.448275862068965125e+01 1.297811165004300665e-41
2.644791077378241924e-06 7.448275862068965125e+01 1.632612648068854550e-41
4.222699126062713300e-06 7.448275862068965125e+01 2.060076316239809250e-41
6.742002444641753631e-06 7.448275862068965125e+01 2.594713110048065957e-41
1.076434659599764064e-05 7.448275862068965125e+01 3.262748481684680346e-41
1.718646034174242833e-05 7.448275862068965125e+01 4.125762899329878656e-41
2.744006953363154310e-05 7.448275862068965125e+01 5.203268376125452141e-41
4.381108157459003043e-05 7.448275862068965125e+01 6.595190368468461018e-41
6.994919842979561585e-05 7.448275862068965125e+01 8.421117093232918012e-41
1.116815697106356451e-04 7.448275862068965125e+01 1.087837253938896923e-40
1.783118790925080515e-04 7.448275862068965125e+01 1.439775602919572141e-40
2.846944783090141358e-04 7.448275862068965125e+01 1.960974186810988158e-40
4.545459696355538077e-04 7.448275862068965125e+01 2.792572196513448972e-40
7.257325106518723330e-04 7.448275862068965125e+01 4.216200340752007409e-40
1.158711576387660026e-03 7.448275862068965125e+01 6.867098365507800947e-40
1.850010158768835558e-03 7.448275862068965125e+01 1.198021509108161922e-39
2.953744190782852524e-03 7.448275862068965125e+01 2.224274176238836084e-39
4.715976668144131363e-03 7.448275862068965125e+01 4.318406240033869300e-39
7.529574160105339392e-03 7.448275862068965125e+01 8.499092341492358689e-39
1.202179124750354065e-02 7.448275862068965125e+01 1.645102160480090120e-38
1.919410868735381762e-02 7.448275862068965125e+01 3.050585791041585773e-38
3.064550038484960270e-02 7.448275862068965125e+01 5.332209357643726211e-38
4.892890360970920949e-02 7.448275862068965125e+01 8.781468890969643362e-38
7.812036280640304031e-02 7.448275862068965125e+01 1.380195616638917718e-37
1.247277301303156838e-01 7.448275862068965125e+01 2.180947126536703880e-37
1.991415055510437071e-01 7.448275862068965125e+01 3.763045630775355232e-37
3.179512622550120793e-01 7.448275862068965125e+01 8.935057381277273332e-37
5.076440739454157747e-01 7.448275862068965125e+01 1.068026423734285487e-35
8.105094597964166425e-01 7.448275862068965125e+01 0.000000000000000000e+00
9.999999999999999547e-08 8.068965517241380780e+01 3.298134954838981060e-42
1.596609714158835588e-07 8.068965517241380780e+01 4.157842223675082493e-42
2.549162579346358842e-07 8.068965517241380780e+01 5.249335705830305913e-42
4.070017737154589828e-07 8.068965517241380780e+01 6.643114466950636960e-42
6.498229855939779963e-07 8.068965517241380780e+01 8.381233770844883419e-42
1.037513691283042438e-06 8.068965517241380780e+01 1.057754728489555091e-41
1.656504438075296513e-06 8.068965517241380780e+01 1.334656607733101774e-41
2.644791077378241924e-06 8.068965517241380780e+01 1.683373739315776592e-41
4.222699126062713300e-06 8.068965517241380780e+01 2.132999227548162055e-41
6.742002444641753631e-06 8.068965517241380780e+01 2.688118230158884814e-41
1.076434659599764064e-05 8.068965517241380780e+01 3.392128647588484991e-41
1.718646034174242833e-05 8.068965517241380780e+01 4.308099113549236644e-41
2.744006953363154310e-05 8.068965517241380780e+01 5.467448014965619324e-41
4.381108157459003043e-05 8.068965517241380780e+01 6.965661509255634438e-41
6.994919842979561585e-05 8.068965517241380780e+01 8.962641011973149409e-41
1.116815697106356451e-04 8.068965517241380780e+01 1.168729764464602810e-40
1.783118790925080515e-04 8.068965517241380780e+01 1.559236342819760097e-40
2.846944783090141358e-04 8.068965517241380780e+01 2.142457686624409611e-40
4.545459696355538077e-04 8.068965517241380780e+01 3.100960094584912759e-40
7.257325106518723330e-04 8.068965517241380780e+01 4.732878987361159998e-40
1.158711576387660026e-03 8.068965517241380780e+01 7.742959155952751051e-40
1.850010158768835558e-03 8.068965517241380780e+01 1.357386692724577676e-39
2.953744190782852524e-03 8.068965517241380780e+01 2.512108310505638994e-39
4.715976668144131363e-03 8.068965517241380780e+01 4.825355376692011477e-39
7.529574160105339392e-03 8.068965517241380780e+01 9.390155409612819527e-39
1.202179124750354065e-02 8.068965517241380780e+01 1.771888481160822110e-38
1.919410868735381762e-02 8.068965517241380780e+01 3.206890017244585041e-38
3.064550038484960270e-02 8.068965517241380780e+01 5.458635402782907951e-38
4.892890360970920949e-02 8.068965517241380780e+01 8.704877854335997384e-38
7.812036280640304031e-02 8.068965517241380780e+01 1.337769792912511342e-37
1.247277301303156838e-01 8.068965517241380780e+01 2.065759026294043998e-37
1.991415055510437071e-01 8.068965517241380780e+01 3.499846254174760967e-37
3.179512622550120793e-01 8.068965517241380780e+01 1.317542291361355804e-36
5.076440739454157747e-01 8.068965517241380780e+01 6.341922799244323363e-36
8.105094597964166425e-01 8.068965517241380780e+01 0.000000000000000000e+00
9.999999999999999547e-08 8.689655172413793593e+01 3.334358452691523204e-42
1.596609714158835588e-07 8.689655172413793593e+01 4.215307992843556722e-42
2.549162579346358842e-07 8.689655172413793593e+01 5.333612174546488654e-42
4.070017737154589828e-07 8.689655172413793593e+01 6.753617674538811973e-42
6.498229855939779963e-07 8.689655172413793593e+01 8.523995864706961734e-42
1.037513691283042438e-06 8.689655172413793593e+01 1.073579080522923725e-41
1.656504438075296513e-06 8.689655172413793593e+01 1.357789188665852241e-41
2.644791077378241924e-06 8.689655172413793593e+01 1.720703961686440068e-41
4.222699126062713300e-06 8.689655172413793593e+01 2.176428753029563710e-41
6.742002444641753631e-06 8.689655172413793593e+01 2.749546758302303915e-41
1.076434659599764064e-05 8.689655172413793593e+01 3.485484637030323571e-41
1.718646034174242833e-05 8.689655172413793593e+01 4.431631838837675747e-41
2.744006953363154310e-05 8.689655172413793593e+01 5.650265274500547936e-41
4.381108157459003043e-05 8.689655172413793593e+01 7.236383145495606889e-41
6.994919842979561585e-05 8.689655172413793593e+01 9.407485103715216824e-41
1.116815697106356451e-04 8.689655172413793593e+01 1.235833929884010164e-40
1.783118790925080515e-04 8.689655172413793593e+01 1.663937292533235480e-40
2.846944783090141358e-04 8.689655172413793593e+01 2.322228505595124414e-40
4.545459696355538077e-04 8.689655172413793593e+01 3.389049165331413517e-40
7.257325106518723330e-04 8.689655172413793593e+01 5.219813532013366655e-40
1.158711576387660026e-03 8.689655172413793593e+01 8.576290762249561185e-40
1.850010158768835558e-03 8.689655172413793593e+01 1.499675866541705483e-39
2.953744190782852524e-03 8.689655172413793593e+01 2.774315317518085095e-39
4.715976668144131363e-03 8.689655172413793593e+01 5.260888264306348629e-39
7.529574160105339392e-03 8.689655172413793593e+01 1.007868937248166815e-38
1.202179124750354065e-02 8.689655172413793593e+01 1.874827774037894243e-38
1.919410868735381762e-02 8.689655172413793593e+01 3.298423361588593179e-38
3.064550038484960270e-02 8.689655172413793593e+01 5.468186660652112368e-38
4.892890360970920949e-02 8.689655172413793593e+01 8.529023297013251572e-38
7.812036280640304031e-02 8.689655172413793593e+01 1.278027192551908225e-37
1.247277301303156838e-01 8.689655172413793593e+01 1.945864911553640759e-37
1.991415055510437071e-01 8.689655172413793593e+01 3.232004291851454976e-37
3.179512622550120793e-01 8.689655172413793593e+01 2.066422850787905926e-36
5.076440739454157747e-01 8.689655172413793593e+01 3.429957740347232436e-36
8.105094597964166425e-01 8.689655172413793593e+01 0.000000000000000000e+00
9.999999999999999547e-08 9.310344827586206407e+01 3.341812347620223722e-42
1.596609714158835588e-07 9.310344827586206407e+01 4.228833784373698592e-42
2.549162579346358842e-07 9.310344827586206407e+01 5.329827464960158439e-42
4.070017737154589828e-07 9.310344827586206407e+01 6.749782735419422170e-42
6.498229855939779963e-07 9.310344827586206407e+01 8.543429409655140501e-42
1.037513691283042438e-06 9.310344827586206407e+01 1.078780267394823930e-41
1.656504438075296513e-06 9.310344827586206407e+01 1.368282286454201170e-41
2.644791077378241924e-06 9.310344827586206407e+01 1.729840386104602779e-41
4.222699126062713300e-06 9.310344827586206407e+01 2.194105411502715312e-41
6.742002444641753631e-06 9.310344827586206407e+01 2.782629513425961431e-41
1.076434659599764064e-05 9.310344827586206407e+01 3.532430844100174544e-41
1.718646034174242833e-05 9.310344827586206407e+01 4.506694953712344851e-41
2.744006953363154310e-05 9.310344827586206407e+01 5.782555787606043781e-41
4.381108157459003043e-05 9.310344827586206407e+01 7.467802719773647565e-41
6.994919842979561585e-05 9.310344827586206407e+01 9.742888065746604408e-41
1.116815697106356451e-04 9.310344827586206407e+01 1.291085701289168899e-40
1.783118790925080515e-04 9.310344827586206407e+01 1.755142158330203092e-40
2.846944783090141358e-04 9.310344827586206407e+01 2.473657889464523952e-40
4.545459696355538077e-04 9.310344827586206407e+01 3.619233916228647345e-40
7.257325106518723330e-04 9.310344827586206407e+01 5.635470989975999185e-40
1.158711576387660026e-03 9.310344827586206407e+01 9.278051593006604116e-40
1.850010158768835558e-03 9.310344827586206407e+01 1.626089185758871436e-39
2.953744190782852524e-03 9.310344827586206407e+01 2.990098053691662561e-39
4.715976668144131363e-03 9.310344827586206407e+01 5.631984620662976459e-39
7.529574160105339392e-03 9.310344827586206407e+01 1.059971158434821405e-38
1.202179124750354065e-02 9.310344827586206407e+01 1.932978017717254219e-38
1.919410868735381762e-02 9.310344827586206407e+01 3.341164301279965263e-38
3.064550038484960270e-02 9.310344827586206407e+01 5.383507886861199806e-38
4.892890360970920949e-02 9.310344827586206407e+01 8.220433022102765164e-38
7.812036280640304031e-02 9.310344827586206407e+01 1.208873495273779021e-37
1.247277301303156838e-01 9.310344827586206407e+01 1.818012537752324995e-37
1.991415055510437071e-01 9.310344827586206407e+01 2.950324499734863781e-37
3.179512622550120793e-01 9.310344827586206407e+01 2.988108190914693660e-36
5.076440739454157747e-01 9.310344827586206407e+01 1.508252498692083647e-36
8.105094597964166425e-01 9.310344827586206407e+01 0.000000000000000000e+00
9.999999999999999547e-08 9.931034482758620641e+01 3.308954159710634526e-42
1.596609714158835588e-07 9.931034482758620641e+01 4.180389526341739909e-42
2.549162579346358842e-07 9.931034482758620641e+01 5.288012011899550880e-42
4.070017737154589828e-07 9.931034482758620641e+01 6.691549887587215022e-42
6.498229855939779963e-07 9.931034482758620641e+01 8.469662482632942135e-42
1.037513691283042438e-06 9.931034482758620641e+01 1.073884350123655655e-41
1.656504438075296513e-06 9.931034482758620641e+01 1.356422909118962265e-41
2.644791077378241924e-06 9.931034482758620641e+01 1.726065681771577469e-41
4.222699126062713300e-06 9.931034482758620641e+01 2.191344950229359993e-41
6.742002444641753631e-06 9.931034482758620641e+01 2.781017823319547187e-41
1.076434659599764064e-05 9.931034482758620641e+01 3.541465532042342182e-41
1.718646034174242833e-05 9.931034482758620641e+01 4.531644596319073584e-41
2.744006953363154310e-05 9.931034482758620641e+01 5.842426139456633133e-41
4.381108157459003043e-05 9.931034482758620641e+01 7.572966098344187452e-41
6.994919842979561585e-05 9.931034482758620641e+01 9.943748274300453125e-41
1.116815697106356451e-04 9.931034482758620641e+01 1.328972911047355300e-40
1.783118790925080515e-04 9.931034482758620641e+01 1.821013969998756843e-40
2.846944783090141358e-04 9.931034482758620641e+01 2.574315075384773964e-40
4.545459696355538077e-04 9.931034482758620641e+01 3.822057403748351580e-40
7.257325106518723330e-04 9.931034482758620641e+01 5.957425639745366087e-40
1.158711576387660026e-03 9.931034482758620641e+01 9.878124639779778369e-40
1.850010158768835558e-03 9.931034482758620641e+01 1.726843538091555829e-39
2.953744190782852524e-03 9.931034482758620641e+01 3.155702471733125820e-39
4.715976668144131363e-03 9.931034482758620641e+01 5.896910676960563778e-39
7.529574160105339392e-03 9.931034482758620641e+01 1.093319889728690818e-38
1.202179124750354065e-02 9.931034482758620641e+01 1.960131341712487666e-38
1.919410868735381762e-02 9.931034482758620641e+01 3.309356280499028968e-38
3.064550038484960270e-02 9.931034482758620641e+01 5.239365022463188508e-38
4.892890360970920949e-02 9.931034482758620641e+01 7.829119396137547483e-38
7.812036280640304031e-02 9.931034482758620641e+01 1.136600355336663189e-37
1.247277301303156838e-01 9.931034482758620641e+01 1.692632291738451700e-37
1.991415055510437071e-01 9.931034482758620641e+01 2.674177662461462979e-37
3.179512622550120793e-01 9.931034482758620641e+01 3.643009597279735949e-36
5.076440739454157747e-01 9.931034482758620641e+01 5.026727784119375967e-37
8.105094597964166425e-01 9.931034482758620641e+01 0.000000000000000000e+00
9.999999999999999547e-08 1.055172413793103630e+02 3.232773795825956063e-42
1.596609714158835588e-07 1.055172413793103630e+02 4.091975313966758237e-42
2.549162579346358842e-07 1.055172413793103630e+02 5.173424918016237967e-42
4.070017737154589828e-07 1.055172413793103630e+02 6.565632991163800537e-42
6.498229855939779963e-07 1.055172413793103630e+02 8.285807762825715222e-42
1.037513691283042438e-06 1.055172413793103630e+02 1.052160639945278714e-41
1.656504438075296513e-06 1.055172413793103630e+02 1.335726786084374996e-41
2.644791077378241924e-06 1.055172413793103630e+02 1.695035592602291819e-41
4.222699126062713300e-06 1.055172413793103630e+02 2.155025505630579857e-41
6.742002444641753631e-06 1.055172413793103630e+02 2.742159296904861611e-41
1.076434659599764064e-05 1.055172413793103630e+02 3.499011996176090297e-41
1.718646034174242833e-05 1.055172413793103630e+02 4.490577888211045716e-41
2.744006953363154310e-05 1.055172413793103630e+02 5.826650977471865326e-41
4.381108157459003043e-05 1.055172413793103630e+02 7.575576300352101521e-41
6.994919842979561585e-05 1.055172413793103630e+02 1.001385564799080808e-40
1.116815697106356451e-04 1.055172413793103630e+02 1.351686809474097484e-40
1.783118790925080515e-04 1.055172413793103630e+02 1.859386258150069824e-40
2.846944783090141358e-04 1.055172413793103630e+02 2.653621570418940190e-40
4.545459696355538077e-04 1.055172413793103630e+02 3.949874953392374823e-40
7.257325106518723330e-04 1.055172413793103630e+02 6.198672699593039842e-40
1.158711576387660026e-03 1.055172413793103630e+02 1.025382847434150227e-39
1.850010158768835558e-03 1.055172413793103630e+02 1.791742639839182835e-39
2.953744190782852524e-03 1.055172413793103630e+02 3.258294684102775879e-39
4.715976668144131363e-03 1.055172413793103630e+02 6.043049710393733730e-39
7.529574160105339392e-03 1.055172413793103630e+02 1.105422863781453653e-38
1.202179124750354065e-02 1.055172413793103630e+02 1.945792534275568805e-38
1.919410868735381762e-02 1.055172413793103630e+02 3.227120206051217460e-38
3.064550038484960270e-02 1.055172413793103630e+02 5.027724578253665720e-38
4.892890360970920949e-02 1.055172413793103630e+02 7.377345129225560453e-38
7.812036280640304031e-02 1.055172413793103630e+02 1.054954298653559610e-37
1.247277301303156838e-01 1.055172413793103630e+02 1.562267773108384186e-37
1.991415055510437071e-01 1.055172413793103630e+02 2.408803925130909340e-37
3.179512622550120793e-01 1.055172413793103630e+02 3.755868366903949622e-36
5.076440739454157747e-01 1.055172413793103630e+02 1.231130785291104449e-37
8.105094597964166425e-01 1.055172413793103630e+02 0.000000000000000000e+00
9.999999999999999547e-08 1.117241379310344911e+02 3.119277505954110427e-42
1.596609714158835588e-07 1.117241379310344911e+02 3.948864764332680352e-42
2.549162579346358842e-07 1.117241379310344911e+02 5.002441241026116363e-42
4.070017737154589828e-07 1.117241379310344911e+02 6.343521707972485200e-42
6.498229855939779963e-07 1.117241379310344911e+02 8.019048311858134361e-42
1.037513691283042438e-06 1.117241379310344911e+02 1.021091494031074703e-41
1.656504438075296513e-06 1.117241379310344911e+02 1.293588647578835227e-41
2.644791077378241924e-06 1.117241379310344911e+02 1.642156352242426501e-41
4.222699126062713300e-06 1.117241379310344911e+02 2.097270643573951281e-41
6.742002444641753631e-06 1.117241379310344911e+02 2.671254165560421365e-41
1.076434659599764064e-05 1.117241379310344911e+02 3.421348153408390550e-41
1.718646034174242833e-05 1.117241379310344911e+02 4.407131251646504136e-41
2.744006953363154310e-05 1.117241379310344911e+02 5.730391714152672492e-41
4.381108157459003043e-05 1.117241379310344911e+02 7.505649381931676748e-41
6.994919842979561585e-05 1.117241379310344911e+02 9.966807957817312497e-41
1.116815697106356451e-04 1.117241379310344911e+02 1.344804849026969494e-40
1.783118790925080515e-04 1.117241379310344911e+02 1.870220481462309458e-40
2.846944783090141358e-04 1.117241379310344911e+02 2.681766981323656723e-40
4.545459696355538077e-04 1.117241379310344911e+02 4.005589395019726140e-40
7.257325106518723330e-04 1.117241379310344911e+02 6.305388581623610650e-40
1.158711576387660026e-03 1.117241379310344911e+02 1.045138435306315654e-39
1.850010158768835558e-03 1.117241379310344911e+02 1.824506676342602274e-39
2.953744190782852524e-03 1.117241379310344911e+02 3.305060952287530015e-39
4.715976668144131363e-03 1.117241379310344911e+02 6.050957294463375402e-39
7.529574160105339392e-03 1.117241379310344911e+02 1.093825933039558413e-38
1.202179124750354065e-02 1.117241379310344911e+02 1.900553620003340562e-38
1.919410868735381762e-02 1.117241379310344911e+02 3.111209866569407726e-38
3.064550038484960270e-02 1.117241379310344911e+02 4.739472129781517464e-38
4.892890360970920949e-02 1.117241379310344911e+02 6.867735658343696459e-38
7.812036280640304031e-02 1.117241379310344911e+02 9.720001940523047406e-38
1.247277301303156838e-01 1.117241379310344911e+02 1.427211739352599627e-37
1.991415055510437071e-01 1.117241379310344911e+02 2.201445088333187649e-37
3.179512622550120793e-01 1.117241379310344911e+02 3.426563492601299646e-36
5.076440739454157747e-01 1.117241379310344911e+02 2.564868499884497245e-38
8.105094597964166425e-01 1.117241379310344911e+02 0.000000000000000000e+00
9.999999999999999547e-08 1.179310344827586192e+02 2.973370082256944492e-42
1.596609714158835588e-07 1.179310344827586192e+02 3.763075056760068787e-42
2.549162579346358842e-07 1.179310344827586192e+02 4.760743341158271052e-42
4.070017737154589828e-07 1.179310344827586192e+02 6.047966771925797948e-42
6.498229855939779963e-07 1.179310344827586192e+02 7.662083748183964650e-42
1.037513691283042438e-06 1.179310344827586192e+02 9.736329966076304241e-42
1.656504438075296513e-06 1.179310344827586192e+02 1.235957244326317727e-41
2.644791077378241924e-06 1.179310344827586192e+02 1.575227447149720515e-41
4.222699126062713300e-06 1.179310344827586192e+02 2.003341433574648285e-41
6.742002444641753631e-06 1.179310344827586192e+02 2.568409192667825380e-41
1.076434659599764064e-05 1.179310344827586192e+02 3.301427882778969257e-41
1.718646034174242833e-05 1.179310344827586192e+02 4.267526220468239217e-41
2.744006953363154310e-05 1.179310344827586192e+02 5.545920293221055864e-41
4.381108157459003043e-05 1.179310344827586192e+02 7.302621480177009103e-41
6.994919842979561585e-05 1.179310344827586192e+02 9.722042484953615171e-41
1.116815697106356451e-04 1.179310344827586192e+02 1.324417875492718036e-40
1.783118790925080515e-04 1.179310344827586192e+02 1.843972424675957261e-40
2.846944783090141358e-04 1.179310344827586192e+02 2.658190470364903142e-40
4.545459696355538077e-04 1.179310344827586192e+02 3.994012344823513620e-40
7.257325106518723330e-04 1.179310344827586192e+02 6.299297699642706338e-40
1.158711576387660026e-03 1.179310344827586192e+02 1.047008738988032095e-39
1.850010158768835558e-03 1.179310344827586192e+02 1.816000814860845943e-39
2.953744190782852524e-03 1.179310344827586192e+02 3.272884602468001759e-39
4.715976668144131363e-03 1.179310344827586192e+02 5.948775561503433492e-39
7.529574160105339392e-03 1.179310344827586192e+02 1.067328321411826555e-38
1.202179124750354065e-02 1.179310344827586192e+02 1.827704174120063618e-38
1.919410868735381762e-02 1.179310344827586192e+02 2.938318086762549342e-38
3.064550038484960270e-02 1.179310344827586192e+02 4.429225266742132242e-38
4.892890360970920949e-02 1.179310344827586192e+02 6.331940307214952310e-38
7.812036280640304031e-02 1.179310344827586192e+02 8.879965057081478224e-38
1.247277301303156838e-01 1.179310344827586192e+02 1.301896032340125395e-37
1.991415055510437071e-01 1.179310344827586192e+02 2.136203950135788585e-37
3.179512622550120793e-01 1.179310344827586192e+02 2.898887707699365969e-36
5.076440739454157747e-01 1.179310344827586192e+02 5.683526976926896188e-39
8.105094597964166425e-01 1.179310344827586192e+02 0.000000000000000000e+00
9.999999999999999547e-08 1.241379310344827616e+02 2.795693441476291626e-42
1.596609714158835588e-07 1.241379310344827616e+02 3.532439523157556341e-42
2.549162579346358842e-07 1.241379310344827616e+02 4.481371303657711375e-42
4.070017737154589828e-07 1.241379310344827616e+02 5.665323612075987540e-42
6.498229855939779963e-07 1.241379310344827616e+02 7.204628387542005131e-42
1.037513691283042438e-06 1.241379310344827616e+02 9.139961904228123292e-42
1.656504438075296513e-06 1.241379310344827616e+02 1.165125602101113173e-41
2.644791077378241924e-06 1.241379310344827616e+02 1.482437600152962233e-41
4.222699126062713300e-06 1.241379310344827616e+02 1.895379497285821513e-41
6.742002444641753631e-06 1.241379310344827616e+02 2.429997833406340766e-41
1.076434659599764064e-05 1.241379310344827616e+02 3.122761187669209876e-41
1.718646034174242833e-05 1.241379310344827616e+02 4.052873261705530709e-41
2.744006953363154310e-05 1.241379310344827616e+02 5.289250841605392659e-41
4.381108157459003043e-05 1.241379310344827616e+02 6.983548896122712782e-41
6.994919842979561585e-05 1.241379310344827616e+02 9.338338651129766734e-41
1.116815697106356451e-04 1.241379310344827616e+02 1.276961661642141916e-40
1.783118790925080515e-04 1.241379310344827616e+02 1.788029571103497178e-40
2.846944783090141358e-04 1.241379310344827616e+02 2.586430974517914493e-40
4.545459696355538077e-04 1.241379310344827616e+02 3.900389872888547438e-40
7.257325106518723330e-04 1.241379310344827616e+02 6.161592199819752633e-40
1.158711576387660026e-03 1.241379310344827616e+02 1.021483279376565435e-39
1.850010158768835558e-03 1.241379310344827616e+02 1.775870647160782205e-39
2.953744190782852524e-03 1.241379310344827616e+02 3.176211282135985883e-39
4.715976668144131363e-03 1.241379310344827616e+02 5.740691805575798234e-39
7.529574160105339392e-03 1.241379310344827616e+02 1.017923168135889564e-38
1.202179124750354065e-02 1.241379310344827616e+02 1.719439807413411610e-38
1.919410868735381762e-02 1.241379310344827616e+02 2.729231429460465584e-38
3.064550038484960270e-02 1.241379310344827616e+02 4.067064050535851708e-38
4.892890360970920949e-02 1.241379310344827616e+02 5.739783457213488957e-38
7.812036280640304031e-02 1.241379310344827616e+02 8.009259193467483044e-38
1.247277301303156838e-01 1.241379310344827616e+02 1.166835697337457968e-37
1.991415055510437071e-01 1.241379310344827616e+02 2.204521347003610338e-37
3.179512622550120793e-01 1.241379310344827616e+02 2.357072748773877343e-36
5.076440739454157747e-01 1.241379310344827616e+02 2.479169786885372928e-39
8.105094597964166425e-01 1.241379310344827616e+02 0.000000000000000000e+00
9.999999999999999547e-08 1.303448275862068897e+02 2.574155681881444847e-42
1.596609714158835588e-07 1.303448275862068897e+02 3.261245163749888344e-42
2.549162579346358842e-07 1.303448275862068897e+02 4.131864548442893042e-42
4.070017737154589828e-07 1.303448275862068897e+02 5.235505505661607814e-42
6.498229855939779963e-07 1.303448275862068897e+02 6.652970026086187126e-42
1.037513691283042438e-06 1.303448275862068897e+02 8.448017059150213424e-42
1.656504438075296513e-06 1.303448275862068897e+02 1.076387728944137747e-41
2.644791077378241924e-06 1.303448275862068897e+02 1.373269912102124205e-41
4.222699126062713300e-06 1.303448275862068897e+02 1.756252685598924305e-41
6.742002444641753631e-06 1.303448275862068897e+02 2.254197574606811365e-41
1.076434659599764064e-05 1.303448275862068897e+02 2.904171422039647407e-41
1.718646034174242833e-05 1.303448275862068897e+02 3.777181869864742288e-41
2.744006953363154310e-05 1.303448275862068897e+02 4.942932949324930658e-41
4.381108157459003043e-05 1.303448275862068897e+02 6.551243042386580586e-41
6.994919842979561585e-05 1.303448275862068897e+02 8.806634747207349723e-41
1.116815697106356451e-04 1.303448275862068897e+02 1.208905068385203552e-40
1.783118790925080515e-04 1.303448275862068897e+02 1.693656481993716257e-40
2.846944783090141358e-04 1.303448275862068897e+02 2.471448352325228730e-40
4.545459696355538077e-04 1.303448275862068897e+02 3.734462703452007503e-40
7.257325106518723330e-04 1.303448275862068897e+02 5.897818814018146768e-40
1.158711576387660026e-03 1.303448275862068897e+02 9.782592689014505703e-40
1.850010158768835558e-03 1.303448275862068897e+02 1.692111487042479756e-39
2.953744190782852524e-03 1.303448275862068897e+02 3.017852588938104882e-39
4.715976668144131363e-03 1.303448275862068897e+02 5.402544715823983882e-39
7.529574160105339392e-03 1.303448275862068897e+02 9.499732406289565810e-39
1.202179124750354065e-02 1.303448275862068897e+02 1.595053022013111868e-38
1.919410868735381762e-02 1.303448275862068897e+02 2.497097388462593498e-38
3.064550038484960270e-02 1.303448275862068897e+02 3.683979016943116203e-38
4.892890360970920949e-02 1.303448275862068897e+02 5.164931261877318590e-38
7.812036280640304031e-02 1.303448275862068897e+02 7.125919910689231855e-38
1.247277301303156838e-01 1.303448275862068897e+02 1.028972927726307932e-37
1.991415055510437071e-01 1.303448275862068897e+02 2.356990389915611841e-37
3.179512622550120793e-01 1.303448275862068897e+02 1.883676509550482947e-36
5.076440739454157747e-01 1.303448275862068897e+02 1.134380670920858710e-39
8.105094597964166425e-01 1.303448275862068897e+02 0.000000000000000000e+00
9.999999999999999547e-08 1.365517241379310462e+02 2.323213482678504339e-42
1.596609714158835588e-07 1.365517241379310462e+02 2.948233245146431726e-42
2.549162579346358842e-07 1.365517241379310462e+02 3.718757132082239249e-42
4.070017737154589828e-07 1.365517241379310462e+02 4.729460272493176134e-42
6.498229855939779963e-07 1.365517241379310462e+02 6.018865437835398810e-42
1.037513691283042438e-06 1.365517241379310462e+02 7.636541972103590275e-42
1.656504438075296513e-06 1.365517241379310462e+02 9.754679849237195921e-42
2.644791077378241924e-06 1.365517241379310462e+02 1.246109592194919777e-41
4.222699126062713300e-06 1.365517241379310462e+02 1.596924549662000340e-41
6.742002444641753631e-06 1.365517241379310462e+02 2.053157727767405478e-41
1.076434659599764064e-05 1.365517241379310462e+02 2.653430285019176282e-41
1.718646034174242833e-05 1.365517241379310462e+02 3.447277175033066089e-41
2.744006953363154310e-05 1.365517241379310462e+02 4.532422534524273119e-41
4.381108157459003043e-05 1.365517241379310462e+02 6.010897989638692987e-41
6.994919842979561585e-05 1.365517241379310462e+02 8.104809867981615871e-41
1.116815697106356451e-04 1.365517241379310462e+02 1.114209175752638488e-40
1.783118790925080515e-04 1.365517241379310462e+02 1.572574147296809550e-40
2.846944783090141358e-04 1.365517241379310462e+02 2.291797351396090822e-40
4.545459696355538077e-04 1.365517241379310462e+02 3.466141989860821647e-40
7.257325106518723330e-04 1.365517241379310462e+02 5.507993243232725831e-40
1.158711576387660026e-03 1.365517241379310462e+02 9.131316914936026125e-40
1.850010158768835558e-03 1.365517241379310462e+02 1.569893838728235331e-39
2.953744190782852524e-03 1.365517241379310462e+02 2.789430659902709453e-39
4.715976668144131363e-03 1.365517241379310462e+02 4.969732115689620429e-39
7.529574160105339392e-03 1.365517241379310462e+02 8.682680207354358726e-39
1.202179124750354065e-02 1.365517241379310462e+02 1.440549805400006563e-38
1.919410868735381762e-02 1.365517241379310462e+02 2.238423323673329701e-38
3.064550038484960270e-02 1.365517241379310462e+02 3.260874892250761110e-38
4.892890360970920949e-02 1.365517241379310462e+02 4.541926267646492367e-38
7.812036280640304031e-02 1.365517241379310462e+02 6.244552636881684006e-38
1.247277301303156838e-01 1.365517241379310462e+02 9.019166487472470313e-38
1.991415055510437071e-01 1.365517241379310462e+02 2.478490138796390809e-37
3.179512622550120793e-01 1.365517241379310462e+02 1.478520577576313939e-36
5.076440739454157747e-01 1.365517241379310462e+02 5.363489815695834049e-40
8.105094597964166425e-01 1.365517241379310462e+02 0.000000000000000000e+00
9.999999999999999547e-08 1.427586206896551744e+02 2.047212900478200415e-42
1.596609714158835588e-07 1.427586206896551744e+02 2.598464465591632438e-42
2.549162579346358842e-07 1.427586206896551744e+02 3.287743881596629353e-42
4.070017737154589828e-07 1.427586206896551744e+02 4.171189619951007726e-42
6.498229855939779963e-07 1.427586206896551744e+02 5.303554597943758427e-42
1.037513691283042438e-06 1.427586206896551744e+02 6.751023591761943785e-42
1.656504438075296513e-06 1.427586206896551744e+02 8.617834096949972937e-42
2.644791077378241924e-06 1.427586206896551744e+02 1.098331718215802512e-41
4.222699126062713300e-06 1.427586206896551744e+02 1.411685025412786393e-41
6.742002444641753631e-06 1.427586206896551744e+02 1.816876436769951066e-41
1.076434659599764064e-05 1.427586206896551744e+02 2.354752586777483808e-41
1.718646034174242833e-05 1.427586206896551744e+02 3.069464479268017906e-41
2.744006953363154310e-05 1.427586206896551744e+02 4.030917545276829853e-41
4.381108157459003043e-05 1.427586206896551744e+02 5.370494811463205346e-41
6.994919842979561585e-05 1.427586206896551744e+02 7.249607528435816028e-41
1.116815697106356451e-04 1.427586206896551744e+02 9.995915595621049039e-41
1.783118790925080515e-04 1.427586206896551744e+02 1.419169612131131370e-40
2.846944783090141358e-04 1.427586206896551744e+02 2.067253087315247070e-40
4.545459696355538077e-04 1.427586206896551744e+02 3.135804507810548385e-40
7.257325106518723330e-04 1.427586206896551744e+02 4.976041070958091648e-40
1.158711576387660026e-03 1.427586206896551744e+02 8.245367900531198480e-40
1.850010158768835558e-03 1.427586206896551744e+02 1.419981268737551132e-39
2.953744190782852524e-03 1.427586206896551744e+02 2.514295437308811740e-39
4.715976668144131363e-03 1.427586206896551744e+02 4.452497428525988457e-39
7.529574160105339392e-03 1.427586206896551744e+02 7.704630843015254710e-39
1.202179124750354065e-02 1.427586206896551744e+02 1.269773896689807874e-38
1.919410868735381762e-02 1.427586206896551744e+02 1.956426639108685935e-38
3.064550038484960270e-02 1.427586206896551744e+02 2.831161933628953743e-38
4.892890360970920949e-02 1.427586206896551744e+02 3.911904676144655746e-38
7.812036280640304031e-02 1.427586206896551744e+02 5.351938990201321211e-38
1.247277301303156838e-01 1.427586206896551744e+02 7.662597378424842857e-38
1.991415055510437071e-01 1.427586206896551744e+02 2.563851636369834573e-37
3.179512622550120793e-01 1.427586206896551744e+02 1.129638216787913919e-36
5.076440739454157747e-01 1.427586206896551744e+02 2.635627688609341303e-40
8.105094597964166425e-01 1.427586206896551744e+02 0.000000000000000000e+00
9.999999999999999547e-08 1.489655172413793025e+02 1.745539026058432943e-42
1.596609714158835588e-07 1.489655172413793025e+02 2.210965710863283322e-42
2.549162579346358842e-07 1.489655172413793025e+02 2.804814157269816230e-42
4.070017737154589828e-07 1.489655172413793025e+02 3.558497552538758948e-42
6.498229855939779963e-07 1.489655172413793025e+02 4.524642677698144988e-42
1.037513691283042438e-06 1.489655172413793025e+02 5.756884381600264051e-42
1.656504438075296513e-06 1.489655172413793025e+02 7.348234246923403603e-42
2.644791077378241924e-06 1.489655172413793025e+02 9.401321892758195621e-42
4.222699126062713300e-06 1.489655172413793025e+02 1.205804496449957792e-41
6.742002444641753631e-06 1.489655172413793025e+02 1.553926249746368243e-41
1.076434659599764064e-05 1.489655172413793025e+02 2.017905692738530370e-41
1.718646034174242833e-05 1.489655172413793025e+02 2.630658074292389325e-41
2.744006953363154310e-05 1.489655172413793025e+02 3.475782916599480988e-41
4.381108157459003043e-05 1.489655172413793025e+02 4.643013954911117562e-41
6.994919842979561585e-05 1.489655172413793025e+02 6.277509089419122883e-41
1.116815697106356451e-04 1.489655172413793025e+02 8.697762408228282919e-41
1.783118790925080515e-04 1.489655172413793025e+02 1.230076803749303783e-40
2.846944783090141358e-04 1.489655172413793025e+02 1.798914429932752880e-40
4.545459696355538077e-04 1.489655172413793025e+02 2.738884711069468835e-40
7.257325106518723330e-04 1.489655172413793025e+02 4.328000954691559621e-40
1.158711576387660026e-03 1.489655172413793025e+02 7.167162961565821063e-40
1.850010158768835558e-03 1.489655172413793025e+02 1.233122108028238735e-39
2.953744190782852524e-03 1.489655172413793025e+02 2.177191480972188770e-39
4.715976668144131363e-03 1.489655172413793025e+02 3.840744854753588922e-39
7.529574160105339392e-03 1.489655172413793025e+02 6.622258104484988250e-39
1.202179124750354065e-02 1.489655172413793025e+02 1.081176990123866782e-38
1.919410868735381762e-02 1.489655172413793025e+02 1.653478520002803122e-38
3.064550038484960270e-02 1.489655172413793025e+02 2.376924495809078806e-38
4.892890360970920949e-02 1.489655172413793025e+02 3.277007528797969678e-38
7.812036280640304031e-02 1.489655172413793025e+02 4.464170651894700568e-38
1.247277301303156838e-01 1.489655172413793025e+02 6.366284216912689630e-38
1.991415055510437071e-01 1.489655172413793025e+02 2.514775977372984707e-37
3.179512622550120793e-01 1.489655172413793025e+02 8.422132818529055836e-37
5.076440739454157747e-01 1.489655172413793025e+02 1.365448397582139135e-40
8.105094597964166425e-01 1.489655172413793025e+02 0.000000000000000000e+00
9.999999999999999547e-08 1.551724137931034591e+02 1.422765904986375021e-42
1.596609714158835588e-07 1.551724137931034591e+02 1.806053649219555272e-42
2.549162579346358842e-07 1.551724137931034591e+02 2.286844731158459890e-42
4.070017737154589828e-07 1.551724137931034591e+02 2.904526120950631306e-42
6.498229855939779963e-07 1.551724137931034591e+02 3.691780725307875452e-42
1.037513691283042438e-06 1.551724137931034591e+02 4.692865793630666888e-42
1.656504438075296513e-06 1.551724137931034591e+02 6.015401366350339709e-42
2.644791077378241924e-06 1.551724137931034591e+02 7.677385167053922034e-42
4.222699126062713300e-06 1.551724137931034591e+02 9.873640517440195534e-42
6.742002444641753631e-06 1.551724137931034591e+02 1.273836265560513624e-41
1.076434659599764064e-05 1.551724137931034591e+02 1.651658318566664094e-41
1.718646034174242833e-05 1.551724137931034591e+02 2.162451993211974509e-41
2.744006953363154310e-05 1.551724137931034591e+02 2.850931850102827033e-41
4.381108157459003043e-05 1.551724137931034591e+02 3.808289971706392731e-41
6.994919842979561585e-05 1.551724137931034591e+02 5.177930834151217297e-41
1.116815697106356451e-04 1.551724137931034591e+02 7.182151813965159902e-41
1.783118790925080515e-04 1.551724137931034591e+02 1.019331447959673022e-40
2.846944783090141358e-04 1.551724137931034591e+02 1.489524880185598372e-40
4.545459696355538077e-04 1.551724137931034591e+02 2.267143869156953066e-40
7.257325106518723330e-04 1.551724137931034591e+02 3.596578361645234213e-40
1.158711576387660026e-03 1.551724137931034591e+02 5.951230114397618345e-40
1.850010158768835558e-03 1.551724137931034591e+02 1.024244819298051806e-39
2.953744190782852524e-03 1.551724137931034591e+02 1.802721651711807531e-39
4.715976668144131363e-03 1.551724137931034591e+02 3.165749162709717949e-39
7.529574160105339392e-03 1.551724137931034591e+02 5.422943037427154956e-39
1.202179124750354065e-02 1.551724137931034591e+02 8.797091294830330574e-39
1.919410868735381762e-02 1.551724137931034591e+02 1.338038792189979697e-38
3.064550038484960270e-02 1.551724137931034591e+02 1.916793658257432141e-38
4.892890360970920949e-02 1.551724137931034591e+02 2.627413423962755017e-38
7.812036280640304031e-02 1.551724137931034591e+02 3.574981772444893585e-38
1.247277301303156838e-01 1.551724137931034591e+02 5.056027592664147551e-38
1.991415055510437071e-01 1.551724137931034591e+02 2.308092251557131498e-37
3.179512622550120793e-01 1.551724137931034591e+02 6.105802832969571028e-37
5.076440739454157747e-01 1.551724137931034591e+02 7.267571392918400412e-41
8.105094597964166425e-01 1.551724137931034591e+02 0.000000000000000000e+00
9.999999999999999547e-08 1.613793103448276156e+02 1.081789096905438154e-42
1.596609714158835588e-07 1.613793103448276156e+02 1.372506440445362984e-42
2.549162579346358842e-07 1.613793103448276156e+02 1.740151192099824555e-42
4.070017737154589828e-07 1.613793103448276156e+02 2.211708741890103327e-42
6.498229855939779963e-07 1.613793103448276156e+02 2.809078777841085488e-42
1.037513691283042438e-06 1.613793103448276156e+02 3.584708514916449442e-42
1.656504438075296513e-06 1.613793103448276156e+02 4.571771425138604980e-42
2.644791077378241924e-06 1.613793103448276156e+02 5.858261729627431453e-42
4.222699126062713300e-06 1.613793103448276156e+02 7.525859998925030440e-42
6.742002444641753631e-06 1.613793103448276156e+02 9.732306981204719968e-42
1.076434659599764064e-05 1.613793103448276156e+02 1.262442450544875897e-41
1.718646034174242833e-05 1.613793103448276156e+02 1.651726267799685491e-41
2.744006953363154310e-05 1.613793103448276156e+02 2.179710372132963228e-41
4.381108157459003043e-05 1.613793103448276156e+02 2.920108289197189106e-41
6.994919842979561585e-05 1.613793103448276156e+02 3.971783051318632913e-41
1.116815697106356451e-04 1.613793103448276156e+02 5.518973213542128455e-41
1.783118790925080515e-04 1.613793103448276156e+02 7.829771080159836686e-41
2.846944783090141358e-04 1.613793103448276156e+02 1.146546529662878340e-40
4.545459696355538077e-04 1.613793103448276156e+02 1.752689171205023360e-40
7.257325106518723330e-04 1.613793103448276156e+02 2.776738106038313682e-40
1.158711576387660026e-03 1.613793103448276156e+02 4.596709049791633226e-40
1.850010158768835558e-03 1.613793103448276156e+02 7.885640033255863279e-40
2.953744190782852524e-03 1.613793103448276156e+02 1.381496977541146162e-39
4.715976668144131363e-03 1.613793103448276156e+02 2.427313022479270444e-39
7.529574160105339392e-03 1.613793103448276156e+02 4.129832654941740918e-39
1.202179124750354065e-02 1.613793103448276156e+02 6.689473379204754836e-39
1.919410868735381762e-02 1.613793103448276156e+02 1.013590008209722623e-38
3.064550038484960270e-02 1.613793103448276156e+02 1.443088348419563999e-38
4.892890360970920949e-02 1.613793103448276156e+02 1.973143398900184411e-38
7.812036280640304031e-02 1.613793103448276156e+02 2.683406741931375017e-38
1.247277301303156838e-01 1.613793103448276156e+02 3.777249277858859893e-38
1.991415055510437071e-01 1.613793103448276156e+02 1.911624415703091832e-37
3.179512622550120793e-01 1.613793103448276156e+02 4.220968421095693624e-37
5.076440739454157747e-01 1.613793103448276156e+02 3.948600440712244624e-41
8.105094597964166425e-01 1.613793103448276156e+02 0.000000000000000000e+00
9.999999999999999547e-08 1.675862068965517437e+02 7.280755012982647172e-43
1.596609714158835588e-07 1.675862068965517437e+02 9.237635854990948926e-43
2.549162579346358842e-07 1.675862068965517437e+02 1.171241852030197389e-42
4.070017737154589828e-07 1.675862068965517437e+02 1.487584610616039609e-42
6.498229855939779963e-07 1.675862068965517437e+02 1.894917968718397978e-42
1.037513691283042438e-06 1.675862068965517437e+02 2.417830150895844225e-42
1.656504438075296513e-06 1.675862068965517437e+02 3.080514704505613724e-42
2.644791077378241924e-06 1.675862068965517437e+02 3.952910117289949212e-42
4.222699126062713300e-06 1.675862068965517437e+02 5.081965138916661805e-42
6.742002444641753631e-06 1.675862068965517437e+02 6.566573943942957007e-42
1.076434659599764064e-05 1.675862068965517437e+02 8.542069632029692441e-42
1.718646034174242833e-05 1.675862068965517437e+02 1.116606146141465570e-41
2.744006953363154310e-05 1.675862068965517437e+02 1.479293347006716583e-41
4.381108157459003043e-05 1.675862068965517437e+02 1.979283078352663422e-41
6.994919842979561585e-05 1.675862068965517437e+02 2.692446957320572685e-41
1.116815697106356451e-04 1.675862068965517437e+02 3.737227426590466825e-41
1.783118790925080515e-04 1.675862068965517437e+02 5.329922893280279604e-41
2.846944783090141358e-04 1.675862068965517437e+02 7.819738118248164046e-41
4.545459696355538077e-04 1.675862068965517437e+02 1.189699488048071844e-40
7.257325106518723330e-04 1.675862068965517437e+02 1.891825175894468856e-40
1.158711576387660026e-03 1.675862068965517437e+02 3.126586441293886171e-40
1.850010158768835558e-03 1.675862068965517437e+02 5.364020046799818782e-40
2.953744190782852524e-03 1.675862068965517437e+02 9.370571138578670418e-40
4.715976668144131363e-03 1.675862068965517437e+02 1.640234647276954942e-39
7.529574160105339392e-03 1.675862068965517437e+02 2.789636747899592335e-39
1.202179124750354065e-02 1.675862068965517437e+02 4.489927790835097341e-39
1.919410868735381762e-02 1.675862068965517437e+02 6.795686700573308423e-39
3.064550038484960270e-02 1.675862068965517437e+02 9.641053824365782435e-39
4.892890360970920949e-02 1.675862068965517437e+02 1.317603031775702143e-38
7.812036280640304031e-02 1.675862068965517437e+02 1.790984285424399905e-38
1.247277301303156838e-01 1.675862068965517437e+02 2.513985489664476527e-38
1.991415055510437071e-01 1.675862068965517437e+02 1.372155814714789479e-37
3.179512622550120793e-01 1.675862068965517437e+02 2.653715775441050430e-37
5.076440739454157747e-01 1.675862068965517437e+02 2.078485722944737449e-41
8.105094597964166425e-01 1.675862068965517437e+02 0.000000000000000000e+00
9.999999999999999547e-08 1.737931034482758719e+02 3.662328416161870292e-43
1.596609714158835588e-07 1.737931034482758719e+02 4.653922565892742802e-43
2.549162579346358842e-07 1.737931034482758719e+02 5.905985610385517190e-43
4.070017737154589828e-07 1.737931034482758719e+02 7.489816937775044977e-43
6.498229855939779963e-07 1.737931034482758719e+02 9.524646804670602061e-43
1.037513691283042438e-06 1.737931034482758719e+02 1.214478580494433470e-42
1.656504438075296513e-06 1.737931034482758719e+02 1.552359788219125356e-42
2.644791077378241924e-06 1.737931034482758719e+02 1.991931230228284090e-42
4.222699126062713300e-06 1.737931034482758719e+02 2.562050802445086743e-42
6.742002444641753631e-06 1.737931034482758719e+02 3.312744874431142429e-42
1.076434659599764064e-05 1.737931034482758719e+02 4.300185870693843843e-42
1.718646034174242833e-05 1.737931034482758719e+02 5.629549040161592614e-42
2.744006953363154310e-05 1.737931034482758719e+02 7.464818259484604382e-42
4.381108157459003043e-05 1.737931034482758719e+02 9.990470000116264394e-42
6.994919842979561585e-05 1.737931034482758719e+02 1.361777744465757005e-41
1.116815697106356451e-04 1.737931034482758719e+02 1.892127427819709014e-41
1.783118790925080515e-04 1.737931034482758719e+02 2.688725542632089004e-41
2.846944783090141358e-04 1.737931034482758719e+02 3.957543128537362251e-41
4.545459696355538077e-04 1.737931034482758719e+02 6.024525381674621771e-41
7.257325106518723330e-04 1.737931034482758719e+02 9.539337782127344281e-41
1.158711576387660026e-03 1.737931034482758719e+02 1.576849857448029361e-40
1.850010158768835558e-03 1.737931034482758719e+02 2.707564707831689194e-40
2.953744190782852524e-03 1.737931034482758719e+02 4.738077677455970821e-40
4.715976668144131363e-03 1.737931034482758719e+02 8.271433108839754423e-40
7.529574160105339392e-03 1.737931034482758719e+02 1.401204859645314905e-39
1.202179124750354065e-02 1.737931034482758719e+02 2.266530816981852175e-39
1.919410868735381762e-02 1.737931034482758719e+02 3.418038626166791609e-39
3.064550038484960270e-02 1.737931034482758719e+02 4.853980589853144557e-39
4.892890360970920949e-02 1.737931034482758719e+02 6.587428728016765947e-39
7.812036280640304031e-02 1.737931034482758719e+02 8.952727463392529702e-39
1.247277301303156838e-01 1.737931034482758719e+02 1.255070979418162367e-38
1.991415055510437071e-01 1.737931034482758719e+02 7.238912935469314542e-38
3.179512622550120793e-01 1.737931034482758719e+02 1.276985370509688554e-37
5.076440739454157747e-01 1.737931034482758719e+02 8.980249432928040044e-42
8.105094597964166425e-01 1.737931034482758719e+02 0.000000000000000000e+00
9.999999999999999547e-08 1.800000000000000000e+02 4.156107430690450582e-58
1.596609714158835588e-07 1.800000000000000000e+02 5.265499902104858205e-58
2.549162579346358842e-07 1.800000000000000000e+02 6.676143721409061551e-58
4.070017737154589828e-07 1.800000000000000000e+02 8.485445682147888806e-58
6.498229855939779963e-07 1.800000000000000000e+02 1.077501295410881486e-57
1.037513691283042438e-06 1.800000000000000000e+02 1.377140593041502398e-57
1.656504438075296513e-06 1.800000000000000000e+02 1.757473876119521839e-57
2.644791077378241924e-06 1.800000000000000000e+02 2.251475621505926309e-57
4.222699126062713300e-06 1.800000000000000000e+02 2.895861387725867073e-57
6.742002444641753631e-06 1.800000000000000000e+02 3.744745447771161944e-57
1.076434659599764064e-05 1.800000000000000000e+02 4.872762355688647278e-57
1.718646034174242833e-05 1.800000000000000000e+02 6.386072057988442616e-57
2.744006953363154310e-05 1.800000000000000000e+02 8.437633255988713291e-57
4.381108157459003043e-05 1.800000000000000000e+02 1.135526043810022893e-56
6.994919842979561585e-05 1.800000000000000000e+02 1.542098329984161450e-56
1.116815697106356451e-04 1.800000000000000000e+02 0.000000000000000000e+00
1.783118790925080515e-04 1.800000000000000000e+02 3.054202740292584626e-56
2.846944783090141358e-04 1.800000000000000000e+02 4.473313596604098381e-56
4.545459696355538077e-04 1.800000000000000000e+02 6.824189732509182498e-56
7.257325106518723330e-04 1.800000000000000000e+02 1.082729729412549079e-55
1.158711576387660026e-03 1.800000000000000000e+02 1.790943410941426243e-55
1.850010158768835558e-03 1.800000000000000000e+02 3.070980026729684800e-55
2.953744190782852524e-03 1.800000000000000000e+02 5.382090518206700136e-55
4.715976668144131363e-03 1.800000000000000000e+02 9.379787778668183099e-55
7.529574160105339392e-03 1.800000000000000000e+02 1.593841403057619224e-54
1.202179124750354065e-02 1.800000000000000000e+02 2.566867973302675058e-54
1.919410868735381762e-02 1.800000000000000000e+02 3.862911846412582399e-54
3.064550038484960270e-02 1.800000000000000000e+02 5.493396861464032624e-54
4.892890360970920949e-02 1.800000000000000000e+02 7.442933193055155862e-54
7.812036280640304031e-02 1.800000000000000000e+02 1.010171711440225048e-53
1.247277301303156838e-01 1.800000000000000000e+02 1.417467565794469241e-53
1.991415055510437071e-01 1.800000000000000000e+02 8.241089075105657702e-53
3.179512622550120793e-01 1.800000000000000000e+02 1.427388555241322150e-52
5.076440739454157747e-01 1.800000000000000000e+02 9.616919171537388263e-57
8.105094597964166425e-01 1.800000000000000000e+02 0.000000000000000000e+00
