# atom 56: Tchi 0.7880462815669912 [GeV]; m_chi = 0.06666666666666667 [GeV]; mS = 0.2 [GeV]; gchi =0.01; gN = 0.01
# Tchi^prime [GeV], theta [degree] ,dsigma/dTchip dtheta [cm^2/GeV]
9.999999999999999547e-08 0.000000000000000000e+00 0.000000000000000000e+00
1.592885535214725096e-07 0.000000000000000000e+00 0.000000000000000000e+00
2.537284328296300856e-07 0.000000000000000000e+00 0.000000000000000000e+00
4.041603505270179570e-07 0.000000000000000000e+00 0.000000000000000000e+00
6.437811762617998739e-07 0.000000000000000000e+00 0.000000000000000000e+00
1.025469723510942276e-06 0.000000000000000000e+00 0.000000000000000000e+00
1.633455889381223358e-06 0.000000000000000000e+00 0.000000000000000000e+00
2.601908258606654861e-06 0.000000000000000000e+00 0.000000000000000000e+00
4.144542029090266371e-06 0.000000000000000000e+00 0.000000000000000000e+00
6.601781048227371505e-06 0.000000000000000000e+00 0.000000000000000000e+00
1.051588153837608446e-05 0.000000000000000000e+00 0.000000000000000000e+00
1.675059559251080012e-05 0.000000000000000000e+00 0.000000000000000000e+00
2.668178142554203833e-05 0.000000000000000000e+00 0.000000000000000000e+00
4.250102368650674752e-05 0.000000000000000000e+00 0.000000000000000000e+00
6.769926586205501733e-05 0.000000000000000000e+00 0.000000000000000000e+00
1.078371813363233488e-04 0.000000000000000000e+00 0.000000000000000000e+00
1.717722863089567891e-04 0.000000000000000000e+00 0.000000000000000000e+00
2.736135902122996313e-04 0.000000000000000000e+00 0.000000000000000000e+00
4.358351300873408870e-04 0.000000000000000000e+00 0.000000000000000000e+00
6.942354744545533056e-04 0.000000000000000000e+00 0.000000000000000000e+00
1.105837645291589616e-03 0.000000000000000000e+00 0.000000000000000000e+00
1.761472789480881531e-03 0.000000000000000000e+00 0.000000000000000000e+00
2.805824527038428690e-03 0.000000000000000000e+00 0.000000000000000000e+00
4.469357303470210090e-03 0.000000000000000000e+00 0.000000000000000000e+00
7.119174600403985892e-03 0.000000000000000000e+00 0.000000000000000000e+00
1.134003024365157902e-02 0.000000000000000000e+00 0.000000000000000000e+00
1.806337014401007690e-02 0.000000000000000000e+00 0.000000000000000000e+00
2.877288101962317823e-02 0.000000000000000000e+00 0.000000000000000000e+00
4.583190598261207421e-02 0.000000000000000000e+00 0.000000000000000000e+00
7.300498009102399100e-02 0.000000000000000000e+00 0.000000000000000000e+00
1.162885767856308566e-01 0.000000000000000000e+00 0.000000000000000000e+00
1.852343918725382621e-01 0.000000000000000000e+00 0.000000000000000000e+00
2.950571834380621983e-01 0.000000000000000000e+00 0.000000000000000000e+00
4.699923195596870107e-01 0.000000000000000000e+00 0.000000000000000000e+00
7.486439674886415929e-01 0.000000000000000000e+00 0.000000000000000000e+00
9.999999999999999547e-08 6.206896551724137900e+00 2.439706861067890640e-41
1.592885535214725096e-07 6.206896551724137900e+00 3.083381629407600295e-41
2.537284328296300856e-07 6.206896551724137900e+00 3.892516004929339597e-41
4.041603505270179570e-07 6.206896551724137900e+00 4.914572926968525099e-41
6.437811762617998739e-07 6.206896551724137900e+00 6.219554306052483502e-41
1.025469723510942276e-06 6.206896551724137900e+00 7.820924460347081718e-41
1.633455889381223358e-06 6.206896551724137900e+00 9.897074652968234872e-41
2.601908258606654861e-06 6.206896551724137900e+00 1.253730735080937267e-40
4.144542029090266371e-06 6.206896551724137900e+00 1.585550529009039416e-40
6.601781048227371505e-06 6.206896551724137900e+00 1.999595256227580275e-40
1.051588153837608446e-05 6.206896551724137900e+00 2.528285795652071603e-40
1.675059559251080012e-05 6.206896551724137900e+00 3.197558929672860564e-40
2.668178142554203833e-05 6.206896551724137900e+00 4.063411361208154724e-40
4.250102368650674752e-05 6.206896551724137900e+00 5.145906598824738217e-40
6.769926586205501733e-05 6.206896551724137900e+00 6.529666087825352585e-40
1.078371813363233488e-04 6.206896551724137900e+00 8.291960895363572116e-40
1.717722863089567891e-04 6.206896551724137900e+00 1.057178164237442711e-39
2.736135902122996313e-04 6.206896551724137900e+00 1.350883838719676623e-39
4.358351300873408870e-04 6.206896551724137900e+00 1.729060801635423694e-39
6.942354744545533056e-04 6.206896551724137900e+00 2.225851112613244422e-39
1.105837645291589616e-03 6.206896551724137900e+00 2.876240681655015936e-39
1.761472789480881531e-03 6.206896551724137900e+00 3.741541734933443068e-39
2.805824527038428690e-03 6.206896551724137900e+00 4.925520358794266246e-39
4.469357303470210090e-03 6.206896551724137900e+00 6.548099800968345617e-39
7.119174600403985892e-03 6.206896551724137900e+00 8.842183963377810171e-39
1.134003024365157902e-02 6.206896551724137900e+00 1.216451745581330166e-38
1.806337014401007690e-02 6.206896551724137900e+00 1.723581347604353168e-38
2.877288101962317823e-02 6.206896551724137900e+00 2.520588128609227550e-38
4.583190598261207421e-02 6.206896551724137900e+00 3.853439435360441262e-38
7.300498009102399100e-02 6.206896551724137900e+00 6.291937023341378099e-38
1.162885767856308566e-01 6.206896551724137900e+00 1.130062500195038866e-37
1.852343918725382621e-01 6.206896551724137900e+00 2.346123468071829605e-37
2.950571834380621983e-01 6.206896551724137900e+00 6.139800683800911626e-37
4.699923195596870107e-01 6.206896551724137900e+00 0.000000000000000000e+00
7.486439674886415929e-01 6.206896551724137900e+00 0.000000000000000000e+00
9.999999999999999547e-08 1.241379310344827580e+01 4.865439369307636335e-41
1.592885535214725096e-07 1.241379310344827580e+01 6.127135308419563322e-41
2.537284328296300856e-07 1.241379310344827580e+01 7.732409937224292354e-41
4.041603505270179570e-07 1.241379310344827580e+01 9.780381245185131974e-41
6.437811762617998739e-07 1.241379310344827580e+01 1.235280286131461107e-40
1.025469723510942276e-06 1.241379310344827580e+01 1.556562872728844443e-40
1.633455889381223358e-06 1.241379310344827580e+01 1.970085383825294863e-40
2.601908258606654861e-06 1.241379310344827580e+01 2.490419662758458329e-40
4.144542029090266371e-06 1.241379310344827580e+01 3.152293885265950821e-40
6.601781048227371505e-06 1.241379310344827580e+01 3.975792477838838011e-40
1.051588153837608446e-05 1.241379310344827580e+01 5.025507620021081069e-40
1.675059559251080012e-05 1.241379310344827580e+01 6.349809624516536501e-40
2.668178142554203833e-05 1.241379310344827580e+01 8.060947162291089385e-40
4.250102368650674752e-05 1.241379310344827580e+01 1.023369395712237500e-39
6.769926586205501733e-05 1.241379310344827580e+01 1.298867773175940934e-39
1.078371813363233488e-04 1.241379310344827580e+01 1.646818820132770130e-39
1.717722863089567891e-04 1.241379310344827580e+01 2.099987351574713131e-39
2.736135902122996313e-04 1.241379310344827580e+01 2.678852476322780677e-39
4.358351300873408870e-04 1.241379310344827580e+01 3.439768249385955144e-39
6.942354744545533056e-04 1.241379310344827580e+01 4.428996621344749996e-39
1.105837645291589616e-03 1.241379310344827580e+01 5.706332214573756941e-39
1.761472789480881531e-03 1.241379310344827580e+01 7.425933963790987945e-39
2.805824527038428690e-03 1.241379310344827580e+01 9.731800706799073749e-39
4.469357303470210090e-03 1.241379310344827580e+01 1.297370180565635066e-38
7.119174600403985892e-03 1.241379310344827580e+01 1.746122770403164076e-38
1.134003024365157902e-02 1.241379310344827580e+01 2.402174312936232641e-38
1.806337014401007690e-02 1.241379310344827580e+01 3.385425729287551454e-38
2.877288101962317823e-02 1.241379310344827580e+01 4.932822274032105929e-38
4.583190598261207421e-02 1.241379310344827580e+01 7.522955621152716011e-38
7.300498009102399100e-02 1.241379310344827580e+01 1.218625290140956377e-37
1.162885767856308566e-01 1.241379310344827580e+01 2.176651226911696118e-37
1.852343918725382621e-01 1.241379310344827580e+01 4.488363168296345306e-37
2.950571834380621983e-01 1.241379310344827580e+01 1.164238916566654797e-36
4.699923195596870107e-01 1.241379310344827580e+01 4.554098827367675365e-36
7.486439674886415929e-01 1.241379310344827580e+01 0.000000000000000000e+00
9.999999999999999547e-08 1.862068965517241281e+01 7.208124397998582279e-41
1.592885535214725096e-07 1.862068965517241281e+01 9.105137415593879858e-41
2.537284328296300856e-07 1.862068965517241281e+01 1.152142685136125044e-40
4.041603505270179570e-07 1.862068965517241281e+01 1.450997500119880198e-40
6.437811762617998739e-07 1.862068965517241281e+01 1.834719507945918276e-40
1.025469723510942276e-06 1.862068965517241281e+01 2.313585835926801818e-40
1.633455889381223358e-06 1.862068965517241281e+01 2.930331090109526653e-40
2.601908258606654861e-06 1.862068965517241281e+01 3.693277629624028661e-40
4.144542029090266371e-06 1.862068965517241281e+01 4.675742477750575825e-40
6.601781048227371505e-06 1.862068965517241281e+01 5.916570443278231383e-40
1.051588153837608446e-05 1.862068965517241281e+01 7.459750865089171705e-40
1.675059559251080012e-05 1.862068965517241281e+01 9.455518992005594323e-40
2.668178142554203833e-05 1.862068965517241281e+01 1.196332589964682990e-39
4.250102368650674752e-05 1.862068965517241281e+01 1.518300756718206365e-39
6.769926586205501733e-05 1.862068965517241281e+01 1.923341248941023503e-39
1.078371813363233488e-04 1.862068965517241281e+01 2.445026056408423661e-39
1.717722863089567891e-04 1.862068965517241281e+01 3.119845070402057362e-39
2.736135902122996313e-04 1.862068965517241281e+01 3.971411124950560283e-39
4.358351300873408870e-04 1.862068965517241281e+01 5.095483433177487529e-39
6.942354744545533056e-04 1.862068965517241281e+01 6.537901850933389098e-39
1.105837645291589616e-03 1.862068965517241281e+01 8.443030080558029110e-39
1.761472789480881531e-03 1.862068965517241281e+01 1.097849465155659624e-38
2.805824527038428690e-03 1.862068965517241281e+01 1.440162360115374860e-38
4.469357303470210090e-03 1.862068965517241281e+01 1.910026110084941371e-38
7.119174600403985892e-03 1.862068965517241281e+01 2.570992294979726477e-38
1.134003024365157902e-02 1.862068965517241281e+01 3.522791542201386148e-38
1.806337014401007690e-02 1.862068965517241281e+01 4.948171192196651545e-38
2.877288101962317823e-02 1.862068965517241281e+01 7.156151185295348801e-38
4.583190598261207421e-02 1.862068965517241281e+01 1.081313939427123884e-37
7.300498009102399100e-02 1.862068965517241281e+01 1.739915478838355179e-37
1.162885767856308566e-01 1.862068965517241281e+01 3.041816059868342954e-37
1.852343918725382621e-01 1.862068965517241281e+01 6.130865121563832466e-37
2.950571834380621983e-01 1.862068965517241281e+01 1.527452813552081523e-36
4.699923195596870107e-01 1.862068965517241281e+01 5.578867272024282315e-36
7.486439674886415929e-01 1.862068965517241281e+01 0.000000000000000000e+00
9.999999999999999547e-08 2.482758620689655160e+01 9.490998634444861518e-41
1.592885535214725096e-07 2.482758620689655160e+01 1.201314202085249489e-40
2.537284328296300856e-07 2.482758620689655160e+01 1.509846210375103923e-40
4.041603505270179570e-07 2.482758620689655160e+01 1.908136801265158154e-40
6.437811762617998739e-07 2.482758620689655160e+01 2.415541089890689753e-40
1.025469723510942276e-06 2.482758620689655160e+01 3.039587559657117337e-40
1.633455889381223358e-06 2.482758620689655160e+01 3.842160034099338347e-40
2.601908258606654861e-06 2.482758620689655160e+01 4.858999845301273223e-40
4.144542029090266371e-06 2.482758620689655160e+01 6.133858699977754971e-40
6.601781048227371505e-06 2.482758620689655160e+01 7.752885884988557612e-40
1.051588153837608446e-05 2.482758620689655160e+01 9.817629355121807810e-40
1.675059559251080012e-05 2.482758620689655160e+01 1.240957148838349984e-39
2.668178142554203833e-05 2.482758620689655160e+01 1.571092906418600511e-39
4.250102368650674752e-05 2.482758620689655160e+01 1.988680191898691581e-39
6.769926586205501733e-05 2.482758620689655160e+01 2.530827753969588352e-39
1.078371813363233488e-04 2.482758620689655160e+01 3.214313348722344656e-39
1.717722863089567891e-04 2.482758620689655160e+01 4.096722475581360356e-39
2.736135902122996313e-04 2.482758620689655160e+01 5.213116376850085066e-39
4.358351300873408870e-04 2.482758620689655160e+01 6.670435348589455830e-39
6.942354744545533056e-04 2.482758620689655160e+01 8.556345888394275801e-39
1.105837645291589616e-03 2.482758620689655160e+01 1.105899129687700145e-38
1.761472789480881531e-03 2.482758620689655160e+01 1.435818490480977691e-38
2.805824527038428690e-03 2.482758620689655160e+01 1.878660193416172859e-38
4.469357303470210090e-03 2.482758620689655160e+01 2.480620014450921774e-38
7.119174600403985892e-03 2.482758620689655160e+01 3.333141166429337472e-38
1.134003024365157902e-02 2.482758620689655160e+01 4.533286224841432404e-38
1.806337014401007690e-02 2.482758620689655160e+01 6.324049599200259149e-38
2.877288101962317823e-02 2.482758620689655160e+01 9.103242020748696051e-38
4.583190598261207421e-02 2.482758620689655160e+01 1.357549925403976109e-37
7.300498009102399100e-02 2.482758620689655160e+01 2.148707393201595855e-37
1.162885767856308566e-01 2.482758620689655160e+01 3.676677445895850140e-37
1.852343918725382621e-01 2.482758620689655160e+01 7.135871238303960062e-37
2.950571834380621983e-01 2.482758620689655160e+01 1.681687046639779341e-36
4.699923195596870107e-01 2.482758620689655160e+01 5.642298307445652985e-36
7.486439674886415929e-01 2.482758620689655160e+01 4.755047995733538322e-35
9.999999999999999547e-08 3.103448275862069039e+01 1.161578259935233328e-40
1.592885535214725096e-07 3.103448275862069039e+01 1.468784243359702225e-40
2.537284328296300856e-07 3.103448275862069039e+01 1.852166345761867876e-40
4.041603505270179570e-07 3.103448275862069039e+01 2.344361203147131185e-40
6.437811762617998739e-07 3.103448275862069039e+01 2.961927310060373907e-40
1.025469723510942276e-06 3.103448275862069039e+01 3.740527673548745703e-40
1.633455889381223358e-06 3.103448275862069039e+01 4.722205221110270808e-40
2.601908258606654861e-06 3.103448275862069039e+01 5.965839486694107154e-40
4.144542029090266371e-06 3.103448275862069039e+01 7.535964208704246901e-40
6.601781048227371505e-06 3.103448275862069039e+01 9.531400539190503268e-40
1.051588153837608446e-05 3.103448275862069039e+01 1.203733518344089476e-39
1.675059559251080012e-05 3.103448275862069039e+01 1.525464561920642674e-39
2.668178142554203833e-05 3.103448275862069039e+01 1.932717851292713156e-39
4.250102368650674752e-05 3.103448275862069039e+01 2.447217312084027530e-39
6.769926586205501733e-05 3.103448275862069039e+01 3.109796395381509528e-39
1.078371813363233488e-04 3.103448275862069039e+01 3.935686224711043628e-39
1.717722863089567891e-04 3.103448275862069039e+01 5.017353455041759237e-39
2.736135902122996313e-04 3.103448275862069039e+01 6.385458589214636509e-39
4.358351300873408870e-04 3.103448275862069039e+01 8.153512469188800638e-39
6.942354744545533056e-04 3.103448275862069039e+01 1.046282746376047416e-38
1.105837645291589616e-03 3.103448275862069039e+01 1.348871232014549438e-38
1.761472789480881531e-03 3.103448275862069039e+01 1.751215597699106599e-38
2.805824527038428690e-03 3.103448275862069039e+01 2.284844460820304794e-38
4.469357303470210090e-03 3.103448275862069039e+01 3.017868290032480141e-38
7.119174600403985892e-03 3.103448275862069039e+01 4.028668840948313453e-38
1.134003024365157902e-02 3.103448275862069039e+01 5.451873171940893585e-38
1.806337014401007690e-02 3.103448275862069039e+01 7.521982032298546699e-38
2.877288101962317823e-02 3.103448275862069039e+01 1.069460032142422701e-37
4.583190598261207421e-02 3.103448275862069039e+01 1.575892268925616033e-37
7.300498009102399100e-02 3.103448275862069039e+01 2.434941274201772698e-37
1.162885767856308566e-01 3.103448275862069039e+01 4.064634926599789193e-37
1.852343918725382621e-01 3.103448275862069039e+01 7.543445535661461042e-37
2.950571834380621983e-01 3.103448275862069039e+01 1.696776436545137850e-36
4.699923195596870107e-01 3.103448275862069039e+01 5.341977476220327055e-36
7.486439674886415929e-01 3.103448275862069039e+01 5.945845208314750452e-36
9.999999999999999547e-08 3.724137931034482563e+01 1.366049513156288988e-40
1.592885535214725096e-07 3.724137931034482563e+01 1.726301076444389567e-40
2.537284328296300856e-07 3.724137931034482563e+01 2.175586538843427551e-40
4.041603505270179570e-07 3.724137931034482563e+01 2.746968292174316547e-40
6.437811762617998739e-07 3.724137931034482563e+01 3.474630778347476657e-40
1.025469723510942276e-06 3.724137931034482563e+01 4.378761068310580256e-40
1.633455889381223358e-06 3.724137931034482563e+01 5.548012986781374984e-40
2.601908258606654861e-06 3.724137931034482563e+01 7.001321534813958538e-40
4.144542029090266371e-06 3.724137931034482563e+01 8.837967949259514336e-40
6.601781048227371505e-06 3.724137931034482563e+01 1.118846679708644781e-39
1.051588153837608446e-05 3.724137931034482563e+01 1.412139387517226143e-39
1.675059559251080012e-05 3.724137931034482563e+01 1.784880059672973171e-39
2.668178142554203833e-05 3.724137931034482563e+01 2.261651253578593043e-39
4.250102368650674752e-05 3.724137931034482563e+01 2.862855183982133542e-39
6.769926586205501733e-05 3.724137931034482563e+01 3.632138088508290926e-39
1.078371813363233488e-04 3.724137931034482563e+01 4.614642664066744580e-39
1.717722863089567891e-04 3.724137931034482563e+01 5.861246629243737863e-39
2.736135902122996313e-04 3.724137931034482563e+01 7.469773822235957746e-39
4.358351300873408870e-04 3.724137931034482563e+01 9.534593515593108810e-39
6.942354744545533056e-04 3.724137931034482563e+01 1.223046449398446997e-38
1.105837645291589616e-03 3.724137931034482563e+01 1.569240597803586202e-38
1.761472789480881531e-03 3.724137931034482563e+01 2.034581455009818682e-38
2.805824527038428690e-03 3.724137931034482563e+01 2.646099120483266825e-38
4.469357303470210090e-03 3.724137931034482563e+01 3.473641887473084712e-38
7.119174600403985892e-03 3.724137931034482563e+01 4.608326278811887191e-38
1.134003024365157902e-02 3.724137931034482563e+01 6.220816442819753950e-38
1.806337014401007690e-02 3.724137931034482563e+01 8.538512025162101790e-38
2.877288101962317823e-02 3.724137931034482563e+01 1.195355221898535112e-37
4.583190598261207421e-02 3.724137931034482563e+01 1.731670416381900152e-37
7.300498009102399100e-02 3.724137931034482563e+01 2.624436387294557642e-37
1.162885767856308566e-01 3.724137931034482563e+01 4.222248531878954479e-37
1.852343918725382621e-01 3.724137931034482563e+01 7.542314233011869502e-37
2.950571834380621983e-01 3.724137931034482563e+01 1.646245104870220358e-36
4.699923195596870107e-01 3.724137931034482563e+01 7.133690426137427405e-36
7.486439674886415929e-01 3.724137931034482563e+01 0.000000000000000000e+00
9.999999999999999547e-08 4.344827586206896797e+01 1.551526783617779889e-40
1.592885535214725096e-07 4.344827586206896797e+01 1.959921194379154490e-40
2.537284328296300856e-07 4.344827586206896797e+01 2.472987456680649354e-40
4.041603505270179570e-07 4.344827586206896797e+01 3.118967150539889072e-40
6.437811762617998739e-07 4.344827586206896797e+01 3.950272482727511279e-40
1.025469723510942276e-06 4.344827586206896797e+01 4.988279386312605978e-40
1.633455889381223358e-06 4.344827586206896797e+01 6.297995903099281136e-40
2.601908258606654861e-06 4.344827586206896797e+01 7.957233736417642341e-40
4.144542029090266371e-06 4.344827586206896797e+01 1.005909611072087737e-39
6.601781048227371505e-06 4.344827586206896797e+01 1.267855691232836236e-39
1.051588153837608446e-05 4.344827586206896797e+01 1.601273572516206510e-39
1.675059559251080012e-05 4.344827586206896797e+01 2.032682958047969245e-39
2.668178142554203833e-05 4.344827586206896797e+01 2.565371489705957911e-39
4.250102368650674752e-05 4.344827586206896797e+01 3.251411429880896795e-39
6.769926586205501733e-05 4.344827586206896797e+01 4.111230173038739544e-39
1.078371813363233488e-04 4.344827586206896797e+01 5.226298475682264876e-39
1.717722863089567891e-04 4.344827586206896797e+01 6.637939312380047975e-39
2.736135902122996313e-04 4.344827586206896797e+01 8.448150590815965787e-39
4.358351300873408870e-04 4.344827586206896797e+01 1.079280490026349472e-38
6.942354744545533056e-04 4.344827586206896797e+01 1.382215342043511288e-38
1.105837645291589616e-03 4.344827586206896797e+01 1.775496437814231170e-38
1.761472789480881531e-03 4.344827586206896797e+01 2.281469178260412593e-38
2.805824527038428690e-03 4.344827586206896797e+01 2.966951160832027248e-38
4.469357303470210090e-03 4.344827586206896797e+01 3.877969829775880673e-38
7.119174600403985892e-03 4.344827586206896797e+01 5.130197892687418068e-38
1.134003024365157902e-02 4.344827586206896797e+01 6.844667771065055914e-38
1.806337014401007690e-02 4.344827586206896797e+01 9.320263359793129969e-38
2.877288101962317823e-02 4.344827586206896797e+01 1.288986082202112166e-37
4.583190598261207421e-02 4.344827586206896797e+01 1.830240218587432017e-37
7.300498009102399100e-02 4.344827586206896797e+01 2.705426190292050106e-37
1.162885767856308566e-01 4.344827586206896797e+01 4.239767675732418567e-37
1.852343918725382621e-01 4.344827586206896797e+01 7.342200540845270216e-37
2.950571834380621983e-01 4.344827586206896797e+01 1.537743646596172879e-36
4.699923195596870107e-01 4.344827586206896797e+01 1.548295231344857982e-35
7.486439674886415929e-01 4.344827586206896797e+01 0.000000000000000000e+00
9.999999999999999547e-08 4.965517241379310320e+01 1.722488534449863183e-40
1.592885535214725096e-07 4.965517241379310320e+01 2.172834094782176114e-40
2.537284328296300856e-07 4.965517241379310320e+01 2.738651460802452621e-40
4.041603505270179570e-07 4.965517241379310320e+01 3.466094241031989473e-40
6.437811762617998739e-07 4.965517241379310320e+01 4.371171110327442870e-40
1.025469723510942276e-06 4.965517241379310320e+01 5.523725683018137021e-40
1.633455889381223358e-06 4.965517241379310320e+01 6.972496297833586609e-40
2.601908258606654861e-06 4.965517241379310320e+01 8.806153156961559638e-40
4.144542029090266371e-06 4.965517241379310320e+01 1.114231755469316659e-39
6.601781048227371505e-06 4.965517241379310320e+01 1.406743670147102894e-39
1.051588153837608446e-05 4.965517241379310320e+01 1.778124147673790040e-39
1.675059559251080012e-05 4.965517241379310320e+01 2.245724327992774664e-39
2.668178142554203833e-05 4.965517241379310320e+01 2.840673075896378356e-39
4.250102368650674752e-05 4.965517241379310320e+01 3.600673891416638377e-39
6.769926586205501733e-05 4.965517241379310320e+01 4.544906181511894237e-39
1.078371813363233488e-04 4.965517241379310320e+01 5.786882388346082244e-39
1.717722863089567891e-04 4.965517241379310320e+01 7.343285797434877131e-39
2.736135902122996313e-04 4.965517241379310320e+01 9.328372153376338365e-39
4.358351300873408870e-04 4.965517241379310320e+01 1.188150152535900510e-38
6.942354744545533056e-04 4.965517241379310320e+01 1.518894726399484842e-38
1.105837645291589616e-03 4.965517241379310320e+01 1.946727572129705960e-38
1.761472789480881531e-03 4.965517241379310320e+01 2.504326526526926116e-38
2.805824527038428690e-03 4.965517241379310320e+01 3.235188266162763074e-38
4.469357303470210090e-03 4.965517241379310320e+01 4.216675073756066680e-38
7.119174600403985892e-03 4.965517241379310320e+01 5.530760751874896998e-38
1.134003024365157902e-02 4.965517241379310320e+01 7.353447416105315786e-38
1.806337014401007690e-02 4.965517241379310320e+01 9.855215420032566471e-38
2.877288101962317823e-02 4.965517241379310320e+01 1.348030702389442539e-37
4.583190598261207421e-02 4.965517241379310320e+01 1.882640946228777945e-37
7.300498009102399100e-02 4.965517241379310320e+01 2.717303431571211877e-37
1.162885767856308566e-01 4.965517241379310320e+01 4.152602056939021268e-37
1.852343918725382621e-01 4.965517241379310320e+01 7.012261485457036402e-37
2.950571834380621983e-01 4.965517241379310320e+01 1.399990723277166799e-36
4.699923195596870107e-01 4.965517241379310320e+01 2.771463702682155855e-35
7.486439674886415929e-01 4.965517241379310320e+01 0.000000000000000000e+00
9.999999999999999547e-08 5.586206896551724554e+01 1.868662569432006080e-40
1.592885535214725096e-07 5.586206896551724554e+01 2.359514226041488460e-40
2.537284328296300856e-07 5.586206896551724554e+01 2.979790903026176022e-40
4.041603505270179570e-07 5.586206896551724554e+01 3.764622518636355415e-40
6.437811762617998739e-07 5.586206896551724554e+01 4.746586583244005599e-40
1.025469723510942276e-06 5.586206896551724554e+01 5.997336746888728584e-40
1.633455889381223358e-06 5.586206896551724554e+01 7.566582944968730631e-40
2.601908258606654861e-06 5.586206896551724554e+01 9.571295818841614110e-40
4.144542029090266371e-06 5.586206896551724554e+01 1.208558766236532199e-39
6.601781048227371505e-06 5.586206896551724554e+01 1.528428429291153991e-39
1.051588153837608446e-05 5.586206896551724554e+01 1.928412766374310865e-39
1.675059559251080012e-05 5.586206896551724554e+01 2.437601851903689531e-39
2.668178142554203833e-05 5.586206896551724554e+01 3.094069493146916890e-39
4.250102368650674752e-05 5.586206896551724554e+01 3.898277084922843107e-39
6.769926586205501733e-05 5.586206896551724554e+01 4.942637800899650251e-39
1.078371813363233488e-04 5.586206896551724554e+01 6.262341889598113891e-39
1.717722863089567891e-04 5.586206896551724554e+01 7.947096103115387878e-39
2.736135902122996313e-04 5.586206896551724554e+01 1.008244688704788503e-38
4.358351300873408870e-04 5.586206896551724554e+01 1.283668567146279388e-38
6.942354744545533056e-04 5.586206896551724554e+01 1.640440197197347739e-38
1.105837645291589616e-03 5.586206896551724554e+01 2.091358549499401958e-38
1.761472789480881531e-03 5.586206896551724554e+01 2.688960618836860928e-38
2.805824527038428690e-03 5.586206896551724554e+01 3.457715363001557311e-38
4.469357303470210090e-03 5.586206896551724554e+01 4.486700318283990689e-38
7.119174600403985892e-03 5.586206896551724554e+01 5.854127231141774713e-38
1.134003024365157902e-02 5.586206896551724554e+01 7.690523464051194183e-38
1.806337014401007690e-02 5.586206896551724554e+01 1.022280534060286920e-37
2.877288101962317823e-02 5.586206896551724554e+01 1.379280453048202792e-37
4.583190598261207421e-02 5.586206896551724554e+01 1.894785159854854104e-37
7.300498009102399100e-02 5.586206896551724554e+01 2.671622638056380982e-37
1.162885767856308566e-01 5.586206896551724554e+01 3.991586136680510716e-37
1.852343918725382621e-01 5.586206896551724554e+01 6.620359873249269951e-37
2.950571834380621983e-01 5.586206896551724554e+01 1.261101086280106058e-36
4.699923195596870107e-01 5.586206896551724554e+01 2.970785333738633217e-35
7.486439674886415929e-01 5.586206896551724554e+01 0.000000000000000000e+00
9.999999999999999547e-08 6.206896551724138078e+01 1.997609417643872319e-40
1.592885535214725096e-07 6.206896551724138078e+01 2.523836285650753121e-40
2.537284328296300856e-07 6.206896551724138078e+01 3.184216831985849285e-40
4.041603505270179570e-07 6.206896551724138078e+01 4.010620957261782144e-40
6.437811762617998739e-07 6.206896551724138078e+01 5.068411102270496198e-40
1.025469723510942276e-06 6.206896551724138078e+01 6.389869758404685452e-40
1.633455889381223358e-06 6.206896551724138078e+01 8.078400585636040702e-40
2.601908258606654861e-06 6.206896551724138078e+01 1.022125694527587010e-39
4.144542029090266371e-06 6.206896551724138078e+01 1.287358281881144533e-39
6.601781048227371505e-06 6.206896551724138078e+01 1.624036440734730256e-39
1.051588153837608446e-05 6.206896551724138078e+01 2.059444345733104768e-39
1.675059559251080012e-05 6.206896551724138078e+01 2.601783495806112858e-39
2.668178142554203833e-05 6.206896551724138078e+01 3.287506528846676268e-39
4.250102368650674752e-05 6.206896551724138078e+01 4.158893237133866427e-39
6.769926586205501733e-05 6.206896551724138078e+01 5.245993135435600023e-39
1.078371813363233488e-04 6.206896551724138078e+01 6.651180013249617243e-39
1.717722863089567891e-04 6.206896551724138078e+01 8.429006380861254114e-39
2.736135902122996313e-04 6.206896551724138078e+01 1.068726155529498983e-38
4.358351300873408870e-04 6.206896551724138078e+01 1.356253838787599546e-38
6.942354744545533056e-04 6.206896551724138078e+01 1.732587657621494188e-38
1.105837645291589616e-03 6.206896551724138078e+01 2.212526439925202005e-38
1.761472789480881531e-03 6.206896551724138078e+01 2.838372705785162871e-38
2.805824527038428690e-03 6.206896551724138078e+01 3.627672542008178610e-38
4.469357303470210090e-03 6.206896551724138078e+01 4.669588947124840153e-38
7.119174600403985892e-03 6.206896551724138078e+01 6.064119372619200314e-38
1.134003024365157902e-02 6.206896551724138078e+01 7.924398804978866409e-38
1.806337014401007690e-02 6.206896551724138078e+01 1.039894697062027579e-37
2.877288101962317823e-02 6.206896551724138078e+01 1.379642643779772335e-37
4.583190598261207421e-02 6.206896551724138078e+01 1.871268343122156212e-37
7.300498009102399100e-02 6.206896551724138078e+01 2.592167870391889351e-37
1.162885767856308566e-01 6.206896551724138078e+01 3.804528301891541461e-37
1.852343918725382621e-01 6.206896551724138078e+01 6.204541326676904204e-37
2.950571834380621983e-01 6.206896551724138078e+01 1.224436784061042401e-36
4.699923195596870107e-01 6.206896551724138078e+01 2.267172469813252518e-35
7.486439674886415929e-01 6.206896551724138078e+01 0.000000000000000000e+00
9.999999999999999547e-08 6.827586206896552312e+01 2.096313080980925471e-40
1.592885535214725096e-07 6.827586206896552312e+01 2.641949492515699912e-40
2.537284328296300856e-07 6.827586206896552312e+01 3.346066410284679524e-40
4.041603505270179570e-07 6.827586206896552312e+01 4.216420838369529235e-40
6.437811762617998739e-07 6.827586206896552312e+01 5.322332920678572561e-40
1.025469723510942276e-06 6.827586206896552312e+01 6.720640203339111367e-40
1.633455889381223358e-06 6.827586206896552312e+01 8.494681396380610363e-40
2.601908258606654861e-06 6.827586206896552312e+01 1.071544109068812784e-39
4.144542029090266371e-06 6.827586206896552312e+01 1.352097136144441670e-39
6.601781048227371505e-06 6.827586206896552312e+01 1.709821788633328332e-39
1.051588153837608446e-05 6.827586206896552312e+01 2.158781795776338700e-39
1.675059559251080012e-05 6.827586206896552312e+01 2.731186304155406031e-39
2.668178142554203833e-05 6.827586206896552312e+01 3.446198534691941149e-39
4.250102368650674752e-05 6.827586206896552312e+01 4.355336144729672726e-39
6.769926586205501733e-05 6.827586206896552312e+01 5.521136014751022923e-39
1.078371813363233488e-04 6.827586206896552312e+01 6.976199003582360187e-39
1.717722863089567891e-04 6.827586206896552312e+01 8.807963381804205866e-39
2.736135902122996313e-04 6.827586206896552312e+01 1.118585900036542966e-38
4.358351300873408870e-04 6.827586206896552312e+01 1.423625518081775902e-38
6.942354744545533056e-04 6.827586206896552312e+01 1.803951703146565712e-38
1.105837645291589616e-03 6.827586206896552312e+01 2.296316437528847870e-38
1.761472789480881531e-03 6.827586206896552312e+01 2.927792602009630518e-38
2.805824527038428690e-03 6.827586206896552312e+01 3.743914554867621279e-38
4.469357303470210090e-03 6.827586206896552312e+01 4.798952691630655403e-38
7.119174600403985892e-03 6.827586206896552312e+01 6.193951482089272522e-38
1.134003024365157902e-02 6.827586206896552312e+01 8.000183489276557537e-38
1.806337014401007690e-02 6.827586206896552312e+01 1.041959437775756980e-37
2.877288101962317823e-02 6.827586206896552312e+01 1.367286209398873386e-37
4.583190598261207421e-02 6.827586206896552312e+01 1.818934327507476330e-37
7.300498009102399100e-02 6.827586206896552312e+01 2.494135817549677896e-37
1.162885767856308566e-01 6.827586206896552312e+01 3.594372276071895526e-37
1.852343918725382621e-01 6.827586206896552312e+01 5.737580783876298136e-37
2.950571834380621983e-01 6.827586206896552312e+01 1.682462540999763290e-36
4.699923195596870107e-01 6.827586206896552312e+01 1.512642847848423751e-35
7.486439674886415929e-01 6.827586206896552312e+01 0.000000000000000000e+00
9.999999999999999547e-08 7.448275862068965125e+01 2.174182391450380055e-40
1.592885535214725096e-07 7.448275862068965125e+01 2.749767109017867711e-40
2.537284328296300856e-07 7.448275862068965125e+01 3.471950015017904010e-40
4.041603505270179570e-07 7.448275862068965125e+01 4.376623391309688946e-40
6.437811762617998739e-07 7.448275862068965125e+01 5.530839381638476287e-40
1.025469723510942276e-06 7.448275862068965125e+01 6.989046756605006846e-40
1.633455889381223358e-06 7.448275862068965125e+01 8.811182732785347971e-40
2.601908258606654861e-06 7.448275862068965125e+01 1.110655723197667077e-39
4.144542029090266371e-06 7.448275862068965125e+01 1.403311172206093821e-39
6.601781048227371505e-06 7.448275862068965125e+01 1.771037011059349174e-39
1.051588153837608446e-05 7.448275862068965125e+01 2.236495441358522659e-39
1.675059559251080012e-05 7.448275862068965125e+01 2.824375716492859115e-39
2.668178142554203833e-05 7.448275862068965125e+01 3.577510134854031506e-39
4.250102368650674752e-05 7.448275862068965125e+01 4.506984823944549330e-39
6.769926586205501733e-05 7.448275862068965125e+01 5.682127098938457239e-39
1.078371813363233488e-04 7.448275862068965125e+01 7.206398784579740822e-39
1.717722863089567891e-04 7.448275862068965125e+01 9.131217134340300149e-39
2.736135902122996313e-04 7.448275862068965125e+01 1.155315093643224653e-38
4.358351300873408870e-04 7.448275862068965125e+01 1.461608153377270504e-38
6.942354744545533056e-04 7.448275862068965125e+01 1.853601596657247714e-38
1.105837645291589616e-03 7.448275862068965125e+01 2.356236020297132795e-38
1.761472789480881531e-03 7.448275862068965125e+01 2.995151281753866035e-38
2.805824527038428690e-03 7.448275862068965125e+01 3.804005818291592643e-38
4.469357303470210090e-03 7.448275862068965125e+01 4.863423347129495666e-38
7.119174600403985892e-03 7.448275862068965125e+01 6.221590944338477957e-38
1.134003024365157902e-02 7.448275862068965125e+01 7.999946715184371807e-38
1.806337014401007690e-02 7.448275862068965125e+01 1.028499679761527989e-37
2.877288101962317823e-02 7.448275862068965125e+01 1.337026587680433689e-37
4.583190598261207421e-02 7.448275862068965125e+01 1.753822587373005315e-37
7.300498009102399100e-02 7.448275862068965125e+01 2.367622260841704834e-37
1.162885767856308566e-01 7.448275862068965125e+01 3.380524512393460962e-37
1.852343918725382621e-01 7.448275862068965125e+01 5.242547534565792694e-37
2.950571834380621983e-01 7.448275862068965125e+01 2.837582753713130762e-36
4.699923195596870107e-01 7.448275862068965125e+01 8.795128090245475206e-36
7.486439674886415929e-01 7.448275862068965125e+01 0.000000000000000000e+00
9.999999999999999547e-08 8.068965517241380780e+01 2.229398085749642075e-40
1.592885535214725096e-07 8.068965517241380780e+01 2.823219324911778514e-40
2.537284328296300856e-07 8.068965517241380780e+01 3.550080569956933064e-40
4.041603505270179570e-07 8.068965517241380780e+01 4.483853147055261751e-40
6.437811762617998739e-07 8.068965517241380780e+01 5.662117851367276402e-40
1.025469723510942276e-06 8.068965517241380780e+01 7.127982835922188282e-40
1.633455889381223358e-06 8.068965517241380780e+01 9.008643884585700413e-40
2.601908258606654861e-06 8.068965517241380780e+01 1.137678479778881203e-39
4.144542029090266371e-06 8.068965517241380780e+01 1.436662173021745454e-39
6.601781048227371505e-06 8.068965517241380780e+01 1.811202738561503565e-39
1.051588153837608446e-05 8.068965517241380780e+01 2.293797639350750202e-39
1.675059559251080012e-05 8.068965517241380780e+01 2.891523976078816585e-39
2.668178142554203833e-05 8.068965517241380780e+01 3.643080650987794101e-39
4.250102368650674752e-05 8.068965517241380780e+01 4.598535799080869160e-39
6.769926586205501733e-05 8.068965517241380780e+01 5.814322847417433677e-39
1.078371813363233488e-04 8.068965517241380780e+01 7.350223897463021015e-39
1.717722863089567891e-04 8.068965517241380780e+01 9.310835214144842161e-39
2.736135902122996313e-04 8.068965517241380780e+01 1.174042133187225718e-38
4.358351300873408870e-04 8.068965517241380780e+01 1.490465905723617687e-38
6.942354744545533056e-04 8.068965517241380780e+01 1.884503368674770518e-38
1.105837645291589616e-03 8.068965517241380780e+01 2.377201895274991903e-38
1.761472789480881531e-03 8.068965517241380780e+01 3.019769243493550563e-38
2.805824527038428690e-03 8.068965517241380780e+01 3.836416536037258070e-38
4.469357303470210090e-03 8.068965517241380780e+01 4.856779573821492674e-38
7.119174600403985892e-03 8.068965517241380780e+01 6.196123400474724894e-38
1.134003024365157902e-02 8.068965517241380780e+01 7.902651719881433863e-38
1.806337014401007690e-02 8.068965517241380780e+01 1.007454633420980225e-37
2.877288101962317823e-02 8.068965517241380780e+01 1.288250565050505132e-37
4.583190598261207421e-02 8.068965517241380780e+01 1.675765987294429596e-37
7.300498009102399100e-02 8.068965517241380780e+01 2.234114881197788345e-37
1.162885767856308566e-01 8.068965517241380780e+01 3.166507403622951072e-37
1.852343918725382621e-01 8.068965517241380780e+01 4.758044546709211721e-37
2.950571834380621983e-01 8.068965517241380780e+01 4.451802310517307097e-36
4.699923195596870107e-01 8.068965517241380780e+01 4.561502710793247000e-36
7.486439674886415929e-01 8.068965517241380780e+01 0.000000000000000000e+00
9.999999999999999547e-08 8.689655172413793593e+01 2.257954682013855370e-40
1.592885535214725096e-07 8.689655172413793593e+01 2.847628322183673199e-40
2.537284328296300856e-07 8.689655172413793593e+01 3.589117132729061458e-40
4.041603505270179570e-07 8.689655172413793593e+01 4.529024509872022621e-40
6.437811762617998739e-07 8.689655172413793593e+01 5.728637856591063917e-40
1.025469723510942276e-06 8.689655172413793593e+01 7.215496680070163087e-40
1.633455889381223358e-06 8.689655172413793593e+01 9.114051486754600515e-40
2.601908258606654861e-06 8.689655172413793593e+01 1.152460224044635414e-39
4.144542029090266371e-06 8.689655172413793593e+01 1.451117698337286093e-39
6.601781048227371505e-06 8.689655172413793593e+01 1.831697538051798187e-39
1.051588153837608446e-05 8.689655172413793593e+01 2.311857015036882436e-39
1.675059559251080012e-05 8.689655172413793593e+01 2.918579662309418785e-39
2.668178142554203833e-05 8.689655172413793593e+01 3.684240125433112532e-39
4.250102368650674752e-05 8.689655172413793593e+01 4.647685883667548929e-39
6.769926586205501733e-05 8.689655172413793593e+01 5.876475420710294143e-39
1.078371813363233488e-04 8.689655172413793593e+01 7.418573803307432529e-39
1.717722863089567891e-04 8.689655172413793593e+01 9.369251797164338408e-39
2.736135902122996313e-04 8.689655172413793593e+01 1.181979025925926238e-38
4.358351300873408870e-04 8.689655172413793593e+01 1.495786084926912019e-38
6.942354744545533056e-04 8.689655172413793593e+01 1.886422898084497545e-38
1.105837645291589616e-03 8.689655172413793593e+01 2.381011787848313621e-38
1.761472789480881531e-03 8.689655172413793593e+01 3.012607607529290322e-38
2.805824527038428690e-03 8.689655172413793593e+01 3.807335622816940860e-38
4.469357303470210090e-03 8.689655172413793593e+01 4.802837520579625375e-38
7.119174600403985892e-03 8.689655172413793593e+01 6.075749425121023365e-38
1.134003024365157902e-02 8.689655172413793593e+01 7.689264808360223791e-38
1.806337014401007690e-02 8.689655172413793593e+01 9.712522062604559462e-38
2.877288101962317823e-02 8.689655172413793593e+01 1.237195516987781920e-37
4.583190598261207421e-02 8.689655172413793593e+01 1.584338455808453357e-37
7.300498009102399100e-02 8.689655172413793593e+01 2.097378786305480300e-37
1.162885767856308566e-01 8.689655172413793593e+01 2.943383172152342855e-37
1.852343918725382621e-01 8.689655172413793593e+01 4.325364213073282105e-37
2.950571834380621983e-01 8.689655172413793593e+01 5.700589661250836553e-36
4.699923195596870107e-01 8.689655172413793593e+01 1.866273807146497128e-36
7.486439674886415929e-01 8.689655172413793593e+01 0.000000000000000000e+00
9.999999999999999547e-08 9.310344827586206407e+01 2.247359195977626115e-40
1.592885535214725096e-07 9.310344827586206407e+01 2.841715677000984572e-40
2.537284328296300856e-07 9.310344827586206407e+01 3.588879006615697250e-40
4.041603505270179570e-07 9.310344827586206407e+01 4.547661052936144899e-40
6.437811762617998739e-07 9.310344827586206407e+01 5.715100798252975108e-40
1.025469723510942276e-06 9.310344827586206407e+01 7.217862186360793456e-40
1.633455889381223358e-06 9.310344827586206407e+01 9.091072625672782710e-40
2.601908258606654861e-06 9.310344827586206407e+01 1.150521716417281752e-39
4.144542029090266371e-06 9.310344827586206407e+01 1.452821839051036655e-39
6.601781048227371505e-06 9.310344827586206407e+01 1.831164426631102382e-39
1.051588153837608446e-05 9.310344827586206407e+01 2.308427316011347744e-39
1.675059559251080012e-05 9.310344827586206407e+01 2.920437142758126080e-39
2.668178142554203833e-05 9.310344827586206407e+01 3.671836665588207546e-39
4.250102368650674752e-05 9.310344827586206407e+01 4.642129813027884255e-39
6.769926586205501733e-05 9.310344827586206407e+01 5.867966791241244287e-39
1.078371813363233488e-04 9.310344827586206407e+01 7.396234120902481244e-39
1.717722863089567891e-04 9.310344827586206407e+01 9.293767591618276547e-39
2.736135902122996313e-04 9.310344827586206407e+01 1.175773934681918650e-38
4.358351300873408870e-04 9.310344827586206407e+01 1.477691404058329512e-38
6.942354744545533056e-04 9.310344827586206407e+01 1.867332947126930240e-38
1.105837645291589616e-03 9.310344827586206407e+01 2.358740283162048921e-38
1.761472789480881531e-03 9.310344827586206407e+01 2.972989282076264773e-38
2.805824527038428690e-03 9.310344827586206407e+01 3.729159901417715310e-38
4.469357303470210090e-03 9.310344827586206407e+01 4.678969346046919898e-38
7.119174600403985892e-03 9.310344827586206407e+01 5.909683728758628755e-38
1.134003024365157902e-02 9.310344827586206407e+01 7.411600256999545927e-38
1.806337014401007690e-02 9.310344827586206407e+01 9.299729140756656917e-38
2.877288101962317823e-02 9.310344827586206407e+01 1.171028643029276748e-37
4.583190598261207421e-02 9.310344827586206407e+01 1.492485591976411125e-37
7.300498009102399100e-02 9.310344827586206407e+01 1.959932201164075834e-37
1.162885767856308566e-01 9.310344827586206407e+01 2.710833828893722243e-37
1.852343918725382621e-01 9.310344827586206407e+01 4.253807860701767085e-37
2.950571834380621983e-01 9.310344827586206407e+01 5.931170377581843568e-36
4.699923195596870107e-01 9.310344827586206407e+01 5.294960624174572639e-37
7.486439674886415929e-01 9.310344827586206407e+01 0.000000000000000000e+00
9.999999999999999547e-08 9.931034482758620641e+01 2.225545824135474918e-40
1.592885535214725096e-07 9.931034482758620641e+01 2.813671885566397628e-40
2.537284328296300856e-07 9.931034482758620641e+01 3.553692218793024188e-40
4.041603505270179570e-07 9.931034482758620641e+01 4.483755404080911650e-40
6.437811762617998739e-07 9.931034482758620641e+01 5.649966745578060863e-40
1.025469723510942276e-06 9.931034482758620641e+01 7.126595691626201367e-40
1.633455889381223358e-06 9.931034482758620641e+01 9.003757208374901339e-40
2.601908258606654861e-06 9.931034482758620641e+01 1.132971797204785075e-39
4.144542029090266371e-06 9.931034482758620641e+01 1.433000180641669671e-39
6.601781048227371505e-06 9.931034482758620641e+01 1.809312745232526584e-39
1.051588153837608446e-05 9.931034482758620641e+01 2.284139895322612302e-39
1.675059559251080012e-05 9.931034482758620641e+01 2.876689491978935299e-39
2.668178142554203833e-05 9.931034482758620641e+01 3.627380684763069836e-39
4.250102368650674752e-05 9.931034482758620641e+01 4.579437748470414391e-39
6.769926586205501733e-05 9.931034482758620641e+01 5.767940743935649806e-39
1.078371813363233488e-04 9.931034482758620641e+01 7.277769504356031256e-39
1.717722863089567891e-04 9.931034482758620641e+01 9.155029378699627448e-39
2.736135902122996313e-04 9.931034482758620641e+01 1.153691296284372456e-38
4.358351300873408870e-04 9.931034482758620641e+01 1.452573771563117342e-38
6.942354744545533056e-04 9.931034482758620641e+01 1.828757873647143751e-38
1.105837645291589616e-03 9.931034482758620641e+01 2.295878977937612773e-38
1.761472789480881531e-03 9.931034482758620641e+01 2.881560944749088982e-38
2.805824527038428690e-03 9.931034482758620641e+01 3.617210778563570820e-38
4.469357303470210090e-03 9.931034482758620641e+01 4.535620271093441839e-38
7.119174600403985892e-03 9.931034482758620641e+01 5.671577559618979760e-38
1.134003024365157902e-02 9.931034482758620641e+01 7.077270266948932281e-38
1.806337014401007690e-02 9.931034482758620641e+01 8.829110188281520910e-38
2.877288101962317823e-02 9.931034482758620641e+01 1.103715984616228447e-37
4.583190598261207421e-02 9.931034482758620641e+01 1.391048579919796526e-37
7.300498009102399100e-02 9.931034482758620641e+01 1.814104544555835175e-37
1.162885767856308566e-01 9.931034482758620641e+01 2.481389963753170908e-37
1.852343918725382621e-01 9.931034482758620641e+01 4.878112971405328702e-37
2.950571834380621983e-01 9.931034482758620641e+01 5.206058298616254068e-36
4.699923195596870107e-01 9.931034482758620641e+01 1.082642673049741764e-37
7.486439674886415929e-01 9.931034482758620641e+01 0.000000000000000000e+00
9.999999999999999547e-08 1.055172413793103630e+02 2.174239463803875669e-40
1.592885535214725096e-07 1.055172413793103630e+02 2.744721086186283268e-40
2.537284328296300856e-07 1.055172413793103630e+02 3.460369193632976573e-40
4.041603505270179570e-07 1.055172413793103630e+02 4.377998002328323453e-40
6.437811762617998739e-07 1.055172413793103630e+02 5.521265750668226253e-40
1.025469723510942276e-06 1.055172413793103630e+02 6.950104394002832329e-40
1.633455889381223358e-06 1.055172413793103630e+02 8.782187734788158984e-40
2.601908258606654861e-06 1.055172413793103630e+02 1.108500437964402214e-39
4.144542029090266371e-06 1.055172413793103630e+02 1.395135208295531462e-39
6.601781048227371505e-06 1.055172413793103630e+02 1.763049034878603617e-39
1.051588153837608446e-05 1.055172413793103630e+02 2.223385694150771623e-39
1.675059559251080012e-05 1.055172413793103630e+02 2.812045264670623013e-39
2.668178142554203833e-05 1.055172413793103630e+02 3.528304212403487774e-39
4.250102368650674752e-05 1.055172413793103630e+02 4.449606225262563926e-39
6.769926586205501733e-05 1.055172413793103630e+02 5.618582229570514931e-39
1.078371813363233488e-04 1.055172413793103630e+02 7.075162311750829489e-39
1.717722863089567891e-04 1.055172413793103630e+02 8.897104827239023520e-39
2.736135902122996313e-04 1.055172413793103630e+02 1.118514203568173264e-38
4.358351300873408870e-04 1.055172413793103630e+02 1.412326785436652150e-38
6.942354744545533056e-04 1.055172413793103630e+02 1.772349959168194328e-38
1.105837645291589616e-03 1.055172413793103630e+02 2.220872855317951097e-38
1.761472789480881531e-03 1.055172413793103630e+02 2.779958261266849178e-38
2.805824527038428690e-03 1.055172413793103630e+02 3.474685313098982005e-38
4.469357303470210090e-03 1.055172413793103630e+02 4.333615625233059611e-38
7.119174600403985892e-03 1.055172413793103630e+02 5.375288806820675584e-38
1.134003024365157902e-02 1.055172413793103630e+02 6.665739869491190111e-38
1.806337014401007690e-02 1.055172413793103630e+02 8.274747997485285930e-38
2.877288101962317823e-02 1.055172413793103630e+02 1.028732082596576321e-37
4.583190598261207421e-02 1.055172413793103630e+02 1.289343126209391613e-37
7.300498009102399100e-02 1.055172413793103630e+02 1.673614896076136410e-37
1.162885767856308566e-01 1.055172413793103630e+02 2.237522318301718486e-37
1.852343918725382621e-01 1.055172413793103630e+02 6.208889293336701220e-37
2.950571834380621983e-01 1.055172413793103630e+02 4.241568715909506594e-36
4.699923195596870107e-01 1.055172413793103630e+02 1.757063684106238986e-38
7.486439674886415929e-01 1.055172413793103630e+02 0.000000000000000000e+00
9.999999999999999547e-08 1.117241379310344911e+02 2.096146840701906173e-40
1.592885535214725096e-07 1.117241379310344911e+02 2.649923894340086334e-40
2.537284328296300856e-07 1.117241379310344911e+02 3.344975492699260067e-40
4.041603505270179570e-07 1.117241379310344911e+02 4.209059283683512359e-40
6.437811762617998739e-07 1.117241379310344911e+02 5.313108838972728432e-40
1.025469723510942276e-06 1.117241379310344911e+02 6.713256877511196976e-40
1.633455889381223358e-06 1.117241379310344911e+02 8.488200936369566127e-40
2.601908258606654861e-06 1.117241379310344911e+02 1.067308473013829120e-39
4.144542029090266371e-06 1.117241379310344911e+02 1.348608865198328479e-39
6.601781048227371505e-06 1.117241379310344911e+02 1.699296367809094380e-39
1.051588153837608446e-05 1.117241379310344911e+02 2.144213920701917707e-39
1.675059559251080012e-05 1.117241379310344911e+02 2.700169482729853706e-39
2.668178142554203833e-05 1.117241379310344911e+02 3.405185157913466496e-39
4.250102368650674752e-05 1.117241379310344911e+02 4.284827884530858912e-39
6.769926586205501733e-05 1.117241379310344911e+02 5.412712610410184592e-39
1.078371813363233488e-04 1.117241379310344911e+02 6.792306183514259202e-39
1.717722863089567891e-04 1.117241379310344911e+02 8.553507362162859720e-39
2.736135902122996313e-04 1.117241379310344911e+02 1.073860378920448579e-38
4.358351300873408870e-04 1.117241379310344911e+02 1.349704843646130294e-38
6.942354744545533056e-04 1.117241379310344911e+02 1.694466228974696639e-38
1.105837645291589616e-03 1.117241379310344911e+02 2.117045641911210369e-38
1.761472789480881531e-03 1.117241379310344911e+02 2.640007099169633386e-38
2.805824527038428690e-03 1.117241379310344911e+02 3.294325809718417833e-38
4.469357303470210090e-03 1.117241379310344911e+02 4.090801438432302787e-38
7.119174600403985892e-03 1.117241379310344911e+02 5.058616482738726893e-38
1.134003024365157902e-02 1.117241379310344911e+02 6.250496674530255253e-38
1.806337014401007690e-02 1.117241379310344911e+02 7.685890778724205624e-38
2.877288101962317823e-02 1.117241379310344911e+02 9.489943468662641383e-38
4.583190598261207421e-02 1.117241379310344911e+02 1.181754946477487744e-37
7.300498009102399100e-02 1.117241379310344911e+02 1.531594312405989690e-37
1.162885767856308566e-01 1.117241379310344911e+02 2.015302431329638400e-37
1.852343918725382621e-01 1.117241379310344911e+02 8.062130702473875134e-37
2.950571834380621983e-01 1.117241379310344911e+02 3.340223803955778627e-36
4.699923195596870107e-01 1.117241379310344911e+02 4.436332839819557858e-39
7.486439674886415929e-01 1.117241379310344911e+02 0.000000000000000000e+00
9.999999999999999547e-08 1.179310344827586192e+02 1.992180696561108218e-40
1.592885535214725096e-07 1.179310344827586192e+02 2.523801069717683337e-40
2.537284328296300856e-07 1.179310344827586192e+02 3.178151762038443713e-40
4.041603505270179570e-07 1.179310344827586192e+02 4.008857038717169190e-40
6.437811762617998739e-07 1.179310344827586192e+02 5.056538463516820207e-40
1.025469723510942276e-06 1.179310344827586192e+02 6.377254995334133862e-40
1.633455889381223358e-06 1.179310344827586192e+02 8.023677834486446049e-40
2.601908258606654861e-06 1.179310344827586192e+02 1.012883656890568880e-39
4.144542029090266371e-06 1.179310344827586192e+02 1.282053263462457198e-39
6.601781048227371505e-06 1.179310344827586192e+02 1.614343657683955030e-39
1.051588153837608446e-05 1.179310344827586192e+02 2.037380494966478616e-39
1.675059559251080012e-05 1.179310344827586192e+02 2.563532012995146264e-39
2.668178142554203833e-05 1.179310344827586192e+02 3.231997258832432611e-39
4.250102368650674752e-05 1.179310344827586192e+02 4.074168017749876979e-39
6.769926586205501733e-05 1.179310344827586192e+02 5.132387784072219617e-39
1.078371813363233488e-04 1.179310344827586192e+02 6.441601145169415200e-39
1.717722863089567891e-04 1.179310344827586192e+02 8.105692294679657830e-39
2.736135902122996313e-04 1.179310344827586192e+02 1.016664035813840828e-38
4.358351300873408870e-04 1.179310344827586192e+02 1.272522684547956848e-38
6.942354744545533056e-04 1.179310344827586192e+02 1.596819420943523956e-38
1.105837645291589616e-03 1.179310344827586192e+02 1.993049753744094305e-38
1.761472789480881531e-03 1.179310344827586192e+02 2.477849286861306696e-38
2.805824527038428690e-03 1.179310344827586192e+02 3.085558814889069237e-38
4.469357303470210090e-03 1.179310344827586192e+02 3.817802141933756272e-38
7.119174600403985892e-03 1.179310344827586192e+02 4.697947632759742118e-38
1.134003024365157902e-02 1.179310344827586192e+02 5.766444709734558427e-38
1.806337014401007690e-02 1.179310344827586192e+02 7.070605927818693623e-38
2.877288101962317823e-02 1.179310344827586192e+02 8.652310920738944516e-38
4.583190598261207421e-02 1.179310344827586192e+02 1.077097734652680159e-37
7.300498009102399100e-02 1.179310344827586192e+02 1.385292975502626890e-37
1.162885767856308566e-01 1.179310344827586192e+02 1.790414251180251897e-37
1.852343918725382621e-01 1.179310344827586192e+02 1.011409130437934021e-36
2.950571834380621983e-01 1.179310344827586192e+02 2.537777109750017180e-36
4.699923195596870107e-01 1.179310344827586192e+02 1.742058157607158681e-39
7.486439674886415929e-01 1.179310344827586192e+02 0.000000000000000000e+00
9.999999999999999547e-08 1.241379310344827616e+02 1.868822918514096985e-40
1.592885535214725096e-07 1.241379310344827616e+02 2.360172280176448340e-40
2.537284328296300856e-07 1.241379310344827616e+02 2.971818147767828595e-40
4.041603505270179570e-07 1.241379310344827616e+02 3.757108741672144704e-40
6.437811762617998739e-07 1.241379310344827616e+02 4.735335664315053640e-40
1.025469723510942276e-06 1.241379310344827616e+02 5.960862433772172272e-40
1.633455889381223358e-06 1.241379310344827616e+02 7.541860997745772618e-40
2.601908258606654861e-06 1.241379310344827616e+02 9.503564922759334111e-40
4.144542029090266371e-06 1.241379310344827616e+02 1.199487378982871619e-39
6.601781048227371505e-06 1.241379310344827616e+02 1.514942628388991956e-39
1.051588153837608446e-05 1.241379310344827616e+02 1.902403575374065650e-39
1.675059559251080012e-05 1.241379310344827616e+02 2.402015277421526613e-39
2.668178142554203833e-05 1.241379310344827616e+02 3.025973227250105078e-39
4.250102368650674752e-05 1.241379310344827616e+02 3.805046728393979817e-39
6.769926586205501733e-05 1.241379310344827616e+02 4.783953675874514984e-39
1.078371813363233488e-04 1.241379310344827616e+02 6.022411571106269530e-39
1.717722863089567891e-04 1.241379310344827616e+02 7.570868433470260785e-39
2.736135902122996313e-04 1.241379310344827616e+02 9.465636032439361763e-39
4.358351300873408870e-04 1.241379310344827616e+02 1.187387024579135026e-38
6.942354744545533056e-04 1.241379310344827616e+02 1.482687439476119758e-38
1.105837645291589616e-03 1.241379310344827616e+02 1.847549585092818867e-38
1.761472789480881531e-03 1.241379310344827616e+02 2.296109313041568087e-38
2.805824527038428690e-03 1.241379310344827616e+02 2.840692521953032500e-38
4.469357303470210090e-03 1.241379310344827616e+02 3.511431933390687853e-38
7.119174600403985892e-03 1.241379310344827616e+02 4.315087131170931649e-38
1.134003024365157902e-02 1.241379310344827616e+02 5.272332583421651432e-38
1.806337014401007690e-02 1.241379310344827616e+02 6.414687508889829693e-38
2.877288101962317823e-02 1.241379310344827616e+02 7.847763327356284490e-38
4.583190598261207421e-02 1.241379310344827616e+02 9.737946595234195683e-38
7.300498009102399100e-02 1.241379310344827616e+02 1.242522365600186665e-37
1.162885767856308566e-01 1.241379310344827616e+02 1.590262743704701319e-37
1.852343918725382621e-01 1.241379310344827616e+02 1.182181678380836888e-36
2.950571834380621983e-01 1.241379310344827616e+02 1.868114101317052711e-36
4.699923195596870107e-01 1.241379310344827616e+02 7.001799844470755867e-40
7.486439674886415929e-01 1.241379310344827616e+02 0.000000000000000000e+00
9.999999999999999547e-08 1.303448275862068897e+02 1.718870971268757960e-40
1.592885535214725096e-07 1.303448275862068897e+02 2.165736048896880581e-40
2.537284328296300856e-07 1.303448275862068897e+02 2.740625827558100189e-40
4.041603505270179570e-07 1.303448275862068897e+02 3.446405216881162095e-40
6.437811762617998739e-07 1.303448275862068897e+02 4.358671673697259837e-40
1.025469723510942276e-06 1.303448275862068897e+02 5.505399275431663642e-40
1.633455889381223358e-06 1.303448275862068897e+02 6.949291739689507161e-40
2.601908258606654861e-06 1.303448275862068897e+02 8.747745765958543609e-40
4.144542029090266371e-06 1.303448275862068897e+02 1.104100002664926261e-39
6.601781048227371505e-06 1.303448275862068897e+02 1.386013611192677766e-39
1.051588153837608446e-05 1.303448275862068897e+02 1.753243080610620472e-39
1.675059559251080012e-05 1.303448275862068897e+02 2.212390984445546443e-39
2.668178142554203833e-05 1.303448275862068897e+02 2.785385941012230514e-39
4.250102368650674752e-05 1.303448275862068897e+02 3.505279069893683285e-39
6.769926586205501733e-05 1.303448275862068897e+02 4.396232003236939071e-39
1.078371813363233488e-04 1.303448275862068897e+02 5.543315079685379205e-39
1.717722863089567891e-04 1.303448275862068897e+02 6.932959040184563285e-39
2.736135902122996313e-04 1.303448275862068897e+02 8.681561563644143831e-39
4.358351300873408870e-04 1.303448275862068897e+02 1.087772683041072963e-38
6.942354744545533056e-04 1.303448275862068897e+02 1.357142986687804526e-38
1.105837645291589616e-03 1.303448275862068897e+02 1.687838578253058394e-38
1.761472789480881531e-03 1.303448275862068897e+02 2.093231845691444862e-38
2.805824527038428690e-03 1.303448275862068897e+02 2.585474135508187614e-38
4.469357303470210090e-03 1.303448275862068897e+02 3.179593367961924854e-38
7.119174600403985892e-03 1.303448275862068897e+02 3.886968592045807065e-38
1.134003024365157902e-02 1.303448275862068897e+02 4.741371963062350735e-38
1.806337014401007690e-02 1.303448275862068897e+02 5.746704221610718451e-38
2.877288101962317823e-02 1.303448275862068897e+02 7.011841030689209167e-38
4.583190598261207421e-02 1.303448275862068897e+02 8.661712023806188998e-38
7.300498009102399100e-02 1.303448275862068897e+02 1.098780653115536972e-37
1.162885767856308566e-01 1.303448275862068897e+02 1.422677785703301346e-37
1.852343918725382621e-01 1.303448275862068897e+02 1.265679571078121815e-36
2.950571834380621983e-01 1.303448275862068897e+02 1.343251081231031492e-36
4.699923195596870107e-01 1.303448275862068897e+02 2.964072686836113474e-40
7.486439674886415929e-01 1.303448275862068897e+02 0.000000000000000000e+00
9.999999999999999547e-08 1.365517241379310462e+02 1.553006040953466656e-40
1.592885535214725096e-07 1.365517241379310462e+02 1.955145950314171652e-40
2.537284328296300856e-07 1.365517241379310462e+02 2.469530905386583591e-40
4.041603505270179570e-07 1.365517241379310462e+02 3.116402085012035113e-40
6.437811762617998739e-07 1.365517241379310462e+02 3.928840371774819094e-40
1.025469723510942276e-06 1.365517241379310462e+02 4.956358786086213764e-40
1.633455889381223358e-06 1.365517241379310462e+02 6.259781772892029726e-40
2.601908258606654861e-06 1.365517241379310462e+02 7.878564419658106378e-40
4.144542029090266371e-06 1.365517241379310462e+02 9.941087755912598201e-40
6.601781048227371505e-06 1.365517241379310462e+02 1.254366733464210324e-39
1.051588153837608446e-05 1.365517241379310462e+02 1.579586583563076194e-39
1.675059559251080012e-05 1.365517241379310462e+02 1.992796936501989321e-39
2.668178142554203833e-05 1.365517241379310462e+02 2.510022791275445559e-39
4.250102368650674752e-05 1.365517241379310462e+02 3.155790859878358181e-39
6.769926586205501733e-05 1.365517241379310462e+02 3.966065617339301340e-39
1.078371813363233488e-04 1.365517241379310462e+02 4.964836396005993911e-39
1.717722863089567891e-04 1.365517241379310462e+02 6.252084839970720825e-39
2.736135902122996313e-04 1.365517241379310462e+02 7.809735285125980354e-39
4.358351300873408870e-04 1.365517241379310462e+02 9.750512516728839451e-39
6.942354744545533056e-04 1.365517241379310462e+02 1.215708556228647756e-38
1.105837645291589616e-03 1.365517241379310462e+02 1.508983887504168570e-38
1.761472789480881531e-03 1.365517241379310462e+02 1.867943826106240709e-38
2.805824527038428690e-03 1.365517241379310462e+02 2.306969906689620031e-38
4.469357303470210090e-03 1.365517241379310462e+02 2.824560501855868717e-38
7.119174600403985892e-03 1.365517241379310462e+02 3.444034595237885010e-38
1.134003024365157902e-02 1.365517241379310462e+02 4.174473635550492623e-38
1.806337014401007690e-02 1.365517241379310462e+02 5.066876794548539200e-38
2.877288101962317823e-02 1.365517241379310462e+02 6.144364138230386466e-38
4.583190598261207421e-02 1.365517241379310462e+02 7.600147326530566156e-38
7.300498009102399100e-02 1.365517241379310462e+02 9.560434604318106528e-38
1.162885767856308566e-01 1.365517241379310462e+02 1.297459577955070204e-37
1.852343918725382621e-01 1.365517241379310462e+02 1.251024026716160143e-36
2.950571834380621983e-01 1.365517241379310462e+02 9.626614162893922192e-37
4.699923195596870107e-01 1.365517241379310462e+02 1.291138887732652902e-40
7.486439674886415929e-01 1.365517241379310462e+02 0.000000000000000000e+00
9.999999999999999547e-08 1.427586206896551744e+02 1.364684215036525787e-40
1.592885535214725096e-07 1.427586206896551744e+02 1.722410711873004663e-40
2.537284328296300856e-07 1.427586206896551744e+02 2.169132723551474996e-40
4.041603505270179570e-07 1.427586206896551744e+02 2.744210347425279512e-40
6.437811762617998739e-07 1.427586206896551744e+02 3.461066018752239074e-40
1.025469723510942276e-06 1.427586206896551744e+02 4.360552762505512542e-40
1.633455889381223358e-06 1.427586206896551744e+02 5.497894860738485637e-40
2.601908258606654861e-06 1.427586206896551744e+02 6.954245946878421040e-40
4.144542029090266371e-06 1.427586206896551744e+02 8.745451187309222939e-40
6.601781048227371505e-06 1.427586206896551744e+02 1.099580523914051473e-39
1.051588153837608446e-05 1.427586206896551744e+02 1.389314284223448370e-39
1.675059559251080012e-05 1.427586206896551744e+02 1.747676014540635342e-39
2.668178142554203833e-05 1.427586206896551744e+02 2.198533001599941537e-39
4.250102368650674752e-05 1.427586206896551744e+02 2.773005918878189082e-39
6.769926586205501733e-05 1.427586206896551744e+02 3.482158156767294115e-39
1.078371813363233488e-04 1.427586206896551744e+02 4.359425917899489397e-39
1.717722863089567891e-04 1.427586206896551744e+02 5.466161330349329960e-39
2.736135902122996313e-04 1.427586206896551744e+02 6.837152821658628480e-39
4.358351300873408870e-04 1.427586206896551744e+02 8.565784206277245605e-39
6.942354744545533056e-04 1.427586206896551744e+02 1.064246773815363127e-38
1.105837645291589616e-03 1.427586206896551744e+02 1.320252427576275056e-38
1.761472789480881531e-03 1.427586206896551744e+02 1.630937374404621040e-38
2.805824527038428690e-03 1.427586206896551744e+02 2.004651896840583730e-38
4.469357303470210090e-03 1.427586206896551744e+02 2.454338814756145630e-38
7.119174600403985892e-03 1.427586206896551744e+02 2.983614501030907435e-38
1.134003024365157902e-02 1.427586206896551744e+02 3.616086722963962163e-38
1.806337014401007690e-02 1.427586206896551744e+02 4.371201814064331340e-38
2.877288101962317823e-02 1.427586206896551744e+02 5.273528339866342819e-38
4.583190598261207421e-02 1.427586206896551744e+02 6.514205490974229161e-38
7.300498009102399100e-02 1.427586206896551744e+02 8.101760109582866772e-38
1.162885767856308566e-01 1.427586206896551744e+02 1.194497227728230360e-37
1.852343918725382621e-01 1.427586206896551744e+02 1.167098533296632310e-36
2.950571834380621983e-01 1.427586206896551744e+02 6.792293281888331945e-37
4.699923195596870107e-01 1.427586206896551744e+02 5.850038949691172031e-41
7.486439674886415929e-01 1.427586206896551744e+02 0.000000000000000000e+00
9.999999999999999547e-08 1.489655172413793025e+02 1.161935398104162034e-40
1.592885535214725096e-07 1.489655172413793025e+02 1.464918679985745945e-40
2.537284328296300856e-07 1.489655172413793025e+02 1.851215588620800683e-40
4.041603505270179570e-07 1.489655172413793025e+02 2.336655727865287272e-40
6.437811762617998739e-07 1.489655172413793025e+02 2.947202516188862483e-40
1.025469723510942276e-06 1.489655172413793025e+02 3.718833152041122780e-40
1.633455889381223358e-06 1.489655172413793025e+02 4.680889131016287659e-40
2.601908258606654861e-06 1.489655172413793025e+02 5.901180079342175553e-40
4.144542029090266371e-06 1.489655172413793025e+02 7.450729439423415152e-40
6.601781048227371505e-06 1.489655172413793025e+02 9.384663108367325020e-40
1.051588153837608446e-05 1.489655172413793025e+02 1.183409413007789063e-39
1.675059559251080012e-05 1.489655172413793025e+02 1.490103655118102887e-39
2.668178142554203833e-05 1.489655172413793025e+02 1.872956241287862449e-39
4.250102368650674752e-05 1.489655172413793025e+02 2.353572170226199536e-39
6.769926586205501733e-05 1.489655172413793025e+02 2.962512472681600403e-39
1.078371813363233488e-04 1.489655172413793025e+02 3.724128297297171123e-39
1.717722863089567891e-04 1.489655172413793025e+02 4.661547534803471550e-39
2.736135902122996313e-04 1.489655172413793025e+02 5.817759216463145540e-39
4.358351300873408870e-04 1.489655172413793025e+02 7.246120479107490917e-39
6.942354744545533056e-04 1.489655172413793025e+02 9.016350514480516235e-39
1.105837645291589616e-03 1.489655172413793025e+02 1.117811897473707057e-38
1.761472789480881531e-03 1.489655172413793025e+02 1.374282143381245993e-38
2.805824527038428690e-03 1.489655172413793025e+02 1.694631065163300013e-38
4.469357303470210090e-03 1.489655172413793025e+02 2.065900800223890449e-38
7.119174600403985892e-03 1.489655172413793025e+02 2.503990526515508229e-38
1.134003024365157902e-02 1.489655172413793025e+02 3.032209859800114045e-38
1.806337014401007690e-02 1.489655172413793025e+02 3.650470179383683781e-38
2.877288101962317823e-02 1.489655172413793025e+02 4.407215370355831322e-38
4.583190598261207421e-02 1.489655172413793025e+02 5.427893300985518866e-38
7.300498009102399100e-02 1.489655172413793025e+02 6.712547250280829740e-38
1.162885767856308566e-01 1.489655172413793025e+02 1.079350243577320016e-37
1.852343918725382621e-01 1.489655172413793025e+02 1.021275257911174990e-36
2.950571834380621983e-01 1.489655172413793025e+02 4.732995723336798420e-37
4.699923195596870107e-01 1.489655172413793025e+02 2.734740412606049389e-41
7.486439674886415929e-01 1.489655172413793025e+02 0.000000000000000000e+00
9.999999999999999547e-08 1.551724137931034591e+02 9.472194106301704659e-41
1.592885535214725096e-07 1.551724137931034591e+02 1.194464439065139743e-40
2.537284328296300856e-07 1.551724137931034591e+02 1.507812536558026899e-40
4.041603505270179570e-07 1.551724137931034591e+02 1.900754174353517213e-40
6.437811762617998739e-07 1.551724137931034591e+02 2.403649185879749820e-40
1.025469723510942276e-06 1.551724137931034591e+02 3.029499187042785640e-40
1.633455889381223358e-06 1.551724137931034591e+02 3.807025279280935445e-40
2.601908258606654861e-06 1.551724137931034591e+02 4.809722936997787770e-40
4.144542029090266371e-06 1.551724137931034591e+02 6.059514858429948414e-40
6.601781048227371505e-06 1.551724137931034591e+02 7.634238107383988394e-40
1.051588153837608446e-05 1.551724137931034591e+02 9.616699608903014788e-40
1.675059559251080012e-05 1.551724137931034591e+02 1.210381990575528996e-39
2.668178142554203833e-05 1.551724137931034591e+02 1.521441491727175117e-39
4.250102368650674752e-05 1.551724137931034591e+02 1.917222231874410956e-39
6.769926586205501733e-05 1.551724137931034591e+02 2.404284488257509284e-39
1.078371813363233488e-04 1.551724137931034591e+02 3.008793725021663708e-39
1.717722863089567891e-04 1.551724137931034591e+02 3.782211123268172466e-39
2.736135902122996313e-04 1.551724137931034591e+02 4.712613437768725598e-39
4.358351300873408870e-04 1.551724137931034591e+02 5.875387084370157962e-39
6.942354744545533056e-04 1.551724137931034591e+02 7.319204783198142375e-39
1.105837645291589616e-03 1.551724137931034591e+02 9.055736982470221246e-39
1.761472789480881531e-03 1.551724137931034591e+02 1.114980694477258341e-38
2.805824527038428690e-03 1.551724137931034591e+02 1.367079042937101591e-38
4.469357303470210090e-03 1.551724137931034591e+02 1.667848633794650815e-38
7.119174600403985892e-03 1.551724137931034591e+02 2.023332527996622103e-38
1.134003024365157902e-02 1.551724137931034591e+02 2.440124970920505109e-38
1.806337014401007690e-02 1.551724137931034591e+02 2.929756657076313288e-38
2.877288101962317823e-02 1.551724137931034591e+02 3.536522472320563748e-38
4.583190598261207421e-02 1.551724137931034591e+02 4.342688807997265262e-38
7.300498009102399100e-02 1.551724137931034591e+02 5.345654860764682040e-38
1.162885767856308566e-01 1.551724137931034591e+02 9.411060046010756521e-38
1.852343918725382621e-01 1.551724137931034591e+02 8.288803326690709632e-37
2.950571834380621983e-01 1.551724137931034591e+02 3.190252884704789452e-37
4.699923195596870107e-01 1.551724137931034591e+02 1.348363133629386224e-41
7.486439674886415929e-01 1.551724137931034591e+02 0.000000000000000000e+00
9.999999999999999547e-08 1.613793103448276156e+02 7.204554523435201732e-41
1.592885535214725096e-07 1.613793103448276156e+02 9.089237152745296207e-41
2.537284328296300856e-07 1.613793103448276156e+02 1.146425034066695325e-40
4.041603505270179570e-07 1.613793103448276156e+02 1.444956402966539531e-40
6.437811762617998739e-07 1.613793103448276156e+02 1.826936335726788188e-40
1.025469723510942276e-06 1.613793103448276156e+02 2.296444719459013713e-40
1.633455889381223358e-06 1.613793103448276156e+02 2.898561827801910427e-40
2.601908258606654861e-06 1.613793103448276156e+02 3.664089573530341261e-40
4.144542029090266371e-06 1.613793103448276156e+02 4.618650896360206796e-40
6.601781048227371505e-06 1.613793103448276156e+02 5.809628811343936042e-40
1.051588153837608446e-05 1.613793103448276156e+02 7.318557416359227332e-40
1.675059559251080012e-05 1.613793103448276156e+02 9.194520136167378312e-40
2.668178142554203833e-05 1.613793103448276156e+02 1.156718804524530509e-39
4.250102368650674752e-05 1.613793103448276156e+02 1.454827810059818222e-39
6.769926586205501733e-05 1.613793103448276156e+02 1.828370087625156294e-39
1.078371813363233488e-04 1.613793103448276156e+02 2.288372216116031890e-39
1.717722863089567891e-04 1.613793103448276156e+02 2.864464125252106723e-39
2.736135902122996313e-04 1.613793103448276156e+02 3.578557585777580049e-39
4.358351300873408870e-04 1.613793103448276156e+02 4.470057768384484031e-39
6.942354744545533056e-04 1.613793103448276156e+02 5.554673346130102433e-39
1.105837645291589616e-03 1.613793103448276156e+02 6.836676874029841331e-39
1.761472789480881531e-03 1.613793103448276156e+02 8.431147346132569789e-39
2.805824527038428690e-03 1.613793103448276156e+02 1.036965089363710307e-38
4.469357303470210090e-03 1.613793103448276156e+02 1.262236601810046501e-38
7.119174600403985892e-03 1.613793103448276156e+02 1.524853966300964465e-38
1.134003024365157902e-02 1.613793103448276156e+02 1.835551350961312772e-38
1.806337014401007690e-02 1.613793103448276156e+02 2.206404983870628757e-38
2.877288101962317823e-02 1.613793103448276156e+02 2.649060249348775165e-38
4.583190598261207421e-02 1.613793103448276156e+02 3.264119479962142865e-38
7.300498009102399100e-02 1.613793103448276156e+02 4.006564112542892996e-38
1.162885767856308566e-01 1.613793103448276156e+02 7.467963199144633511e-38
1.852343918725382621e-01 1.613793103448276156e+02 6.290613799695385162e-37
2.950571834380621983e-01 1.613793103448276156e+02 2.071943064335492151e-37
4.699923195596870107e-01 1.613793103448276156e+02 6.743068652373140653e-42
7.486439674886415929e-01 1.613793103448276156e+02 0.000000000000000000e+00
9.999999999999999547e-08 1.675862068965517437e+02 4.849560196235237401e-41
1.592885535214725096e-07 1.675862068965517437e+02 6.116190542481676246e-41
2.537284328296300856e-07 1.675862068965517437e+02 7.716050741499456995e-41
4.041603505270179570e-07 1.675862068965517437e+02 9.726651582034618933e-41
6.437811762617998739e-07 1.675862068965517437e+02 1.223985271786224768e-40
1.025469723510942276e-06 1.675862068965517437e+02 1.548671917038236775e-40
1.633455889381223358e-06 1.675862068965517437e+02 1.951674381791653141e-40
2.601908258606654861e-06 1.675862068965517437e+02 2.461450137150829164e-40
4.144542029090266371e-06 1.675862068965517437e+02 3.108162461361369936e-40
6.601781048227371505e-06 1.675862068965517437e+02 3.898622201183071778e-40
1.051588153837608446e-05 1.675862068965517437e+02 4.921648377129589888e-40
1.675059559251080012e-05 1.675862068965517437e+02 6.206654797187335869e-40
2.668178142554203833e-05 1.675862068965517437e+02 7.827141698291709358e-40
4.250102368650674752e-05 1.675862068965517437e+02 9.803219958192350473e-40
6.769926586205501733e-05 1.675862068965517437e+02 1.229989732273990726e-39
1.078371813363233488e-04 1.675862068965517437e+02 1.539485670357466430e-39
1.717722863089567891e-04 1.675862068965517437e+02 1.924461006000297826e-39
2.736135902122996313e-04 1.675862068965517437e+02 2.401657746740016820e-39
4.358351300873408870e-04 1.675862068965517437e+02 3.005402110278593566e-39
6.942354744545533056e-04 1.675862068965517437e+02 3.726358968252505510e-39
1.105837645291589616e-03 1.675862068965517437e+02 4.597194643577338162e-39
1.761472789480881531e-03 1.675862068965517437e+02 5.665656481552183295e-39
2.805824527038428690e-03 1.675862068965517437e+02 6.933614378457921360e-39
4.469357303470210090e-03 1.675862068965517437e+02 8.442545377586278666e-39
7.119174600403985892e-03 1.675862068965517437e+02 1.019848533709462357e-38
1.134003024365157902e-02 1.675862068965517437e+02 1.228374130469369018e-38
1.806337014401007690e-02 1.675862068965517437e+02 1.468632342065073036e-38
2.877288101962317823e-02 1.675862068965517437e+02 1.765863405518150188e-38
4.583190598261207421e-02 1.675862068965517437e+02 2.171656471242181662e-38
7.300498009102399100e-02 1.675862068965517437e+02 2.656019833360774426e-38
1.162885767856308566e-01 1.675862068965517437e+02 5.295940538254941801e-38
1.852343918725382621e-01 1.675862068965517437e+02 4.192693393186874309e-37
2.950571834380621983e-01 1.675862068965517437e+02 1.231387799695173053e-37
4.699923195596870107e-01 1.675862068965517437e+02 3.322446295777775526e-42
7.486439674886415929e-01 1.675862068965517437e+02 0.000000000000000000e+00
9.999999999999999547e-08 1.737931034482758719e+02 2.436737991739369171e-41
1.592885535214725096e-07 1.737931034482758719e+02 3.076740517503759022e-41
2.537284328296300856e-07 1.737931034482758719e+02 3.878180715775792300e-41
4.041603505270179570e-07 1.737931034482758719e+02 4.901498960858395939e-41
6.437811762617998739e-07 1.737931034482758719e+02 6.173791974514200383e-41
1.025469723510942276e-06 1.737931034482758719e+02 7.786008498505874397e-41
1.633455889381223358e-06 1.737931034482758719e+02 9.836126148238200066e-41
2.601908258606654861e-06 1.737931034482758719e+02 1.238275637611395175e-40
4.144542029090266371e-06 1.737931034482758719e+02 1.557494404483470682e-40
6.601781048227371505e-06 1.737931034482758719e+02 1.966360667171159569e-40
1.051588153837608446e-05 1.737931034482758719e+02 2.482320420268521731e-40
1.675059559251080012e-05 1.737931034482758719e+02 3.115011605412010225e-40
2.668178142554203833e-05 1.737931034482758719e+02 3.918335166971428664e-40
4.250102368650674752e-05 1.737931034482758719e+02 4.931977898373606548e-40
6.769926586205501733e-05 1.737931034482758719e+02 6.191688553233914056e-40
1.078371813363233488e-04 1.737931034482758719e+02 7.751035149315966377e-40
1.717722863089567891e-04 1.737931034482758719e+02 9.706336214315448590e-40
2.736135902122996313e-04 1.737931034482758719e+02 1.210661158575273564e-39
4.358351300873408870e-04 1.737931034482758719e+02 1.507976250179422817e-39
6.942354744545533056e-04 1.737931034482758719e+02 1.865100903435556105e-39
1.105837645291589616e-03 1.737931034482758719e+02 2.314390635407780655e-39
1.761472789480881531e-03 1.737931034482758719e+02 2.837525395645893282e-39
2.805824527038428690e-03 1.737931034482758719e+02 3.478459701014788924e-39
4.469357303470210090e-03 1.737931034482758719e+02 4.227754729562265012e-39
7.119174600403985892e-03 1.737931034482758719e+02 5.113566909925500590e-39
1.134003024365157902e-02 1.737931034482758719e+02 6.139947080099037830e-39
1.806337014401007690e-02 1.737931034482758719e+02 7.354867361292427838e-39
2.877288101962317823e-02 1.737931034482758719e+02 8.858331721725186397e-39
4.583190598261207421e-02 1.737931034482758719e+02 1.085976650301918476e-38
7.300498009102399100e-02 1.737931034482758719e+02 1.325175605689635095e-38
1.162885767856308566e-01 1.737931034482758719e+02 2.742943075831644477e-38
1.852343918725382621e-01 1.737931034482758719e+02 2.088863378077187953e-37
2.950571834380621983e-01 1.737931034482758719e+02 5.724462186413875484e-38
4.699923195596870107e-01 1.737931034482758719e+02 1.392280869769984980e-42
7.486439674886415929e-01 1.737931034482758719e+02 0.000000000000000000e+00
9.999999999999999547e-08 1.800000000000000000e+02 2.767686409134552389e-56
1.592885535214725096e-07 1.800000000000000000e+02 3.487384573470455900e-56
2.537284328296300856e-07 1.800000000000000000e+02 4.391093065376263697e-56
4.041603505270179570e-07 1.800000000000000000e+02 5.539444628290861912e-56
6.437811762617998739e-07 1.800000000000000000e+02 6.984931323325465885e-56
1.025469723510942276e-06 1.800000000000000000e+02 8.813043718734532913e-56
1.633455889381223358e-06 1.800000000000000000e+02 1.115065950720282453e-55
2.601908258606654861e-06 1.800000000000000000e+02 1.403825539022207911e-55
4.144542029090266371e-06 1.800000000000000000e+02 1.771398237445038045e-55
6.601781048227371505e-06 1.800000000000000000e+02 2.225706844547381352e-55
1.051588153837608446e-05 1.800000000000000000e+02 2.804352700215706436e-55
1.675059559251080012e-05 1.800000000000000000e+02 3.535404929260528621e-55
2.668178142554203833e-05 1.800000000000000000e+02 4.436274921304826188e-55
4.250102368650674752e-05 1.800000000000000000e+02 5.572074145603541565e-55
6.769926586205501733e-05 1.800000000000000000e+02 6.991882445968714964e-55
1.078371813363233488e-04 1.800000000000000000e+02 8.784497070043451105e-55
1.717722863089567891e-04 1.800000000000000000e+02 1.099311833111411752e-54
2.736135902122996313e-04 1.800000000000000000e+02 1.369966379194796938e-54
4.358351300873408870e-04 1.800000000000000000e+02 1.702184581085684616e-54
6.942354744545533056e-04 1.800000000000000000e+02 2.114952783800389021e-54
1.105837645291589616e-03 1.800000000000000000e+02 2.616219054426323879e-54
1.761472789480881531e-03 1.800000000000000000e+02 3.217966804715046532e-54
2.805824527038428690e-03 1.800000000000000000e+02 3.940674663146831521e-54
4.469357303470210090e-03 1.800000000000000000e+02 4.784353650383431124e-54
7.119174600403985892e-03 1.800000000000000000e+02 5.781939054529391185e-54
1.134003024365157902e-02 1.800000000000000000e+02 6.941523355346924975e-54
1.806337014401007690e-02 1.800000000000000000e+02 0.000000000000000000e+00
2.877288101962317823e-02 1.800000000000000000e+02 1.001108128476159933e-53
4.583190598261207421e-02 1.800000000000000000e+02 1.225646674761815149e-53
7.300498009102399100e-02 1.800000000000000000e+02 1.497731132035060624e-53
1.162885767856308566e-01 1.800000000000000000e+02 3.158809979055633642e-53
1.852343918725382621e-01 1.800000000000000000e+02 2.360374934490187862e-52
2.950571834380621983e-01 1.800000000000000000e+02 6.340290929614712501e-53
4.699923195596870107e-01 1.800000000000000000e+02 1.466388952109620348e-57
7.486439674886415929e-01 1.800000000000000000e+02 0.000000000000000000e+00
