# atom 56: Tchi 0.2807216203941177 [GeV]; m_chi = 0.13333333333333333 [GeV]; mS = 0.4 [GeV]; gchi =0.01; gN = 0.01
# Tchi^prime [GeV], theta [degree] ,dsigma/dTchip dtheta [cm^2/GeV]
9.999999999999999547e-08 0.000000000000000000e+00 0.000000000000000000e+00
1.545254383797725850e-07 0.000000000000000000e+00 0.000000000000000000e+00
2.387811110646088987e-07 0.000000000000000000e+00 0.000000000000000000e+00
3.689775586406785640e-07 0.000000000000000000e+00 0.000000000000000000e+00
5.701641900124909537e-07 0.000000000000000000e+00 0.000000000000000000e+00
8.810487141012812234e-07 0.000000000000000000e+00 0.000000000000000000e+00
1.361444387804353894e-06 0.000000000000000000e+00 0.000000000000000000e+00
2.103777908551489167e-06 0.000000000000000000e+00 0.000000000000000000e+00
3.250872035725999525e-06 0.000000000000000000e+00 0.000000000000000000e+00
5.023424264371037676e-06 0.000000000000000000e+00 0.000000000000000000e+00
7.762468366195211052e-06 0.000000000000000000e+00 0.000000000000000000e+00
1.199498827195432052e-05 0.000000000000000000e+00 0.000000000000000000e+00
1.853530821083972151e-05 0.000000000000000000e+00 0.000000000000000000e+00
2.864176626784206136e-05 0.000000000000000000e+00 0.000000000000000000e+00
4.425881488509277571e-05 0.000000000000000000e+00 0.000000000000000000e+00
6.839112772288164464e-05 0.000000000000000000e+00 0.000000000000000000e+00
1.056816899266531411e-04 0.000000000000000000e+00 0.000000000000000000e+00
1.633050946463127421e-04 0.000000000000000000e+00 0.000000000000000000e+00
2.523479133987172724e-04 0.000000000000000000e+00 0.000000000000000000e+00
3.899417194215767132e-04 0.000000000000000000e+00 0.000000000000000000e+00
6.025591513618141571e-04 0.000000000000000000e+00 0.000000000000000000e+00
9.311071701392808391e-04 0.000000000000000000e+00 0.000000000000000000e+00
1.438797436443220012e-03 0.000000000000000000e+00 0.000000000000000000e+00
2.223308046060815547e-03 0.000000000000000000e+00 0.000000000000000000e+00
3.435576504708231019e-03 0.000000000000000000e+00 0.000000000000000000e+00
5.308839654772861891e-03 0.000000000000000000e+00 0.000000000000000000e+00
8.203507749416969960e-03 0.000000000000000000e+00 0.000000000000000000e+00
1.267650631230518923e-02 0.000000000000000000e+00 0.000000000000000000e+00
1.958842695032913736e-02 0.000000000000000000e+00 0.000000000000000000e+00
3.026910261669761223e-02 0.000000000000000000e+00 0.000000000000000000e+00
4.677346351207520292e-02 0.000000000000000000e+00 0.000000000000000000e+00
7.227689953743716977e-02 0.000000000000000000e+00 0.000000000000000000e+00
1.116861958575326164e-01 0.000000000000000000e+00 0.000000000000000000e+00
1.725835837585436572e-01 0.000000000000000000e+00 0.000000000000000000e+00
2.666855393744118063e-01 0.000000000000000000e+00 0.000000000000000000e+00
9.999999999999999547e-08 6.206896551724137900e+00 4.818396783818431315e-40
1.545254383797725850e-07 6.206896551724137900e+00 5.981617757805924074e-40
2.387811110646088987e-07 6.206896551724137900e+00 7.445190046227053222e-40
3.689775586406785640e-07 6.206896551724137900e+00 9.254967011807776406e-40
5.701641900124909537e-07 6.206896551724137900e+00 1.151664934046570808e-39
8.810487141012812234e-07 6.206896551724137900e+00 1.430642741231494801e-39
1.361444387804353894e-06 6.206896551724137900e+00 1.779938843772389893e-39
2.103777908551489167e-06 6.206896551724137900e+00 2.211905415759996107e-39
3.250872035725999525e-06 6.206896551724137900e+00 2.750759158089542494e-39
5.023424264371037676e-06 6.206896551724137900e+00 3.426402295434324349e-39
7.762468366195211052e-06 6.206896551724137900e+00 4.257601701784495975e-39
1.199498827195432052e-05 6.206896551724137900e+00 5.288282332324276943e-39
1.853530821083972151e-05 6.206896551724137900e+00 6.585906781430198939e-39
2.864176626784206136e-05 6.206896551724137900e+00 8.187581643192380370e-39
4.425881488509277571e-05 6.206896551724137900e+00 1.017910078427054740e-38
6.839112772288164464e-05 6.206896551724137900e+00 1.268837527071553711e-38
1.056816899266531411e-04 6.206896551724137900e+00 1.577288599329756598e-38
1.633050946463127421e-04 6.206896551724137900e+00 1.966797955894794163e-38
2.523479133987172724e-04 6.206896551724137900e+00 2.453697382170270835e-38
3.899417194215767132e-04 6.206896551724137900e+00 3.063251106176973668e-38
6.025591513618141571e-04 6.206896551724137900e+00 3.819152150976900007e-38
9.311071701392808391e-04 6.206896551724137900e+00 4.793312057541456398e-38
1.438797436443220012e-03 6.206896551724137900e+00 5.984080849017208014e-38
2.223308046060815547e-03 6.206896551724137900e+00 7.528772670703708036e-38
3.435576504708231019e-03 6.206896551724137900e+00 9.504508161532898607e-38
5.308839654772861891e-03 6.206896551724137900e+00 1.209247242630397662e-37
8.203507749416969960e-03 6.206896551724137900e+00 0.000000000000000000e+00
1.267650631230518923e-02 6.206896551724137900e+00 0.000000000000000000e+00
1.958842695032913736e-02 6.206896551724137900e+00 0.000000000000000000e+00
3.026910261669761223e-02 6.206896551724137900e+00 0.000000000000000000e+00
4.677346351207520292e-02 6.206896551724137900e+00 0.000000000000000000e+00
7.227689953743716977e-02 6.206896551724137900e+00 0.000000000000000000e+00
1.116861958575326164e-01 6.206896551724137900e+00 0.000000000000000000e+00
1.725835837585436572e-01 6.206896551724137900e+00 0.000000000000000000e+00
2.666855393744118063e-01 6.206896551724137900e+00 0.000000000000000000e+00
9.999999999999999547e-08 1.241379310344827580e+01 9.563343476453797663e-40
1.545254383797725850e-07 1.241379310344827580e+01 1.189547196420523407e-39
2.387811110646088987e-07 1.241379310344827580e+01 1.480213169829810342e-39
3.689775586406785640e-07 1.241379310344827580e+01 1.841621327403272972e-39
5.701641900124909537e-07 1.241379310344827580e+01 2.287589852718080951e-39
8.810487141012812234e-07 1.241379310344827580e+01 2.845475996060262621e-39
1.361444387804353894e-06 1.241379310344827580e+01 3.545853628664019374e-39
2.103777908551489167e-06 1.241379310344827580e+01 4.403543225444096877e-39
3.250872035725999525e-06 1.241379310344827580e+01 5.476017171770163026e-39
5.023424264371037676e-06 1.241379310344827580e+01 6.795286111144812511e-39
7.762468366195211052e-06 1.241379310344827580e+01 8.458445042488642204e-39
1.199498827195432052e-05 1.241379310344827580e+01 1.051460530531510481e-38
1.853530821083972151e-05 1.241379310344827580e+01 1.309002541911344475e-38
2.864176626784206136e-05 1.241379310344827580e+01 1.627589505058344497e-38
4.425881488509277571e-05 1.241379310344827580e+01 2.024172652328797938e-38
6.839112772288164464e-05 1.241379310344827580e+01 2.525344551670354022e-38
1.056816899266531411e-04 1.241379310344827580e+01 3.132090573021482640e-38
1.633050946463127421e-04 1.241379310344827580e+01 3.913998874748805065e-38
2.523479133987172724e-04 1.241379310344827580e+01 4.876245398169518874e-38
3.899417194215767132e-04 1.241379310344827580e+01 6.065063864227566479e-38
6.025591513618141571e-04 1.241379310344827580e+01 7.599062262411629500e-38
9.311071701392808391e-04 1.241379310344827580e+01 9.503205818385751624e-38
1.438797436443220012e-03 1.241379310344827580e+01 1.190242554870840585e-37
2.223308046060815547e-03 1.241379310344827580e+01 1.497141729184709678e-37
3.435576504708231019e-03 1.241379310344827580e+01 1.889802275453903784e-37
5.308839654772861891e-03 1.241379310344827580e+01 2.392227338070337980e-37
8.203507749416969960e-03 1.241379310344827580e+01 0.000000000000000000e+00
1.267650631230518923e-02 1.241379310344827580e+01 0.000000000000000000e+00
1.958842695032913736e-02 1.241379310344827580e+01 0.000000000000000000e+00
3.026910261669761223e-02 1.241379310344827580e+01 0.000000000000000000e+00
4.677346351207520292e-02 1.241379310344827580e+01 0.000000000000000000e+00
7.227689953743716977e-02 1.241379310344827580e+01 0.000000000000000000e+00
1.116861958575326164e-01 1.241379310344827580e+01 0.000000000000000000e+00
1.725835837585436572e-01 1.241379310344827580e+01 0.000000000000000000e+00
2.666855393744118063e-01 1.241379310344827580e+01 0.000000000000000000e+00
9.999999999999999547e-08 1.862068965517241281e+01 1.422943281234737895e-39
1.545254383797725850e-07 1.862068965517241281e+01 1.770623952017377778e-39
2.387811110646088987e-07 1.862068965517241281e+01 2.204698707910766874e-39
3.689775586406785640e-07 1.862068965517241281e+01 2.736403213355696582e-39
5.701641900124909537e-07 1.862068965517241281e+01 3.399144412426749852e-39
8.810487141012812234e-07 1.862068965517241281e+01 4.225802357578983115e-39
1.361444387804353894e-06 1.862068965517241281e+01 5.255403769152936282e-39
2.103777908551489167e-06 1.862068965517241281e+01 6.531463722721041220e-39
3.250872035725999525e-06 1.862068965517241281e+01 8.120949551095359315e-39
5.023424264371037676e-06 1.862068965517241281e+01 1.010029655565194646e-38
7.762468366195211052e-06 1.862068965517241281e+01 1.253876037599537751e-38
1.199498827195432052e-05 1.862068965517241281e+01 1.562097304118076421e-38
1.853530821083972151e-05 1.862068965517241281e+01 1.947777973591170617e-38
2.864176626784206136e-05 1.862068965517241281e+01 2.415988624648989431e-38
4.425881488509277571e-05 1.862068965517241281e+01 3.001330758133808557e-38
6.839112772288164464e-05 1.862068965517241281e+01 3.747933703904314634e-38
1.056816899266531411e-04 1.862068965517241281e+01 4.668789917602166482e-38
1.633050946463127421e-04 1.862068965517241281e+01 5.814855604533548019e-38
2.523479133987172724e-04 1.862068965517241281e+01 7.228889484230954393e-38
3.899417194215767132e-04 1.862068965517241281e+01 9.036449607849534469e-38
6.025591513618141571e-04 1.862068965517241281e+01 1.128729537541716819e-37
9.311071701392808391e-04 1.862068965517241281e+01 1.412479351157552463e-37
1.438797436443220012e-03 1.862068965517241281e+01 1.764779955254114671e-37
2.223308046060815547e-03 1.862068965517241281e+01 2.217968610582394525e-37
3.435576504708231019e-03 1.862068965517241281e+01 2.801857167410298771e-37
5.308839654772861891e-03 1.862068965517241281e+01 3.560737315722416491e-37
8.203507749416969960e-03 1.862068965517241281e+01 0.000000000000000000e+00
1.267650631230518923e-02 1.862068965517241281e+01 0.000000000000000000e+00
1.958842695032913736e-02 1.862068965517241281e+01 0.000000000000000000e+00
3.026910261669761223e-02 1.862068965517241281e+01 0.000000000000000000e+00
4.677346351207520292e-02 1.862068965517241281e+01 0.000000000000000000e+00
7.227689953743716977e-02 1.862068965517241281e+01 0.000000000000000000e+00
1.116861958575326164e-01 1.862068965517241281e+01 0.000000000000000000e+00
1.725835837585436572e-01 1.862068965517241281e+01 0.000000000000000000e+00
2.666855393744118063e-01 1.862068965517241281e+01 0.000000000000000000e+00
9.999999999999999547e-08 2.482758620689655160e+01 1.871978485605344852e-39
1.545254383797725850e-07 2.482758620689655160e+01 2.325320897004114637e-39
2.387811110646088987e-07 2.482758620689655160e+01 2.899592032746945916e-39
3.689775586406785640e-07 2.482758620689655160e+01 3.602677757824047220e-39
5.701641900124909537e-07 2.482758620689655160e+01 4.481798738055165503e-39
8.810487141012812234e-07 2.482758620689655160e+01 5.557946673918025823e-39
1.361444387804353894e-06 2.482758620689655160e+01 6.905730378844505483e-39
2.103777908551489167e-06 2.482758620689655160e+01 8.605300780669855608e-39
3.250872035725999525e-06 2.482758620689655160e+01 1.067367646795813609e-38
5.023424264371037676e-06 2.482758620689655160e+01 1.328875921937225047e-38
7.762468366195211052e-06 2.482758620689655160e+01 1.649626149791961611e-38
1.199498827195432052e-05 2.482758620689655160e+01 2.055938780911346937e-38
1.853530821083972151e-05 2.482758620689655160e+01 2.554869531093110874e-38
2.864176626784206136e-05 2.482758620689655160e+01 3.178552526701292182e-38
4.425881488509277571e-05 2.482758620689655160e+01 3.945280721843587342e-38
6.839112772288164464e-05 2.482758620689655160e+01 4.917495530176959999e-38
1.056816899266531411e-04 2.482758620689655160e+01 6.136185026461800569e-38
1.633050946463127421e-04 2.482758620689655160e+01 7.630041048982802304e-38
2.523479133987172724e-04 2.482758620689655160e+01 9.524572630034745732e-38
3.899417194215767132e-04 2.482758620689655160e+01 1.186486459290848777e-37
6.025591513618141571e-04 2.482758620689655160e+01 1.484006453240809240e-37
9.311071701392808391e-04 2.482758620689655160e+01 1.849366400076388346e-37
1.438797436443220012e-03 2.482758620689655160e+01 2.323610863954828216e-37
2.223308046060815547e-03 2.482758620689655160e+01 2.917787852089588834e-37
3.435576504708231019e-03 2.482758620689655160e+01 3.684730023868509298e-37
5.308839654772861891e-03 2.482758620689655160e+01 4.667949614307617833e-37
8.203507749416969960e-03 2.482758620689655160e+01 0.000000000000000000e+00
1.267650631230518923e-02 2.482758620689655160e+01 0.000000000000000000e+00
1.958842695032913736e-02 2.482758620689655160e+01 0.000000000000000000e+00
3.026910261669761223e-02 2.482758620689655160e+01 0.000000000000000000e+00
4.677346351207520292e-02 2.482758620689655160e+01 0.000000000000000000e+00
7.227689953743716977e-02 2.482758620689655160e+01 0.000000000000000000e+00
1.116861958575326164e-01 2.482758620689655160e+01 0.000000000000000000e+00
1.725835837585436572e-01 2.482758620689655160e+01 0.000000000000000000e+00
2.666855393744118063e-01 2.482758620689655160e+01 0.000000000000000000e+00
9.999999999999999547e-08 3.103448275862069039e+01 2.298219754823308732e-39
1.545254383797725850e-07 3.103448275862069039e+01 2.857033582379328786e-39
2.387811110646088987e-07 3.103448275862069039e+01 3.552882075247287830e-39
3.689775586406785640e-07 3.103448275862069039e+01 4.423803743780182634e-39
5.701641900124909537e-07 3.103448275862069039e+01 5.489474142130666496e-39
8.810487141012812234e-07 3.103448275862069039e+01 6.814860404323793533e-39
1.361444387804353894e-06 3.103448275862069039e+01 8.489960377344647869e-39
2.103777908551489167e-06 3.103448275862069039e+01 1.053993136250814463e-38
3.250872035725999525e-06 3.103448275862069039e+01 1.312319820844235076e-38
5.023424264371037676e-06 3.103448275862069039e+01 1.633890751506385854e-38
7.762468366195211052e-06 3.103448275862069039e+01 2.025897431015879881e-38
1.199498827195432052e-05 3.103448275862069039e+01 2.523524644183538261e-38
1.853530821083972151e-05 3.103448275862069039e+01 3.132265805093969760e-38
2.864176626784206136e-05 3.103448275862069039e+01 3.902329937496591204e-38
4.425881488509277571e-05 3.103448275862069039e+01 4.850756875050893569e-38
6.839112772288164464e-05 3.103448275862069039e+01 6.041668534967417739e-38
1.056816899266531411e-04 3.103448275862069039e+01 7.525526304542148436e-38
1.633050946463127421e-04 3.103448275862069039e+01 9.356890007994586133e-38
2.523479133987172724e-04 3.103448275862069039e+01 1.167844692524198206e-37
3.899417194215767132e-04 3.103448275862069039e+01 1.456077169032852104e-37
6.025591513618141571e-04 3.103448275862069039e+01 1.816046586365354835e-37
9.311071701392808391e-04 3.103448275862069039e+01 2.275268386794135619e-37
1.438797436443220012e-03 3.103448275862069039e+01 2.847004577373126330e-37
2.223308046060815547e-03 3.103448275862069039e+01 3.576496714908041809e-37
3.435576504708231019e-03 3.103448275862069039e+01 4.498306711372413611e-37
5.308839654772861891e-03 3.103448275862069039e+01 5.718807620788435703e-37
8.203507749416969960e-03 3.103448275862069039e+01 7.317960674582641713e-37
1.267650631230518923e-02 3.103448275862069039e+01 0.000000000000000000e+00
1.958842695032913736e-02 3.103448275862069039e+01 0.000000000000000000e+00
3.026910261669761223e-02 3.103448275862069039e+01 0.000000000000000000e+00
4.677346351207520292e-02 3.103448275862069039e+01 0.000000000000000000e+00
7.227689953743716977e-02 3.103448275862069039e+01 0.000000000000000000e+00
1.116861958575326164e-01 3.103448275862069039e+01 0.000000000000000000e+00
1.725835837585436572e-01 3.103448275862069039e+01 0.000000000000000000e+00
2.666855393744118063e-01 3.103448275862069039e+01 0.000000000000000000e+00
9.999999999999999547e-08 3.724137931034482563e+01 2.698891827477920514e-39
1.545254383797725850e-07 3.724137931034482563e+01 3.352482244778465049e-39
2.387811110646088987e-07 3.724137931034482563e+01 4.172829567057724925e-39
3.689775586406785640e-07 3.724137931034482563e+01 5.182365559493366879e-39
5.701641900124909537e-07 3.724137931034482563e+01 6.424023932070967888e-39
8.810487141012812234e-07 3.724137931034482563e+01 8.007526730637788232e-39
1.361444387804353894e-06 3.724137931034482563e+01 9.946970416633872319e-39
2.103777908551489167e-06 3.724137931034482563e+01 1.239730560229870503e-38
3.250872035725999525e-06 3.724137931034482563e+01 1.541117814384241311e-38
5.023424264371037676e-06 3.724137931034482563e+01 1.914883566082935847e-38
7.762468366195211052e-06 3.724137931034482563e+01 2.378835583822012018e-38
1.199498827195432052e-05 3.724137931034482563e+01 2.958348583252051045e-38
1.853530821083972151e-05 3.724137931034482563e+01 3.680437514777489638e-38
2.864176626784206136e-05 3.724137931034482563e+01 4.578712270139065892e-38
4.425881488509277571e-05 3.724137931034482563e+01 5.700048856596153489e-38
6.839112772288164464e-05 3.724137931034482563e+01 7.077434596699379521e-38
1.056816899266531411e-04 3.724137931034482563e+01 8.816072850711180239e-38
1.633050946463127421e-04 3.724137931034482563e+01 1.097096788456544255e-37
2.523479133987172724e-04 3.724137931034482563e+01 1.370123438588430332e-37
3.899417194215767132e-04 3.724137931034482563e+01 1.706023730822751666e-37
6.025591513618141571e-04 3.724137931034482563e+01 2.127979453977840653e-37
9.311071701392808391e-04 3.724137931034482563e+01 2.662492338764940398e-37
1.438797436443220012e-03 3.724137931034482563e+01 3.329158980323888036e-37
2.223308046060815547e-03 3.724137931034482563e+01 4.188117673912628476e-37
3.435576504708231019e-03 3.724137931034482563e+01 5.271017761983624258e-37
5.308839654772861891e-03 3.724137931034482563e+01 6.700055242207689880e-37
8.203507749416969960e-03 3.724137931034482563e+01 8.559077307839692585e-37
1.267650631230518923e-02 3.724137931034482563e+01 0.000000000000000000e+00
1.958842695032913736e-02 3.724137931034482563e+01 0.000000000000000000e+00
3.026910261669761223e-02 3.724137931034482563e+01 0.000000000000000000e+00
4.677346351207520292e-02 3.724137931034482563e+01 0.000000000000000000e+00
7.227689953743716977e-02 3.724137931034482563e+01 0.000000000000000000e+00
1.116861958575326164e-01 3.724137931034482563e+01 0.000000000000000000e+00
1.725835837585436572e-01 3.724137931034482563e+01 0.000000000000000000e+00
2.666855393744118063e-01 3.724137931034482563e+01 0.000000000000000000e+00
9.999999999999999547e-08 4.344827586206896797e+01 3.061855602387995431e-39
1.545254383797725850e-07 4.344827586206896797e+01 3.813800261460555928e-39
2.387811110646088987e-07 4.344827586206896797e+01 4.725222395652234377e-39
3.689775586406785640e-07 4.344827586206896797e+01 5.894610631385592372e-39
5.701641900124909537e-07 4.344827586206896797e+01 7.332075219709019028e-39
8.810487141012812234e-07 4.344827586206896797e+01 9.093982930323118267e-39
1.361444387804353894e-06 4.344827586206896797e+01 1.130564729624476034e-38
2.103777908551489167e-06 4.344827586206896797e+01 1.408452140296988913e-38
3.250872035725999525e-06 4.344827586206896797e+01 1.749396818109727345e-38
5.023424264371037676e-06 4.344827586206896797e+01 2.171679234593720741e-38
7.762468366195211052e-06 4.344827586206896797e+01 2.705401961736337702e-38
1.199498827195432052e-05 4.344827586206896797e+01 3.365395315340610579e-38
1.853530821083972151e-05 4.344827586206896797e+01 4.178531837640116745e-38
2.864176626784206136e-05 4.344827586206896797e+01 5.201543070797226991e-38
4.425881488509277571e-05 4.344827586206896797e+01 6.478242708532180535e-38
6.839112772288164464e-05 4.344827586206896797e+01 8.048617848634618721e-38
1.056816899266531411e-04 4.344827586206896797e+01 1.001869254364701652e-37
1.633050946463127421e-04 4.344827586206896797e+01 1.246524880798443977e-37
2.523479133987172724e-04 4.344827586206896797e+01 1.558493355790819598e-37
3.899417194215767132e-04 4.344827586206896797e+01 1.943616348665551731e-37
6.025591513618141571e-04 4.344827586206896797e+01 2.416114229169531422e-37
9.311071701392808391e-04 4.344827586206896797e+01 3.022845247627176663e-37
1.438797436443220012e-03 4.344827586206896797e+01 3.781459295897747779e-37
2.223308046060815547e-03 4.344827586206896797e+01 4.751205454637239840e-37
3.435576504708231019e-03 4.344827586206896797e+01 5.981773049963768092e-37
5.308839654772861891e-03 4.344827586206896797e+01 7.567411534359292443e-37
8.203507749416969960e-03 4.344827586206896797e+01 9.697295893125027176e-37
1.267650631230518923e-02 4.344827586206896797e+01 1.251759552790996963e-36
1.958842695032913736e-02 4.344827586206896797e+01 0.000000000000000000e+00
3.026910261669761223e-02 4.344827586206896797e+01 0.000000000000000000e+00
4.677346351207520292e-02 4.344827586206896797e+01 0.000000000000000000e+00
7.227689953743716977e-02 4.344827586206896797e+01 0.000000000000000000e+00
1.116861958575326164e-01 4.344827586206896797e+01 0.000000000000000000e+00
1.725835837585436572e-01 4.344827586206896797e+01 0.000000000000000000e+00
2.666855393744118063e-01 4.344827586206896797e+01 0.000000000000000000e+00
9.999999999999999547e-08 4.965517241379310320e+01 3.396700701579492823e-39
1.545254383797725850e-07 4.965517241379310320e+01 4.230630365580055328e-39
2.387811110646088987e-07 4.965517241379310320e+01 5.251845720891048273e-39
3.689775586406785640e-07 4.965517241379310320e+01 6.511308983833365086e-39
5.701641900124909537e-07 4.965517241379310320e+01 8.107542485913434562e-39
8.810487141012812234e-07 4.965517241379310320e+01 1.008697392296443725e-38
1.361444387804353894e-06 4.965517241379310320e+01 1.251865513742716145e-38
2.103777908551489167e-06 4.965517241379310320e+01 1.558617297451861196e-38
3.250872035725999525e-06 4.965517241379310320e+01 1.934773236778655167e-38
5.023424264371037676e-06 4.965517241379310320e+01 2.415803180209147586e-38
7.762468366195211052e-06 4.965517241379310320e+01 2.994572530577861656e-38
1.199498827195432052e-05 4.965517241379310320e+01 3.723279455924495156e-38
1.853530821083972151e-05 4.965517241379310320e+01 4.634480556407614551e-38
2.864176626784206136e-05 4.965517241379310320e+01 5.762716933120353756e-38
4.425881488509277571e-05 4.965517241379310320e+01 7.165206330428500216e-38
6.839112772288164464e-05 4.965517241379310320e+01 8.919107013491627004e-38
1.056816899266531411e-04 4.965517241379310320e+01 1.110078286779997585e-37
1.633050946463127421e-04 4.965517241379310320e+01 1.380285732943531022e-37
2.523479133987172724e-04 4.965517241379310320e+01 1.722612960566157961e-37
3.899417194215767132e-04 4.965517241379310320e+01 2.145481286810431343e-37
6.025591513618141571e-04 4.965517241379310320e+01 2.675944383940608436e-37
9.311071701392808391e-04 4.965517241379310320e+01 3.340896532440240652e-37
1.438797436443220012e-03 4.965517241379310320e+01 4.184052692691629935e-37
2.223308046060815547e-03 4.965517241379310320e+01 5.239805425964550854e-37
3.435576504708231019e-03 4.965517241379310320e+01 6.600429475390977136e-37
5.308839654772861891e-03 4.965517241379310320e+01 8.363105089082817065e-37
8.203507749416969960e-03 4.965517241379310320e+01 1.068114938755265404e-36
1.267650631230518923e-02 4.965517241379310320e+01 1.376491967591418529e-36
1.958842695032913736e-02 4.965517241379310320e+01 0.000000000000000000e+00
3.026910261669761223e-02 4.965517241379310320e+01 0.000000000000000000e+00
4.677346351207520292e-02 4.965517241379310320e+01 0.000000000000000000e+00
7.227689953743716977e-02 4.965517241379310320e+01 0.000000000000000000e+00
1.116861958575326164e-01 4.965517241379310320e+01 0.000000000000000000e+00
1.725835837585436572e-01 4.965517241379310320e+01 0.000000000000000000e+00
2.666855393744118063e-01 4.965517241379310320e+01 0.000000000000000000e+00
9.999999999999999547e-08 5.586206896551724554e+01 3.683510632381875111e-39
1.545254383797725850e-07 5.586206896551724554e+01 4.586480669083879024e-39
2.387811110646088987e-07 5.586206896551724554e+01 5.697501509214903113e-39
3.689775586406785640e-07 5.586206896551724554e+01 7.085465622213124523e-39
5.701641900124909537e-07 5.586206896551724554e+01 8.790697364410646895e-39
8.810487141012812234e-07 5.586206896551724554e+01 1.095987722667193956e-38
1.361444387804353894e-06 5.586206896551724554e+01 1.361236150591868726e-38
2.103777908551489167e-06 5.586206896551724554e+01 1.694179836195034509e-38
3.250872035725999525e-06 5.586206896551724554e+01 2.104036795659082950e-38
5.023424264371037676e-06 5.586206896551724554e+01 2.614256177215942503e-38
7.762468366195211052e-06 5.586206896551724554e+01 3.255820788164570485e-38
1.199498827195432052e-05 5.586206896551724554e+01 4.046278908760810472e-38
1.853530821083972151e-05 5.586206896551724554e+01 5.027134533444685273e-38
2.864176626784206136e-05 5.586206896551724554e+01 6.248553027473826875e-38
4.425881488509277571e-05 5.586206896551724554e+01 7.786999351184865453e-38
6.839112772288164464e-05 5.586206896551724554e+01 9.683545584288805806e-38
1.056816899266531411e-04 5.586206896551724554e+01 1.203350097833289562e-37
1.633050946463127421e-04 5.586206896551724554e+01 1.498477642509989337e-37
2.523479133987172724e-04 5.586206896551724554e+01 1.869158608343320116e-37
3.899417194215767132e-04 5.586206896551724554e+01 2.325840272260251604e-37
6.025591513618141571e-04 5.586206896551724554e+01 2.903148361834791701e-37
9.311071701392808391e-04 5.586206896551724554e+01 3.623630996578605516e-37
1.438797436443220012e-03 5.586206896551724554e+01 4.528252666058943720e-37
2.223308046060815547e-03 5.586206896551724554e+01 5.681226065107806296e-37
3.435576504708231019e-03 5.586206896551724554e+01 7.153664825438058431e-37
5.308839654772861891e-03 5.586206896551724554e+01 9.033928008241360148e-37
8.203507749416969960e-03 5.586206896551724554e+01 1.152516537098536305e-36
1.267650631230518923e-02 5.586206896551724554e+01 1.488137876150191436e-36
1.958842695032913736e-02 5.586206896551724554e+01 1.945482302801398293e-36
3.026910261669761223e-02 5.586206896551724554e+01 0.000000000000000000e+00
4.677346351207520292e-02 5.586206896551724554e+01 0.000000000000000000e+00
7.227689953743716977e-02 5.586206896551724554e+01 0.000000000000000000e+00
1.116861958575326164e-01 5.586206896551724554e+01 0.000000000000000000e+00
1.725835837585436572e-01 5.586206896551724554e+01 0.000000000000000000e+00
2.666855393744118063e-01 5.586206896551724554e+01 0.000000000000000000e+00
9.999999999999999547e-08 6.206896551724138078e+01 3.934916985066215086e-39
1.545254383797725850e-07 6.206896551724138078e+01 4.897223712624825355e-39
2.387811110646088987e-07 6.206896551724138078e+01 6.077981271971046477e-39
3.689775586406785640e-07 6.206896551724138078e+01 7.547761539744973990e-39
5.701641900124909537e-07 6.206896551724138078e+01 9.423536007976282374e-39
8.810487141012812234e-07 6.206896551724138078e+01 1.166062331801935305e-38
1.361444387804353894e-06 6.206896551724138078e+01 1.451153647761216861e-38
2.103777908551489167e-06 6.206896551724138078e+01 1.806537546892458601e-38
3.250872035725999525e-06 6.206896551724138078e+01 2.246752466570994439e-38
5.023424264371037676e-06 6.206896551724138078e+01 2.794934399903813778e-38
7.762468366195211052e-06 6.206896551724138078e+01 3.469613385120885133e-38
1.199498827195432052e-05 6.206896551724138078e+01 4.318518903159014608e-38
1.853530821083972151e-05 6.206896551724138078e+01 5.347770713244310076e-38
2.864176626784206136e-05 6.206896551724138078e+01 6.687209903658434824e-38
4.425881488509277571e-05 6.206896551724138078e+01 8.314079801899430867e-38
6.839112772288164464e-05 6.206896551724138078e+01 1.033644913176793341e-37
1.056816899266531411e-04 6.206896551724138078e+01 1.284868012603376936e-37
1.633050946463127421e-04 6.206896551724138078e+01 1.600072096745705034e-37
2.523479133987172724e-04 6.206896551724138078e+01 1.989489488035310992e-37
3.899417194215767132e-04 6.206896551724138078e+01 2.476329144575280620e-37
6.025591513618141571e-04 6.206896551724138078e+01 3.098550371922694872e-37
9.311071701392808391e-04 6.206896551724138078e+01 3.858630081099478204e-37
1.438797436443220012e-03 6.206896551724138078e+01 4.821164548386909350e-37
2.223308046060815547e-03 6.206896551724138078e+01 6.058284902357851718e-37
3.435576504708231019e-03 6.206896551724138078e+01 7.613597994474431009e-37
5.308839654772861891e-03 6.206896551724138078e+01 9.600907198496951441e-37
8.203507749416969960e-03 6.206896551724138078e+01 1.220880874768818502e-36
1.267650631230518923e-02 6.206896551724138078e+01 1.575528524099323109e-36
1.958842695032913736e-02 6.206896551724138078e+01 2.065537892209487796e-36
3.026910261669761223e-02 6.206896551724138078e+01 2.793786140467936712e-36
4.677346351207520292e-02 6.206896551724138078e+01 4.074286913150353111e-36
7.227689953743716977e-02 6.206896551724138078e+01 0.000000000000000000e+00
1.116861958575326164e-01 6.206896551724138078e+01 0.000000000000000000e+00
1.725835837585436572e-01 6.206896551724138078e+01 1.975317792646676798e-34
2.666855393744118063e-01 6.206896551724138078e+01 0.000000000000000000e+00
9.999999999999999547e-08 6.827586206896552312e+01 4.150281265710275211e-39
1.545254383797725850e-07 6.827586206896552312e+01 5.151884314747776540e-39
2.387811110646088987e-07 6.827586206896552312e+01 6.405107794387236210e-39
3.689775586406785640e-07 6.827586206896552312e+01 7.934978480085223963e-39
5.701641900124909537e-07 6.827586206896552312e+01 9.889101390600706927e-39
8.810487141012812234e-07 6.827586206896552312e+01 1.228362804909574049e-38
1.361444387804353894e-06 6.827586206896552312e+01 1.526632965754560515e-38
2.103777908551489167e-06 6.827586206896552312e+01 1.902395871498334155e-38
3.250872035725999525e-06 6.827586206896552312e+01 2.362710834933682491e-38
5.023424264371037676e-06 6.827586206896552312e+01 2.934725224960017649e-38
7.762468366195211052e-06 6.827586206896552312e+01 3.644783742410703503e-38
1.199498827195432052e-05 6.827586206896552312e+01 4.536418116453127750e-38
1.853530821083972151e-05 6.827586206896552312e+01 5.635563852322711262e-38
2.864176626784206136e-05 6.827586206896552312e+01 7.016890958797964984e-38
4.425881488509277571e-05 6.827586206896552312e+01 8.735217898325503868e-38
6.839112772288164464e-05 6.827586206896552312e+01 1.084393481803877776e-37
1.056816899266531411e-04 6.827586206896552312e+01 1.347684985685427695e-37
1.633050946463127421e-04 6.827586206896552312e+01 1.682452262821831619e-37
2.523479133987172724e-04 6.827586206896552312e+01 2.092540816481131306e-37
3.899417194215767132e-04 6.827586206896552312e+01 2.608527226112707263e-37
6.025591513618141571e-04 6.827586206896552312e+01 3.249205446950234025e-37
9.311071701392808391e-04 6.827586206896552312e+01 4.040328809705902296e-37
1.438797436443220012e-03 6.827586206896552312e+01 5.056285729206172125e-37
2.223308046060815547e-03 6.827586206896552312e+01 6.336551788268798020e-37
3.435576504708231019e-03 6.827586206896552312e+01 7.942705031799362371e-37
5.308839654772861891e-03 6.827586206896552312e+01 1.003049567261870146e-36
8.203507749416969960e-03 6.827586206896552312e+01 1.278740406820704338e-36
1.267650631230518923e-02 6.827586206896552312e+01 1.646698493179586531e-36
1.958842695032913736e-02 6.827586206896552312e+01 2.159839434702433941e-36
3.026910261669761223e-02 6.827586206896552312e+01 2.928362782164497981e-36
4.677346351207520292e-02 6.827586206896552312e+01 4.455858798566658578e-36
7.227689953743716977e-02 6.827586206896552312e+01 1.124256837327497918e-35
1.116861958575326164e-01 6.827586206896552312e+01 6.712248195964345751e-35
1.725835837585436572e-01 6.827586206896552312e+01 1.736327900440406524e-34
2.666855393744118063e-01 6.827586206896552312e+01 0.000000000000000000e+00
9.999999999999999547e-08 7.448275862068965125e+01 4.296080975277764494e-39
1.545254383797725850e-07 7.448275862068965125e+01 5.329390077329837782e-39
2.387811110646088987e-07 7.448275862068965125e+01 6.628316747781022827e-39
3.689775586406785640e-07 7.448275862068965125e+01 8.241991300604838016e-39
5.701641900124909537e-07 7.448275862068965125e+01 1.026999621771225559e-38
8.810487141012812234e-07 7.448275862068965125e+01 1.276867890207899411e-38
1.361444387804353894e-06 7.448275862068965125e+01 1.583522237966405656e-38
2.103777908551489167e-06 7.448275862068965125e+01 1.969051799539152450e-38
3.250872035725999525e-06 7.448275862068965125e+01 2.443311826612187016e-38
5.023424264371037676e-06 7.448275862068965125e+01 3.041074694320262038e-38
7.762468366195211052e-06 7.448275862068965125e+01 3.782933734429969452e-38
1.199498827195432052e-05 7.448275862068965125e+01 4.707617520749835813e-38
1.853530821083972151e-05 7.448275862068965125e+01 5.853607427033723666e-38
2.864176626784206136e-05 7.448275862068965125e+01 7.272927203004107514e-38
4.425881488509277571e-05 7.448275862068965125e+01 9.045515405660797285e-38
6.839112772288164464e-05 7.448275862068965125e+01 1.125727073803345691e-37
1.056816899266531411e-04 7.448275862068965125e+01 1.400681355097232753e-37
1.633050946463127421e-04 7.448275862068965125e+01 1.740323543195499567e-37
2.523479133987172724e-04 7.448275862068965125e+01 2.166380687966280502e-37
3.899417194215767132e-04 7.448275862068965125e+01 2.693931571313555110e-37
6.025591513618141571e-04 7.448275862068965125e+01 3.357363970088064403e-37
9.311071701392808391e-04 7.448275862068965125e+01 4.193789905126105859e-37
1.438797436443220012e-03 7.448275862068965125e+01 5.227467895352261548e-37
2.223308046060815547e-03 7.448275862068965125e+01 6.545467470586101833e-37
3.435576504708231019e-03 7.448275862068965125e+01 8.221112815169768657e-37
5.308839654772861891e-03 7.448275862068965125e+01 1.036531737028418824e-36
8.203507749416969960e-03 7.448275862068965125e+01 1.315959861054043066e-36
1.267650631230518923e-02 7.448275862068965125e+01 1.692572151375490855e-36
1.958842695032913736e-02 7.448275862068965125e+01 2.218551090192026729e-36
3.026910261669761223e-02 7.448275862068965125e+01 3.057077337183837303e-36
4.677346351207520292e-02 7.448275862068965125e+01 5.011244417782628716e-36
7.227689953743716977e-02 7.448275862068965125e+01 1.489708143478972830e-35
1.116861958575326164e-01 7.448275862068965125e+01 8.235051489512517986e-35
1.725835837585436572e-01 7.448275862068965125e+01 1.476467778023569452e-34
2.666855393744118063e-01 7.448275862068965125e+01 0.000000000000000000e+00
9.999999999999999547e-08 8.068965517241380780e+01 4.393054367033580515e-39
1.545254383797725850e-07 8.068965517241380780e+01 5.463751233673007415e-39
2.387811110646088987e-07 8.068965517241380780e+01 6.787397796559062006e-39
3.689775586406785640e-07 8.068965517241380780e+01 8.437592370498143685e-39
5.701641900124909537e-07 8.068965517241380780e+01 1.049668242576933544e-38
8.810487141012812234e-07 8.068965517241380780e+01 1.308238208722796747e-38
1.361444387804353894e-06 8.068965517241380780e+01 1.620099159823797587e-38
2.103777908551489167e-06 8.068965517241380780e+01 2.017350790340377256e-38
3.250872035725999525e-06 8.068965517241380780e+01 2.505784032479524948e-38
5.023424264371037676e-06 8.068965517241380780e+01 3.115508145951984309e-38
7.762468366195211052e-06 8.068965517241380780e+01 3.881616254499791192e-38
1.199498827195432052e-05 8.068965517241380780e+01 4.814478719100055925e-38
1.853530821083972151e-05 8.068965517241380780e+01 5.993582391319282917e-38
2.864176626784206136e-05 8.068965517241380780e+01 7.451853189581090297e-38
4.425881488509277571e-05 8.068965517241380780e+01 9.263618118864621742e-38
6.839112772288164464e-05 8.068965517241380780e+01 1.150448464445814108e-37
1.056816899266531411e-04 8.068965517241380780e+01 1.430489454954799646e-37
1.633050946463127421e-04 8.068965517241380780e+01 1.782262167279611089e-37
2.523479133987172724e-04 8.068965517241380780e+01 2.212424929377636782e-37
3.899417194215767132e-04 8.068965517241380780e+01 2.757806670193363598e-37
6.025591513618141571e-04 8.068965517241380780e+01 3.431824459919663424e-37
9.311071701392808391e-04 8.068965517241380780e+01 4.282149198607546381e-37
1.438797436443220012e-03 8.068965517241380780e+01 5.341964288986679596e-37
2.223308046060815547e-03 8.068965517241380780e+01 6.688628229218957922e-37
3.435576504708231019e-03 8.068965517241380780e+01 8.376384378819710714e-37
5.308839654772861891e-03 8.068965517241380780e+01 1.057225107715479121e-36
8.203507749416969960e-03 8.068965517241380780e+01 1.341100597353153254e-36
1.267650631230518923e-02 8.068965517241380780e+01 1.723491728370695032e-36
1.958842695032913736e-02 8.068965517241380780e+01 2.267465590220896069e-36
3.026910261669761223e-02 8.068965517241380780e+01 3.194025306089541404e-36
4.677346351207520292e-02 8.068965517241380780e+01 5.810004098522848321e-36
7.227689953743716977e-02 8.068965517241380780e+01 1.971409829836556788e-35
1.116861958575326164e-01 8.068965517241380780e+01 9.282690492099738965e-35
1.725835837585436572e-01 8.068965517241380780e+01 1.207550134459286625e-34
2.666855393744118063e-01 8.068965517241380780e+01 0.000000000000000000e+00
9.999999999999999547e-08 8.689655172413793593e+01 4.444426889620563773e-39
1.545254383797725850e-07 8.689655172413793593e+01 5.533253300520648573e-39
2.387811110646088987e-07 8.689655172413793593e+01 6.873601893240106072e-39
3.689775586406785640e-07 8.689655172413793593e+01 8.532057470923375410e-39
5.701641900124909537e-07 8.689655172413793593e+01 1.062429458879748367e-38
8.810487141012812234e-07 8.689655172413793593e+01 1.321144463494210057e-38
1.361444387804353894e-06 8.689655172413793593e+01 1.641054224689043487e-38
2.103777908551489167e-06 8.689655172413793593e+01 2.036158350983968782e-38
3.250872035725999525e-06 8.689655172413793593e+01 2.543528975137810189e-38
5.023424264371037676e-06 8.689655172413793593e+01 3.146722845884992362e-38
7.762468366195211052e-06 8.689655172413793593e+01 3.928944644657020670e-38
1.199498827195432052e-05 8.689655172413793593e+01 4.870430069990923215e-38
1.853530821083972151e-05 8.689655172413793593e+01 6.044991146495749748e-38
2.864176626784206136e-05 8.689655172413793593e+01 7.527840393619645298e-38
4.425881488509277571e-05 8.689655172413793593e+01 9.363997435603571251e-38
6.839112772288164464e-05 8.689655172413793593e+01 1.164814977727225548e-37
1.056816899266531411e-04 8.689655172413793593e+01 1.450554728555679596e-37
1.633050946463127421e-04 8.689655172413793593e+01 1.801578423504761257e-37
2.523479133987172724e-04 8.689655172413793593e+01 2.235130493679552952e-37
3.899417194215767132e-04 8.689655172413793593e+01 2.786767755174525996e-37
6.025591513618141571e-04 8.689655172413793593e+01 3.473823429420928087e-37
9.311071701392808391e-04 8.689655172413793593e+01 4.325455583436321468e-37
1.438797436443220012e-03 8.689655172413793593e+01 5.392336545105979196e-37
2.223308046060815547e-03 8.689655172413793593e+01 6.741479405934207165e-37
3.435576504708231019e-03 8.689655172413793593e+01 8.451432425479812062e-37
5.308839654772861891e-03 8.689655172413793593e+01 1.065050070671247522e-36
8.203507749416969960e-03 8.689655172413793593e+01 1.350212066269976971e-36
1.267650631230518923e-02 8.689655172413793593e+01 1.738667198666875194e-36
1.958842695032913736e-02 8.689655172413793593e+01 2.302981993242035170e-36
3.026910261669761223e-02 8.689655172413793593e+01 3.362079053279126248e-36
4.677346351207520292e-02 8.689655172413793593e+01 6.816500952143469810e-36
7.227689953743716977e-02 8.689655172413793593e+01 2.531773821398651467e-35
1.116861958575326164e-01 8.689655172413793593e+01 9.535063828749381426e-35
1.725835837585436572e-01 8.689655172413793593e+01 9.495492539144943579e-35
2.666855393744118063e-01 8.689655172413793593e+01 0.000000000000000000e+00
9.999999999999999547e-08 9.310344827586206407e+01 4.449909043050049815e-39
1.545254383797725850e-07 9.310344827586206407e+01 5.545387914629688508e-39
2.387811110646088987e-07 9.310344827586206407e+01 6.884164375691714423e-39
3.689775586406785640e-07 9.310344827586206407e+01 8.540074373815584971e-39
5.701641900124909537e-07 9.310344827586206407e+01 1.058797235072229751e-38
8.810487141012812234e-07 9.310344827586206407e+01 1.320287517318217415e-38
1.361444387804353894e-06 9.310344827586206407e+01 1.643427439237231118e-38
2.103777908551489167e-06 9.310344827586206407e+01 2.038766801227222979e-38
3.250872035725999525e-06 9.310344827586206407e+01 2.533538359655204845e-38
5.023424264371037676e-06 9.310344827586206407e+01 3.146272492667219706e-38
7.762468366195211052e-06 9.310344827586206407e+01 3.917752577816730020e-38
1.199498827195432052e-05 9.310344827586206407e+01 4.869876898566505617e-38
1.853530821083972151e-05 9.310344827586206407e+01 6.052933210018068551e-38
2.864176626784206136e-05 9.310344827586206407e+01 7.527719484338279490e-38
4.425881488509277571e-05 9.310344827586206407e+01 9.345973232083033604e-38
6.839112772288164464e-05 9.310344827586206407e+01 1.164562948930117263e-37
1.056816899266531411e-04 9.310344827586206407e+01 1.445070391971904994e-37
1.633050946463127421e-04 9.310344827586206407e+01 1.800512508997241636e-37
2.523479133987172724e-04 9.310344827586206407e+01 2.242344712081402584e-37
3.899417194215767132e-04 9.310344827586206407e+01 2.789237436951181665e-37
6.025591513618141571e-04 9.310344827586206407e+01 3.473631972720175967e-37
9.311071701392808391e-04 9.310344827586206407e+01 4.310800043440493844e-37
1.438797436443220012e-03 9.310344827586206407e+01 5.380317591863124941e-37
2.223308046060815547e-03 9.310344827586206407e+01 6.718319818532071188e-37
3.435576504708231019e-03 9.310344827586206407e+01 8.426750927262208998e-37
5.308839654772861891e-03 9.310344827586206407e+01 1.059864758323562627e-36
8.203507749416969960e-03 9.310344827586206407e+01 1.343784406525316075e-36
1.267650631230518923e-02 9.310344827586206407e+01 1.727893263208424979e-36
1.958842695032913736e-02 9.310344827586206407e+01 2.325300409905631602e-36
3.026910261669761223e-02 9.310344827586206407e+01 3.609104312831929141e-36
4.677346351207520292e-02 9.310344827586206407e+01 8.123035353398994072e-36
7.227689953743716977e-02 9.310344827586206407e+01 3.068246798929139511e-35
1.116861958575326164e-01 9.310344827586206407e+01 9.183047873989961171e-35
1.725835837585436572e-01 9.310344827586206407e+01 7.325717550381639128e-35
2.666855393744118063e-01 9.310344827586206407e+01 0.000000000000000000e+00
9.999999999999999547e-08 9.931034482758620641e+01 4.389020837936305353e-39
1.545254383797725850e-07 9.931034482758620641e+01 5.463709925301716343e-39
2.387811110646088987e-07 9.931034482758620641e+01 6.803357087952051657e-39
3.689775586406785640e-07 9.931034482758620641e+01 8.453245529218150207e-39
5.701641900124909537e-07 9.931034482758620641e+01 1.050572062383264721e-38
8.810487141012812234e-07 9.931034482758620641e+01 1.306596034067957321e-38
1.361444387804353894e-06 9.931034482758620641e+01 1.620027776137646442e-38
2.103777908551489167e-06 9.931034482758620641e+01 2.017285856069010585e-38
3.250872035725999525e-06 9.931034482758620641e+01 2.500971444967259540e-38
5.023424264371037676e-06 9.931034482758620641e+01 3.111135612346150604e-38
7.762468366195211052e-06 9.931034482758620641e+01 3.867533047957659325e-38
1.199498827195432052e-05 9.931034482758620641e+01 4.815125159344544633e-38
1.853530821083972151e-05 9.931034482758620641e+01 5.977790100357712072e-38
2.864176626784206136e-05 9.931034482758620641e+01 7.427954584439019826e-38
4.425881488509277571e-05 9.931034482758620641e+01 9.252162057907518842e-38
6.839112772288164464e-05 9.931034482758620641e+01 1.148926374695105431e-37
1.056816899266531411e-04 9.931034482758620641e+01 1.428177949256257611e-37
1.633050946463127421e-04 9.931034482758620641e+01 1.775267807339723563e-37
2.523479133987172724e-04 9.931034482758620641e+01 2.208489479694741014e-37
3.899417194215767132e-04 9.931034482758620641e+01 2.744318873704328656e-37
6.025591513618141571e-04 9.931034482758620641e+01 3.413502124585704793e-37
9.311071701392808391e-04 9.931034482758620641e+01 4.256968778277892179e-37
1.438797436443220012e-03 9.931034482758620641e+01 5.294297178712489839e-37
2.223308046060815547e-03 9.931034482758620641e+01 6.614196322455015078e-37
3.435576504708231019e-03 9.931034482758620641e+01 8.247306735547253616e-37
5.308839654772861891e-03 9.931034482758620641e+01 1.040252181101215892e-36
8.203507749416969960e-03 9.931034482758620641e+01 1.321927886057729862e-36
1.267650631230518923e-02 9.931034482758620641e+01 1.710412662046539226e-36
1.958842695032913736e-02 9.931034482758620641e+01 2.341527251452840938e-36
3.026910261669761223e-02 9.931034482758620641e+01 3.878222613974249301e-36
4.677346351207520292e-02 9.931034482758620641e+01 9.601113331625409109e-36
7.227689953743716977e-02 9.931034482758620641e+01 3.560811284762643965e-35
1.116861958575326164e-01 9.931034482758620641e+01 8.402577732821986061e-35
1.725835837585436572e-01 9.931034482758620641e+01 5.538209065038630724e-35
2.666855393744118063e-01 9.931034482758620641e+01 0.000000000000000000e+00
9.999999999999999547e-08 1.055172413793103630e+02 4.290740604558897781e-39
1.545254383797725850e-07 1.055172413793103630e+02 5.339056831435610687e-39
2.387811110646088987e-07 1.055172413793103630e+02 6.610274037265342619e-39
3.689775586406785640e-07 1.055172413793103630e+02 8.240622063647213726e-39
5.701641900124909537e-07 1.055172413793103630e+02 1.025303605771009181e-38
8.810487141012812234e-07 1.055172413793103630e+02 1.273519629151444801e-38
1.361444387804353894e-06 1.055172413793103630e+02 1.581676732395537895e-38
2.103777908551489167e-06 1.055172413793103630e+02 1.966404410472577251e-38
3.250872035725999525e-06 1.055172413793103630e+02 2.445234106036187636e-38
5.023424264371037676e-06 1.055172413793103630e+02 3.045334819305127446e-38
7.762468366195211052e-06 1.055172413793103630e+02 3.780665274142995328e-38
1.199498827195432052e-05 1.055172413793103630e+02 4.701514260085351234e-38
1.853530821083972151e-05 1.055172413793103630e+02 5.855122085194648607e-38
2.864176626784206136e-05 1.055172413793103630e+02 7.257591382545049941e-38
4.425881488509277571e-05 1.055172413793103630e+02 9.023626264513943418e-38
6.839112772288164464e-05 1.055172413793103630e+02 1.120866253340842375e-37
1.056816899266531411e-04 1.055172413793103630e+02 1.394664343284559878e-37
1.633050946463127421e-04 1.055172413793103630e+02 1.733189921057714007e-37
2.523479133987172724e-04 1.055172413793103630e+02 2.155611232079901003e-37
3.899417194215767132e-04 1.055172413793103630e+02 2.676478847316933364e-37
6.025591513618141571e-04 1.055172413793103630e+02 3.325069362589944690e-37
9.311071701392808391e-04 1.055172413793103630e+02 4.141329846295830386e-37
1.438797436443220012e-03 1.055172413793103630e+02 5.169909461832704921e-37
2.223308046060815547e-03 1.055172413793103630e+02 6.418694083931431936e-37
3.435576504708231019e-03 1.055172413793103630e+02 8.056179897125596794e-37
5.308839654772861891e-03 1.055172413793103630e+02 1.011754837891211271e-36
8.203507749416969960e-03 1.055172413793103630e+02 1.289674529136763297e-36
1.267650631230518923e-02 1.055172413793103630e+02 1.672055767270203749e-36
1.958842695032913736e-02 1.055172413793103630e+02 2.382625468115809393e-36
3.026910261669761223e-02 1.055172413793103630e+02 4.184729244798137774e-36
4.677346351207520292e-02 1.055172413793103630e+02 1.111565264232505049e-35
7.227689953743716977e-02 1.055172413793103630e+02 3.899276904406209100e-35
1.116861958575326164e-01 1.055172413793103630e+02 7.478855239942306921e-35
1.725835837585436572e-01 1.055172413793103630e+02 4.090610081889146132e-35
2.666855393744118063e-01 1.055172413793103630e+02 0.000000000000000000e+00
9.999999999999999547e-08 1.117241379310344911e+02 4.143608136543263859e-39
1.545254383797725850e-07 1.117241379310344911e+02 5.148083650425273489e-39
2.387811110646088987e-07 1.117241379310344911e+02 6.396049012625124131e-39
3.689775586406785640e-07 1.117241379310344911e+02 7.939501539505927747e-39
5.701641900124909537e-07 1.117241379310344911e+02 9.879411548538989949e-39
8.810487141012812234e-07 1.117241379310344911e+02 1.226490902823384134e-38
1.361444387804353894e-06 1.117241379310344911e+02 1.527408240620150204e-38
2.103777908551489167e-06 1.117241379310344911e+02 1.897102119643910749e-38
3.250872035725999525e-06 1.117241379310344911e+02 2.356919922952003696e-38
5.023424264371037676e-06 1.117241379310344911e+02 2.934917656762996844e-38
7.762468366195211052e-06 1.117241379310344911e+02 3.645116778587555037e-38
1.199498827195432052e-05 1.117241379310344911e+02 4.521000639226187058e-38
1.853530821083972151e-05 1.117241379310344911e+02 5.624951541845502748e-38
2.864176626784206136e-05 1.117241379310344911e+02 6.997962843300368719e-38
4.425881488509277571e-05 1.117241379310344911e+02 8.690352147872058212e-38
6.839112772288164464e-05 1.117241379310344911e+02 1.081264379163416098e-37
1.056816899266531411e-04 1.117241379310344911e+02 1.342232610563357005e-37
1.633050946463127421e-04 1.117241379310344911e+02 1.670973618137739860e-37
2.523479133987172724e-04 1.117241379310344911e+02 2.073168270734820809e-37
3.899417194215767132e-04 1.117241379310344911e+02 2.579443822238561825e-37
6.025591513618141571e-04 1.117241379310344911e+02 3.204900943315478426e-37
9.311071701392808391e-04 1.117241379310344911e+02 3.985654351726871468e-37
1.438797436443220012e-03 1.117241379310344911e+02 4.957715622555538034e-37
2.223308046060815547e-03 1.117241379310344911e+02 6.201562709258868751e-37
3.435576504708231019e-03 1.117241379310344911e+02 7.733150474826375784e-37
5.308839654772861891e-03 1.117241379310344911e+02 9.726029138832818771e-37
8.203507749416969960e-03 1.117241379310344911e+02 1.241958367166378118e-36
1.267650631230518923e-02 1.117241379310344911e+02 1.636808696265550420e-36
1.958842695032913736e-02 1.117241379310344911e+02 2.397275008041557634e-36
3.026910261669761223e-02 1.117241379310344911e+02 4.529228962247676435e-36
4.677346351207520292e-02 1.117241379310344911e+02 1.256351667044758696e-35
7.227689953743716977e-02 1.117241379310344911e+02 4.070608269318287249e-35
1.116861958575326164e-01 1.117241379310344911e+02 6.515540083907799891e-35
1.725835837585436572e-01 1.117241379310344911e+02 2.937864099437680366e-35
2.666855393744118063e-01 1.117241379310344911e+02 0.000000000000000000e+00
9.999999999999999547e-08 1.179310344827586192e+02 3.930748846100115482e-39
1.545254383797725850e-07 1.179310344827586192e+02 4.893202017587685698e-39
2.387811110646088987e-07 1.179310344827586192e+02 6.083255953613183401e-39
3.689775586406785640e-07 1.179310344827586192e+02 7.553647311646088675e-39
5.701641900124909537e-07 1.179310344827586192e+02 9.402289080073791694e-39
8.810487141012812234e-07 1.179310344827586192e+02 1.168187855869554799e-38
1.361444387804353894e-06 1.179310344827586192e+02 1.446600087184957877e-38
2.103777908551489167e-06 1.179310344827586192e+02 1.805286781056584537e-38
3.250872035725999525e-06 1.179310344827586192e+02 2.243584502892525727e-38
5.023424264371037676e-06 1.179310344827586192e+02 2.789150459225871609e-38
7.762468366195211052e-06 1.179310344827586192e+02 3.466567852941839374e-38
1.199498827195432052e-05 1.179310344827586192e+02 4.301083345069691395e-38
1.853530821083972151e-05 1.179310344827586192e+02 5.345300437074908490e-38
2.864176626784206136e-05 1.179310344827586192e+02 6.644767985179443351e-38
4.425881488509277571e-05 1.179310344827586192e+02 8.261802988958825186e-38
6.839112772288164464e-05 1.179310344827586192e+02 1.025310787185667590e-37
1.056816899266531411e-04 1.179310344827586192e+02 1.275939365926136868e-37
1.633050946463127421e-04 1.179310344827586192e+02 1.586004054574599101e-37
2.523479133987172724e-04 1.179310344827586192e+02 1.969002850506481559e-37
3.899417194215767132e-04 1.179310344827586192e+02 2.450369618496065997e-37
6.025591513618141571e-04 1.179310344827586192e+02 3.042043340130275149e-37
9.311071701392808391e-04 1.179310344827586192e+02 3.776236388014206492e-37
1.438797436443220012e-03 1.179310344827586192e+02 4.713067147313112042e-37
2.223308046060815547e-03 1.179310344827586192e+02 5.870498398753182122e-37
3.435576504708231019e-03 1.179310344827586192e+02 7.343256813023418510e-37
5.308839654772861891e-03 1.179310344827586192e+02 9.251680430501152411e-37
8.203507749416969960e-03 1.179310344827586192e+02 1.185457421164175966e-36
1.267650631230518923e-02 1.179310344827586192e+02 1.587256714322769117e-36
1.958842695032913736e-02 1.179310344827586192e+02 2.428177494243750886e-36
3.026910261669761223e-02 1.179310344827586192e+02 4.833563106816988312e-36
4.677346351207520292e-02 1.179310344827586192e+02 1.373093151775505429e-35
7.227689953743716977e-02 1.179310344827586192e+02 4.070077097881741621e-35
1.116861958575326164e-01 1.179310344827586192e+02 5.601819579812800650e-35
1.725835837585436572e-01 1.179310344827586192e+02 2.043017727311577107e-35
2.666855393744118063e-01 1.179310344827586192e+02 0.000000000000000000e+00
9.999999999999999547e-08 1.241379310344827616e+02 3.689618586152388003e-39
1.545254383797725850e-07 1.241379310344827616e+02 4.585778631066970268e-39
2.387811110646088987e-07 1.241379310344827616e+02 5.700374559578202218e-39
3.689775586406785640e-07 1.241379310344827616e+02 7.072125221753284558e-39
5.701641900124909537e-07 1.241379310344827616e+02 8.796522077960982216e-39
8.810487141012812234e-07 1.241379310344827616e+02 1.090949797506506626e-38
1.361444387804353894e-06 1.241379310344827616e+02 1.359975020208779976e-38
2.103777908551489167e-06 1.241379310344827616e+02 1.690936317888753844e-38
3.250872035725999525e-06 1.241379310344827616e+02 2.103971603277494974e-38
5.023424264371037676e-06 1.241379310344827616e+02 2.612157178694949156e-38
7.762468366195211052e-06 1.241379310344827616e+02 3.254033468450170808e-38
1.199498827195432052e-05 1.241379310344827616e+02 4.036860398397183954e-38
1.853530821083972151e-05 1.241379310344827616e+02 5.018891196256053595e-38
2.864176626784206136e-05 1.241379310344827616e+02 6.226115612703779523e-38
4.425881488509277571e-05 1.241379310344827616e+02 7.727791613480904840e-38
6.839112772288164464e-05 1.241379310344827616e+02 9.620591251051172929e-38
1.056816899266531411e-04 1.241379310344827616e+02 1.190713136249685113e-37
1.633050946463127421e-04 1.241379310344827616e+02 1.479125518357762799e-37
2.523479133987172724e-04 1.241379310344827616e+02 1.841696532582612000e-37
3.899417194215767132e-04 1.241379310344827616e+02 2.295964458835302030e-37
6.025591513618141571e-04 1.241379310344827616e+02 2.845584957788348180e-37
9.311071701392808391e-04 1.241379310344827616e+02 3.536369850680492308e-37
1.438797436443220012e-03 1.241379310344827616e+02 4.407961776115152185e-37
2.223308046060815547e-03 1.241379310344827616e+02 5.484488038872523984e-37
3.435576504708231019e-03 1.241379310344827616e+02 6.887835067838169706e-37
5.308839654772861891e-03 1.241379310344827616e+02 8.647308941139204316e-37
8.203507749416969960e-03 1.241379310344827616e+02 1.111328201024976188e-36
1.267650631230518923e-02 1.241379310344827616e+02 1.521856445354632915e-36
1.958842695032913736e-02 1.241379310344827616e+02 2.404796633542419782e-36
3.026910261669761223e-02 1.241379310344827616e+02 5.028020588491024975e-36
4.677346351207520292e-02 1.241379310344827616e+02 1.445323971919721787e-35
7.227689953743716977e-02 1.241379310344827616e+02 3.874567569596653724e-35
1.116861958575326164e-01 1.241379310344827616e+02 4.751714759866429357e-35
1.725835837585436572e-01 1.241379310344827616e+02 1.380388323019389105e-35
2.666855393744118063e-01 1.241379310344827616e+02 0.000000000000000000e+00
9.999999999999999547e-08 1.303448275862068897e+02 3.391584798713741451e-39
1.545254383797725850e-07 1.303448275862068897e+02 4.222488246174307609e-39
2.387811110646088987e-07 1.303448275862068897e+02 5.250870502091185685e-39
3.689775586406785640e-07 1.303448275862068897e+02 6.518915138419149992e-39
5.701641900124909537e-07 1.303448275862068897e+02 8.102151995956533001e-39
8.810487141012812234e-07 1.303448275862068897e+02 1.008059625187385538e-38
1.361444387804353894e-06 1.303448275862068897e+02 1.253650095988248520e-38
2.103777908551489167e-06 1.303448275862068897e+02 1.556296013939463877e-38
3.250872035725999525e-06 1.303448275862068897e+02 1.933814160333715467e-38
5.023424264371037676e-06 1.303448275862068897e+02 2.402986594331582773e-38
7.762468366195211052e-06 1.303448275862068897e+02 2.991864330092495545e-38
1.199498827195432052e-05 1.303448275862068897e+02 3.708373109572493661e-38
1.853530821083972151e-05 1.303448275862068897e+02 4.622891255447406241e-38
2.864176626784206136e-05 1.303448275862068897e+02 5.732869347348501325e-38
4.425881488509277571e-05 1.303448275862068897e+02 7.128540312677063952e-38
6.839112772288164464e-05 1.303448275862068897e+02 8.854452891785608651e-38
1.056816899266531411e-04 1.303448275862068897e+02 1.101113273552374557e-37
1.633050946463127421e-04 1.303448275862068897e+02 1.366077022707985438e-37
2.523479133987172724e-04 1.303448275862068897e+02 1.695485634264137800e-37
3.899417194215767132e-04 1.303448275862068897e+02 2.104055784834768171e-37
6.025591513618141571e-04 1.303448275862068897e+02 2.611975448777272370e-37
9.311071701392808391e-04 1.303448275862068897e+02 3.244479872006669219e-37
1.438797436443220012e-03 1.303448275862068897e+02 4.048057933177665742e-37
2.223308046060815547e-03 1.303448275862068897e+02 5.045434376042808730e-37
3.435576504708231019e-03 1.303448275862068897e+02 6.316298104416869549e-37
5.308839654772861891e-03 1.303448275862068897e+02 7.977867221350903076e-37
8.203507749416969960e-03 1.303448275862068897e+02 1.031729049298876137e-36
1.267650631230518923e-02 1.303448275862068897e+02 1.434256594040043509e-36
1.958842695032913736e-02 1.303448275862068897e+02 2.356633908578194833e-36
3.026910261669761223e-02 1.303448275862068897e+02 5.122095226800649756e-36
4.677346351207520292e-02 1.303448275862068897e+02 1.467924032115639927e-35
7.227689953743716977e-02 1.303448275862068897e+02 3.564686864006462255e-35
1.116861958575326164e-01 1.303448275862068897e+02 3.962386250427745938e-35
1.725835837585436572e-01 1.303448275862068897e+02 8.982411837301779818e-36
2.666855393744118063e-01 1.303448275862068897e+02 0.000000000000000000e+00
9.999999999999999547e-08 1.365517241379310462e+02 3.068942334035300374e-39
1.545254383797725850e-07 1.365517241379310462e+02 3.808140406998390775e-39
2.387811110646088987e-07 1.365517241379310462e+02 4.734684011528453040e-39
3.689775586406785640e-07 1.365517241379310462e+02 5.880795377830118060e-39
5.701641900124909537e-07 1.365517241379310462e+02 7.313050373812847221e-39
8.810487141012812234e-07 1.365517241379310462e+02 9.084018939387187522e-39
1.361444387804353894e-06 1.365517241379310462e+02 1.128322668016449544e-38
2.103777908551489167e-06 1.365517241379310462e+02 1.404764066602501725e-38
3.250872035725999525e-06 1.365517241379310462e+02 1.742734418061550042e-38
5.023424264371037676e-06 1.365517241379310462e+02 2.173125422279295187e-38
7.762468366195211052e-06 1.365517241379310462e+02 2.698714859033788034e-38
1.199498827195432052e-05 1.365517241379310462e+02 3.349046356882907257e-38
1.853530821083972151e-05 1.365517241379310462e+02 4.159585084931332863e-38
2.864176626784206136e-05 1.365517241379310462e+02 5.173011950797589785e-38
4.425881488509277571e-05 1.365517241379310462e+02 6.418033341781503675e-38
6.839112772288164464e-05 1.365517241379310462e+02 7.995030564744229475e-38
1.056816899266531411e-04 1.365517241379310462e+02 9.908704565495766934e-38
1.633050946463127421e-04 1.365517241379310462e+02 1.231996516777044129e-37
2.523479133987172724e-04 1.365517241379310462e+02 1.527943126593634661e-37
3.899417194215767132e-04 1.365517241379310462e+02 1.901100940532203648e-37
6.025591513618141571e-04 1.365517241379310462e+02 2.363044608969086280e-37
9.311071701392808391e-04 1.365517241379310462e+02 2.926617629863768897e-37
1.438797436443220012e-03 1.365517241379310462e+02 3.648487838665713044e-37
2.223308046060815547e-03 1.365517241379310462e+02 4.547572745214787057e-37
3.435576504708231019e-03 1.365517241379310462e+02 5.686321153421839902e-37
5.308839654772861891e-03 1.365517241379310462e+02 7.199473485821131383e-37
8.203507749416969960e-03 1.365517241379310462e+02 9.368759917103271055e-37
1.267650631230518923e-02 1.365517241379310462e+02 1.339061662925628655e-36
1.958842695032913736e-02 1.365517241379310462e+02 2.277603584042875312e-36
3.026910261669761223e-02 1.365517241379310462e+02 5.107365297006450004e-36
4.677346351207520292e-02 1.365517241379310462e+02 1.431042544190043582e-35
7.227689953743716977e-02 1.365517241379310462e+02 3.183347220646233415e-35
1.116861958575326164e-01 1.365517241379310462e+02 3.257414227139688752e-35
1.725835837585436572e-01 1.365517241379310462e+02 5.859122558265538188e-36
2.666855393744118063e-01 1.365517241379310462e+02 0.000000000000000000e+00
9.999999999999999547e-08 1.427586206896551744e+02 2.693906283049210090e-39
1.545254383797725850e-07 1.427586206896551744e+02 3.351818255111622000e-39
2.387811110646088987e-07 1.427586206896551744e+02 4.156828119445341319e-39
3.689775586406785640e-07 1.427586206896551744e+02 5.176129853861201338e-39
5.701641900124909537e-07 1.427586206896551744e+02 6.430317771204768065e-39
8.810487141012812234e-07 1.427586206896551744e+02 7.989735379298782921e-39
1.361444387804353894e-06 1.427586206896551744e+02 9.932619422382672323e-39
2.103777908551489167e-06 1.427586206896551744e+02 1.235181922437629368e-38
3.250872035725999525e-06 1.427586206896551744e+02 1.535469041177303044e-38
5.023424264371037676e-06 1.427586206896551744e+02 1.911129575625639337e-38
7.762468366195211052e-06 1.427586206896551744e+02 2.367679255440608795e-38
1.199498827195432052e-05 1.427586206896551744e+02 2.946904948839356647e-38
1.853530821083972151e-05 1.427586206896551744e+02 3.660790812436718493e-38
2.864176626784206136e-05 1.427586206896551744e+02 4.542682816475520420e-38
4.425881488509277571e-05 1.427586206896551744e+02 5.647922215553133082e-38
6.839112772288164464e-05 1.427586206896551744e+02 7.034042369873076618e-38
1.056816899266531411e-04 1.427586206896551744e+02 8.708603216821523345e-38
1.633050946463127421e-04 1.427586206896551744e+02 1.084177610720955368e-37
2.523479133987172724e-04 1.427586206896551744e+02 1.344787717557108883e-37
3.899417194215767132e-04 1.427586206896551744e+02 1.667808603911211064e-37
6.025591513618141571e-04 1.427586206896551744e+02 2.075888743876650359e-37
9.311071701392808391e-04 1.427586206896551744e+02 2.578357468866606343e-37
1.438797436443220012e-03 1.427586206896551744e+02 3.202506178019608658e-37
2.223308046060815547e-03 1.427586206896551744e+02 3.991305977831481730e-37
3.435576504708231019e-03 1.427586206896551744e+02 4.998385045746785638e-37
5.308839654772861891e-03 1.427586206896551744e+02 6.351969623427644738e-37
8.203507749416969960e-03 1.427586206896551744e+02 8.352681520970605666e-37
1.267650631230518923e-02 1.427586206896551744e+02 1.209453425090991178e-36
1.958842695032913736e-02 1.427586206896551744e+02 2.117388476656780622e-36
3.026910261669761223e-02 1.427586206896551744e+02 4.833240748849889428e-36
4.677346351207520292e-02 1.427586206896551744e+02 1.342879193264926294e-35
7.227689953743716977e-02 1.427586206896551744e+02 2.745894806998779461e-35
1.116861958575326164e-01 1.427586206896551744e+02 2.624386195361995842e-35
1.725835837585436572e-01 1.427586206896551744e+02 3.712275337703047693e-36
2.666855393744118063e-01 1.427586206896551744e+02 0.000000000000000000e+00
9.999999999999999547e-08 1.489655172413793025e+02 2.296581144893021662e-39
1.545254383797725850e-07 1.489655172413793025e+02 2.851883534258884905e-39
2.387811110646088987e-07 1.489655172413793025e+02 3.546947544198997565e-39
3.689775586406785640e-07 1.489655172413793025e+02 4.415738906632203236e-39
5.701641900124909537e-07 1.489655172413793025e+02 5.487201506698699659e-39
8.810487141012812234e-07 1.489655172413793025e+02 6.809466122427728014e-39
1.361444387804353894e-06 1.489655172413793025e+02 8.465890220987690432e-39
2.103777908551489167e-06 1.489655172413793025e+02 1.051285930217178855e-38
3.250872035725999525e-06 1.489655172413793025e+02 1.311051085911252617e-38
5.023424264371037676e-06 1.489655172413793025e+02 1.623384695495231836e-38
7.762468366195211052e-06 1.489655172413793025e+02 2.015337988229854483e-38
1.199498827195432052e-05 1.489655172413793025e+02 2.507977023438448009e-38
1.853530821083972151e-05 1.489655172413793025e+02 3.121135909016058860e-38
2.864176626784206136e-05 1.489655172413793025e+02 3.870680261247856870e-38
4.425881488509277571e-05 1.489655172413793025e+02 4.803792476686144494e-38
6.839112772288164464e-05 1.489655172413793025e+02 5.979935267910300527e-38
1.056816899266531411e-04 1.489655172413793025e+02 7.416574947461651462e-38
1.633050946463127421e-04 1.489655172413793025e+02 9.238617043236741319e-38
2.523479133987172724e-04 1.489655172413793025e+02 1.145707973395034814e-37
3.899417194215767132e-04 1.489655172413793025e+02 1.422872205040341201e-37
6.025591513618141571e-04 1.489655172413793025e+02 1.767699771670268680e-37
9.311071701392808391e-04 1.489655172413793025e+02 2.194270127155635118e-37
1.438797436443220012e-03 1.489655172413793025e+02 2.729473995022723680e-37
2.223308046060815547e-03 1.489655172413793025e+02 3.396502614494147858e-37
3.435576504708231019e-03 1.489655172413793025e+02 4.255630558433221120e-37
5.308839654772861891e-03 1.489655172413793025e+02 5.425299773460068101e-37
8.203507749416969960e-03 1.489655172413793025e+02 7.226974316225093157e-37
1.267650631230518923e-02 1.489655172413793025e+02 1.062157520032863671e-36
1.958842695032913736e-02 1.489655172413793025e+02 1.894601798709898781e-36
3.026910261669761223e-02 1.489655172413793025e+02 4.417844369675824408e-36
4.677346351207520292e-02 1.489655172413793025e+02 1.199289897219558832e-35
7.227689953743716977e-02 1.489655172413793025e+02 2.285944178805038825e-35
1.116861958575326164e-01 1.489655172413793025e+02 2.066746994756595869e-35
1.725835837585436572e-01 1.489655172413793025e+02 2.383635486020603314e-36
2.666855393744118063e-01 1.489655172413793025e+02 0.000000000000000000e+00
9.999999999999999547e-08 1.551724137931034591e+02 1.867516354894998191e-39
1.545254383797725850e-07 1.551724137931034591e+02 2.319184388525912498e-39
2.387811110646088987e-07 1.551724137931034591e+02 2.891908603740553177e-39
3.689775586406785640e-07 1.551724137931034591e+02 3.596501275118682966e-39
5.701641900124909537e-07 1.551724137931034591e+02 4.457303322135637481e-39
8.810487141012812234e-07 1.551724137931034591e+02 5.544890673915188650e-39
1.361444387804353894e-06 1.551724137931034591e+02 6.891101660641695473e-39
2.103777908551489167e-06 1.551724137931034591e+02 8.573358913309898467e-39
3.250872035725999525e-06 1.551724137931034591e+02 1.064867051516231026e-38
5.023424264371037676e-06 1.551724137931034591e+02 1.325417812632985466e-38
7.762468366195211052e-06 1.551724137931034591e+02 1.646811869159936838e-38
1.199498827195432052e-05 1.551724137931034591e+02 2.039312211102184009e-38
1.853530821083972151e-05 1.551724137931034591e+02 2.537565662043767231e-38
2.864176626784206136e-05 1.551724137931034591e+02 3.151292895576195277e-38
4.425881488509277571e-05 1.551724137931034591e+02 3.917978632597197872e-38
6.839112772288164464e-05 1.551724137931034591e+02 4.863080595593545346e-38
1.056816899266531411e-04 1.551724137931034591e+02 6.052817666667604279e-38
1.633050946463127421e-04 1.551724137931034591e+02 7.503889457787283690e-38
2.523479133987172724e-04 1.551724137931034591e+02 9.310140238947528224e-38
3.899417194215767132e-04 1.551724137931034591e+02 1.155776345822284337e-37
6.025591513618141571e-04 1.551724137931034591e+02 1.432500256035824593e-37
9.311071701392808391e-04 1.551724137931034591e+02 1.781974414244895361e-37
1.438797436443220012e-03 1.551724137931034591e+02 2.212963904467565740e-37
2.223308046060815547e-03 1.551724137931034591e+02 2.761386782066039678e-37
3.435576504708231019e-03 1.551724137931034591e+02 3.471636147266355150e-37
5.308839654772861891e-03 1.551724137931034591e+02 4.416850962614326827e-37
8.203507749416969960e-03 1.551724137931034591e+02 5.942331464350302744e-37
1.267650631230518923e-02 1.551724137931034591e+02 8.885647419492113954e-37
1.958842695032913736e-02 1.551724137931034591e+02 1.623147577317601405e-36
3.026910261669761223e-02 1.551724137931034591e+02 3.818306320524115146e-36
4.677346351207520292e-02 1.551724137931034591e+02 1.012962095827837801e-35
7.227689953743716977e-02 1.551724137931034591e+02 1.817446681342277742e-35
1.116861958575326164e-01 1.551724137931034591e+02 1.574434390118806719e-35
1.725835837585436572e-01 1.551724137931034591e+02 1.473562610691330900e-36
2.666855393744118063e-01 1.551724137931034591e+02 0.000000000000000000e+00
9.999999999999999547e-08 1.613793103448276156e+02 1.421158929968872253e-39
1.545254383797725850e-07 1.613793103448276156e+02 1.765400403123935330e-39
2.387811110646088987e-07 1.613793103448276156e+02 2.200428106649591828e-39
3.689775586406785640e-07 1.613793103448276156e+02 2.728026397176500323e-39
5.701641900124909537e-07 1.613793103448276156e+02 3.390815915812297423e-39
8.810487141012812234e-07 1.613793103448276156e+02 4.219737691812031732e-39
1.361444387804353894e-06 1.613793103448276156e+02 5.245470367471540343e-39
2.103777908551489167e-06 1.613793103448276156e+02 6.521433684710931839e-39
3.250872035725999525e-06 1.613793103448276156e+02 8.100275710786442819e-39
5.023424264371037676e-06 1.613793103448276156e+02 1.006665487025713087e-38
7.762468366195211052e-06 1.613793103448276156e+02 1.251369983165896766e-38
1.199498827195432052e-05 1.613793103448276156e+02 1.553236321512385984e-38
1.853530821083972151e-05 1.613793103448276156e+02 1.934417775033455041e-38
2.864176626784206136e-05 1.613793103448276156e+02 2.403857004250349859e-38
4.425881488509277571e-05 1.613793103448276156e+02 2.976556618808790261e-38
6.839112772288164464e-05 1.613793103448276156e+02 3.705560122333359597e-38
1.056816899266531411e-04 1.613793103448276156e+02 4.593938939368422473e-38
1.633050946463127421e-04 1.613793103448276156e+02 5.701709128360392352e-38
2.523479133987172724e-04 1.613793103448276156e+02 7.075578755466876197e-38
3.899417194215767132e-04 1.613793103448276156e+02 8.775959718366624322e-38
6.025591513618141571e-04 1.613793103448276156e+02 1.092213174935557033e-37
9.311071701392808391e-04 1.613793103448276156e+02 1.356524416953180759e-37
1.438797436443220012e-03 1.613793103448276156e+02 1.685387209081457342e-37
2.223308046060815547e-03 1.613793103448276156e+02 2.104555023519557162e-37
3.435576504708231019e-03 1.613793103448276156e+02 2.643754244380398742e-37
5.308839654772861891e-03 1.613793103448276156e+02 3.372523492380682167e-37
8.203507749416969960e-03 1.613793103448276156e+02 4.558222090362329379e-37
1.267650631230518923e-02 1.613793103448276156e+02 6.890489144558925099e-37
1.958842695032913736e-02 1.613793103448276156e+02 1.273514626772889768e-36
3.026910261669761223e-02 1.613793103448276156e+02 3.022685323867569212e-36
4.677346351207520292e-02 1.613793103448276156e+02 7.922504434637345860e-36
7.227689953743716977e-02 1.613793103448276156e+02 1.355893737134578338e-35
1.116861958575326164e-01 1.613793103448276156e+02 1.134459733922981392e-35
1.725835837585436572e-01 1.613793103448276156e+02 9.066110736674961967e-37
2.666855393744118063e-01 1.613793103448276156e+02 0.000000000000000000e+00
9.999999999999999547e-08 1.675862068965517437e+02 9.564083789726720122e-40
1.545254383797725850e-07 1.675862068965517437e+02 1.189953949855212879e-39
2.387811110646088987e-07 1.675862068965517437e+02 1.479152842256973899e-39
3.689775586406785640e-07 1.675862068965517437e+02 1.840259996350778204e-39
5.701641900124909537e-07 1.675862068965517437e+02 2.288065260365210449e-39
8.810487141012812234e-07 1.675862068965517437e+02 2.835661218088596555e-39
1.361444387804353894e-06 1.675862068965517437e+02 3.533205514695362644e-39
2.103777908551489167e-06 1.675862068965517437e+02 4.394296153702346122e-39
3.250872035725999525e-06 1.675862068965517437e+02 5.453386083248910956e-39
5.023424264371037676e-06 1.675862068965517437e+02 6.783626802025142033e-39
7.762468366195211052e-06 1.675862068965517437e+02 8.418370368706364321e-39
1.199498827195432052e-05 1.675862068965517437e+02 1.047681285608859421e-38
1.853530821083972151e-05 1.675862068965517437e+02 1.302074365804541731e-38
2.864176626784206136e-05 1.675862068965517437e+02 1.615028019132164021e-38
4.425881488509277571e-05 1.675862068965517437e+02 2.004477766085849382e-38
6.839112772288164464e-05 1.675862068965517437e+02 2.488433348474361817e-38
1.056816899266531411e-04 1.675862068965517437e+02 3.100556327778756747e-38
1.633050946463127421e-04 1.675862068965517437e+02 3.842360565343940118e-38
2.523479133987172724e-04 1.675862068965517437e+02 4.771146024403355207e-38
3.899417194215767132e-04 1.675862068965517437e+02 5.915840094399092329e-38
6.025591513618141571e-04 1.675862068965517437e+02 7.328782731528266299e-38
9.311071701392808391e-04 1.675862068965517437e+02 9.113633907489810209e-38
1.438797436443220012e-03 1.675862068965517437e+02 1.134671359697877510e-37
2.223308046060815547e-03 1.675862068965517437e+02 1.412135030411588781e-37
3.435576504708231019e-03 1.675862068965517437e+02 1.771094912788692467e-37
5.308839654772861891e-03 1.675862068965517437e+02 2.276410858595792690e-37
8.203507749416969960e-03 1.675862068965517437e+02 3.099427150834322691e-37
1.267650631230518923e-02 1.675862068965517437e+02 4.735985800941084384e-37
1.958842695032913736e-02 1.675862068965517437e+02 8.811040066252690260e-37
3.026910261669761223e-02 1.675862068965517437e+02 2.092284194925014688e-36
4.677346351207520292e-02 1.675862068965517437e+02 5.393647987964507061e-36
7.227689953743716977e-02 1.675862068965517437e+02 8.972154065961859088e-36
1.116861958575326164e-01 1.675862068965517437e+02 7.332336080247411634e-36
1.725835837585436572e-01 1.675862068965517437e+02 5.160012325930315894e-37
2.666855393744118063e-01 1.675862068965517437e+02 0.000000000000000000e+00
9.999999999999999547e-08 1.737931034482758719e+02 4.808472051528491805e-40
1.545254383797725850e-07 1.737931034482758719e+02 5.983218771990524050e-40
2.387811110646088987e-07 1.737931034482758719e+02 7.446760234201124189e-40
3.689775586406785640e-07 1.737931034482758719e+02 9.256491521582569907e-40
5.701641900124909537e-07 1.737931034482758719e+02 1.150503729588013117e-39
8.810487141012812234e-07 1.737931034482758719e+02 1.429420632079873036e-39
1.361444387804353894e-06 1.737931034482758719e+02 1.774212584712896842e-39
2.103777908551489167e-06 1.737931034482758719e+02 2.210758111030570884e-39
3.250872035725999525e-06 1.737931034482758719e+02 2.737638077984057096e-39
5.023424264371037676e-06 1.737931034482758719e+02 3.410724368949055976e-39
7.762468366195211052e-06 1.737931034482758719e+02 4.222659845371349588e-39
1.199498827195432052e-05 1.737931034482758719e+02 5.259804101675156739e-39
1.853530821083972151e-05 1.737931034482758719e+02 6.549035729807553586e-39
2.864176626784206136e-05 1.737931034482758719e+02 8.121519427080258136e-39
4.425881488509277571e-05 1.737931034482758719e+02 1.009292789909199226e-38
6.839112772288164464e-05 1.737931034482758719e+02 1.254372000222791161e-38
1.056816899266531411e-04 1.737931034482758719e+02 1.557417618293722823e-38
1.633050946463127421e-04 1.737931034482758719e+02 1.927900027202647550e-38
2.523479133987172724e-04 1.737931034482758719e+02 2.398018675928748182e-38
3.899417194215767132e-04 1.737931034482758719e+02 2.973809599901820400e-38
6.025591513618141571e-04 1.737931034482758719e+02 3.693501952059734550e-38
9.311071701392808391e-04 1.737931034482758719e+02 4.577611197078804331e-38
1.438797436443220012e-03 1.737931034482758719e+02 5.700225064778610857e-38
2.223308046060815547e-03 1.737931034482758719e+02 7.092673799501686498e-38
3.435576504708231019e-03 1.737931034482758719e+02 8.932956956000790775e-38
5.308839654772861891e-03 1.737931034482758719e+02 1.146655378650790020e-37
8.203507749416969960e-03 1.737931034482758719e+02 1.565428447298839427e-37
1.267650631230518923e-02 1.737931034482758719e+02 2.397591674001503771e-37
1.958842695032913736e-02 1.737931034482758719e+02 4.474489676548612443e-37
3.026910261669761223e-02 1.737931034482758719e+02 1.074370314539312647e-36
4.677346351207520292e-02 1.737931034482758719e+02 2.737282472538142615e-36
7.227689953743716977e-02 1.737931034482758719e+02 4.475347414618732221e-36
1.116861958575326164e-01 1.737931034482758719e+02 3.596283257791456794e-36
1.725835837585436572e-01 1.737931034482758719e+02 2.362739893999702949e-37
2.666855393744118063e-01 1.737931034482758719e+02 0.000000000000000000e+00
9.999999999999999547e-08 1.800000000000000000e+02 0.000000000000000000e+00
1.545254383797725850e-07 1.800000000000000000e+02 6.789719093908869939e-55
2.387811110646088987e-07 1.800000000000000000e+02 8.420998557410778754e-55
3.689775586406785640e-07 1.800000000000000000e+02 1.047568818086886270e-54
5.701641900124909537e-07 1.800000000000000000e+02 0.000000000000000000e+00
8.810487141012812234e-07 1.800000000000000000e+02 1.618950024367948966e-54
1.361444387804353894e-06 1.800000000000000000e+02 0.000000000000000000e+00
2.103777908551489167e-06 1.800000000000000000e+02 0.000000000000000000e+00
3.250872035725999525e-06 1.800000000000000000e+02 3.105153746331548809e-54
5.023424264371037676e-06 1.800000000000000000e+02 0.000000000000000000e+00
7.762468366195211052e-06 1.800000000000000000e+02 4.796142924645164160e-54
1.199498827195432052e-05 1.800000000000000000e+02 0.000000000000000000e+00
1.853530821083972151e-05 1.800000000000000000e+02 7.412370027454845655e-54
2.864176626784206136e-05 1.800000000000000000e+02 9.218880499668926969e-54
4.425881488509277571e-05 1.800000000000000000e+02 0.000000000000000000e+00
6.839112772288164464e-05 1.800000000000000000e+02 1.415259938955771462e-53
1.056816899266531411e-04 1.800000000000000000e+02 1.762613546253211427e-53
1.633050946463127421e-04 1.800000000000000000e+02 2.184905146626861142e-53
2.523479133987172724e-04 1.800000000000000000e+02 2.721355587023632355e-53
3.899417194215767132e-04 1.800000000000000000e+02 3.369533879930282175e-53
6.025591513618141571e-04 1.800000000000000000e+02 0.000000000000000000e+00
9.311071701392808391e-04 1.800000000000000000e+02 5.202611447542511553e-53
1.438797436443220012e-03 1.800000000000000000e+02 6.453708828656967670e-53
2.223308046060815547e-03 1.800000000000000000e+02 8.018305571211632178e-53
3.435576504708231019e-03 1.800000000000000000e+02 1.011966380624317152e-52
5.308839654772861891e-03 1.800000000000000000e+02 1.297253859395852563e-52
8.203507749416969960e-03 1.800000000000000000e+02 1.770207736669846665e-52
1.267650631230518923e-02 1.800000000000000000e+02 2.720357949186704370e-52
1.958842695032913736e-02 1.800000000000000000e+02 5.101563223224505408e-52
3.026910261669761223e-02 1.800000000000000000e+02 1.224950744299428019e-51
4.677346351207520292e-02 1.800000000000000000e+02 3.111793290574292222e-51
7.227689953743716977e-02 1.800000000000000000e+02 5.048006605499561589e-51
1.116861958575326164e-01 1.800000000000000000e+02 0.000000000000000000e+00
1.725835837585436572e-01 1.800000000000000000e+02 2.589055010485887594e-52
2.666855393744118063e-01 1.800000000000000000e+02 0.000000000000000000e+00
