# atom 56: Tchi 1.0 [GeV]; m_chi = 0.0003333333333333333 [GeV]; mS = 0.001 [GeV]; gchi =0.01; gN = 0.01
# Tchi^prime [GeV], theta [degree] ,dsigma/dTchip dtheta [cm^2/GeV]
9.999999999999999547e-08 0.000000000000000000e+00 0.000000000000000000e+00
1.604084213883694317e-07 0.000000000000000000e+00 0.000000000000000000e+00
2.573086165230875009e-07 0.000000000000000000e+00 0.000000000000000000e+00
4.127446898609377784e-07 0.000000000000000000e+00 0.000000000000000000e+00
6.620772413702529316e-07 0.000000000000000000e+00 0.000000000000000000e+00
1.062027651253687205e-06 0.000000000000000000e+00 0.000000000000000000e+00
1.703581790084017086e-06 0.000000000000000000e+00 0.000000000000000000e+00
2.732688656533503320e-06 0.000000000000000000e+00 0.000000000000000000e+00
4.383462735404433317e-06 0.000000000000000000e+00 0.000000000000000000e+00
7.031443376009703544e-06 0.000000000000000000e+00 0.000000000000000000e+00
1.127902732027423531e-05 0.000000000000000000e+00 0.000000000000000000e+00
1.809250967241484321e-05 0.000000000000000000e+00 0.000000000000000000e+00
2.902190915505870381e-05 0.000000000000000000e+00 0.000000000000000000e+00
4.655358633239633104e-05 0.000000000000000000e+00 0.000000000000000000e+00
7.467587293546882254e-05 0.000000000000000000e+00 0.000000000000000000e+00
1.197863889337701538e-04 0.000000000000000000e+00 0.000000000000000000e+00
1.921474555267933576e-04 0.000000000000000000e+00 0.000000000000000000e+00
3.082207001484487665e-04 0.000000000000000000e+00 0.000000000000000000e+00
4.944119595003068374e-04 0.000000000000000000e+00 0.000000000000000000e+00
7.930784193897465759e-04 0.000000000000000000e+00 0.000000000000000000e+00
1.272164572914925894e-03 0.000000000000000000e+00 0.000000000000000000e+00
2.040659108874928827e-03 0.000000000000000000e+00 0.000000000000000000e+00
3.273389062464240624e-03 0.000000000000000000e+00 0.000000000000000000e+00
5.250791720998434879e-03 0.000000000000000000e+00 0.000000000000000000e+00
8.422712110044801997e-03 0.000000000000000000e+00 0.000000000000000000e+00
1.351073953380988769e-02 0.000000000000000000e+00 0.000000000000000000e+00
2.167236400407883054e-02 0.000000000000000000e+00 0.000000000000000000e+00
3.476429697648406730e-02 0.000000000000000000e+00 0.000000000000000000e+00
5.576485998674273609e-02 0.000000000000000000e+00 0.000000000000000000e+00
8.945153159416868727e-02 0.000000000000000000e+00 0.000000000000000000e+00
1.434877897379245315e-01 0.000000000000000000e+00 0.000000000000000000e+00
2.301664984036679573e-01 0.000000000000000000e+00 0.000000000000000000e+00
3.692064466542103185e-01 0.000000000000000000e+00 0.000000000000000000e+00
5.922382327421110704e-01 0.000000000000000000e+00 0.000000000000000000e+00
9.499999999999999556e-01 0.000000000000000000e+00 0.000000000000000000e+00
9.999999999999999547e-08 6.206896551724137900e+00 1.515154827847248337e-40
1.604084213883694317e-07 6.206896551724137900e+00 1.938509273216985296e-40
2.573086165230875009e-07 6.206896551724137900e+00 2.471483115952216935e-40
4.127446898609377784e-07 6.206896551724137900e+00 3.166325379433129790e-40
6.620772413702529316e-07 6.206896551724137900e+00 4.054582249220277440e-40
1.062027651253687205e-06 6.206896551724137900e+00 5.239309487273890559e-40
1.703581790084017086e-06 6.206896551724137900e+00 6.749091065885679342e-40
2.732688656533503320e-06 6.206896551724137900e+00 8.818626491304418136e-40
4.383462735404433317e-06 6.206896551724137900e+00 1.153573311306021303e-39
7.031443376009703544e-06 6.206896551724137900e+00 1.531312787514193887e-39
1.127902732027423531e-05 6.206896551724137900e+00 2.047654144431362319e-39
1.809250967241484321e-05 6.206896551724137900e+00 2.788936699323766571e-39
2.902190915505870381e-05 6.206896551724137900e+00 3.884973118825747487e-39
4.655358633239633104e-05 6.206896551724137900e+00 5.541600264287862837e-39
7.467587293546882254e-05 6.206896551724137900e+00 8.154781873964547546e-39
1.197863889337701538e-04 6.206896551724137900e+00 1.251155480229784166e-38
1.921474555267933576e-04 6.206896551724137900e+00 2.013334741418022188e-38
3.082207001484487665e-04 6.206896551724137900e+00 3.418235088814152321e-38
4.944119595003068374e-04 6.206896551724137900e+00 6.121850744755894851e-38
7.930784193897465759e-04 6.206896551724137900e+00 1.137930162759419026e-37
1.272164572914925894e-03 6.206896551724137900e+00 2.138153633625731760e-37
2.040659108874928827e-03 6.206896551724137900e+00 3.779161494377005239e-37
3.273389062464240624e-03 6.206896551724137900e+00 5.925583815968428459e-37
5.250791720998434879e-03 6.206896551724137900e+00 7.968216210877955653e-37
8.422712110044801997e-03 6.206896551724137900e+00 9.397143102582240577e-37
1.351073953380988769e-02 6.206896551724137900e+00 1.030713481796557503e-36
2.167236400407883054e-02 6.206896551724137900e+00 1.099598193048521942e-36
3.476429697648406730e-02 6.206896551724137900e+00 1.173926297898613986e-36
5.576485998674273609e-02 6.206896551724137900e+00 1.286343167896417624e-36
8.945153159416868727e-02 6.206896551724137900e+00 1.477892715132970786e-36
1.434877897379245315e-01 6.206896551724137900e+00 1.863893997204523405e-36
2.301664984036679573e-01 6.206896551724137900e+00 2.758267597053719438e-36
3.692064466542103185e-01 6.206896551724137900e+00 5.461484871034600923e-36
5.922382327421110704e-01 6.206896551724137900e+00 1.776605257201438978e-35
9.499999999999999556e-01 6.206896551724137900e+00 0.000000000000000000e+00
9.999999999999999547e-08 1.241379310344827580e+01 3.023761731472321875e-40
1.604084213883694317e-07 1.241379310344827580e+01 3.851150893159081461e-40
2.573086165230875009e-07 1.241379310344827580e+01 4.915915481707358545e-40
4.127446898609377784e-07 1.241379310344827580e+01 6.283473510166096663e-40
6.620772413702529316e-07 1.241379310344827580e+01 8.062714777927724087e-40
1.062027651253687205e-06 1.241379310344827580e+01 1.037443967090863819e-39
1.703581790084017086e-06 1.241379310344827580e+01 1.342522481969619625e-39
2.732688656533503320e-06 1.241379310344827580e+01 1.748619752977350354e-39
4.383462735404433317e-06 1.241379310344827580e+01 2.287877449942046100e-39
7.031443376009703544e-06 1.241379310344827580e+01 3.029640416986441029e-39
1.127902732027423531e-05 1.241379310344827580e+01 4.058242190262610685e-39
1.809250967241484321e-05 1.241379310344827580e+01 5.498487575795916424e-39
2.902190915505870381e-05 1.241379310344827580e+01 7.650135147230223725e-39
4.655358633239633104e-05 1.241379310344827580e+01 1.082173931470013446e-38
7.467587293546882254e-05 1.241379310344827580e+01 1.583610024975555181e-38
1.197863889337701538e-04 1.241379310344827580e+01 2.394838211390551306e-38
1.921474555267933576e-04 1.241379310344827580e+01 3.784734273979987935e-38
3.082207001484487665e-04 1.241379310344827580e+01 6.190480345716677545e-38
4.944119595003068374e-04 1.241379310344827580e+01 1.035638024106822219e-37
7.930784193897465759e-04 1.241379310344827580e+01 1.705243925707570832e-37
1.272164572914925894e-03 1.241379310344827580e+01 2.623846957981170290e-37
2.040659108874928827e-03 1.241379310344827580e+01 3.606547275389711201e-37
3.273389062464240624e-03 1.241379310344827580e+01 4.376761932527467902e-37
5.250791720998434879e-03 1.241379310344827580e+01 4.857373452166407458e-37
8.422712110044801997e-03 1.241379310344827580e+01 5.148862356010940856e-37
1.351073953380988769e-02 1.241379310344827580e+01 5.361540654741103131e-37
2.167236400407883054e-02 1.241379310344827580e+01 5.575114513711119354e-37
3.476429697648406730e-02 1.241379310344827580e+01 5.911450689977862951e-37
5.576485998674273609e-02 1.241379310344827580e+01 6.441552870713518643e-37
8.945153159416868727e-02 1.241379310344827580e+01 7.400516767010423864e-37
1.434877897379245315e-01 1.241379310344827580e+01 9.319210915257233244e-37
2.301664984036679573e-01 1.241379310344827580e+01 1.376219023284668823e-36
3.692064466542103185e-01 1.241379310344827580e+01 2.729241165085531749e-36
5.922382327421110704e-01 1.241379310344827580e+01 8.943151956673493501e-36
9.499999999999999556e-01 1.241379310344827580e+01 0.000000000000000000e+00
9.999999999999999547e-08 1.862068965517241281e+01 4.478663789310894944e-40
1.604084213883694317e-07 1.862068965517241281e+01 5.696708491091288813e-40
2.573086165230875009e-07 1.862068965517241281e+01 7.293919515289444241e-40
4.127446898609377784e-07 1.862068965517241281e+01 9.325285996219740225e-40
6.620772413702529316e-07 1.862068965517241281e+01 1.193422776212840407e-39
1.062027651253687205e-06 1.862068965517241281e+01 1.535790653498041818e-39
1.703581790084017086e-06 1.862068965517241281e+01 1.989656329053170199e-39
2.732688656533503320e-06 1.862068965517241281e+01 2.580432817484007147e-39
4.383462735404433317e-06 1.862068965517241281e+01 3.381554177394384400e-39
7.031443376009703544e-06 1.862068965517241281e+01 4.464304272747622920e-39
1.127902732027423531e-05 1.862068965517241281e+01 5.975849287636742279e-39
1.809250967241484321e-05 1.862068965517241281e+01 8.073510589768760523e-39
2.902190915505870381e-05 1.862068965517241281e+01 1.113706082781431463e-38
4.655358633239633104e-05 1.862068965517241281e+01 1.568685858229997063e-38
7.467587293546882254e-05 1.862068965517241281e+01 2.264691236643573586e-38
1.197863889337701538e-04 1.862068965517241281e+01 3.375831624394788261e-38
1.921474555267933576e-04 1.862068965517241281e+01 5.143227746720591173e-38
3.082207001484487665e-04 1.862068965517241281e+01 7.990331952383183698e-38
4.944119595003068374e-04 1.862068965517241281e+01 1.231940562832004217e-37
7.930784193897465759e-04 1.862068965517241281e+01 1.799255585903544381e-37
1.272164572914925894e-03 1.862068965517241281e+01 2.398597106783682496e-37
2.040659108874928827e-03 1.862068965517241281e+01 2.880387730695606433e-37
3.273389062464240624e-03 1.862068965517241281e+01 3.195200751181404984e-37
5.250791720998434879e-03 1.862068965517241281e+01 3.363393299103703347e-37
8.422712110044801997e-03 1.862068965517241281e+01 3.483170703592337826e-37
1.351073953380988769e-02 1.862068965517241281e+01 3.576307212665964842e-37
2.167236400407883054e-02 1.862068965517241281e+01 3.718748737833230067e-37
3.476429697648406730e-02 1.862068965517241281e+01 3.925298517093605315e-37
5.576485998674273609e-02 1.862068965517241281e+01 4.281797665886661639e-37
8.945153159416868727e-02 1.862068965517241281e+01 4.923094006189626882e-37
1.434877897379245315e-01 1.862068965517241281e+01 6.207374640223750771e-37
2.301664984036679573e-01 1.862068965517241281e+01 9.207489104376260443e-37
3.692064466542103185e-01 1.862068965517241281e+01 1.821223183128998580e-36
5.922382327421110704e-01 1.862068965517241281e+01 6.037128912345379935e-36
9.499999999999999556e-01 1.862068965517241281e+01 0.000000000000000000e+00
9.999999999999999547e-08 2.482758620689655160e+01 5.891056189042405032e-40
1.604084213883694317e-07 2.482758620689655160e+01 7.513003574736454967e-40
2.573086165230875009e-07 2.482758620689655160e+01 9.538693025674281562e-40
4.127446898609377784e-07 2.482758620689655160e+01 1.222548856220252567e-39
6.620772413702529316e-07 2.482758620689655160e+01 1.565578723800502758e-39
1.062027651253687205e-06 2.482758620689655160e+01 2.015131368885336984e-39
1.703581790084017086e-06 2.482758620689655160e+01 2.607206008537448576e-39
2.732688656533503320e-06 2.482758620689655160e+01 3.376305294922916945e-39
4.383462735404433317e-06 2.482758620689655160e+01 4.407278619436173725e-39
7.031443376009703544e-06 2.482758620689655160e+01 5.817466780270562048e-39
1.127902732027423531e-05 2.482758620689655160e+01 7.729299942829512768e-39
1.809250967241484321e-05 2.482758620689655160e+01 1.041755631736816543e-38
2.902190915505870381e-05 2.482758620689655160e+01 1.430344695367861798e-38
4.655358633239633104e-05 2.482758620689655160e+01 1.992228199317048452e-38
7.467587293546882254e-05 2.482758620689655160e+01 2.838173301436231103e-38
1.197863889337701538e-04 2.482758620689655160e+01 4.118564221447315617e-38
1.921474555267933576e-04 2.482758620689655160e+01 6.062071469856238182e-38
3.082207001484487665e-04 2.482758620689655160e+01 8.936995179097604060e-38
4.944119595003068374e-04 2.482758620689655160e+01 1.270790683016388202e-37
7.930784193897465759e-04 2.482758620689655160e+01 1.684285997957551511e-37
1.272164572914925894e-03 2.482758620689655160e+01 2.056413589540574000e-37
2.040659108874928827e-03 2.482758620689655160e+01 2.310902077363915198e-37
3.273389062464240624e-03 2.482758620689655160e+01 2.457558230069444319e-37
5.250791720998434879e-03 2.482758620689655160e+01 2.546208107785059582e-37
8.422712110044801997e-03 2.482758620689655160e+01 2.607030088928261998e-37
1.351073953380988769e-02 2.482758620689655160e+01 2.676429259877274608e-37
2.167236400407883054e-02 2.482758620689655160e+01 2.771751214164963681e-37
3.476429697648406730e-02 2.482758620689655160e+01 2.931352650823918013e-37
5.576485998674273609e-02 2.482758620689655160e+01 3.194000345236271531e-37
8.945153159416868727e-02 2.482758620689655160e+01 3.685644053741753192e-37
1.434877897379245315e-01 2.482758620689655160e+01 4.651929135525029973e-37
2.301664984036679573e-01 2.482758620689655160e+01 6.901866893971297009e-37
3.692064466542103185e-01 2.482758620689655160e+01 1.362392514479925581e-36
5.922382327421110704e-01 2.482758620689655160e+01 4.514491662323503303e-36
9.499999999999999556e-01 2.482758620689655160e+01 5.806054406513810257e-35
9.999999999999999547e-08 3.103448275862069039e+01 7.232990672286727480e-40
1.604084213883694317e-07 3.103448275862069039e+01 9.195484944977692750e-40
2.573086165230875009e-07 3.103448275862069039e+01 1.174269687388840271e-39
4.127446898609377784e-07 3.103448275862069039e+01 1.497579036526483136e-39
6.620772413702529316e-07 3.103448275862069039e+01 1.915573230360195360e-39
1.062027651253687205e-06 3.103448275862069039e+01 2.464729087474890494e-39
1.703581790084017086e-06 3.103448275862069039e+01 3.176843638516427584e-39
2.732688656533503320e-06 3.103448275862069039e+01 4.118356247726325657e-39
4.383462735404433317e-06 3.103448275862069039e+01 5.372617207975619048e-39
7.031443376009703544e-06 3.103448275862069039e+01 7.048855435805102972e-39
1.127902732027423531e-05 3.103448275862069039e+01 9.363858602858077593e-39
1.809250967241484321e-05 3.103448275862069039e+01 1.256185065323900223e-38
2.902190915505870381e-05 3.103448275862069039e+01 1.701097151348601595e-38
4.655358633239633104e-05 3.103448275862069039e+01 2.346179693304006055e-38
7.467587293546882254e-05 3.103448275862069039e+01 3.282348091871689074e-38
1.197863889337701538e-04 3.103448275862069039e+01 4.649926626884211318e-38
1.921474555267933576e-04 3.103448275862069039e+01 6.590348318598617010e-38
3.082207001484487665e-04 3.103448275862069039e+01 9.195665060913073638e-38
4.944119595003068374e-04 3.103448275862069039e+01 1.223900561575525094e-37
7.930784193897465759e-04 3.103448275862069039e+01 1.521971995856936540e-37
1.272164572914925894e-03 3.103448275862069039e+01 1.752437134664159434e-37
2.040659108874928827e-03 3.103448275862069039e+01 1.895292003744069840e-37
3.273389062464240624e-03 3.103448275862069039e+01 1.982859386716035930e-37
5.250791720998434879e-03 3.103448275862069039e+01 2.028781175831681405e-37
8.422712110044801997e-03 3.103448275862069039e+01 2.075199101849953142e-37
1.351073953380988769e-02 3.103448275862069039e+01 2.126188582511666400e-37
2.167236400407883054e-02 3.103448275862069039e+01 2.196794936752745590e-37
3.476429697648406730e-02 3.103448275862069039e+01 2.329371414890283155e-37
5.576485998674273609e-02 3.103448275862069039e+01 2.540112366758263194e-37
8.945153159416868727e-02 3.103448275862069039e+01 2.934955924741002225e-37
1.434877897379245315e-01 3.103448275862069039e+01 3.710646690771901139e-37
2.301664984036679573e-01 3.103448275862069039e+01 5.499023949041063905e-37
3.692064466542103185e-01 3.103448275862069039e+01 1.087900828701813572e-36
5.922382327421110704e-01 3.103448275862069039e+01 3.502180412635029284e-36
9.499999999999999556e-01 3.103448275862069039e+01 2.046502279888612759e-36
9.999999999999999547e-08 3.724137931034482563e+01 8.446979397215951867e-40
1.604084213883694317e-07 3.724137931034482563e+01 1.075865957576555756e-39
2.573086165230875009e-07 3.724137931034482563e+01 1.371744398095691234e-39
4.127446898609377784e-07 3.724137931034482563e+01 1.748387763776324605e-39
6.620772413702529316e-07 3.724137931034482563e+01 2.241129267919271163e-39
1.062027651253687205e-06 3.724137931034482563e+01 2.884706174503935629e-39
1.703581790084017086e-06 3.724137931034482563e+01 3.706588829713675402e-39
2.732688656533503320e-06 3.724137931034482563e+01 4.792429799199432863e-39
4.383462735404433317e-06 3.724137931034482563e+01 6.241097749753672363e-39
7.031443376009703544e-06 3.724137931034482563e+01 8.140729000076900361e-39
1.127902732027423531e-05 3.724137931034482563e+01 1.076768860452638081e-38
1.809250967241484321e-05 3.724137931034482563e+01 1.431795023154735081e-38
2.902190915505870381e-05 3.724137931034482563e+01 1.924831066472556928e-38
4.655358633239633104e-05 3.724137931034482563e+01 2.626359430254620011e-38
7.467587293546882254e-05 3.724137931034482563e+01 3.606318141773993875e-38
1.197863889337701538e-04 3.724137931034482563e+01 4.963865444933577697e-38
1.921474555267933576e-04 3.724137931034482563e+01 6.791900297793842588e-38
3.082207001484487665e-04 3.724137931034482563e+01 9.063776460333440806e-38
4.944119595003068374e-04 3.724137931034482563e+01 1.145048732414757710e-37
7.930784193897465759e-04 3.724137931034482563e+01 1.351022961861317384e-37
1.272164572914925894e-03 3.724137931034482563e+01 1.504580739264881685e-37
2.040659108874928827e-03 3.724137931034482563e+01 1.595627072018028722e-37
3.273389062464240624e-03 3.724137931034482563e+01 1.650564262641445022e-37
5.250791720998434879e-03 3.724137931034482563e+01 1.683688342347923351e-37
8.422712110044801997e-03 3.724137931034482563e+01 1.715777947016307971e-37
1.351073953380988769e-02 3.724137931034482563e+01 1.754701471801277350e-37
2.167236400407883054e-02 3.724137931034482563e+01 1.820733206276854941e-37
3.476429697648406730e-02 3.724137931034482563e+01 1.925376480915153931e-37
5.576485998674273609e-02 3.724137931034482563e+01 2.103041524329100661e-37
8.945153159416868727e-02 3.724137931034482563e+01 2.430479090892059859e-37
1.434877897379245315e-01 3.724137931034482563e+01 3.078760062954017474e-37
2.301664984036679573e-01 3.724137931034482563e+01 4.586014455090561672e-37
3.692064466542103185e-01 3.724137931034482563e+01 9.068605835258357154e-37
5.922382327421110704e-01 3.724137931034482563e+01 3.093420358879894310e-36
9.499999999999999556e-01 3.724137931034482563e+01 0.000000000000000000e+00
9.999999999999999547e-08 4.344827586206896797e+01 9.576042210584853802e-40
1.604084213883694317e-07 4.344827586206896797e+01 1.219881924366698048e-39
2.573086165230875009e-07 4.344827586206896797e+01 1.553012073263009724e-39
4.127446898609377784e-07 4.344827586206896797e+01 1.985678680462056976e-39
6.620772413702529316e-07 4.344827586206896797e+01 2.538008151300209996e-39
1.062027651253687205e-06 4.344827586206896797e+01 3.247339104472548253e-39
1.703581790084017086e-06 4.344827586206896797e+01 4.181962931680813173e-39
2.732688656533503320e-06 4.344827586206896797e+01 5.399049540793485218e-39
4.383462735404433317e-06 4.344827586206896797e+01 6.981384893511706145e-39
7.031443376009703544e-06 4.344827586206896797e+01 9.126461999473696503e-39
1.127902732027423531e-05 4.344827586206896797e+01 1.194473333167062430e-38
1.809250967241484321e-05 4.344827586206896797e+01 1.582764473111563037e-38
2.902190915505870381e-05 4.344827586206896797e+01 2.109084911424617441e-38
4.655358633239633104e-05 4.344827586206896797e+01 2.828585207527411391e-38
7.467587293546882254e-05 4.344827586206896797e+01 3.807001372655097664e-38
1.197863889337701538e-04 4.344827586206896797e+01 5.115241410153642506e-38
1.921474555267933576e-04 4.344827586206896797e+01 6.768085474711976124e-38
3.082207001484487665e-04 4.344827586206896797e+01 8.672876508097994505e-38
4.944119595003068374e-04 4.344827586206896797e+01 1.052168973832113892e-37
7.930784193897465759e-04 4.344827586206896797e+01 1.203528564408252820e-37
1.272164572914925894e-03 4.344827586206896797e+01 1.308634938103177401e-37
2.040659108874928827e-03 4.344827586206896797e+01 1.363877029291264884e-37
3.273389062464240624e-03 4.344827586206896797e+01 1.405096343737565521e-37
5.250791720998434879e-03 4.344827586206896797e+01 1.428177803241318635e-37
8.422712110044801997e-03 4.344827586206896797e+01 1.453934181828118515e-37
1.351073953380988769e-02 4.344827586206896797e+01 1.488448036920716747e-37
2.167236400407883054e-02 4.344827586206896797e+01 1.543079922902624335e-37
3.476429697648406730e-02 4.344827586206896797e+01 1.633279699178348451e-37
5.576485998674273609e-02 4.344827586206896797e+01 1.785286042004104591e-37
8.945153159416868727e-02 4.344827586206896797e+01 2.070587740205366748e-37
1.434877897379245315e-01 4.344827586206896797e+01 2.624551664438633600e-37
2.301664984036679573e-01 4.344827586206896797e+01 3.917825526619599276e-37
3.692064466542103185e-01 4.344827586206896797e+01 7.777692982519468802e-37
5.922382327421110704e-01 4.344827586206896797e+01 5.677036620461088127e-36
9.499999999999999556e-01 4.344827586206896797e+01 0.000000000000000000e+00
9.999999999999999547e-08 4.965517241379310320e+01 1.060390218156757523e-39
1.604084213883694317e-07 4.965517241379310320e+01 1.351023707074066020e-39
2.573086165230875009e-07 4.965517241379310320e+01 1.717333835263438526e-39
4.127446898609377784e-07 4.965517241379310320e+01 2.183244624751517257e-39
6.620772413702529316e-07 4.965517241379310320e+01 2.795768581548458950e-39
1.062027651253687205e-06 4.965517241379310320e+01 3.582396756384331508e-39
1.703581790084017086e-06 4.965517241379310320e+01 4.592978104899380935e-39
2.732688656533503320e-06 4.965517241379310320e+01 5.914942303878935505e-39
4.383462735404433317e-06 4.965517241379310320e+01 7.648052158116103130e-39
7.031443376009703544e-06 4.965517241379310320e+01 9.908642870901398210e-39
1.127902732027423531e-05 4.965517241379310320e+01 1.290611828797782470e-38
1.809250967241484321e-05 4.965517241379310320e+01 1.696502549690502684e-38
2.902190915505870381e-05 4.965517241379310320e+01 2.238740817238586462e-38
4.655358633239633104e-05 4.965517241379310320e+01 2.970183575155581813e-38
7.467587293546882254e-05 4.965517241379310320e+01 3.921242603967934627e-38
1.197863889337701538e-04 4.965517241379310320e+01 5.139458360344247571e-38
1.921474555267933576e-04 4.965517241379310320e+01 6.605568141704473569e-38
3.082207001484487665e-04 4.965517241379310320e+01 8.156493559748935454e-38
4.944119595003068374e-04 4.965517241379310320e+01 9.596945205965162986e-38
7.930784193897465759e-04 4.965517241379310320e+01 1.070701648665180880e-37
1.272164572914925894e-03 4.965517241379310320e+01 1.143029419169786009e-37
2.040659108874928827e-03 4.965517241379310320e+01 1.187075886691504848e-37
3.273389062464240624e-03 4.965517241379310320e+01 1.215360084360261253e-37
5.250791720998434879e-03 4.965517241379310320e+01 1.231677838737331374e-37
8.422712110044801997e-03 4.965517241379310320e+01 1.255137717244549550e-37
1.351073953380988769e-02 4.965517241379310320e+01 1.283045480033444492e-37
2.167236400407883054e-02 4.965517241379310320e+01 1.329277576150357786e-37
3.476429697648406730e-02 4.965517241379310320e+01 1.407901573453531326e-37
5.576485998674273609e-02 4.965517241379310320e+01 1.544087281184475582e-37
8.945153159416868727e-02 4.965517241379310320e+01 1.791275315280392361e-37
1.434877897379245315e-01 4.965517241379310320e+01 2.283034680817531663e-37
2.301664984036679573e-01 4.965517241379310320e+01 3.396197540323422846e-37
3.692064466542103185e-01 4.965517241379310320e+01 6.796742102513865939e-37
5.922382327421110704e-01 4.965517241379310320e+01 1.214141752730433628e-35
9.499999999999999556e-01 4.965517241379310320e+01 0.000000000000000000e+00
9.999999999999999547e-08 5.586206896551724554e+01 1.148275422712734521e-39
1.604084213883694317e-07 5.586206896551724554e+01 1.458513957023471837e-39
2.573086165230875009e-07 5.586206896551724554e+01 1.855966486194400147e-39
4.127446898609377784e-07 5.586206896551724554e+01 2.365111386899813034e-39
6.620772413702529316e-07 5.586206896551724554e+01 3.017820117428148720e-39
1.062027651253687205e-06 5.586206896551724554e+01 3.852926469777673805e-39
1.703581790084017086e-06 5.586206896551724554e+01 4.941044016943154717e-39
2.732688656533503320e-06 5.586206896551724554e+01 6.340125900584413852e-39
4.383462735404433317e-06 5.586206896551724554e+01 8.162070363199398421e-39
7.031443376009703544e-06 5.586206896551724554e+01 1.055902389556963726e-38
1.127902732027423531e-05 5.586206896551724554e+01 1.366690802603722593e-38
1.809250967241484321e-05 5.586206896551724554e+01 1.781582784684258276e-38
2.902190915505870381e-05 5.586206896551724554e+01 2.330837641568663916e-38
4.655358633239633104e-05 5.586206896551724554e+01 3.035068832791144641e-38
7.467587293546882254e-05 5.586206896551724554e+01 3.944766191687194669e-38
1.197863889337701538e-04 5.586206896551724554e+01 5.049131823660723352e-38
1.921474555267933576e-04 5.586206896551724554e+01 6.317134480057214677e-38
3.082207001484487665e-04 5.586206896551724554e+01 7.604501644933317295e-38
4.944119595003068374e-04 5.586206896551724554e+01 8.729473697675183828e-38
7.930784193897465759e-04 5.586206896551724554e+01 9.572143767509822679e-38
1.272164572914925894e-03 5.586206896551724554e+01 1.010284500693075288e-37
2.040659108874928827e-03 5.586206896551724554e+01 1.040286197406015924e-37
3.273389062464240624e-03 5.586206896551724554e+01 1.062991928487088356e-37
5.250791720998434879e-03 5.586206896551724554e+01 1.077743052356238282e-37
8.422712110044801997e-03 5.586206896551724554e+01 1.094595130851517253e-37
1.351073953380988769e-02 5.586206896551724554e+01 1.119891276230149982e-37
2.167236400407883054e-02 5.586206896551724554e+01 1.162432222964439720e-37
3.476429697648406730e-02 5.586206896551724554e+01 1.232894341998051496e-37
5.576485998674273609e-02 5.586206896551724554e+01 1.355896499973557749e-37
8.945153159416868727e-02 5.586206896551724554e+01 1.571754965852592150e-37
1.434877897379245315e-01 5.586206896551724554e+01 2.008365493183036484e-37
2.301664984036679573e-01 5.586206896551724554e+01 3.001039224094797622e-37
3.692064466542103185e-01 5.586206896551724554e+01 5.929289064014902818e-37
5.922382327421110704e-01 5.586206896551724554e+01 1.480459364141277261e-35
9.499999999999999556e-01 5.586206896551724554e+01 0.000000000000000000e+00
9.999999999999999547e-08 6.206896551724138078e+01 1.223971569572515790e-39
1.604084213883694317e-07 6.206896551724138078e+01 1.555013134283931066e-39
2.573086165230875009e-07 6.206896551724138078e+01 1.972456879244033601e-39
4.127446898609377784e-07 6.206896551724138078e+01 2.517329256961166193e-39
6.620772413702529316e-07 6.206896551724138078e+01 3.203112416678920740e-39
1.062027651253687205e-06 6.206896551724138078e+01 4.083086584616322484e-39
1.703581790084017086e-06 6.206896551724138078e+01 5.230336287917279735e-39
2.732688656533503320e-06 6.206896551724138078e+01 6.685878238431793756e-39
4.383462735404433317e-06 6.206896551724138078e+01 8.586088530915375848e-39
7.031443376009703544e-06 6.206896551724138078e+01 1.103274844244597544e-38
1.127902732027423531e-05 6.206896551724138078e+01 1.422569045816552336e-38
1.809250967241484321e-05 6.206896551724138078e+01 1.840445936769561606e-38
2.902190915505870381e-05 6.206896551724138078e+01 2.377243339933433985e-38
4.655358633239633104e-05 6.206896551724138078e+01 3.053757456354837706e-38
7.467587293546882254e-05 6.206896551724138078e+01 3.901918542528393008e-38
1.197863889337701538e-04 6.206896551724138078e+01 4.900520234372370525e-38
1.921474555267933576e-04 6.206896551724138078e+01 5.979630700276233887e-38
3.082207001484487665e-04 6.206896551724138078e+01 7.048627867733797687e-38
4.944119595003068374e-04 6.206896551724138078e+01 7.933813509181421616e-38
7.930784193897465759e-04 6.206896551724138078e+01 8.587490368093196127e-38
1.272164572914925894e-03 6.206896551724138078e+01 8.963488750826355135e-38
2.040659108874928827e-03 6.206896551724138078e+01 9.221930167448394803e-38
3.273389062464240624e-03 6.206896551724138078e+01 9.375606727143809498e-38
5.250791720998434879e-03 6.206896551724138078e+01 9.484355718202389062e-38
8.422712110044801997e-03 6.206896551724138078e+01 9.675709305547918473e-38
1.351073953380988769e-02 6.206896551724138078e+01 9.891935235085237437e-38
2.167236400407883054e-02 6.206896551724138078e+01 1.027278899171323296e-37
3.476429697648406730e-02 6.206896551724138078e+01 1.090600667703302440e-37
5.576485998674273609e-02 6.206896551724138078e+01 1.198616710031274365e-37
8.945153159416868727e-02 6.206896551724138078e+01 1.397298494117103298e-37
1.434877897379245315e-01 6.206896551724138078e+01 1.787819670597815525e-37
2.301664984036679573e-01 6.206896551724138078e+01 2.680114142342570984e-37
3.692064466542103185e-01 6.206896551724138078e+01 5.113052650257779281e-37
5.922382327421110704e-01 6.206896551724138078e+01 1.126074619094267860e-35
9.499999999999999556e-01 6.206896551724138078e+01 0.000000000000000000e+00
9.999999999999999547e-08 6.827586206896552312e+01 1.284585295760503587e-39
1.604084213883694317e-07 6.827586206896552312e+01 1.628518824184608521e-39
2.573086165230875009e-07 6.827586206896552312e+01 2.076362192739781554e-39
4.127446898609377784e-07 6.827586206896552312e+01 2.629602328373268311e-39
6.620772413702529316e-07 6.827586206896552312e+01 3.359760732752476144e-39
1.062027651253687205e-06 6.827586206896552312e+01 4.262301486272482484e-39
1.703581790084017086e-06 6.827586206896552312e+01 5.421009632246515483e-39
2.732688656533503320e-06 6.827586206896552312e+01 6.933609996350179496e-39
4.383462735404433317e-06 6.827586206896552312e+01 8.864721144935503517e-39
7.031443376009703544e-06 6.827586206896552312e+01 1.136812094793113899e-38
1.127902732027423531e-05 6.827586206896552312e+01 1.455647009112002945e-38
1.809250967241484321e-05 6.827586206896552312e+01 1.862539228219997060e-38
2.902190915505870381e-05 6.827586206896552312e+01 2.381778568314729108e-38
4.655358633239633104e-05 6.827586206896552312e+01 3.031760901960024245e-38
7.467587293546882254e-05 6.827586206896552312e+01 3.806640608686117487e-38
1.197863889337701538e-04 6.827586206896552312e+01 4.701812860456657662e-38
1.921474555267933576e-04 6.827586206896552312e+01 5.636203023614153029e-38
3.082207001484487665e-04 6.827586206896552312e+01 6.506444364813576630e-38
4.944119595003068374e-04 6.827586206896552312e+01 7.212407432659819135e-38
7.930784193897465759e-04 6.827586206896552312e+01 7.718134433534544960e-38
1.272164572914925894e-03 6.827586206896552312e+01 8.029655424077340174e-38
2.040659108874928827e-03 6.827586206896552312e+01 8.190151084159225043e-38
3.273389062464240624e-03 6.827586206896552312e+01 8.343978990644582729e-38
5.250791720998434879e-03 6.827586206896552312e+01 8.448997437806709476e-38
8.422712110044801997e-03 6.827586206896552312e+01 8.581467172214335832e-38
1.351073953380988769e-02 6.827586206896552312e+01 8.802806579530453877e-38
2.167236400407883054e-02 6.827586206896552312e+01 9.150577956158168852e-38
3.476429697648406730e-02 6.827586206896552312e+01 9.707985160813816014e-38
5.576485998674273609e-02 6.827586206896552312e+01 1.069565454605184110e-37
8.945153159416868727e-02 6.827586206896552312e+01 1.245254423240628334e-37
1.434877897379245315e-01 6.827586206896552312e+01 1.602003407767632066e-37
2.301664984036679573e-01 6.827586206896552312e+01 2.414459349091007254e-37
3.692064466542103185e-01 6.827586206896552312e+01 4.770757346897090877e-37
5.922382327421110704e-01 6.827586206896552312e+01 7.156160186129878978e-36
9.499999999999999556e-01 6.827586206896552312e+01 0.000000000000000000e+00
9.999999999999999547e-08 7.448275862068965125e+01 1.327930816744977281e-39
1.604084213883694317e-07 7.448275862068965125e+01 1.685182020946011800e-39
2.573086165230875009e-07 7.448275862068965125e+01 2.139761446806958671e-39
4.127446898609377784e-07 7.448275862068965125e+01 2.715193056715749453e-39
6.620772413702529316e-07 7.448275862068965125e+01 3.454093735307504855e-39
1.062027651253687205e-06 7.448275862068965125e+01 4.381442835103807523e-39
1.703581790084017086e-06 7.448275862068965125e+01 5.585504239199249553e-39
2.732688656533503320e-06 7.448275862068965125e+01 7.112460793283557252e-39
4.383462735404433317e-06 7.448275862068965125e+01 9.046395147292283300e-39
7.031443376009703544e-06 7.448275862068965125e+01 1.151492218673265253e-38
1.127902732027423531e-05 7.448275862068965125e+01 1.467256109227217511e-38
1.809250967241484321e-05 7.448275862068965125e+01 1.862347003405567418e-38
2.902190915505870381e-05 7.448275862068965125e+01 2.366569498875313555e-38
4.655358633239633104e-05 7.448275862068965125e+01 2.964697143887705784e-38
7.467587293546882254e-05 7.448275862068965125e+01 3.669088605900061971e-38
1.197863889337701538e-04 7.448275862068965125e+01 4.466394976947138621e-38
1.921474555267933576e-04 7.448275862068965125e+01 5.261021037834276307e-38
3.082207001484487665e-04 7.448275862068965125e+01 5.973400663528380982e-38
4.944119595003068374e-04 7.448275862068965125e+01 6.552900524747322166e-38
7.930784193897465759e-04 7.448275862068965125e+01 6.943020337580619939e-38
1.272164572914925894e-03 7.448275862068965125e+01 7.207743502409030442e-38
2.040659108874928827e-03 7.448275862068965125e+01 7.340513592940475550e-38
3.273389062464240624e-03 7.448275862068965125e+01 7.443417978804901777e-38
5.250791720998434879e-03 7.448275862068965125e+01 7.541069135721093619e-38
8.422712110044801997e-03 7.448275862068965125e+01 7.673002911298002909e-38
1.351073953380988769e-02 7.448275862068965125e+01 7.850237130408870706e-38
2.167236400407883054e-02 7.448275862068965125e+01 8.175313086139158020e-38
3.476429697648406730e-02 7.448275862068965125e+01 8.690678310231022062e-38
5.576485998674273609e-02 7.448275862068965125e+01 9.569687008464278494e-38
8.945153159416868727e-02 7.448275862068965125e+01 1.125780372784033524e-37
1.434877897379245315e-01 7.448275862068965125e+01 1.441736454549959361e-37
2.301664984036679573e-01 7.448275862068965125e+01 2.198612310772090453e-37
3.692064466542103185e-01 7.448275862068965125e+01 6.414406759933331443e-37
5.922382327421110704e-01 7.448275862068965125e+01 3.843922762125838912e-36
9.499999999999999556e-01 7.448275862068965125e+01 0.000000000000000000e+00
9.999999999999999547e-08 8.068965517241380780e+01 1.355252587055575630e-39
1.604084213883694317e-07 8.068965517241380780e+01 1.718763456045357805e-39
2.573086165230875009e-07 8.068965517241380780e+01 2.183502043731801600e-39
4.127446898609377784e-07 8.068965517241380780e+01 2.768469078174109055e-39
6.620772413702529316e-07 8.068965517241380780e+01 3.511186645558505576e-39
1.062027651253687205e-06 8.068965517241380780e+01 4.447935454684698950e-39
1.703581790084017086e-06 8.068965517241380780e+01 5.647258052417154945e-39
2.732688656533503320e-06 8.068965517241380780e+01 7.175776992664300121e-39
4.383462735404433317e-06 8.068965517241380780e+01 9.093889184979151506e-39
7.031443376009703544e-06 8.068965517241380780e+01 1.152059930644867483e-38
1.127902732027423531e-05 8.068965517241380780e+01 1.460776231116114920e-38
1.809250967241484321e-05 8.068965517241380780e+01 1.840846582664065080e-38
2.902190915505870381e-05 8.068965517241380780e+01 2.306568241247802822e-38
4.655358633239633104e-05 8.068965517241380780e+01 2.870731186892663355e-38
7.467587293546882254e-05 8.068965517241380780e+01 3.510557756992168703e-38
1.197863889337701538e-04 8.068965517241380780e+01 4.203630659352456091e-38
1.921474555267933576e-04 8.068965517241380780e+01 4.888997628723175680e-38
3.082207001484487665e-04 8.068965517241380780e+01 5.488302837964235329e-38
4.944119595003068374e-04 8.068965517241380780e+01 5.958782487790715420e-38
7.930784193897465759e-04 8.068965517241380780e+01 6.273537302774425267e-38
1.272164572914925894e-03 8.068965517241380780e+01 6.463882047836052660e-38
2.040659108874928827e-03 8.068965517241380780e+01 6.568813648455613156e-38
3.273389062464240624e-03 8.068965517241380780e+01 6.675974639597799509e-38
5.250791720998434879e-03 8.068965517241380780e+01 6.742172895755932581e-38
8.422712110044801997e-03 8.068965517241380780e+01 6.862358197804753738e-38
1.351073953380988769e-02 8.068965517241380780e+01 7.035559110661435631e-38
2.167236400407883054e-02 8.068965517241380780e+01 7.322438952554877709e-38
3.476429697648406730e-02 8.068965517241380780e+01 7.817305393551610569e-38
5.576485998674273609e-02 8.068965517241380780e+01 8.624136036302800002e-38
8.945153159416868727e-02 8.068965517241380780e+01 1.010173105890515990e-37
1.434877897379245315e-01 8.068965517241380780e+01 1.299455125685711167e-37
2.301664984036679573e-01 8.068965517241380780e+01 1.990999542289872739e-37
3.692064466542103185e-01 8.068965517241380780e+01 1.093691766812469802e-36
5.922382327421110704e-01 8.068965517241380780e+01 1.744430689029756089e-36
9.499999999999999556e-01 8.068965517241380780e+01 0.000000000000000000e+00
9.999999999999999547e-08 8.689655172413793593e+01 1.372396274936056001e-39
1.604084213883694317e-07 8.689655172413793593e+01 1.733905043681012240e-39
2.573086165230875009e-07 8.689655172413793593e+01 2.194442216120573137e-39
4.127446898609377784e-07 8.689655172413793593e+01 2.786713801594620346e-39
6.620772413702529316e-07 8.689655172413793593e+01 3.526630513675713491e-39
1.062027651253687205e-06 8.689655172413793593e+01 4.464797824132101102e-39
1.703581790084017086e-06 8.689655172413793593e+01 5.649276992831924975e-39
2.732688656533503320e-06 8.689655172413793593e+01 7.154892495192871038e-39
4.383462735404433317e-06 8.689655172413793593e+01 9.060532679364059815e-39
7.031443376009703544e-06 8.689655172413793593e+01 1.143777427177528666e-38
1.127902732027423531e-05 8.689655172413793593e+01 1.438979626138671291e-38
1.809250967241484321e-05 8.689655172413793593e+01 1.804236412058907912e-38
2.902190915505870381e-05 8.689655172413793593e+01 2.234067277555987690e-38
4.655358633239633104e-05 8.689655172413793593e+01 2.750158954654032078e-38
7.467587293546882254e-05 8.689655172413793593e+01 3.328437978804950413e-38
1.197863889337701538e-04 8.689655172413793593e+01 3.933005016463466625e-38
1.921474555267933576e-04 8.689655172413793593e+01 4.513525611147215516e-38
3.082207001484487665e-04 8.689655172413793593e+01 5.020730155688381121e-38
4.944119595003068374e-04 8.689655172413793593e+01 5.405712127772542096e-38
7.930784193897465759e-04 8.689655172413793593e+01 5.670669929238708576e-38
1.272164572914925894e-03 8.689655172413793593e+01 5.807157826690052709e-38
2.040659108874928827e-03 8.689655172413793593e+01 5.919320401560596004e-38
3.273389062464240624e-03 8.689655172413793593e+01 5.992672318587596677e-38
5.250791720998434879e-03 8.689655172413793593e+01 6.065193669607940247e-38
8.422712110044801997e-03 8.689655172413793593e+01 6.165902227045550788e-38
1.351073953380988769e-02 8.689655172413793593e+01 6.319615990269613003e-38
2.167236400407883054e-02 8.689655172413793593e+01 6.576520925734980869e-38
3.476429697648406730e-02 8.689655172413793593e+01 7.036237464268479356e-38
5.576485998674273609e-02 8.689655172413793593e+01 7.770819576498069488e-38
8.945153159416868727e-02 8.689655172413793593e+01 9.131888616826283874e-38
1.434877897379245315e-01 8.689655172413793593e+01 1.178505623108957036e-37
2.301664984036679573e-01 8.689655172413793593e+01 1.790734390860408822e-37
3.692064466542103185e-01 8.689655172413793593e+01 1.736189722982979580e-36
5.922382327421110704e-01 8.689655172413793593e+01 5.392173124532932167e-37
9.499999999999999556e-01 8.689655172413793593e+01 0.000000000000000000e+00
9.999999999999999547e-08 9.310344827586206407e+01 1.364424851281130465e-39
1.604084213883694317e-07 9.310344827586206407e+01 1.731108113124700691e-39
2.573086165230875009e-07 9.310344827586206407e+01 2.190015962735259953e-39
4.127446898609377784e-07 9.310344827586206407e+01 2.767601863629710715e-39
6.620772413702529316e-07 9.310344827586206407e+01 3.497411693104663901e-39
1.062027651253687205e-06 9.310344827586206407e+01 4.432629963422644676e-39
1.703581790084017086e-06 9.310344827586206407e+01 5.596296603598631760e-39
2.732688656533503320e-06 9.310344827586206407e+01 7.046928028089111134e-39
4.383462735404433317e-06 9.310344827586206407e+01 8.898433382699697565e-39
7.031443376009703544e-06 9.310344827586206407e+01 1.112450359878633531e-38
1.127902732027423531e-05 9.310344827586206407e+01 1.397177535801831266e-38
1.809250967241484321e-05 9.310344827586206407e+01 1.737971003124375469e-38
2.902190915505870381e-05 9.310344827586206407e+01 2.143256073129387147e-38
4.655358633239633104e-05 9.310344827586206407e+01 2.611812830781463005e-38
7.467587293546882254e-05 9.310344827586206407e+01 3.122929659893692351e-38
1.197863889337701538e-04 9.310344827586206407e+01 3.655888770230650228e-38
1.921474555267933576e-04 9.310344827586206407e+01 4.149337360929181830e-38
3.082207001484487665e-04 9.310344827586206407e+01 4.566062126611795606e-38
4.944119595003068374e-04 9.310344827586206407e+01 4.891956639906635193e-38
7.930784193897465759e-04 9.310344827586206407e+01 5.103467506386557671e-38
1.272164572914925894e-03 9.310344827586206407e+01 5.232634221297410580e-38
2.040659108874928827e-03 9.310344827586206407e+01 5.305380239517064279e-38
3.273389062464240624e-03 9.310344827586206407e+01 5.381292302861168099e-38
5.250791720998434879e-03 9.310344827586206407e+01 5.444106654533105332e-38
8.422712110044801997e-03 9.310344827586206407e+01 5.537459325592296906e-38
1.351073953380988769e-02 9.310344827586206407e+01 5.672729643231053714e-38
2.167236400407883054e-02 9.310344827586206407e+01 5.927634236722991806e-38
3.476429697648406730e-02 9.310344827586206407e+01 6.329597005605026475e-38
5.576485998674273609e-02 9.310344827586206407e+01 7.020765184320251431e-38
8.945153159416868727e-02 9.310344827586206407e+01 8.244746176492642155e-38
1.434877897379245315e-01 9.310344827586206407e+01 1.068212564701267582e-37
2.301664984036679573e-01 9.310344827586206407e+01 1.601589379108963463e-37
3.692064466542103185e-01 9.310344827586206407e+01 2.236803216884731554e-36
5.922382327421110704e-01 9.310344827586206407e+01 1.053413181500776950e-37
9.499999999999999556e-01 9.310344827586206407e+01 0.000000000000000000e+00
9.999999999999999547e-08 9.931034482758620641e+01 1.345909337274405608e-39
1.604084213883694317e-07 9.931034482758620641e+01 1.700942160840871768e-39
2.573086165230875009e-07 9.931034482758620641e+01 2.156567248760487712e-39
4.127446898609377784e-07 9.931034482758620641e+01 2.728098399529478233e-39
6.620772413702529316e-07 9.931034482758620641e+01 3.437426015588960939e-39
1.062027651253687205e-06 9.931034482758620641e+01 4.335219963137755909e-39
1.703581790084017086e-06 9.931034482758620641e+01 5.479239227263426033e-39
2.732688656533503320e-06 9.931034482758620641e+01 6.887071209259686180e-39
4.383462735404433317e-06 9.931034482758620641e+01 8.645415995670332987e-39
7.031443376009703544e-06 9.931034482758620641e+01 1.079390058715890537e-38
1.127902732027423531e-05 9.931034482758620641e+01 1.347769709954435250e-38
1.809250967241484321e-05 9.931034482758620641e+01 1.667650297486157113e-38
2.902190915505870381e-05 9.931034482758620641e+01 2.036624934301936279e-38
4.655358633239633104e-05 9.931034482758620641e+01 2.458551113424308682e-38
7.467587293546882254e-05 9.931034482758620641e+01 2.918350447692249246e-38
1.197863889337701538e-04 9.931034482758620641e+01 3.372380754890915949e-38
1.921474555267933576e-04 9.931034482758620641e+01 3.798538835450637817e-38
3.082207001484487665e-04 9.931034482758620641e+01 4.163125727281243648e-38
4.944119595003068374e-04 9.931034482758620641e+01 4.423029615849946771e-38
7.930784193897465759e-04 9.931034482758620641e+01 4.589298837752689622e-38
1.272164572914925894e-03 9.931034482758620641e+01 4.690202827434183612e-38
2.040659108874928827e-03 9.931034482758620641e+01 4.766592078914336695e-38
3.273389062464240624e-03 9.931034482758620641e+01 4.823709770854086175e-38
5.250791720998434879e-03 9.931034482758620641e+01 4.890401965125670660e-38
8.422712110044801997e-03 9.931034482758620641e+01 4.970609465183342357e-38
1.351073953380988769e-02 9.931034482758620641e+01 5.115221830948188997e-38
2.167236400407883054e-02 9.931034482758620641e+01 5.334045199991284863e-38
3.476429697648406730e-02 9.931034482758620641e+01 5.688397431771933537e-38
5.576485998674273609e-02 9.931034482758620641e+01 6.320146351367218786e-38
8.945153159416868727e-02 9.931034482758620641e+01 7.449492804082238295e-38
1.434877897379245315e-01 9.931034482758620641e+01 9.706387999077599388e-38
2.301664984036679573e-01 9.931034482758620641e+01 1.425131982693318856e-37
3.692064466542103185e-01 9.931034482758620641e+01 2.279104077278861497e-36
5.922382327421110704e-01 9.931034482758620641e+01 1.445410741410786581e-38
9.499999999999999556e-01 9.931034482758620641e+01 0.000000000000000000e+00
9.999999999999999547e-08 1.055172413793103630e+02 1.311729700042173935e-39
1.604084213883694317e-07 1.055172413793103630e+02 1.652083606853785501e-39
2.573086165230875009e-07 1.055172413793103630e+02 2.090793314311330305e-39
4.127446898609377784e-07 1.055172413793103630e+02 2.644034421623427728e-39
6.620772413702529316e-07 1.055172413793103630e+02 3.326306980022075527e-39
1.062027651253687205e-06 1.055172413793103630e+02 4.217232809316543327e-39
1.703581790084017086e-06 1.055172413793103630e+02 5.284571964100629627e-39
2.732688656533503320e-06 1.055172413793103630e+02 6.623297254605003745e-39
4.383462735404433317e-06 1.055172413793103630e+02 8.289121625892851824e-39
7.031443376009703544e-06 1.055172413793103630e+02 1.034834558589692787e-38
1.127902732027423531e-05 1.055172413793103630e+02 1.280219644652928173e-38
1.809250967241484321e-05 1.055172413793103630e+02 1.575211458444331100e-38
2.902190915505870381e-05 1.055172413793103630e+02 1.910084802373865343e-38
4.655358633239633104e-05 1.055172413793103630e+02 2.297100076773629395e-38
7.467587293546882254e-05 1.055172413793103630e+02 2.700126368714041061e-38
1.197863889337701538e-04 1.055172413793103630e+02 3.093323198523879232e-38
1.921474555267933576e-04 1.055172413793103630e+02 3.465592114794850757e-38
3.082207001484487665e-04 1.055172413793103630e+02 3.754785002534599938e-38
4.944119595003068374e-04 1.055172413793103630e+02 3.979614688645776797e-38
7.930784193897465759e-04 1.055172413793103630e+02 4.116811791280327601e-38
1.272164572914925894e-03 1.055172413793103630e+02 4.221449913036290046e-38
2.040659108874928827e-03 1.055172413793103630e+02 4.279686919791088709e-38
3.273389062464240624e-03 1.055172413793103630e+02 4.317205081647860339e-38
5.250791720998434879e-03 1.055172413793103630e+02 4.381156737760260232e-38
8.422712110044801997e-03 1.055172413793103630e+02 4.455369286540614777e-38
1.351073953380988769e-02 1.055172413793103630e+02 4.578038788675910939e-38
2.167236400407883054e-02 1.055172413793103630e+02 4.774474901581577052e-38
3.476429697648406730e-02 1.055172413793103630e+02 5.108718434262690792e-38
5.576485998674273609e-02 1.055172413793103630e+02 5.689032128232799206e-38
8.945153159416868727e-02 1.055172413793103630e+02 6.691624229172315070e-38
1.434877897379245315e-01 1.055172413793103630e+02 8.768837764701431417e-38
2.301664984036679573e-01 1.055172413793103630e+02 1.281109177329323697e-37
3.692064466542103185e-01 1.055172413793103630e+02 1.980757280082364411e-36
5.922382327421110704e-01 1.055172413793103630e+02 3.098648378842160215e-39
9.499999999999999556e-01 1.055172413793103630e+02 0.000000000000000000e+00
9.999999999999999547e-08 1.117241379310344911e+02 1.262140371651540150e-39
1.604084213883694317e-07 1.117241379310344911e+02 1.592817131836321293e-39
2.573086165230875009e-07 1.117241379310344911e+02 2.012942038730717883e-39
4.127446898609377784e-07 1.117241379310344911e+02 2.537299724793221544e-39
6.620772413702529316e-07 1.117241379310344911e+02 3.192469749365054605e-39
1.062027651253687205e-06 1.117241379310344911e+02 4.011465428268933677e-39
1.703581790084017086e-06 1.117241379310344911e+02 5.044551092621268192e-39
2.732688656533503320e-06 1.117241379310344911e+02 6.320887515655423001e-39
4.383462735404433317e-06 1.117241379310344911e+02 7.879326630612795688e-39
7.031443376009703544e-06 1.117241379310344911e+02 9.781287706547613153e-39
1.127902732027423531e-05 1.117241379310344911e+02 1.205188726067862168e-38
1.809250967241484321e-05 1.117241379310344911e+02 1.473354804729131995e-38
2.902190915505870381e-05 1.117241379310344911e+02 1.780805047040177586e-38
4.655358633239633104e-05 1.117241379310344911e+02 2.117230424056137459e-38
7.467587293546882254e-05 1.117241379310344911e+02 2.474244338978005113e-38
1.197863889337701538e-04 1.117241379310344911e+02 2.812582027098074399e-38
1.921474555267933576e-04 1.117241379310344911e+02 3.128809499979401385e-38
3.082207001484487665e-04 1.117241379310344911e+02 3.375006145891224572e-38
4.944119595003068374e-04 1.117241379310344911e+02 3.576071352485244074e-38
7.930784193897465759e-04 1.117241379310344911e+02 3.682895404924842197e-38
1.272164572914925894e-03 1.117241379310344911e+02 3.769733643402575148e-38
2.040659108874928827e-03 1.117241379310344911e+02 3.811127175889590544e-38
3.273389062464240624e-03 1.117241379310344911e+02 3.852557443433248643e-38
5.250791720998434879e-03 1.117241379310344911e+02 3.914076807786692613e-38
8.422712110044801997e-03 1.117241379310344911e+02 3.973542301789930686e-38
1.351073953380988769e-02 1.117241379310344911e+02 4.084789753477724094e-38
2.167236400407883054e-02 1.117241379310344911e+02 4.271382416364678462e-38
3.476429697648406730e-02 1.117241379310344911e+02 4.578241056391759599e-38
5.576485998674273609e-02 1.117241379310344911e+02 5.087067247511977195e-38
8.945153159416868727e-02 1.117241379310344911e+02 6.010292988111272067e-38
1.434877897379245315e-01 1.117241379310344911e+02 7.914278068468308364e-38
2.301664984036679573e-01 1.117241379310344911e+02 1.255364232728627829e-37
3.692064466542103185e-01 1.117241379310344911e+02 1.588700442922663057e-36
5.922382327421110704e-01 1.117241379310344911e+02 1.088250806252454576e-39
9.499999999999999556e-01 1.117241379310344911e+02 0.000000000000000000e+00
9.999999999999999547e-08 1.179310344827586192e+02 1.196012151525736351e-39
1.604084213883694317e-07 1.179310344827586192e+02 1.515780983447604118e-39
2.573086165230875009e-07 1.179310344827586192e+02 1.901145678618301649e-39
4.127446898609377784e-07 1.179310344827586192e+02 2.407438834688122183e-39
6.620772413702529316e-07 1.179310344827586192e+02 3.020363060467973223e-39
1.062027651253687205e-06 1.179310344827586192e+02 3.797316680009700906e-39
1.703581790084017086e-06 1.179310344827586192e+02 4.749427571085621941e-39
2.732688656533503320e-06 1.179310344827586192e+02 5.927108274262940421e-39
4.383462735404433317e-06 1.179310344827586192e+02 7.381199261469038793e-39
7.031443376009703544e-06 1.179310344827586192e+02 9.105200613384983969e-39
1.127902732027423531e-05 1.179310344827586192e+02 1.121567730569084852e-38
1.809250967241484321e-05 1.179310344827586192e+02 1.361598577980925518e-38
2.902190915505870381e-05 1.179310344827586192e+02 1.636745509997739960e-38
4.655358633239633104e-05 1.179310344827586192e+02 1.935884509199987866e-38
7.467587293546882254e-05 1.179310344827586192e+02 2.242308826560589253e-38
1.197863889337701538e-04 1.179310344827586192e+02 2.542606788699171490e-38
1.921474555267933576e-04 1.179310344827586192e+02 2.814263679314689840e-38
3.082207001484487665e-04 1.179310344827586192e+02 3.028256046514865831e-38
4.944119595003068374e-04 1.179310344827586192e+02 3.173999586155843770e-38
7.930784193897465759e-04 1.179310344827586192e+02 3.281004116572057033e-38
1.272164572914925894e-03 1.179310344827586192e+02 3.343357679209977626e-38
2.040659108874928827e-03 1.179310344827586192e+02 3.376052598086320349e-38
3.273389062464240624e-03 1.179310344827586192e+02 3.423092174917015827e-38
5.250791720998434879e-03 1.179310344827586192e+02 3.465363510342591892e-38
8.422712110044801997e-03 1.179310344827586192e+02 3.530290187106007408e-38
1.351073953380988769e-02 1.179310344827586192e+02 3.632360345103209924e-38
2.167236400407883054e-02 1.179310344827586192e+02 3.789890473695789591e-38
3.476429697648406730e-02 1.179310344827586192e+02 4.069055584774648874e-38
5.576485998674273609e-02 1.179310344827586192e+02 4.530274285523291488e-38
8.945153159416868727e-02 1.179310344827586192e+02 5.350092147829542145e-38
1.434877897379245315e-01 1.179310344827586192e+02 7.097822310092734327e-38
2.301664984036679573e-01 1.179310344827586192e+02 1.377776505953144813e-37
3.692064466542103185e-01 1.179310344827586192e+02 1.242106517433252493e-36
5.922382327421110704e-01 1.179310344827586192e+02 3.896352255128164676e-40
9.499999999999999556e-01 1.179310344827586192e+02 0.000000000000000000e+00
9.999999999999999547e-08 1.241379310344827616e+02 1.116928544831554790e-39
1.604084213883694317e-07 1.241379310344827616e+02 1.414139225527893282e-39
2.573086165230875009e-07 1.241379310344827616e+02 1.779889897413500576e-39
4.127446898609377784e-07 1.241379310344827616e+02 2.243741747215465319e-39
6.620772413702529316e-07 1.241379310344827616e+02 2.822525786524234758e-39
1.062027651253687205e-06 1.241379310344827616e+02 3.524844142855157496e-39
1.703581790084017086e-06 1.241379310344827616e+02 4.418361719506786176e-39
2.732688656533503320e-06 1.241379310344827616e+02 5.494617838640584646e-39
4.383462735404433317e-06 1.241379310344827616e+02 6.822807008311749755e-39
7.031443376009703544e-06 1.241379310344827616e+02 8.408920847887791652e-39
1.127902732027423531e-05 1.241379310344827616e+02 1.029738506582578961e-38
1.809250967241484321e-05 1.241379310344827616e+02 1.245930105517180822e-38
2.902190915505870381e-05 1.241379310344827616e+02 1.488470723810706675e-38
4.655358633239633104e-05 1.241379310344827616e+02 1.750474509559182681e-38
7.467587293546882254e-05 1.241379310344827616e+02 2.018434224822043589e-38
1.197863889337701538e-04 1.241379310344827616e+02 2.273671080601625466e-38
1.921474555267933576e-04 1.241379310344827616e+02 2.498471902431141964e-38
3.082207001484487665e-04 1.241379310344827616e+02 2.680204640808038282e-38
4.944119595003068374e-04 1.241379310344827616e+02 2.811749691468854043e-38
7.930784193897465759e-04 1.241379310344827616e+02 2.892804627857226849e-38
1.272164572914925894e-03 1.241379310344827616e+02 2.953101371600495245e-38
2.040659108874928827e-03 1.241379310344827616e+02 2.987253153273763379e-38
3.273389062464240624e-03 1.241379310344827616e+02 3.020924842649463917e-38
5.250791720998434879e-03 1.241379310344827616e+02 3.059855621607160507e-38
8.422712110044801997e-03 1.241379310344827616e+02 3.118422250114828078e-38
1.351073953380988769e-02 1.241379310344827616e+02 3.198034218707597023e-38
2.167236400407883054e-02 1.241379310344827616e+02 3.356068191873047764e-38
3.476429697648406730e-02 1.241379310344827616e+02 3.601199987744666098e-38
5.576485998674273609e-02 1.241379310344827616e+02 3.997001952671233577e-38
8.945153159416868727e-02 1.241379310344827616e+02 4.755429431674117785e-38
1.434877897379245315e-01 1.241379310344827616e+02 6.300271757425256377e-38
2.301664984036679573e-01 1.241379310344827616e+02 1.569000238086880550e-37
3.692064466542103185e-01 1.241379310344827616e+02 9.348707887173380538e-37
5.922382327421110704e-01 1.241379310344827616e+02 1.404270204717703828e-40
9.499999999999999556e-01 1.241379310344827616e+02 0.000000000000000000e+00
9.999999999999999547e-08 1.303448275862068897e+02 1.028586158997695651e-39
1.604084213883694317e-07 1.303448275862068897e+02 1.293818765479585667e-39
2.573086165230875009e-07 1.303448275862068897e+02 1.634565751790923468e-39
4.127446898609377784e-07 1.303448275862068897e+02 2.053475945311394876e-39
6.620772413702529316e-07 1.303448275862068897e+02 2.576068624432395333e-39
1.062027651253687205e-06 1.303448275862068897e+02 3.235966246383824961e-39
1.703581790084017086e-06 1.303448275862068897e+02 4.031163177465376975e-39
2.732688656533503320e-06 1.303448275862068897e+02 5.016533794705279390e-39
4.383462735404433317e-06 1.303448275862068897e+02 6.209459897702753418e-39
7.031443376009703544e-06 1.303448275862068897e+02 7.610491579032667289e-39
1.127902732027423531e-05 1.303448275862068897e+02 9.293284696619387436e-39
1.809250967241484321e-05 1.303448275862068897e+02 1.120857806343509955e-38
2.902190915505870381e-05 1.303448275862068897e+02 1.336005184748238547e-38
4.655358633239633104e-05 1.303448275862068897e+02 1.563794184454269954e-38
7.467587293546882254e-05 1.303448275862068897e+02 1.794264087059731553e-38
1.197863889337701538e-04 1.303448275862068897e+02 2.009259260129417925e-38
1.921474555267933576e-04 1.303448275862068897e+02 2.202061041165782368e-38
3.082207001484487665e-04 1.303448275862068897e+02 2.352362966754760223e-38
4.944119595003068374e-04 1.303448275862068897e+02 2.459018656486748629e-38
7.930784193897465759e-04 1.303448275862068897e+02 2.530200328704295561e-38
1.272164572914925894e-03 1.303448275862068897e+02 2.579456219545571271e-38
2.040659108874928827e-03 1.303448275862068897e+02 2.606505168727656992e-38
3.273389062464240624e-03 1.303448275862068897e+02 2.635802446997020839e-38
5.250791720998434879e-03 1.303448275862068897e+02 2.673130280868159834e-38
8.422712110044801997e-03 1.303448275862068897e+02 2.721822869093174329e-38
1.351073953380988769e-02 1.303448275862068897e+02 2.803014843300733833e-38
2.167236400407883054e-02 1.303448275862068897e+02 2.935147728973846334e-38
3.476429697648406730e-02 1.303448275862068897e+02 3.150727269199133566e-38
5.576485998674273609e-02 1.303448275862068897e+02 3.515998375464660589e-38
8.945153159416868727e-02 1.303448275862068897e+02 4.173055038501098239e-38
1.434877897379245315e-01 1.303448275862068897e+02 5.529028411517935446e-38
2.301664984036679573e-01 1.303448275862068897e+02 1.838172964289326904e-37
3.692064466542103185e-01 1.303448275862068897e+02 6.840653543325053979e-37
5.922382327421110704e-01 1.303448275862068897e+02 5.187496074576862192e-41
9.499999999999999556e-01 1.303448275862068897e+02 0.000000000000000000e+00
9.999999999999999547e-08 1.365517241379310462e+02 9.280750212517724061e-40
1.604084213883694317e-07 1.365517241379310462e+02 1.167466036405006710e-39
2.573086165230875009e-07 1.365517241379310462e+02 1.467846418362317968e-39
4.127446898609377784e-07 1.365517241379310462e+02 1.846036030862280336e-39
6.620772413702529316e-07 1.365517241379310462e+02 2.319664919764574643e-39
1.062027651253687205e-06 1.365517241379310462e+02 2.900693268901266764e-39
1.703581790084017086e-06 1.365517241379310462e+02 3.615491491229204622e-39
2.732688656533503320e-06 1.365517241379310462e+02 4.486028435978116425e-39
4.383462735404433317e-06 1.365517241379310462e+02 5.525192610132636522e-39
7.031443376009703544e-06 1.365517241379310462e+02 6.761456821558105071e-39
1.127902732027423531e-05 1.365517241379310462e+02 8.244064218797514181e-39
1.809250967241484321e-05 1.365517241379310462e+02 9.924004861596609123e-39
2.902190915505870381e-05 1.365517241379310462e+02 1.176044544893198274e-38
4.655358633239633104e-05 1.365517241379310462e+02 1.369196741694297000e-38
7.467587293546882254e-05 1.365517241379310462e+02 1.566278233552934143e-38
1.197863889337701538e-04 1.365517241379310462e+02 1.750834940327565281e-38
1.921474555267933576e-04 1.365517241379310462e+02 1.912645304969116543e-38
3.082207001484487665e-04 1.365517241379310462e+02 2.033519509350838903e-38
4.944119595003068374e-04 1.365517241379310462e+02 2.124775572431085643e-38
7.930784193897465759e-04 1.365517241379310462e+02 2.185690164759836129e-38
1.272164572914925894e-03 1.365517241379310462e+02 2.222313282350019556e-38
2.040659108874928827e-03 1.365517241379310462e+02 2.246893528105638942e-38
3.273389062464240624e-03 1.365517241379310462e+02 2.266198606235491867e-38
5.250791720998434879e-03 1.365517241379310462e+02 2.302338401102994682e-38
8.422712110044801997e-03 1.365517241379310462e+02 2.347756456405796941e-38
1.351073953380988769e-02 1.365517241379310462e+02 2.415385862043894427e-38
2.167236400407883054e-02 1.365517241379310462e+02 2.525983148444679803e-38
3.476429697648406730e-02 1.365517241379310462e+02 2.720502613507393762e-38
5.576485998674273609e-02 1.365517241379310462e+02 3.040120135118599201e-38
8.945153159416868727e-02 1.365517241379310462e+02 3.599361084445282066e-38
1.434877897379245315e-01 1.365517241379310462e+02 4.774028482662625646e-38
2.301664984036679573e-01 1.365517241379310462e+02 2.050363717893156636e-37
3.692064466542103185e-01 1.365517241379310462e+02 4.921447683411769436e-37
5.922382327421110704e-01 1.365517241379310462e+02 1.947539839858132841e-41
9.499999999999999556e-01 1.365517241379310462e+02 0.000000000000000000e+00
9.999999999999999547e-08 1.427586206896551744e+02 8.126880320224768731e-40
1.604084213883694317e-07 1.427586206896551744e+02 1.022684834869859945e-39
2.573086165230875009e-07 1.427586206896551744e+02 1.291437136529328152e-39
4.127446898609377784e-07 1.427586206896551744e+02 1.619051294116310135e-39
6.620772413702529316e-07 1.427586206896551744e+02 2.028266090119129476e-39
1.062027651253687205e-06 1.427586206896551744e+02 2.535367255820183164e-39
1.703581790084017086e-06 1.427586206896551744e+02 3.160299357165697198e-39
2.732688656533503320e-06 1.427586206896551744e+02 3.916266353773467816e-39
4.383462735404433317e-06 1.427586206896551744e+02 4.823017189051857960e-39
7.031443376009703544e-06 1.427586206896551744e+02 5.892945433146082896e-39
1.127902732027423531e-05 1.427586206896551744e+02 7.135544709927506437e-39
1.809250967241484321e-05 1.427586206896551744e+02 8.567945976483803039e-39
2.902190915505870381e-05 1.427586206896551744e+02 1.012636606476814441e-38
4.655358633239633104e-05 1.427586206896551744e+02 1.174797337542267480e-38
7.467587293546882254e-05 1.427586206896551744e+02 1.341686384778687387e-38
1.197863889337701538e-04 1.427586206896551744e+02 1.494091525223048672e-38
1.921474555267933576e-04 1.427586206896551744e+02 1.624699941360079405e-38
3.082207001484487665e-04 1.427586206896551744e+02 1.731683656581846898e-38
4.944119595003068374e-04 1.427586206896551744e+02 1.804529979505547661e-38
7.930784193897465759e-04 1.427586206896551744e+02 1.852822869964876844e-38
1.272164572914925894e-03 1.427586206896551744e+02 1.873939514194820204e-38
2.040659108874928827e-03 1.427586206896551744e+02 1.903140069693746853e-38
3.273389062464240624e-03 1.427586206896551744e+02 1.924297106407086689e-38
5.250791720998434879e-03 1.427586206896551744e+02 1.946820292925245054e-38
8.422712110044801997e-03 1.427586206896551744e+02 1.982816201990795185e-38
1.351073953380988769e-02 1.427586206896551744e+02 2.048266402575844719e-38
2.167236400407883054e-02 1.427586206896551744e+02 2.142193498399187848e-38
3.476429697648406730e-02 1.427586206896551744e+02 2.304357518695798422e-38
5.576485998674273609e-02 1.427586206896551744e+02 2.571549128142041223e-38
8.945153159416868727e-02 1.427586206896551744e+02 3.064716618874553870e-38
1.434877897379245315e-01 1.427586206896551744e+02 4.050286237477422136e-38
2.301664984036679573e-01 1.427586206896551744e+02 2.169403414161609367e-37
3.692064466542103185e-01 1.427586206896551744e+02 3.485698674183196406e-37
5.922382327421110704e-01 1.427586206896551744e+02 7.513136703011853696e-42
9.499999999999999556e-01 1.427586206896551744e+02 0.000000000000000000e+00
9.999999999999999547e-08 1.489655172413793025e+02 6.917219908623273286e-40
1.604084213883694317e-07 1.489655172413793025e+02 8.710204384225621348e-40
2.573086165230875009e-07 1.489655172413793025e+02 1.097787071738347542e-39
4.127446898609377784e-07 1.489655172413793025e+02 1.378247089602835452e-39
6.620772413702529316e-07 1.489655172413793025e+02 1.720703831530878859e-39
1.062027651253687205e-06 1.489655172413793025e+02 2.149172135502292094e-39
1.703581790084017086e-06 1.489655172413793025e+02 2.678809041152812163e-39
2.732688656533503320e-06 1.489655172413793025e+02 3.312269081294863740e-39
4.383462735404433317e-06 1.489655172413793025e+02 4.076093121744858311e-39
7.031443376009703544e-06 1.489655172413793025e+02 4.982558488380978987e-39
1.127902732027423531e-05 1.489655172413793025e+02 6.009499414450318996e-39
1.809250967241484321e-05 1.489655172413793025e+02 7.195259288020500960e-39
2.902190915505870381e-05 1.489655172413793025e+02 8.467412669764874950e-39
4.655358633239633104e-05 1.489655172413793025e+02 9.840519849275852054e-39
7.467587293546882254e-05 1.489655172413793025e+02 1.115151359637125118e-38
1.197863889337701538e-04 1.489655172413793025e+02 1.236688812363694929e-38
1.921474555267933576e-04 1.489655172413793025e+02 1.345299350859371428e-38
3.082207001484487665e-04 1.489655172413793025e+02 1.428229024393216049e-38
4.944119595003068374e-04 1.489655172413793025e+02 1.486116869166085247e-38
7.930784193897465759e-04 1.489655172413793025e+02 1.527523684688962593e-38
1.272164572914925894e-03 1.489655172413793025e+02 1.550603777035857387e-38
2.040659108874928827e-03 1.489655172413793025e+02 1.565537076679401030e-38
3.273389062464240624e-03 1.489655172413793025e+02 1.584590323688283813e-38
5.250791720998434879e-03 1.489655172413793025e+02 1.604507959658457495e-38
8.422712110044801997e-03 1.489655172413793025e+02 1.638037935202206724e-38
1.351073953380988769e-02 1.489655172413793025e+02 1.688384960053554397e-38
2.167236400407883054e-02 1.489655172413793025e+02 1.769477548241838998e-38
3.476429697648406730e-02 1.489655172413793025e+02 1.899007540492310032e-38
5.576485998674273609e-02 1.489655172413793025e+02 2.125793688100518276e-38
8.945153159416868727e-02 1.489655172413793025e+02 2.528055352738871029e-38
1.434877897379245315e-01 1.489655172413793025e+02 3.335737937008447859e-38
2.301664984036679573e-01 1.489655172413793025e+02 2.149532439679433383e-37
3.692064466542103185e-01 1.489655172413793025e+02 2.428365829606245173e-37
5.922382327421110704e-01 1.489655172413793025e+02 3.011018911710020406e-42
9.499999999999999556e-01 1.489655172413793025e+02 0.000000000000000000e+00
9.999999999999999547e-08 1.551724137931034591e+02 5.629141330388954502e-40
1.604084213883694317e-07 1.551724137931034591e+02 7.082271789154220648e-40
2.573086165230875009e-07 1.551724137931034591e+02 8.913287963072225816e-40
4.127446898609377784e-07 1.551724137931034591e+02 1.120966892460995030e-39
6.620772413702529316e-07 1.551724137931034591e+02 1.397145800572383896e-39
1.062027651253687205e-06 1.551724137931034591e+02 1.742290599071400549e-39
1.703581790084017086e-06 1.551724137931034591e+02 2.166858649554341762e-39
2.732688656533503320e-06 1.551724137931034591e+02 2.682402206259550234e-39
4.383462735404433317e-06 1.551724137931034591e+02 3.294484209307087334e-39
7.031443376009703544e-06 1.551724137931034591e+02 4.019975879408954544e-39
1.127902732027423531e-05 1.551724137931034591e+02 4.851848238424839180e-39
1.809250967241484321e-05 1.551724137931034591e+02 5.778195069220559864e-39
2.902190915505870381e-05 1.551724137931034591e+02 6.787339635451744435e-39
4.655358633239633104e-05 1.551724137931034591e+02 7.876587560821695174e-39
7.467587293546882254e-05 1.551724137931034591e+02 8.899425969893272386e-39
1.197863889337701538e-04 1.551724137931034591e+02 9.886538223461198918e-39
1.921474555267933576e-04 1.551724137931034591e+02 1.070337610439602185e-38
3.082207001484487665e-04 1.551724137931034591e+02 1.135148747370901025e-38
4.944119595003068374e-04 1.551724137931034591e+02 1.180794354061521200e-38
7.930784193897465759e-04 1.551724137931034591e+02 1.208219962500887798e-38
1.272164572914925894e-03 1.551724137931034591e+02 1.230904373541834397e-38
2.040659108874928827e-03 1.551724137931034591e+02 1.241399640389542591e-38
3.273389062464240624e-03 1.551724137931034591e+02 1.254855566436441405e-38
5.250791720998434879e-03 1.551724137931034591e+02 1.274972819685787040e-38
8.422712110044801997e-03 1.551724137931034591e+02 1.297062754338257854e-38
1.351073953380988769e-02 1.551724137931034591e+02 1.339329192723114205e-38
2.167236400407883054e-02 1.551724137931034591e+02 1.401828970195979763e-38
3.476429697648406730e-02 1.551724137931034591e+02 1.509714260854898959e-38
5.576485998674273609e-02 1.551724137931034591e+02 1.685429287365369793e-38
8.945153159416868727e-02 1.551724137931034591e+02 2.008112023158071816e-38
1.434877897379245315e-01 1.551724137931034591e+02 2.645573327018741948e-38
2.301664984036679573e-01 1.551724137931034591e+02 1.948832711812859663e-37
3.692064466542103185e-01 1.551724137931034591e+02 1.665204317138525398e-37
5.922382327421110704e-01 1.551724137931034591e+02 1.234306399684638130e-42
9.499999999999999556e-01 1.551724137931034591e+02 0.000000000000000000e+00
9.999999999999999547e-08 1.613793103448276156e+02 4.271752626772043164e-40
1.604084213883694317e-07 1.613793103448276156e+02 5.380417779338170988e-40
2.573086165230875009e-07 1.613793103448276156e+02 6.770060146878382007e-40
4.127446898609377784e-07 1.613793103448276156e+02 8.485593757796220998e-40
6.620772413702529316e-07 1.613793103448276156e+02 1.059488899818015207e-39
1.062027651253687205e-06 1.613793103448276156e+02 1.320635373246712708e-39
1.703581790084017086e-06 1.613793103448276156e+02 1.642712172428034494e-39
2.732688656533503320e-06 1.613793103448276156e+02 2.027583877211571011e-39
4.383462735404433317e-06 1.613793103448276156e+02 2.487271033354176172e-39
7.031443376009703544e-06 1.613793103448276156e+02 3.030432773386759759e-39
1.127902732027423531e-05 1.613793103448276156e+02 3.649397401311206720e-39
1.809250967241484321e-05 1.613793103448276156e+02 4.355425178483344144e-39
2.902190915505870381e-05 1.613793103448276156e+02 5.110033570173358459e-39
4.655358633239633104e-05 1.613793103448276156e+02 5.895555830648104785e-39
7.467587293546882254e-05 1.613793103448276156e+02 6.659145563209656095e-39
1.197863889337701538e-04 1.613793103448276156e+02 7.375866944526771668e-39
1.921474555267933576e-04 1.613793103448276156e+02 7.985833052587761616e-39
3.082207001484487665e-04 1.613793103448276156e+02 8.472576073871720877e-39
4.944119595003068374e-04 1.613793103448276156e+02 8.789172981090562287e-39
7.930784193897465759e-04 1.613793103448276156e+02 9.007386166971776424e-39
1.272164572914925894e-03 1.613793103448276156e+02 9.159708005527407207e-39
2.040659108874928827e-03 1.613793103448276156e+02 9.245259133009149980e-39
3.273389062464240624e-03 1.613793103448276156e+02 9.343937594076411174e-39
5.250791720998434879e-03 1.613793103448276156e+02 9.485723805760799436e-39
8.422712110044801997e-03 1.613793103448276156e+02 9.680605570884683615e-39
1.351073953380988769e-02 1.613793103448276156e+02 9.959163970887778818e-39
2.167236400407883054e-02 1.613793103448276156e+02 1.044486759118204646e-38
3.476429697648406730e-02 1.613793103448276156e+02 1.126232426684566592e-38
5.576485998674273609e-02 1.613793103448276156e+02 1.258465975591888204e-38
8.945153159416868727e-02 1.613793103448276156e+02 1.502942880037330814e-38
1.434877897379245315e-01 1.613793103448276156e+02 1.973084217815468983e-38
2.301664984036679573e-01 1.613793103448276156e+02 1.615852333828538586e-37
3.692064466542103185e-01 1.613793103448276156e+02 1.093260490755618122e-37
5.922382327421110704e-01 1.613793103448276156e+02 5.273969341296150349e-43
9.499999999999999556e-01 1.613793103448276156e+02 0.000000000000000000e+00
9.999999999999999547e-08 1.675862068965517437e+02 2.877116379479882195e-40
1.604084213883694317e-07 1.675862068965517437e+02 3.619786624282724808e-40
2.573086165230875009e-07 1.675862068965517437e+02 4.554976392043552337e-40
4.127446898609377784e-07 1.675862068965517437e+02 5.711987312282866466e-40
6.620772413702529316e-07 1.675862068965517437e+02 7.129784078737107224e-40
1.062027651253687205e-06 1.675862068965517437e+02 8.910818262929183955e-40
1.703581790084017086e-06 1.675862068965517437e+02 1.100637411058311353e-39
2.732688656533503320e-06 1.675862068965517437e+02 1.362084974613556491e-39
4.383462735404433317e-06 1.675862068965517437e+02 1.671243179645065493e-39
7.031443376009703544e-06 1.675862068965517437e+02 2.028992080909372411e-39
1.127902732027423531e-05 1.675862068965517437e+02 2.445479117627423163e-39
1.809250967241484321e-05 1.675862068965517437e+02 2.909541878743265122e-39
2.902190915505870381e-05 1.675862068965517437e+02 3.410662608015348122e-39
4.655358633239633104e-05 1.675862068965517437e+02 3.928848061463005130e-39
7.467587293546882254e-05 1.675862068965517437e+02 4.447683641802726740e-39
1.197863889337701538e-04 1.675862068965517437e+02 4.914250129695686792e-39
1.921474555267933576e-04 1.675862068965517437e+02 5.308213048995029678e-39
3.082207001484487665e-04 1.675862068965517437e+02 5.621569099452928229e-39
4.944119595003068374e-04 1.675862068965517437e+02 5.838013237537297748e-39
7.930784193897465759e-04 1.675862068965517437e+02 6.002525787890487302e-39
1.272164572914925894e-03 1.675862068965517437e+02 6.092924344416213241e-39
2.040659108874928827e-03 1.675862068965517437e+02 6.140253530458209934e-39
3.273389062464240624e-03 1.675862068965517437e+02 6.209779404788893024e-39
5.250791720998434879e-03 1.675862068965517437e+02 6.281277106941030404e-39
8.422712110044801997e-03 1.675862068965517437e+02 6.428019173501739402e-39
1.351073953380988769e-02 1.675862068965517437e+02 6.626020451251015527e-39
2.167236400407883054e-02 1.675862068965517437e+02 6.932924130165524814e-39
3.476429697648406730e-02 1.675862068965517437e+02 7.486209144850602900e-39
5.576485998674273609e-02 1.675862068965517437e+02 8.365330663222026331e-39
8.945153159416868727e-02 1.675862068965517437e+02 9.999912293556769086e-39
1.434877897379245315e-01 1.675862068965517437e+02 1.305771889715131353e-38
2.301664984036679573e-01 1.675862068965517437e+02 1.138654867707978841e-37
3.692064466542103185e-01 1.675862068965517437e+02 6.551928478446952302e-38
5.922382327421110704e-01 1.675862068965517437e+02 2.219481215677362971e-43
9.499999999999999556e-01 1.675862068965517437e+02 0.000000000000000000e+00
9.999999999999999547e-08 1.737931034482758719e+02 1.445763442974181212e-40
1.604084213883694317e-07 1.737931034482758719e+02 1.819283966571464358e-40
2.573086165230875009e-07 1.737931034482758719e+02 2.287158164327934343e-40
4.127446898609377784e-07 1.737931034482758719e+02 2.864298285472102681e-40
6.620772413702529316e-07 1.737931034482758719e+02 3.580624903176068487e-40
1.062027651253687205e-06 1.737931034482758719e+02 4.466392090676998546e-40
1.703581790084017086e-06 1.737931034482758719e+02 5.545742186123130498e-40
2.732688656533503320e-06 1.737931034482758719e+02 6.821303128372211035e-40
4.383462735404433317e-06 1.737931034482758719e+02 8.376674108918495592e-40
7.031443376009703544e-06 1.737931034482758719e+02 1.020053403355648509e-39
1.127902732027423531e-05 1.737931034482758719e+02 1.223461280513849658e-39
1.809250967241484321e-05 1.737931034482758719e+02 1.458199114020876618e-39
2.902190915505870381e-05 1.737931034482758719e+02 1.707021225225861891e-39
4.655358633239633104e-05 1.737931034482758719e+02 1.965818531979315669e-39
7.467587293546882254e-05 1.737931034482758719e+02 2.223994248530223233e-39
1.197863889337701538e-04 1.737931034482758719e+02 2.455959656793368806e-39
1.921474555267933576e-04 1.737931034482758719e+02 2.650274991528907427e-39
3.082207001484487665e-04 1.737931034482758719e+02 2.806598131835100771e-39
4.944119595003068374e-04 1.737931034482758719e+02 2.908840326351010177e-39
7.930784193897465759e-04 1.737931034482758719e+02 2.985790707893820750e-39
1.272164572914925894e-03 1.737931034482758719e+02 3.024700349668170432e-39
2.040659108874928827e-03 1.737931034482758719e+02 3.068523586244999848e-39
3.273389062464240624e-03 1.737931034482758719e+02 3.096365724980597606e-39
5.250791720998434879e-03 1.737931034482758719e+02 3.138287531004699559e-39
8.422712110044801997e-03 1.737931034482758719e+02 3.194431497670614661e-39
1.351073953380988769e-02 1.737931034482758719e+02 3.307614243104553948e-39
2.167236400407883054e-02 1.737931034482758719e+02 3.461103560589779589e-39
3.476429697648406730e-02 1.737931034482758719e+02 3.732192157198861012e-39
5.576485998674273609e-02 1.737931034482758719e+02 4.179933317237955754e-39
8.945153159416868727e-02 1.737931034482758719e+02 4.987151932210515084e-39
1.434877897379245315e-01 1.737931034482758719e+02 6.511641335035785043e-39
2.301664984036679573e-01 1.737931034482758719e+02 5.885570410668229518e-38
3.692064466542103185e-01 1.737931034482758719e+02 3.081020471507935548e-38
5.922382327421110704e-01 1.737931034482758719e+02 8.341057934881376364e-44
9.499999999999999556e-01 1.737931034482758719e+02 0.000000000000000000e+00
9.999999999999999547e-08 1.800000000000000000e+02 1.636141148440350267e-55
1.604084213883694317e-07 1.800000000000000000e+02 2.060801946971540021e-55
2.573086165230875009e-07 1.800000000000000000e+02 2.585369164655687458e-55
4.127446898609377784e-07 1.800000000000000000e+02 3.240471013481861372e-55
6.620772413702529316e-07 1.800000000000000000e+02 4.063281148559628921e-55
1.062027651253687205e-06 1.800000000000000000e+02 5.059020175606828488e-55
1.703581790084017086e-06 1.800000000000000000e+02 6.271646772674263125e-55
2.732688656533503320e-06 1.800000000000000000e+02 0.000000000000000000e+00
4.383462735404433317e-06 1.800000000000000000e+02 9.487279383956516746e-55
7.031443376009703544e-06 1.800000000000000000e+02 1.150138657506380781e-54
1.127902732027423531e-05 1.800000000000000000e+02 1.383600574272658656e-54
1.809250967241484321e-05 1.800000000000000000e+02 1.649912325787099719e-54
2.902190915505870381e-05 1.800000000000000000e+02 1.933226077482501190e-54
4.655358633239633104e-05 1.800000000000000000e+02 2.224033590509198580e-54
7.467587293546882254e-05 1.800000000000000000e+02 0.000000000000000000e+00
1.197863889337701538e-04 1.800000000000000000e+02 0.000000000000000000e+00
1.921474555267933576e-04 1.800000000000000000e+02 2.996301224224763585e-54
3.082207001484487665e-04 1.800000000000000000e+02 3.157962739542875257e-54
4.944119595003068374e-04 1.800000000000000000e+02 3.290774605337041282e-54
7.930784193897465759e-04 1.800000000000000000e+02 3.370214048833957946e-54
1.272164572914925894e-03 1.800000000000000000e+02 3.424226404694552158e-54
2.040659108874928827e-03 1.800000000000000000e+02 3.459438035135479835e-54
3.273389062464240624e-03 1.800000000000000000e+02 3.498813155187638219e-54
5.250791720998434879e-03 1.800000000000000000e+02 3.541459608795743807e-54
8.422712110044801997e-03 1.800000000000000000e+02 3.613891848814728372e-54
1.351073953380988769e-02 1.800000000000000000e+02 0.000000000000000000e+00
2.167236400407883054e-02 1.800000000000000000e+02 3.903598219056766913e-54
3.476429697648406730e-02 1.800000000000000000e+02 4.209616108007797531e-54
5.576485998674273609e-02 1.800000000000000000e+02 4.704966738664413338e-54
8.945153159416868727e-02 1.800000000000000000e+02 0.000000000000000000e+00
1.434877897379245315e-01 1.800000000000000000e+02 7.346119842044815664e-54
2.301664984036679573e-01 1.800000000000000000e+02 6.752573212726634759e-53
3.692064466542103185e-01 1.800000000000000000e+02 3.401831992774116074e-53
5.922382327421110704e-01 1.800000000000000000e+02 8.564960802651527259e-59
9.499999999999999556e-01 1.800000000000000000e+02 0.000000000000000000e+00
