# atom 56: Tchi 0.4893900918477494 [GeV]; m_chi = 0.05 [GeV]; mS = 0.3 [GeV]; gchi =0.01; gN = 0.01
# Tchi^prime [GeV], theta [degree] ,dsigma/dTchip dtheta [cm^2/GeV]
9.999999999999999547e-08 0.000000000000000000e+00 0.000000000000000000e+00
1.570722177858955235e-07 0.000000000000000000e+00 0.000000000000000000e+00
2.467168160017974759e-07 0.000000000000000000e+00 0.000000000000000000e+00
3.875235745447704705e-07 0.000000000000000000e+00 0.000000000000000000e+00
6.086918729806477832e-07 0.000000000000000000e+00 0.000000000000000000e+00
9.560858243732097832e-07 0.000000000000000000e+00 0.000000000000000000e+00
1.501745208279559457e-06 0.000000000000000000e+00 0.000000000000000000e+00
2.358824504138120291e-06 0.000000000000000000e+00 0.000000000000000000e+00
3.705057962326890850e-06 0.000000000000000000e+00 0.000000000000000000e+00
5.819616711679756959e-06 0.000000000000000000e+00 0.000000000000000000e+00
9.141001035673980586e-06 0.000000000000000000e+00 0.000000000000000000e+00
1.435797305456480187e-05 0.000000000000000000e+00 0.000000000000000000e+00
2.255238670590617512e-05 0.000000000000000000e+00 0.000000000000000000e+00
3.542353396261829838e-05 0.000000000000000000e+00 0.000000000000000000e+00
5.564053041322448024e-05 0.000000000000000000e+00 0.000000000000000000e+00
8.739581510788721876e-05 0.000000000000000000e+00 0.000000000000000000e+00
1.372745450420190597e-04 0.000000000000000000e+00 0.000000000000000000e+00
2.156201723529972160e-04 0.000000000000000000e+00 0.000000000000000000e+00
3.386793867086227393e-04 0.000000000000000000e+00 0.000000000000000000e+00
5.319712238869027301e-04 0.000000000000000000e+00 0.000000000000000000e+00
8.355789993419287772e-04 0.000000000000000000e+00 0.000000000000000000e+00
1.312462465619559752e-03 0.000000000000000000e+00 0.000000000000000000e+00
2.061513902356088782e-03 0.000000000000000000e+00 0.000000000000000000e+00
3.238065606395263037e-03 0.000000000000000000e+00 0.000000000000000000e+00
5.086101461327346106e-03 0.000000000000000000e+00 0.000000000000000000e+00
7.988852364147688845e-03 0.000000000000000000e+00 0.000000000000000000e+00
1.254826758400772076e-02 0.000000000000000000e+00 0.000000000000000000e+00
1.970984218790949871e-02 0.000000000000000000e+00 0.000000000000000000e+00
3.095868624664952287e-02 0.000000000000000000e+00 0.000000000000000000e+00
4.862749508498932782e-02 0.000000000000000000e+00 0.000000000000000000e+00
7.638028498372008424e-02 0.000000000000000000e+00 0.000000000000000000e+00
1.199722075751162159e-01 0.000000000000000000e+00 0.000000000000000000e+00
1.884430071649332017e-01 0.000000000000000000e+00 0.000000000000000000e+00
2.959916106163946181e-01 0.000000000000000000e+00 0.000000000000000000e+00
4.649205872553618946e-01 0.000000000000000000e+00 0.000000000000000000e+00
9.999999999999999547e-08 6.206896551724137900e+00 7.685529441340076672e-41
1.570722177858955235e-07 6.206896551724137900e+00 9.621388797875716257e-41
2.467168160017974759e-07 6.206896551724137900e+00 1.205468596528360279e-40
3.875235745447704705e-07 6.206896551724137900e+00 1.511922310779253681e-40
6.086918729806477832e-07 6.206896551724137900e+00 1.894208665749748411e-40
9.560858243732097832e-07 6.206896551724137900e+00 2.371651078604256496e-40
1.501745208279559457e-06 6.206896551724137900e+00 2.976864701689749956e-40
2.358824504138120291e-06 6.206896551724137900e+00 3.725738105972398057e-40
3.705057962326890850e-06 6.206896551724137900e+00 4.673446997270137612e-40
5.819616711679756959e-06 6.206896551724137900e+00 5.846293651336586085e-40
9.141001035673980586e-06 6.206896551724137900e+00 7.320689277487714887e-40
1.435797305456480187e-05 6.206896551724137900e+00 9.179407679111221534e-40
2.255238670590617512e-05 6.206896551724137900e+00 1.147509642410546060e-39
3.542353396261829838e-05 6.206896551724137900e+00 1.436251302753886481e-39
5.564053041322448024e-05 6.206896551724137900e+00 1.798630616626272067e-39
8.739581510788721876e-05 6.206896551724137900e+00 2.252675408305890380e-39
1.372745450420190597e-04 6.206896551724137900e+00 2.815509231046405477e-39
2.156201723529972160e-04 6.206896551724137900e+00 3.517579978995075371e-39
3.386793867086227393e-04 6.206896551724137900e+00 4.405961688841483260e-39
5.319712238869027301e-04 6.206896551724137900e+00 5.491764431234720178e-39
8.355789993419287772e-04 6.206896551724137900e+00 6.836411802377358429e-39
1.312462465619559752e-03 6.206896551724137900e+00 8.528369673813949057e-39
2.061513902356088782e-03 6.206896551724137900e+00 1.063231801275986114e-38
3.238065606395263037e-03 6.206896551724137900e+00 1.326722374513847315e-38
5.086101461327346106e-03 6.206896551724137900e+00 1.650986792970639856e-38
7.988852364147688845e-03 6.206896551724137900e+00 2.055523025946791541e-38
1.254826758400772076e-02 6.206896551724137900e+00 2.578721022744057707e-38
1.970984218790949871e-02 6.206896551724137900e+00 3.254017904849179366e-38
3.095868624664952287e-02 6.206896551724137900e+00 4.195178695673654429e-38
4.862749508498932782e-02 6.206896551724137900e+00 5.612322369355769473e-38
7.638028498372008424e-02 6.206896551724137900e+00 8.008550746122536538e-38
1.199722075751162159e-01 6.206896551724137900e+00 1.294907006753603505e-37
1.884430071649332017e-01 6.206896551724137900e+00 0.000000000000000000e+00
2.959916106163946181e-01 6.206896551724137900e+00 0.000000000000000000e+00
4.649205872553618946e-01 6.206896551724137900e+00 0.000000000000000000e+00
9.999999999999999547e-08 1.241379310344827580e+01 1.526595330620888781e-40
1.570722177858955235e-07 1.241379310344827580e+01 1.912542013042092967e-40
2.467168160017974759e-07 1.241379310344827580e+01 2.400737214577577755e-40
3.875235745447704705e-07 1.241379310344827580e+01 3.008595926878324101e-40
6.086918729806477832e-07 1.241379310344827580e+01 3.770623391332635113e-40
9.560858243732097832e-07 1.241379310344827580e+01 4.705552816368515659e-40
1.501745208279559457e-06 1.241379310344827580e+01 5.931036190874064856e-40
2.358824504138120291e-06 1.241379310344827580e+01 7.413848131354104303e-40
3.705057962326890850e-06 1.241379310344827580e+01 9.284305666715802100e-40
5.819616711679756959e-06 1.241379310344827580e+01 1.161064423268917149e-39
9.141001035673980586e-06 1.241379310344827580e+01 1.454282950152541453e-39
1.435797305456480187e-05 1.241379310344827580e+01 1.825272511891697818e-39
2.255238670590617512e-05 1.241379310344827580e+01 2.276671801098728322e-39
3.542353396261829838e-05 1.241379310344827580e+01 2.860632299749526099e-39
5.564053041322448024e-05 1.241379310344827580e+01 3.573607211008544489e-39
8.739581510788721876e-05 1.241379310344827580e+01 4.466252384987935966e-39
1.372745450420190597e-04 1.241379310344827580e+01 5.611073560835492494e-39
2.156201723529972160e-04 1.241379310344827580e+01 6.999664832796008143e-39
3.386793867086227393e-04 1.241379310344827580e+01 8.750733934211863993e-39
5.319712238869027301e-04 1.241379310344827580e+01 1.089417376508115405e-38
8.355789993419287772e-04 1.241379310344827580e+01 1.364250293522517704e-38
1.312462465619559752e-03 1.241379310344827580e+01 1.699933140743091516e-38
2.061513902356088782e-03 1.241379310344827580e+01 2.115731571847510894e-38
3.238065606395263037e-03 1.241379310344827580e+01 2.637500575269891120e-38
5.086101461327346106e-03 1.241379310344827580e+01 3.287061547738265672e-38
7.988852364147688845e-03 1.241379310344827580e+01 4.108588914324285104e-38
1.254826758400772076e-02 1.241379310344827580e+01 5.172524944650456523e-38
1.970984218790949871e-02 1.241379310344827580e+01 6.573616443388796526e-38
3.095868624664952287e-02 1.241379310344827580e+01 8.563819008583189570e-38
4.862749508498932782e-02 1.241379310344827580e+01 1.162047719041077684e-37
7.638028498372008424e-02 1.241379310344827580e+01 1.717040821159073522e-37
1.199722075751162159e-01 1.241379310344827580e+01 2.919084818091555229e-37
1.884430071649332017e-01 1.241379310344827580e+01 0.000000000000000000e+00
2.959916106163946181e-01 1.241379310344827580e+01 0.000000000000000000e+00
4.649205872553618946e-01 1.241379310344827580e+01 0.000000000000000000e+00
9.999999999999999547e-08 1.862068965517241281e+01 2.269022255793584665e-40
1.570722177858955235e-07 1.862068965517241281e+01 2.839834869077805278e-40
2.467168160017974759e-07 1.862068965517241281e+01 3.558834986962334854e-40
3.875235745447704705e-07 1.862068965517241281e+01 4.458776189634410209e-40
6.086918729806477832e-07 1.862068965517241281e+01 5.601586410800781181e-40
9.560858243732097832e-07 1.862068965517241281e+01 7.013320544421367537e-40
1.501745208279559457e-06 1.862068965517241281e+01 8.749631959011429601e-40
2.358824504138120291e-06 1.862068965517241281e+01 1.103406003326825040e-39
3.705057962326890850e-06 1.862068965517241281e+01 1.377360370440941382e-39
5.819616711679756959e-06 1.862068965517241281e+01 1.732043959833920256e-39
9.141001035673980586e-06 1.862068965517241281e+01 2.160256900640527227e-39
1.435797305456480187e-05 1.862068965517241281e+01 2.710127182814582656e-39
2.255238670590617512e-05 1.862068965517241281e+01 3.391618058179170761e-39
3.542353396261829838e-05 1.862068965517241281e+01 4.251689924072511862e-39
5.564053041322448024e-05 1.862068965517241281e+01 5.309706971490067039e-39
8.739581510788721876e-05 1.862068965517241281e+01 6.652374831399216178e-39
1.372745450420190597e-04 1.862068965517241281e+01 8.313388945011087691e-39
2.156201723529972160e-04 1.862068965517241281e+01 1.039870080624547647e-38
3.386793867086227393e-04 1.862068965517241281e+01 1.298025077760829599e-38
5.319712238869027301e-04 1.862068965517241281e+01 1.627743424372863300e-38
8.355789993419287772e-04 1.862068965517241281e+01 2.029588941774017788e-38
1.312462465619559752e-03 1.862068965517241281e+01 2.528743985616641962e-38
2.061513902356088782e-03 1.862068965517241281e+01 3.154984162363723659e-38
3.238065606395263037e-03 1.862068965517241281e+01 3.938990283525411239e-38
5.086101461327346106e-03 1.862068965517241281e+01 4.916829205487697258e-38
7.988852364147688845e-03 1.862068965517241281e+01 6.154326673698507927e-38
1.254826758400772076e-02 1.862068965517241281e+01 7.796140317167735549e-38
1.970984218790949871e-02 1.862068965517241281e+01 9.990366975268718462e-38
3.095868624664952287e-02 1.862068965517241281e+01 1.323229228623613374e-37
4.862749508498932782e-02 1.862068965517241281e+01 1.840712250098900263e-37
7.638028498372008424e-02 1.862068965517241281e+01 2.823668553314540269e-37
1.199722075751162159e-01 1.862068965517241281e+01 5.044108823541560486e-37
1.884430071649332017e-01 1.862068965517241281e+01 0.000000000000000000e+00
2.959916106163946181e-01 1.862068965517241281e+01 0.000000000000000000e+00
4.649205872553618946e-01 1.862068965517241281e+01 0.000000000000000000e+00
9.999999999999999547e-08 2.482758620689655160e+01 2.977860542272531253e-40
1.570722177858955235e-07 2.482758620689655160e+01 3.737208804358597863e-40
2.467168160017974759e-07 2.482758620689655160e+01 4.684085797643523515e-40
3.875235745447704705e-07 2.482758620689655160e+01 5.875812075526146256e-40
6.086918729806477832e-07 2.482758620689655160e+01 7.369556401410026760e-40
9.560858243732097832e-07 2.482758620689655160e+01 9.227424441060028132e-40
1.501745208279559457e-06 2.482758620689655160e+01 1.153133701995588271e-39
2.358824504138120291e-06 2.482758620689655160e+01 1.447391613378427665e-39
3.705057962326890850e-06 2.482758620689655160e+01 1.807040238085641340e-39
5.819616711679756959e-06 2.482758620689655160e+01 2.275499171350297450e-39
9.141001035673980586e-06 2.482758620689655160e+01 2.851114689765584607e-39
1.435797305456480187e-05 2.482758620689655160e+01 3.568865342352415762e-39
2.255238670590617512e-05 2.482758620689655160e+01 4.468103014557204768e-39
3.542353396261829838e-05 2.482758620689655160e+01 5.584413440433515794e-39
5.564053041322448024e-05 2.482758620689655160e+01 6.998664166509282418e-39
8.739581510788721876e-05 2.482758620689655160e+01 8.769465446152657369e-39
1.372745450420190597e-04 2.482758620689655160e+01 1.092946199947165825e-38
2.156201723529972160e-04 2.482758620689655160e+01 1.370990315119083453e-38
3.386793867086227393e-04 2.482758620689655160e+01 1.714517909142454826e-38
5.319712238869027301e-04 2.482758620689655160e+01 2.141030670008853531e-38
8.355789993419287772e-04 2.482758620689655160e+01 2.671301290318190665e-38
1.312462465619559752e-03 2.482758620689655160e+01 3.333792773485610523e-38
2.061513902356088782e-03 2.482758620689655160e+01 4.170184845609985008e-38
3.238065606395263037e-03 2.482758620689655160e+01 5.205157785616446145e-38
5.086101461327346106e-03 2.482758620689655160e+01 6.516143882774212062e-38
7.988852364147688845e-03 2.482758620689655160e+01 8.200718863338718301e-38
1.254826758400772076e-02 2.482758620689655160e+01 1.044834125435302586e-37
1.970984218790949871e-02 2.482758620689655160e+01 1.349340680376044200e-37
3.095868624664952287e-02 2.482758620689655160e+01 1.815023515642490000e-37
4.862749508498932782e-02 2.482758620689655160e+01 2.605741481124387979e-37
7.638028498372008424e-02 2.482758620689655160e+01 4.111831744707474858e-37
1.199722075751162159e-01 2.482758620689655160e+01 7.607770441951019901e-37
1.884430071649332017e-01 2.482758620689655160e+01 0.000000000000000000e+00
2.959916106163946181e-01 2.482758620689655160e+01 0.000000000000000000e+00
4.649205872553618946e-01 2.482758620689655160e+01 0.000000000000000000e+00
9.999999999999999547e-08 3.103448275862069039e+01 3.654497081749243504e-40
1.570722177858955235e-07 3.103448275862069039e+01 4.585620636674837195e-40
2.467168160017974759e-07 3.103448275862069039e+01 5.747691260572450460e-40
3.875235745447704705e-07 3.103448275862069039e+01 7.204034609810297847e-40
6.086918729806477832e-07 3.103448275862069039e+01 9.033579640151134821e-40
9.560858243732097832e-07 3.103448275862069039e+01 1.132318649447259499e-39
1.501745208279559457e-06 3.103448275862069039e+01 1.418765729521283182e-39
2.358824504138120291e-06 3.103448275862069039e+01 1.778583230906010726e-39
3.705057962326890850e-06 3.103448275862069039e+01 2.229094274628770928e-39
5.819616711679756959e-06 3.103448275862069039e+01 2.787562418266516299e-39
9.141001035673980586e-06 3.103448275862069039e+01 3.491445795278461943e-39
1.435797305456480187e-05 3.103448275862069039e+01 4.379356453669266822e-39
2.255238670590617512e-05 3.103448275862069039e+01 5.481897307730320180e-39
3.542353396261829838e-05 3.103448275862069039e+01 6.859402284105501532e-39
5.564053041322448024e-05 3.103448275862069039e+01 8.564132086410339207e-39
8.739581510788721876e-05 3.103448275862069039e+01 1.074770291060707544e-38
1.372745450420190597e-04 3.103448275862069039e+01 1.347832436291681547e-38
2.156201723529972160e-04 3.103448275862069039e+01 1.681516828878643074e-38
3.386793867086227393e-04 3.103448275862069039e+01 2.103961081387662075e-38
5.319712238869027301e-04 3.103448275862069039e+01 2.630997282451615857e-38
8.355789993419287772e-04 3.103448275862069039e+01 3.287842870445138581e-38
1.312462465619559752e-03 3.103448275862069039e+01 4.109312846740623200e-38
2.061513902356088782e-03 3.103448275862069039e+01 5.133381276148605527e-38
3.238065606395263037e-03 3.103448275862069039e+01 6.413472264899007943e-38
5.086101461327346106e-03 3.103448275862069039e+01 8.080537671221223170e-38
7.988852364147688845e-03 3.103448275862069039e+01 1.022431651372006201e-37
1.254826758400772076e-02 3.103448275862069039e+01 1.308092217184330287e-37
1.970984218790949871e-02 3.103448275862069039e+01 1.715613228318334173e-37
3.095868624664952287e-02 3.103448275862069039e+01 2.339113921373999299e-37
4.862749508498932782e-02 3.103448275862069039e+01 3.409671918469075581e-37
7.638028498372008424e-02 3.103448275862069039e+01 5.531788023984214912e-37
1.199722075751162159e-01 3.103448275862069039e+01 1.043548468370259547e-36
1.884430071649332017e-01 3.103448275862069039e+01 2.377740630212072703e-36
2.959916106163946181e-01 3.103448275862069039e+01 0.000000000000000000e+00
4.649205872553618946e-01 3.103448275862069039e+01 0.000000000000000000e+00
9.999999999999999547e-08 3.724137931034482563e+01 4.300038000975123559e-40
1.570722177858955235e-07 3.724137931034482563e+01 5.398787343762917372e-40
2.467168160017974759e-07 3.724137931034482563e+01 6.740868966913395824e-40
3.875235745447704705e-07 3.724137931034482563e+01 8.458550406263440379e-40
6.086918729806477832e-07 3.724137931034482563e+01 1.061093063750845623e-39
9.560858243732097832e-07 3.724137931034482563e+01 1.328312038672957185e-39
1.501745208279559457e-06 3.724137931034482563e+01 1.664007021104475358e-39
2.358824504138120291e-06 3.724137931034482563e+01 2.089519553003957388e-39
3.705057962326890850e-06 3.724137931034482563e+01 2.617750051518597827e-39
5.819616711679756959e-06 3.724137931034482563e+01 3.271332128188935518e-39
9.141001035673980586e-06 3.724137931034482563e+01 4.097364987484511902e-39
1.435797305456480187e-05 3.724137931034482563e+01 5.133777497190806352e-39
2.255238670590617512e-05 3.724137931034482563e+01 6.435514380258392008e-39
3.542353396261829838e-05 3.724137931034482563e+01 8.049701776447502691e-39
5.564053041322448024e-05 3.724137931034482563e+01 1.007800837053470109e-38
8.739581510788721876e-05 3.724137931034482563e+01 1.262131690338466519e-38
1.372745450420190597e-04 3.724137931034482563e+01 1.582892744311869259e-38
2.156201723529972160e-04 3.724137931034482563e+01 1.977828880921549963e-38
3.386793867086227393e-04 3.724137931034482563e+01 2.468343427801440340e-38
5.319712238869027301e-04 3.724137931034482563e+01 3.087018789755452616e-38
8.355789993419287772e-04 3.724137931034482563e+01 3.872431732241361373e-38
1.312462465619559752e-03 3.724137931034482563e+01 4.839724745064998666e-38
2.061513902356088782e-03 3.724137931034482563e+01 6.056614940165985086e-38
3.238065606395263037e-03 3.724137931034482563e+01 7.585944342423878450e-38
5.086101461327346106e-03 3.724137931034482563e+01 9.587181787811108479e-38
7.988852364147688845e-03 3.724137931034482563e+01 1.217871454743737392e-37
1.254826758400772076e-02 3.724137931034482563e+01 1.569351269437028222e-37
1.970984218790949871e-02 3.724137931034482563e+01 2.078408279992800649e-37
3.095868624664952287e-02 3.724137931034482563e+01 2.879498285991007397e-37
4.862749508498932782e-02 3.724137931034482563e+01 4.250521864461783788e-37
7.638028498372008424e-02 3.724137931034482563e+01 7.005680098979874863e-37
1.199722075751162159e-01 3.724137931034482563e+01 1.325041524878190914e-36
1.884430071649332017e-01 3.724137931034482563e+01 2.935795661121398003e-36
2.959916106163946181e-01 3.724137931034482563e+01 0.000000000000000000e+00
4.649205872553618946e-01 3.724137931034482563e+01 0.000000000000000000e+00
9.999999999999999547e-08 4.344827586206896797e+01 4.881212961601085365e-40
1.570722177858955235e-07 4.344827586206896797e+01 6.118870099374681414e-40
2.467168160017974759e-07 4.344827586206896797e+01 7.671273512483952962e-40
3.875235745447704705e-07 4.344827586206896797e+01 9.606721741639200254e-40
6.086918729806477832e-07 4.344827586206896797e+01 1.202516924072335469e-39
9.560858243732097832e-07 4.344827586206896797e+01 1.512204775722819221e-39
1.501745208279559457e-06 4.344827586206896797e+01 1.891595927034383841e-39
2.358824504138120291e-06 4.344827586206896797e+01 2.378863517177363260e-39
3.705057962326890850e-06 4.344827586206896797e+01 2.965748167846406721e-39
5.819616711679756959e-06 4.344827586206896797e+01 3.722319908710610449e-39
9.141001035673980586e-06 4.344827586206896797e+01 4.655108357618419913e-39
1.435797305456480187e-05 4.344827586206896797e+01 5.846656224332236893e-39
2.255238670590617512e-05 4.344827586206896797e+01 7.296082132442376812e-39
3.542353396261829838e-05 4.344827586206896797e+01 9.171624288013376350e-39
5.564053041322448024e-05 4.344827586206896797e+01 1.146358141480428098e-38
8.739581510788721876e-05 4.344827586206896797e+01 1.437434949855182934e-38
1.372745450420190597e-04 4.344827586206896797e+01 1.797439991459170927e-38
2.156201723529972160e-04 4.344827586206896797e+01 2.253659418015964875e-38
3.386793867086227393e-04 4.344827586206896797e+01 2.816082384827583406e-38
5.319712238869027301e-04 4.344827586206896797e+01 3.522390649296472068e-38
8.355789993419287772e-04 4.344827586206896797e+01 4.416941083880888768e-38
1.312462465619559752e-03 4.344827586206896797e+01 5.528014851433108596e-38
2.061513902356088782e-03 4.344827586206896797e+01 6.925523056253565310e-38
3.238065606395263037e-03 4.344827586206896797e+01 8.709033760236977590e-38
5.086101461327346106e-03 4.344827586206896797e+01 1.101597210403835230e-37
7.988852364147688845e-03 4.344827586206896797e+01 1.403328238416717111e-37
1.254826758400772076e-02 4.344827586206896797e+01 1.826426965103811134e-37
1.970984218790949871e-02 4.344827586206896797e+01 2.434461343977612781e-37
3.095868624664952287e-02 4.344827586206896797e+01 3.397677728053445004e-37
4.862749508498932782e-02 4.344827586206896797e+01 5.103403245281494359e-37
7.638028498372008424e-02 4.344827586206896797e+01 8.416147512626294833e-37
1.199722075751162159e-01 4.344827586206896797e+01 1.573026628660531196e-36
1.884430071649332017e-01 4.344827586206896797e+01 3.368591546793075122e-36
2.959916106163946181e-01 4.344827586206896797e+01 3.170624502888901831e-35
4.649205872553618946e-01 4.344827586206896797e+01 0.000000000000000000e+00
9.999999999999999547e-08 4.965517241379310320e+01 5.415883989729892718e-40
1.570722177858955235e-07 4.965517241379310320e+01 6.779979342803253886e-40
2.467168160017974759e-07 4.965517241379310320e+01 8.502193949702517560e-40
3.875235745447704705e-07 4.965517241379310320e+01 1.066917096167446186e-39
6.086918729806477832e-07 4.965517241379310320e+01 1.335860951779103961e-39
9.560858243732097832e-07 4.965517241379310320e+01 1.674286226319786687e-39
1.501745208279559457e-06 4.965517241379310320e+01 2.098905273549006745e-39
2.358824504138120291e-06 4.965517241379310320e+01 2.624884958729364628e-39
3.705057962326890850e-06 4.965517241379310320e+01 3.294804518840772272e-39
5.819616711679756959e-06 4.965517241379310320e+01 4.121607785449458300e-39
9.141001035673980586e-06 4.965517241379310320e+01 5.163530997486827948e-39
1.435797305456480187e-05 4.965517241379310320e+01 6.465719792578413162e-39
2.255238670590617512e-05 4.965517241379310320e+01 8.123798363820390309e-39
3.542353396261829838e-05 4.965517241379310320e+01 1.015565496194243509e-38
5.564053041322448024e-05 4.965517241379310320e+01 1.273286301962499922e-38
8.739581510788721876e-05 4.965517241379310320e+01 1.593081631269291632e-38
1.372745450420190597e-04 4.965517241379310320e+01 1.998157134672511477e-38
2.156201723529972160e-04 4.965517241379310320e+01 2.503041477400820020e-38
3.386793867086227393e-04 4.965517241379310320e+01 3.125931845011775789e-38
5.319712238869027301e-04 4.965517241379310320e+01 3.910418185783583071e-38
8.355789993419287772e-04 4.965517241379310320e+01 4.912982299192016811e-38
1.312462465619559752e-03 4.965517241379310320e+01 6.163056288319170591e-38
2.061513902356088782e-03 4.965517241379310320e+01 7.695176741232465966e-38
3.238065606395263037e-03 4.965517241379310320e+01 9.725914962222693188e-38
5.086101461327346106e-03 4.965517241379310320e+01 1.231754073160062751e-37
7.988852364147688845e-03 4.965517241379310320e+01 1.579682833912449177e-37
1.254826758400772076e-02 4.965517241379310320e+01 2.064410286955349843e-37
1.970984218790949871e-02 4.965517241379310320e+01 2.777504693889382250e-37
3.095868624664952287e-02 4.965517241379310320e+01 3.905764974300628024e-37
4.862749508498932782e-02 4.965517241379310320e+01 5.863171404163756540e-37
7.638028498372008424e-02 4.965517241379310320e+01 9.654432662301360984e-37
1.199722075751162159e-01 4.965517241379310320e+01 1.779324037037956496e-36
1.884430071649332017e-01 4.965517241379310320e+01 3.655094193221502380e-36
2.959916106163946181e-01 4.965517241379310320e+01 5.737729822121857651e-35
4.649205872553618946e-01 4.965517241379310320e+01 0.000000000000000000e+00
9.999999999999999547e-08 5.586206896551724554e+01 5.880597001401064649e-40
1.570722177858955235e-07 5.586206896551724554e+01 7.366709475464297823e-40
2.467168160017974759e-07 5.586206896551724554e+01 9.231579790634327337e-40
3.875235745447704705e-07 5.586206896551724554e+01 1.157803168361954506e-39
6.086918729806477832e-07 5.586206896551724554e+01 1.449461606794149524e-39
9.560858243732097832e-07 5.586206896551724554e+01 1.818087406573832751e-39
1.501745208279559457e-06 5.586206896551724554e+01 2.281198383794943531e-39
2.358824504138120291e-06 5.586206896551724554e+01 2.850944135739372029e-39
3.705057962326890850e-06 5.586206896551724554e+01 3.577474690581180109e-39
5.819616711679756959e-06 5.586206896551724554e+01 4.476732189057766834e-39
9.141001035673980586e-06 5.586206896551724554e+01 5.612308552553143192e-39
1.435797305456480187e-05 5.586206896551724554e+01 7.029362401579071098e-39
2.255238670590617512e-05 5.586206896551724554e+01 8.823431633674365444e-39
3.542353396261829838e-05 5.586206896551724554e+01 1.106284439113131403e-38
5.564053041322448024e-05 5.586206896551724554e+01 1.380830428656036622e-38
8.739581510788721876e-05 5.586206896551724554e+01 1.729955711143320015e-38
1.372745450420190597e-04 5.586206896551724554e+01 2.167480625117185448e-38
2.156201723529972160e-04 5.586206896551724554e+01 2.713080092048835181e-38
3.386793867086227393e-04 5.586206896551724554e+01 3.401508137221535537e-38
5.319712238869027301e-04 5.586206896551724554e+01 4.255801025643930623e-38
8.355789993419287772e-04 5.586206896551724554e+01 5.342318806475154680e-38
1.312462465619559752e-03 5.586206896551724554e+01 6.705940968495862135e-38
2.061513902356088782e-03 5.586206896551724554e+01 8.442508281417580467e-38
3.238065606395263037e-03 5.586206896551724554e+01 1.065418279915586640e-37
5.086101461327346106e-03 5.586206896551724554e+01 1.354964529288477819e-37
7.988852364147688845e-03 5.586206896551724554e+01 1.745442457824027248e-37
1.254826758400772076e-02 5.586206896551724554e+01 2.281913702898085739e-37
1.970984218790949871e-02 5.586206896551724554e+01 3.088710959772934382e-37
3.095868624664952287e-02 5.586206896551724554e+01 4.360478121571135468e-37
4.862749508498932782e-02 5.586206896551724554e+01 6.548725773223071877e-37
7.638028498372008424e-02 5.586206896551724554e+01 1.070328945800530799e-36
1.199722075751162159e-01 5.586206896551724554e+01 1.920576889241555993e-36
1.884430071649332017e-01 5.586206896551724554e+01 3.862092608908569039e-36
2.959916106163946181e-01 5.586206896551724554e+01 8.251793100060194772e-35
4.649205872553618946e-01 5.586206896551724554e+01 0.000000000000000000e+00
9.999999999999999547e-08 6.206896551724138078e+01 6.277419103885331039e-40
1.570722177858955235e-07 6.206896551724138078e+01 7.868327663752124357e-40
2.467168160017974759e-07 6.206896551724138078e+01 9.849127089916397465e-40
3.875235745447704705e-07 6.206896551724138078e+01 1.236034509935042447e-39
6.086918729806477832e-07 6.206896551724138078e+01 1.549093049122847097e-39
9.560858243732097832e-07 6.206896551724138078e+01 1.944204376861606783e-39
1.501745208279559457e-06 6.206896551724138078e+01 2.434591704069609670e-39
2.358824504138120291e-06 6.206896551724138078e+01 3.052718903589595252e-39
3.705057962326890850e-06 6.206896551724138078e+01 3.814020615104774167e-39
5.819616711679756959e-06 6.206896551724138078e+01 4.779812855509635808e-39
9.141001035673980586e-06 6.206896551724138078e+01 5.990255232873454715e-39
1.435797305456480187e-05 6.206896551724138078e+01 7.528509893856944708e-39
2.255238670590617512e-05 6.206896551724138078e+01 9.398264369942393173e-39
3.542353396261829838e-05 6.206896551724138078e+01 1.177206802113922593e-38
5.564053041322448024e-05 6.206896551724138078e+01 1.477140873149918972e-38
8.739581510788721876e-05 6.206896551724138078e+01 1.847358030514987120e-38
1.372745450420190597e-04 6.206896551724138078e+01 2.311696317038313544e-38
2.156201723529972160e-04 6.206896551724138078e+01 2.907514229695874366e-38
3.386793867086227393e-04 6.206896551724138078e+01 3.632505034054474027e-38
5.319712238869027301e-04 6.206896551724138078e+01 4.558001920603037919e-38
8.355789993419287772e-04 6.206896551724138078e+01 5.704047654667953088e-38
1.312462465619559752e-03 6.206896551724138078e+01 7.191453067425531635e-38
2.061513902356088782e-03 6.206896551724138078e+01 9.048100924060209807e-38
3.238065606395263037e-03 6.206896551724138078e+01 1.143730199284705496e-37
5.086101461327346106e-03 6.206896551724138078e+01 1.463460329931046041e-37
7.988852364147688845e-03 6.206896551724138078e+01 1.879716490261500477e-37
1.254826758400772076e-02 6.206896551724138078e+01 2.480650629806462065e-37
1.970984218790949871e-02 6.206896551724138078e+01 3.364894623449052280e-37
3.095868624664952287e-02 6.206896551724138078e+01 4.750177011298973497e-37
4.862749508498932782e-02 6.206896551724138078e+01 7.125546732443064881e-37
7.638028498372008424e-02 6.206896551724138078e+01 1.149990817086800665e-36
1.199722075751162159e-01 6.206896551724138078e+01 2.009610488055181000e-36
1.884430071649332017e-01 6.206896551724138078e+01 4.175762766682604657e-36
2.959916106163946181e-01 6.206896551724138078e+01 9.274020723158294591e-35
4.649205872553618946e-01 6.206896551724138078e+01 0.000000000000000000e+00
9.999999999999999547e-08 6.827586206896552312e+01 6.587793813266433869e-40
1.570722177858955235e-07 6.827586206896552312e+01 8.266455575705682458e-40
2.467168160017974759e-07 6.827586206896552312e+01 1.037962232548056269e-39
3.875235745447704705e-07 6.827586206896552312e+01 1.298199783300702475e-39
6.086918729806477832e-07 6.827586206896552312e+01 1.625228120829478289e-39
9.560858243732097832e-07 6.827586206896552312e+01 2.038413611960717918e-39
1.501745208279559457e-06 6.827586206896552312e+01 2.556163698356000001e-39
2.358824504138120291e-06 6.827586206896552312e+01 3.196767220373666393e-39
3.705057962326890850e-06 6.827586206896552312e+01 4.011364701635176699e-39
5.819616711679756959e-06 6.827586206896552312e+01 5.029735477525935958e-39
9.141001035673980586e-06 6.827586206896552312e+01 6.293395441606038870e-39
1.435797305456480187e-05 6.827586206896552312e+01 7.903535604932433655e-39
2.255238670590617512e-05 6.827586206896552312e+01 9.892621583429304591e-39
3.542353396261829838e-05 6.827586206896552312e+01 1.237496135000374020e-38
5.564053041322448024e-05 6.827586206896552312e+01 1.554744018845924000e-38
8.739581510788721876e-05 6.827586206896552312e+01 1.945643455807394656e-38
1.372745450420190597e-04 6.827586206896552312e+01 2.438430950149617146e-38
2.156201723529972160e-04 6.827586206896552312e+01 3.052404995286777098e-38
3.386793867086227393e-04 6.827586206896552312e+01 3.828932525016229403e-38
5.319712238869027301e-04 6.827586206896552312e+01 4.812771593614328365e-38
8.355789993419287772e-04 6.827586206896552312e+01 6.032060492109156042e-38
1.312462465619559752e-03 6.827586206896552312e+01 7.581381681543355403e-38
2.061513902356088782e-03 6.827586206896552312e+01 9.559362486107927290e-38
3.238065606395263037e-03 6.827586206896552312e+01 1.211703698140484186e-37
5.086101461327346106e-03 6.827586206896552312e+01 1.547889909326585690e-37
7.988852364147688845e-03 6.827586206896552312e+01 2.005998178588353821e-37
1.254826758400772076e-02 6.827586206896552312e+01 2.641722835850060372e-37
1.970984218790949871e-02 6.827586206896552312e+01 3.594613330150830799e-37
3.095868624664952287e-02 6.827586206896552312e+01 5.058808390429746620e-37
4.862749508498932782e-02 6.827586206896552312e+01 7.537683684715235439e-37
7.638028498372008424e-02 6.827586206896552312e+01 1.206575397764903411e-36
1.199722075751162159e-01 6.827586206896552312e+01 2.047138303036682096e-36
1.884430071649332017e-01 6.827586206896552312e+01 5.166016818530430434e-36
2.959916106163946181e-01 6.827586206896552312e+01 8.584984625538541073e-35
4.649205872553618946e-01 6.827586206896552312e+01 0.000000000000000000e+00
9.999999999999999547e-08 7.448275862068965125e+01 6.836597114283515618e-40
1.570722177858955235e-07 7.448275862068965125e+01 8.567853232061415230e-40
2.467168160017974759e-07 7.448275862068965125e+01 1.074887246561707031e-39
3.875235745447704705e-07 7.448275862068965125e+01 1.346286880646067942e-39
6.086918729806477832e-07 7.448275862068965125e+01 1.688662496446393546e-39
9.560858243732097832e-07 7.448275862068965125e+01 2.117125394069977658e-39
1.501745208279559457e-06 7.448275862068965125e+01 2.652295235138025985e-39
2.358824504138120291e-06 7.448275862068965125e+01 3.327464810447993404e-39
3.705057962326890850e-06 7.448275862068965125e+01 4.162151288946740147e-39
5.819616711679756959e-06 7.448275862068965125e+01 5.215481160049031511e-39
9.141001035673980586e-06 7.448275862068965125e+01 6.537292677364030114e-39
1.435797305456480187e-05 7.448275862068965125e+01 8.196832349579225656e-39
2.255238670590617512e-05 7.448275862068965125e+01 1.028560119074905140e-38
3.542353396261829838e-05 7.448275862068965125e+01 1.288522510537640791e-38
5.564053041322448024e-05 7.448275862068965125e+01 1.608868942841773952e-38
8.739581510788721876e-05 7.448275862068965125e+01 2.023385639335172303e-38
1.372745450420190597e-04 7.448275862068965125e+01 2.533902959083721483e-38
2.156201723529972160e-04 7.448275862068965125e+01 3.178165121291009455e-38
3.386793867086227393e-04 7.448275862068965125e+01 3.984749930314490202e-38
5.319712238869027301e-04 7.448275862068965125e+01 4.992034846660586461e-38
8.355789993419287772e-04 7.448275862068965125e+01 6.291780027536102177e-38
1.312462465619559752e-03 7.448275862068965125e+01 7.906724353048477437e-38
2.061513902356088782e-03 7.448275862068965125e+01 9.981355816556373148e-38
3.238065606395263037e-03 7.448275862068965125e+01 1.266516036046020333e-37
5.086101461327346106e-03 7.448275862068965125e+01 1.619741473211236455e-37
7.988852364147688845e-03 7.448275862068965125e+01 2.105491157515568799e-37
1.254826758400772076e-02 7.448275862068965125e+01 2.771087268965873955e-37
1.970984218790949871e-02 7.448275862068965125e+01 3.764424790415191548e-37
3.095868624664952287e-02 7.448275862068965125e+01 5.307347510794942818e-37
4.862749508498932782e-02 7.448275862068965125e+01 7.875879738268050584e-37
7.638028498372008424e-02 7.448275862068965125e+01 1.231021871066159484e-36
1.199722075751162159e-01 7.448275862068965125e+01 2.034431126004523776e-36
1.884430071649332017e-01 7.448275862068965125e+01 7.111771629214335843e-36
2.959916106163946181e-01 7.448275862068965125e+01 7.205786908237627001e-35
4.649205872553618946e-01 7.448275862068965125e+01 0.000000000000000000e+00
9.999999999999999547e-08 8.068965517241380780e+01 7.011488727553312345e-40
1.570722177858955235e-07 8.068965517241380780e+01 8.790674774343973070e-40
2.467168160017974759e-07 8.068965517241380780e+01 1.097026077856356334e-39
3.875235745447704705e-07 8.068965517241380780e+01 1.379835082753878798e-39
6.086918729806477832e-07 8.068965517241380780e+01 1.731998701326151084e-39
9.560858243732097832e-07 8.068965517241380780e+01 2.164407846140809559e-39
1.501745208279559457e-06 8.068965517241380780e+01 2.717929726330432539e-39
2.358824504138120291e-06 8.068965517241380780e+01 3.405636319131473920e-39
3.705057962326890850e-06 8.068965517241380780e+01 4.266509677081334153e-39
5.819616711679756959e-06 8.068965517241380780e+01 5.350217418480777665e-39
9.141001035673980586e-06 8.068965517241380780e+01 6.697857035015183286e-39
1.435797305456480187e-05 8.068965517241380780e+01 8.382482681315886662e-39
2.255238670590617512e-05 8.068965517241380780e+01 1.054207014002636179e-38
3.542353396261829838e-05 8.068965517241380780e+01 1.317595185011234819e-38
5.564053041322448024e-05 8.068965517241380780e+01 1.654691811670024956e-38
8.739581510788721876e-05 8.068965517241380780e+01 2.069205296031789423e-38
1.372745450420190597e-04 8.068965517241380780e+01 2.600951236679696766e-38
2.156201723529972160e-04 8.068965517241380780e+01 3.257213285373477111e-38
3.386793867086227393e-04 8.068965517241380780e+01 4.074657221088486633e-38
5.319712238869027301e-04 8.068965517241380780e+01 5.137065245664908910e-38
8.355789993419287772e-04 8.068965517241380780e+01 6.460433899124034949e-38
1.312462465619559752e-03 8.068965517241380780e+01 8.120144500778335804e-38
2.061513902356088782e-03 8.068965517241380780e+01 1.029417530602457185e-37
3.238065606395263037e-03 8.068965517241380780e+01 1.305945282282103014e-37
5.086101461327346106e-03 8.068965517241380780e+01 1.677434235950708884e-37
7.988852364147688845e-03 8.068965517241380780e+01 2.168914502380613191e-37
1.254826758400772076e-02 8.068965517241380780e+01 2.867792772323993289e-37
1.970984218790949871e-02 8.068965517241380780e+01 3.885468467700942519e-37
3.095868624664952287e-02 8.068965517241380780e+01 5.457490072831301963e-37
4.862749508498932782e-02 8.068965517241380780e+01 8.007055186258089212e-37
7.638028498372008424e-02 8.068965517241380780e+01 1.235644682268618056e-36
1.199722075751162159e-01 8.068965517241380780e+01 1.988428649057169460e-36
1.884430071649332017e-01 8.068965517241380780e+01 1.023697393804413149e-35
2.959916106163946181e-01 8.068965517241380780e+01 5.772078127458231084e-35
4.649205872553618946e-01 8.068965517241380780e+01 0.000000000000000000e+00
9.999999999999999547e-08 8.689655172413793593e+01 7.090697720792643446e-40
1.570722177858955235e-07 8.689655172413793593e+01 8.891601920889150492e-40
2.467168160017974759e-07 8.689655172413793593e+01 1.116149280054091723e-39
3.875235745447704705e-07 8.689655172413793593e+01 1.398924494083661325e-39
6.086918729806477832e-07 8.689655172413793593e+01 1.752308999615198659e-39
9.560858243732097832e-07 8.689655172413793593e+01 2.194076957993865162e-39
1.501745208279559457e-06 8.689655172413793593e+01 2.746452985986578440e-39
2.358824504138120291e-06 8.689655172413793593e+01 3.443678350907049481e-39
3.705057962326890850e-06 8.689655172413793593e+01 4.310664989456021003e-39
5.819616711679756959e-06 8.689655172413793593e+01 5.426991528469593132e-39
9.141001035673980586e-06 8.689655172413793593e+01 6.768498152807778391e-39
1.435797305456480187e-05 8.689655172413793593e+01 8.508636096863567253e-39
2.255238670590617512e-05 8.689655172413793593e+01 1.066360595953650632e-38
3.542353396261829838e-05 8.689655172413793593e+01 1.333175410819924648e-38
5.564053041322448024e-05 8.689655172413793593e+01 1.672610720201975017e-38
8.739581510788721876e-05 8.689655172413793593e+01 2.104248272315790274e-38
1.372745450420190597e-04 8.689655172413793593e+01 2.631897353132525140e-38
2.156201723529972160e-04 8.689655172413793593e+01 3.299935064118353124e-38
3.386793867086227393e-04 8.689655172413793593e+01 4.151767163548572722e-38
5.319712238869027301e-04 8.689655172413793593e+01 5.201209142481096783e-38
8.355789993419287772e-04 8.689655172413793593e+01 6.544383867721884087e-38
1.312462465619559752e-03 8.689655172413793593e+01 8.252695322771241911e-38
2.061513902356088782e-03 8.689655172413793593e+01 1.043891181993273022e-37
3.238065606395263037e-03 8.689655172413793593e+01 1.326257951651583205e-37
5.086101461327346106e-03 8.689655172413793593e+01 1.701047062570141601e-37
7.988852364147688845e-03 8.689655172413793593e+01 2.204944886112955911e-37
1.254826758400772076e-02 8.689655172413793593e+01 2.914842930238158072e-37
1.970984218790949871e-02 8.689655172413793593e+01 3.951339441414419778e-37
3.095868624664952287e-02 8.689655172413793593e+01 5.520644784058731806e-37
4.862749508498932782e-02 8.689655172413793593e+01 8.050706948750313591e-37
7.638028498372008424e-02 8.689655172413793593e+01 1.216002332726094846e-36
1.199722075751162159e-01 8.689655172413793593e+01 1.931710212737069390e-36
1.884430071649332017e-01 8.689655172413793593e+01 1.431847087217722471e-35
2.959916106163946181e-01 8.689655172413793593e+01 4.390537375848865065e-35
4.649205872553618946e-01 8.689655172413793593e+01 0.000000000000000000e+00
9.999999999999999547e-08 9.310344827586206407e+01 7.094723562427326323e-40
1.570722177858955235e-07 9.310344827586206407e+01 8.910361622895115993e-40
2.467168160017974759e-07 9.310344827586206407e+01 1.114709465921796740e-39
3.875235745447704705e-07 9.310344827586206407e+01 1.397885296417711563e-39
6.086918729806477832e-07 9.310344827586206407e+01 1.752799376180177366e-39
9.560858243732097832e-07 9.310344827586206407e+01 2.191367305220852040e-39
1.501745208279559457e-06 9.310344827586206407e+01 2.750616868072596805e-39
2.358824504138120291e-06 9.310344827586206407e+01 3.444757128275902312e-39
3.705057962326890850e-06 9.310344827586206407e+01 4.317265099539104206e-39
5.819616711679756959e-06 9.310344827586206407e+01 5.401977459738053727e-39
9.141001035673980586e-06 9.310344827586206407e+01 6.799475379042487802e-39
1.435797305456480187e-05 9.310344827586206407e+01 8.486931089930816326e-39
2.255238670590617512e-05 9.310344827586206407e+01 1.066770500014680441e-38
3.542353396261829838e-05 9.310344827586206407e+01 1.333522647417348045e-38
5.564053041322448024e-05 9.310344827586206407e+01 1.674566099440455580e-38
8.739581510788721876e-05 9.310344827586206407e+01 2.101470141230648944e-38
1.372745450420190597e-04 9.310344827586206407e+01 2.632236227071328624e-38
2.156201723529972160e-04 9.310344827586206407e+01 3.300632001958767152e-38
3.386793867086227393e-04 9.310344827586206407e+01 4.150819489880446145e-38
5.319712238869027301e-04 9.310344827586206407e+01 5.226533453592088963e-38
8.355789993419287772e-04 9.310344827586206407e+01 6.579555103517866905e-38
1.312462465619559752e-03 9.310344827586206407e+01 8.287713573355386832e-38
2.061513902356088782e-03 9.310344827586206407e+01 1.047727103024307330e-37
3.238065606395263037e-03 9.310344827586206407e+01 1.332258089950616211e-37
5.086101461327346106e-03 9.310344827586206407e+01 1.708177812501010126e-37
7.988852364147688845e-03 9.310344827586206407e+01 2.217992826272348593e-37
1.254826758400772076e-02 9.310344827586206407e+01 2.931407795082701416e-37
1.970984218790949871e-02 9.310344827586206407e+01 3.953485718240985657e-37
3.095868624664952287e-02 9.310344827586206407e+01 5.509747916944041290e-37
4.862749508498932782e-02 9.310344827586206407e+01 7.921925845070549252e-37
7.638028498372008424e-02 9.310344827586206407e+01 1.180548083292179098e-36
1.199722075751162159e-01 9.310344827586206407e+01 1.884511827520328093e-36
1.884430071649332017e-01 9.310344827586206407e+01 1.826855617593363488e-35
2.959916106163946181e-01 9.310344827586206407e+01 3.189988893932017148e-35
4.649205872553618946e-01 9.310344827586206407e+01 0.000000000000000000e+00
9.999999999999999547e-08 9.931034482758620641e+01 7.009154449475755085e-40
1.570722177858955235e-07 9.931034482758620641e+01 8.760422449102067408e-40
2.467168160017974759e-07 9.931034482758620641e+01 1.101333497929223236e-39
3.875235745447704705e-07 9.931034482758620641e+01 1.378388405221139559e-39
6.086918729806477832e-07 9.931034482758620641e+01 1.731125504917853603e-39
9.560858243732097832e-07 9.931034482758620641e+01 2.162229695582732591e-39
1.501745208279559457e-06 9.931034482758620641e+01 2.717044918110117357e-39
2.358824504138120291e-06 9.931034482758620641e+01 3.412671601665481312e-39
3.705057962326890850e-06 9.931034482758620641e+01 4.271313427816081143e-39
5.819616711679756959e-06 9.931034482758620641e+01 5.342804472838319082e-39
9.141001035673980586e-06 9.931034482758620641e+01 6.696852795214134051e-39
1.435797305456480187e-05 9.931034482758620641e+01 8.412106664882735361e-39
2.255238670590617512e-05 9.931034482758620641e+01 1.055920983340749158e-38
3.542353396261829838e-05 9.931034482758620641e+01 1.321227150702448981e-38
5.564053041322448024e-05 9.931034482758620641e+01 1.653600800779970094e-38
8.739581510788721876e-05 9.931034482758620641e+01 2.075553696190372978e-38
1.372745450420190597e-04 9.931034482758620641e+01 2.608780714738010817e-38
2.156201723529972160e-04 9.931034482758620641e+01 3.270100156170412026e-38
3.386793867086227393e-04 9.931034482758620641e+01 4.110766323658501506e-38
5.319712238869027301e-04 9.931034482758620641e+01 5.161798010903399962e-38
8.355789993419287772e-04 9.931034482758620641e+01 6.498802722933395245e-38
1.312462465619559752e-03 9.931034482758620641e+01 8.184246419751709431e-38
2.061513902356088782e-03 9.931034482758620641e+01 1.038072377453924423e-37
3.238065606395263037e-03 9.931034482758620641e+01 1.326184740793592058e-37
5.086101461327346106e-03 9.931034482758620641e+01 1.700183640283205737e-37
7.988852364147688845e-03 9.931034482758620641e+01 2.203114544890504948e-37
1.254826758400772076e-02 9.931034482758620641e+01 2.903851715507867509e-37
1.970984218790949871e-02 9.931034482758620641e+01 3.914188000935879879e-37
3.095868624664952287e-02 9.931034482758620641e+01 5.405521174935324276e-37
4.862749508498932782e-02 9.931034482758620641e+01 7.704793764004297646e-37
7.638028498372008424e-02 9.931034482758620641e+01 1.127512694872557700e-36
1.199722075751162159e-01 9.931034482758620641e+01 1.929372790050806964e-36
1.884430071649332017e-01 9.931034482758620641e+01 2.146590086775069349e-35
2.959916106163946181e-01 9.931034482758620641e+01 2.244033116387211956e-35
4.649205872553618946e-01 9.931034482758620641e+01 0.000000000000000000e+00
9.999999999999999547e-08 1.055172413793103630e+02 6.847855979325495495e-40
1.570722177858955235e-07 1.055172413793103630e+02 8.564871251110684087e-40
2.467168160017974759e-07 1.055172413793103630e+02 1.076326012974647252e-39
3.875235745447704705e-07 1.055172413793103630e+02 1.350651061271644741e-39
6.086918729806477832e-07 1.055172413793103630e+02 1.693389515247104005e-39
9.560858243732097832e-07 1.055172413793103630e+02 2.118726442233169488e-39
1.501745208279559457e-06 1.055172413793103630e+02 2.651741036736506575e-39
2.358824504138120291e-06 1.055172413793103630e+02 3.328759080652434786e-39
3.705057962326890850e-06 1.055172413793103630e+02 4.165543981978390539e-39
5.819616711679756959e-06 1.055172413793103630e+02 5.234319143211917193e-39
9.141001035673980586e-06 1.055172413793103630e+02 6.534073190779356411e-39
1.435797305456480187e-05 1.055172413793103630e+02 8.230939791034050867e-39
2.255238670590617512e-05 1.055172413793103630e+02 1.027408873660219920e-38
3.542353396261829838e-05 1.055172413793103630e+02 1.290571356941865841e-38
5.564053041322448024e-05 1.055172413793103630e+02 1.613646716557614051e-38
8.739581510788721876e-05 1.055172413793103630e+02 2.030633514986301274e-38
1.372745450420190597e-04 1.055172413793103630e+02 2.545938163207850974e-38
2.156201723529972160e-04 1.055172413793103630e+02 3.202825154305456435e-38
3.386793867086227393e-04 1.055172413793103630e+02 4.017505013426340654e-38
5.319712238869027301e-04 1.055172413793103630e+02 5.050767106353061906e-38
8.355789993419287772e-04 1.055172413793103630e+02 6.364284897949849182e-38
1.312462465619559752e-03 1.055172413793103630e+02 8.042366815996632120e-38
2.061513902356088782e-03 1.055172413793103630e+02 1.018275786672660791e-37
3.238065606395263037e-03 1.055172413793103630e+02 1.298632820627720867e-37
5.086101461327346106e-03 1.055172413793103630e+02 1.666070601981101562e-37
7.988852364147688845e-03 1.055172413793103630e+02 2.158213754326009429e-37
1.254826758400772076e-02 1.055172413793103630e+02 2.837976767896501165e-37
1.970984218790949871e-02 1.055172413793103630e+02 3.806324840681855041e-37
3.095868624664952287e-02 1.055172413793103630e+02 5.250539518008277251e-37
4.862749508498932782e-02 1.055172413793103630e+02 7.391429579901007503e-37
7.638028498372008424e-02 1.055172413793103630e+02 1.066274204651759442e-36
1.199722075751162159e-01 1.055172413793103630e+02 2.075654370155447442e-36
1.884430071649332017e-01 1.055172413793103630e+02 2.282129384536472229e-35
2.959916106163946181e-01 1.055172413793103630e+02 1.538501661159785307e-35
4.649205872553618946e-01 1.055172413793103630e+02 0.000000000000000000e+00
9.999999999999999547e-08 1.117241379310344911e+02 6.599710275910512212e-40
1.570722177858955235e-07 1.117241379310344911e+02 8.261164204262047939e-40
2.467168160017974759e-07 1.117241379310344911e+02 1.036678871709980190e-39
3.875235745447704705e-07 1.117241379310344911e+02 1.300284270916989805e-39
6.086918729806477832e-07 1.117241379310344911e+02 1.626002005402718157e-39
9.560858243732097832e-07 1.117241379310344911e+02 2.043412951799622198e-39
1.501745208279559457e-06 1.117241379310344911e+02 2.558396982956313894e-39
2.358824504138120291e-06 1.117241379310344911e+02 3.206903601390864016e-39
3.705057962326890850e-06 1.117241379310344911e+02 4.016037885582252683e-39
5.819616711679756959e-06 1.117241379310344911e+02 5.037382217020198221e-39
9.141001035673980586e-06 1.117241379310344911e+02 6.301089227435241373e-39
1.435797305456480187e-05 1.117241379310344911e+02 7.899987244737930568e-39
2.255238670590617512e-05 1.117241379310344911e+02 9.927510786024715621e-39
3.542353396261829838e-05 1.117241379310344911e+02 1.247304714380818064e-38
5.564053041322448024e-05 1.117241379310344911e+02 1.560705599576338611e-38
8.739581510788721876e-05 1.117241379310344911e+02 1.954263561246046143e-38
1.372745450420190597e-04 1.117241379310344911e+02 2.458386359229662908e-38
2.156201723529972160e-04 1.117241379310344911e+02 3.094361456516331585e-38
3.386793867086227393e-04 1.117241379310344911e+02 3.875587094907730638e-38
5.319712238869027301e-04 1.117241379310344911e+02 4.894121749255324623e-38
8.355789993419287772e-04 1.117241379310344911e+02 6.158341275950297450e-38
1.312462465619559752e-03 1.117241379310344911e+02 7.771085401564765228e-38
2.061513902356088782e-03 1.117241379310344911e+02 9.848172911502340294e-38
3.238065606395263037e-03 1.117241379310344911e+02 1.253723987858552415e-37
5.086101461327346106e-03 1.117241379310344911e+02 1.609284755524186243e-37
7.988852364147688845e-03 1.117241379310344911e+02 2.086913646503424607e-37
1.254826758400772076e-02 1.117241379310344911e+02 2.735521969124655283e-37
1.970984218790949871e-02 1.117241379310344911e+02 3.658948562909509496e-37
3.095868624664952287e-02 1.117241379310344911e+02 5.017657127651769165e-37
4.862749508498932782e-02 1.117241379310344911e+02 6.988673469235862173e-37
7.638028498372008424e-02 1.117241379310344911e+02 9.918651549276395162e-37
1.199722075751162159e-01 1.117241379310344911e+02 2.318147680679198620e-36
1.884430071649332017e-01 1.117241379310344911e+02 2.234962094750491592e-35
2.959916106163946181e-01 1.117241379310344911e+02 1.012690770113645388e-35
4.649205872553618946e-01 1.117241379310344911e+02 0.000000000000000000e+00
9.999999999999999547e-08 1.179310344827586192e+02 6.290095382684738671e-40
1.570722177858955235e-07 1.179310344827586192e+02 7.865740737348354849e-40
2.467168160017974759e-07 1.179310344827586192e+02 9.863993175675231140e-40
3.875235745447704705e-07 1.179310344827586192e+02 1.237222439851269893e-39
6.086918729806477832e-07 1.179310344827586192e+02 1.551234389677822766e-39
9.560858243732097832e-07 1.179310344827586192e+02 1.944805587724329044e-39
1.501745208279559457e-06 1.179310344827586192e+02 2.434763078575339787e-39
2.358824504138120291e-06 1.179310344827586192e+02 3.052120860681798495e-39
3.705057962326890850e-06 1.179310344827586192e+02 3.819785959919447398e-39
5.819616711679756959e-06 1.179310344827586192e+02 4.801259777229102182e-39
9.141001035673980586e-06 1.179310344827586192e+02 6.012045384104087432e-39
1.435797305456480187e-05 1.179310344827586192e+02 7.528599598833840318e-39
2.255238670590617512e-05 1.179310344827586192e+02 9.464409270168556224e-39
3.542353396261829838e-05 1.179310344827586192e+02 1.183640093460307774e-38
5.564053041322448024e-05 1.179310344827586192e+02 1.485679566428229485e-38
8.739581510788721876e-05 1.179310344827586192e+02 1.864382976441103348e-38
1.372745450420190597e-04 1.179310344827586192e+02 2.344441271775480680e-38
2.156201723529972160e-04 1.179310344827586192e+02 2.946229406370636996e-38
3.386793867086227393e-04 1.179310344827586192e+02 3.699503003128344222e-38
5.319712238869027301e-04 1.179310344827586192e+02 4.648296679413870330e-38
8.355789993419287772e-04 1.179310344827586192e+02 5.866115834820556056e-38
1.312462465619559752e-03 1.179310344827586192e+02 7.424836697926528796e-38
2.061513902356088782e-03 1.179310344827586192e+02 9.394077293994929301e-38
3.238065606395263037e-03 1.179310344827586192e+02 1.196650917467821161e-37
5.086101461327346106e-03 1.179310344827586192e+02 1.530884587423208926e-37
7.988852364147688845e-03 1.179310344827586192e+02 1.981530895835024273e-37
1.254826758400772076e-02 1.179310344827586192e+02 2.603525795138672822e-37
1.970984218790949871e-02 1.179310344827586192e+02 3.468989965328762470e-37
3.095868624664952287e-02 1.179310344827586192e+02 4.709175432092701726e-37
4.862749508498932782e-02 1.179310344827586192e+02 6.525078869105421310e-37
7.638028498372008424e-02 1.179310344827586192e+02 9.131552599160957731e-37
1.199722075751162159e-01 1.179310344827586192e+02 2.600417632268065303e-36
1.884430071649332017e-01 1.179310344827586192e+02 2.044883411620730002e-35
2.959916106163946181e-01 1.179310344827586192e+02 6.215784596806979943e-36
4.649205872553618946e-01 1.179310344827586192e+02 0.000000000000000000e+00
9.999999999999999547e-08 1.241379310344827616e+02 5.879119653047176761e-40
1.570722177858955235e-07 1.241379310344827616e+02 7.377578776762818008e-40
2.467168160017974759e-07 1.241379310344827616e+02 9.252223705913762449e-40
3.875235745447704705e-07 1.241379310344827616e+02 1.156987948984212232e-39
6.086918729806477832e-07 1.241379310344827616e+02 1.450411283653122755e-39
9.560858243732097832e-07 1.241379310344827616e+02 1.813555169221475375e-39
1.501745208279559457e-06 1.241379310344827616e+02 2.282257337330165280e-39
2.358824504138120291e-06 1.241379310344827616e+02 2.864711064171479486e-39
3.705057962326890850e-06 1.241379310344827616e+02 3.582684176026108819e-39
5.819616711679756959e-06 1.241379310344827616e+02 4.496701448087258588e-39
9.141001035673980586e-06 1.241379310344827616e+02 5.635206284350140206e-39
1.435797305456480187e-05 1.241379310344827616e+02 7.064975153161554213e-39
2.255238670590617512e-05 1.241379310344827616e+02 8.842971119733735625e-39
3.542353396261829838e-05 1.241379310344827616e+02 1.112842940970869316e-38
5.564053041322448024e-05 1.241379310344827616e+02 1.393470417055133414e-38
8.739581510788721876e-05 1.241379310344827616e+02 1.746567389178574939e-38
1.372745450420190597e-04 1.241379310344827616e+02 2.193773558698653516e-38
2.156201723529972160e-04 1.241379310344827616e+02 2.761728384021394909e-38
3.386793867086227393e-04 1.241379310344827616e+02 3.470107194097669507e-38
5.319712238869027301e-04 1.241379310344827616e+02 4.364752565360110467e-38
8.355789993419287772e-04 1.241379310344827616e+02 5.491397311870240256e-38
1.312462465619559752e-03 1.241379310344827616e+02 6.947485250572016104e-38
2.061513902356088782e-03 1.241379310344827616e+02 8.821206193228323418e-38
3.238065606395263037e-03 1.241379310344827616e+02 1.121677593298929215e-37
5.086101461327346106e-03 1.241379310344827616e+02 1.440947363122034465e-37
7.988852364147688845e-03 1.241379310344827616e+02 1.860692872828591444e-37
1.254826758400772076e-02 1.241379310344827616e+02 2.433472923922449594e-37
1.970984218790949871e-02 1.241379310344827616e+02 3.235641315703365137e-37
3.095868624664952287e-02 1.241379310344827616e+02 4.371422683681314546e-37
4.862749508498932782e-02 1.241379310344827616e+02 5.985690780830419541e-37
7.638028498372008424e-02 1.241379310344827616e+02 8.317812862370958232e-37
1.199722075751162159e-01 1.241379310344827616e+02 2.887424186144937374e-36
1.884430071649332017e-01 1.241379310344827616e+02 1.801508110544147386e-35
2.959916106163946181e-01 1.241379310344827616e+02 3.638868942818297589e-36
4.649205872553618946e-01 1.241379310344827616e+02 0.000000000000000000e+00
9.999999999999999547e-08 1.303448275862068897e+02 5.407532585383316374e-40
1.570722177858955235e-07 1.303448275862068897e+02 6.781699322405364629e-40
2.467168160017974759e-07 1.303448275862068897e+02 8.510189395522237096e-40
3.875235745447704705e-07 1.303448275862068897e+02 1.066367271302457240e-39
6.086918729806477832e-07 1.303448275862068897e+02 1.339029432206432773e-39
9.560858243732097832e-07 1.303448275862068897e+02 1.673276067192187976e-39
1.501745208279559457e-06 1.303448275862068897e+02 2.097572840199733011e-39
2.358824504138120291e-06 1.303448275862068897e+02 2.632915790302503949e-39
3.705057962326890850e-06 1.303448275862068897e+02 3.297284919173673240e-39
5.819616711679756959e-06 1.303448275862068897e+02 4.137720357888234404e-39
9.141001035673980586e-06 1.303448275862068897e+02 5.188079053601280400e-39
1.435797305456480187e-05 1.303448275862068897e+02 6.512954458812186363e-39
2.255238670590617512e-05 1.303448275862068897e+02 8.147583321476178899e-39
3.542353396261829838e-05 1.303448275862068897e+02 1.023094074202044229e-38
5.564053041322448024e-05 1.303448275862068897e+02 1.281213539337751463e-38
8.739581510788721876e-05 1.303448275862068897e+02 1.612912309016118900e-38
1.372745450420190597e-04 1.303448275862068897e+02 2.023073328415706936e-38
2.156201723529972160e-04 1.303448275862068897e+02 2.539542004670003068e-38
3.386793867086227393e-04 1.303448275862068897e+02 3.200356314579935890e-38
5.319712238869027301e-04 1.303448275862068897e+02 4.023504215394251215e-38
8.355789993419287772e-04 1.303448275862068897e+02 5.068583203367997193e-38
1.312462465619559752e-03 1.303448275862068897e+02 6.408548045449205581e-38
2.061513902356088782e-03 1.303448275862068897e+02 8.122850761387816129e-38
3.238065606395263037e-03 1.303448275862068897e+02 1.033533351331131199e-37
5.086101461327346106e-03 1.303448275862068897e+02 1.323690163100801139e-37
7.988852364147688845e-03 1.303448275862068897e+02 1.707336779609979958e-37
1.254826758400772076e-02 1.303448275862068897e+02 2.238054164827751469e-37
1.970984218790949871e-02 1.303448275862068897e+02 2.958355242751332324e-37
3.095868624664952287e-02 1.303448275862068897e+02 3.980282758217272141e-37
4.862749508498932782e-02 1.303448275862068897e+02 5.404272396277581248e-37
7.638028498372008424e-02 1.303448275862068897e+02 7.494624601960929309e-37
1.199722075751162159e-01 1.303448275862068897e+02 3.124383472522260935e-36
1.884430071649332017e-01 1.303448275862068897e+02 1.532939511825672564e-35
2.959916106163946181e-01 1.303448275862068897e+02 2.037524229189097542e-36
4.649205872553618946e-01 1.303448275862068897e+02 0.000000000000000000e+00
9.999999999999999547e-08 1.365517241379310462e+02 4.891013162585004943e-40
1.570722177858955235e-07 1.365517241379310462e+02 6.118539841734739745e-40
2.467168160017974759e-07 1.365517241379310462e+02 7.679550054191344120e-40
3.875235745447704705e-07 1.365517241379310462e+02 9.630589324824532608e-40
6.086918729806477832e-07 1.365517241379310462e+02 1.203977476117976218e-39
9.560858243732097832e-07 1.365517241379310462e+02 1.511415826122822763e-39
1.501745208279559457e-06 1.365517241379310462e+02 1.894956611116210937e-39
2.358824504138120291e-06 1.365517241379310462e+02 2.376295310491880039e-39
3.705057962326890850e-06 1.365517241379310462e+02 2.980992297713276205e-39
5.819616711679756959e-06 1.365517241379310462e+02 3.739943595476445243e-39
9.141001035673980586e-06 1.365517241379310462e+02 4.670628870017318615e-39
1.435797305456480187e-05 1.365517241379310462e+02 5.857515943302360415e-39
2.255238670590617512e-05 1.365517241379310462e+02 7.370222714402682221e-39
3.542353396261829838e-05 1.365517241379310462e+02 9.251396154983214597e-39
5.564053041322448024e-05 1.365517241379310462e+02 1.156291305599419259e-38
8.739581510788721876e-05 1.365517241379310462e+02 1.455080397342256080e-38
1.372745450420190597e-04 1.365517241379310462e+02 1.828440907461790453e-38
2.156201723529972160e-04 1.365517241379310462e+02 2.294824411037395587e-38
3.386793867086227393e-04 1.365517241379310462e+02 2.881610455201246989e-38
5.319712238869027301e-04 1.365517241379310462e+02 3.644301910513038608e-38
8.355789993419287772e-04 1.365517241379310462e+02 4.584722231681151973e-38
1.312462465619559752e-03 1.365517241379310462e+02 5.792069344005168255e-38
2.061513902356088782e-03 1.365517241379310462e+02 7.349783574843898007e-38
3.238065606395263037e-03 1.365517241379310462e+02 9.343877683648917125e-38
5.086101461327346106e-03 1.365517241379310462e+02 1.196868463471113614e-37
7.988852364147688845e-03 1.365517241379310462e+02 1.541711883640878340e-37
1.254826758400772076e-02 1.365517241379310462e+02 2.013011036379285418e-37
1.970984218790949871e-02 1.365517241379310462e+02 2.658533891026021938e-37
3.095868624664952287e-02 1.365517241379310462e+02 3.556797550604822034e-37
4.862749508498932782e-02 1.365517241379310462e+02 4.790967367649080203e-37
7.638028498372008424e-02 1.365517241379310462e+02 6.678758410420592953e-37
1.199722075751162159e-01 1.365517241379310462e+02 3.246738696596468153e-36
1.884430071649332017e-01 1.365517241379310462e+02 1.275606657354308732e-35
2.959916106163946181e-01 1.365517241379310462e+02 1.114699015935384335e-36
4.649205872553618946e-01 1.365517241379310462e+02 0.000000000000000000e+00
9.999999999999999547e-08 1.427586206896551744e+02 4.300494134539314087e-40
1.570722177858955235e-07 1.427586206896551744e+02 5.383990519171744275e-40
2.467168160017974759e-07 1.427586206896551744e+02 6.749312243706985422e-40
3.875235745447704705e-07 1.427586206896551744e+02 8.465815207722938910e-40
6.086918729806477832e-07 1.427586206896551744e+02 1.062875072753460226e-39
9.560858243732097832e-07 1.427586206896551744e+02 1.328420023920758622e-39
1.501745208279559457e-06 1.427586206896551744e+02 1.668482587014479675e-39
2.358824504138120291e-06 1.427586206896551744e+02 2.092768388189025444e-39
3.705057962326890850e-06 1.427586206896551744e+02 2.619120077160525444e-39
5.819616711679756959e-06 1.427586206896551744e+02 3.283005170074777119e-39
9.141001035673980586e-06 1.427586206896551744e+02 4.124753199258742483e-39
1.435797305456480187e-05 1.427586206896551744e+02 5.163713957101097088e-39
2.255238670590617512e-05 1.427586206896551744e+02 6.481458435612644820e-39
3.542353396261829838e-05 1.427586206896551744e+02 8.138050863701826126e-39
5.564053041322448024e-05 1.427586206896551744e+02 1.019429283764437932e-38
8.739581510788721876e-05 1.427586206896551744e+02 1.282380722002216868e-38
1.372745450420190597e-04 1.427586206896551744e+02 1.612945429567548447e-38
2.156201723529972160e-04 1.427586206896551744e+02 2.021994840031604135e-38
3.386793867086227393e-04 1.427586206896551744e+02 2.545599909844615796e-38
5.319712238869027301e-04 1.427586206896551744e+02 3.210092820775941698e-38
8.355789993419287772e-04 1.427586206896551744e+02 4.036264156012600884e-38
1.312462465619559752e-03 1.427586206896551744e+02 5.111100341196128741e-38
2.061513902356088782e-03 1.427586206896551744e+02 6.480010486350610533e-38
3.238065606395263037e-03 1.427586206896551744e+02 8.220733005183360262e-38
5.086101461327346106e-03 1.427586206896551744e+02 1.053118840520287772e-37
7.988852364147688845e-03 1.427586206896551744e+02 1.354819428026731453e-37
1.254826758400772076e-02 1.427586206896551744e+02 1.763298230105691602e-37
1.970984218790949871e-02 1.427586206896551744e+02 2.327104953482321357e-37
3.095868624664952287e-02 1.427586206896551744e+02 3.091495872212735581e-37
4.862749508498932782e-02 1.427586206896551744e+02 4.145698832033299602e-37
7.638028498372008424e-02 1.427586206896551744e+02 5.846823768738273236e-37
1.199722075751162159e-01 1.427586206896551744e+02 3.178268387998665871e-36
1.884430071649332017e-01 1.427586206896551744e+02 1.042603417242203398e-35
2.959916106163946181e-01 1.427586206896551744e+02 6.034168390787113378e-37
4.649205872553618946e-01 1.427586206896551744e+02 0.000000000000000000e+00
9.999999999999999547e-08 1.489655172413793025e+02 3.654272468718044317e-40
1.570722177858955235e-07 1.489655172413793025e+02 4.594160689145101816e-40
2.467168160017974759e-07 1.489655172413793025e+02 5.749157743111599604e-40
3.875235745447704705e-07 1.489655172413793025e+02 7.220041321230519152e-40
6.086918729806477832e-07 1.489655172413793025e+02 9.029280153612396103e-40
9.560858243732097832e-07 1.489655172413793025e+02 1.135170153574093966e-39
1.501745208279559457e-06 1.489655172413793025e+02 1.422025323992153097e-39
2.358824504138120291e-06 1.489655172413793025e+02 1.782273180702398658e-39
3.705057962326890850e-06 1.489655172413793025e+02 2.239905470910658774e-39
5.819616711679756959e-06 1.489655172413793025e+02 2.796580816491799271e-39
9.141001035673980586e-06 1.489655172413793025e+02 3.513241269856517512e-39
1.435797305456480187e-05 1.489655172413793025e+02 4.403583906105226746e-39
2.255238670590617512e-05 1.489655172413793025e+02 5.523098871345625726e-39
3.542353396261829838e-05 1.489655172413793025e+02 6.938640645055112117e-39
5.564053041322448024e-05 1.489655172413793025e+02 8.693333074501259396e-39
8.739581510788721876e-05 1.489655172413793025e+02 1.091438146852186773e-38
1.372745450420190597e-04 1.489655172413793025e+02 1.370988686943670042e-38
2.156201723529972160e-04 1.489655172413793025e+02 1.719389362955761364e-38
3.386793867086227393e-04 1.489655172413793025e+02 2.167163045505218544e-38
5.319712238869027301e-04 1.489655172413793025e+02 2.732535920210269579e-38
8.355789993419287772e-04 1.489655172413793025e+02 3.450505647403078514e-38
1.312462465619559752e-03 1.489655172413793025e+02 4.354102971268705649e-38
2.061513902356088782e-03 1.489655172413793025e+02 5.521548736597621725e-38
3.238065606395263037e-03 1.489655172413793025e+02 7.013948560439769559e-38
5.086101461327346106e-03 1.489655172413793025e+02 8.991430660345863565e-38
7.988852364147688845e-03 1.489655172413793025e+02 1.153885491747241424e-37
1.254826758400772076e-02 1.489655172413793025e+02 1.503565062431436613e-37
1.970984218790949871e-02 1.489655172413793025e+02 1.974635951662422776e-37
3.095868624664952287e-02 1.489655172413793025e+02 2.611817884156641809e-37
4.862749508498932782e-02 1.489655172413793025e+02 3.485144652037800199e-37
7.638028498372008424e-02 1.489655172413793025e+02 4.988673167620743644e-37
1.199722075751162159e-01 1.489655172413793025e+02 3.012982525891158094e-36
1.884430071649332017e-01 1.489655172413793025e+02 8.282142114487733436e-36
2.959916106163946181e-01 1.489655172413793025e+02 3.264460168604163423e-37
4.649205872553618946e-01 1.489655172413793025e+02 0.000000000000000000e+00
9.999999999999999547e-08 1.551724137931034591e+02 2.982583340441697511e-40
1.570722177858955235e-07 1.551724137931034591e+02 3.731725704334425202e-40
2.467168160017974759e-07 1.551724137931034591e+02 4.684580988041086577e-40
3.875235745447704705e-07 1.551724137931034591e+02 5.877276758441540252e-40
6.086918729806477832e-07 1.551724137931034591e+02 7.345985811859518679e-40
9.560858243732097832e-07 1.551724137931034591e+02 9.234473323919573975e-40
1.501745208279559457e-06 1.551724137931034591e+02 1.156787230028506527e-39
2.358824504138120291e-06 1.551724137931034591e+02 1.452944155540456153e-39
3.705057962326890850e-06 1.551724137931034591e+02 1.820091692371779354e-39
5.819616711679756959e-06 1.551724137931034591e+02 2.277010568902913034e-39
9.141001035673980586e-06 1.551724137931034591e+02 2.862715293147723107e-39
1.435797305456480187e-05 1.551724137931034591e+02 3.587041615681564483e-39
2.255238670590617512e-05 1.551724137931034591e+02 4.491193464367075821e-39
3.542353396261829838e-05 1.551724137931034591e+02 5.657622044246718726e-39
5.564053041322448024e-05 1.551724137931034591e+02 7.081685825002277753e-39
8.739581510788721876e-05 1.551724137931034591e+02 8.899798794287935991e-39
1.372745450420190597e-04 1.551724137931034591e+02 1.119447404939624662e-38
2.156201723529972160e-04 1.551724137931034591e+02 1.404879271637141529e-38
3.386793867086227393e-04 1.551724137931034591e+02 1.772768040863949206e-38
5.319712238869027301e-04 1.551724137931034591e+02 2.221169969788839236e-38
8.355789993419287772e-04 1.551724137931034591e+02 2.806674332433088038e-38
1.312462465619559752e-03 1.551724137931034591e+02 3.547933962372764303e-38
2.061513902356088782e-03 1.551724137931034591e+02 4.494760271306018130e-38
3.238065606395263037e-03 1.551724137931034591e+02 5.709949510605768117e-38
5.086101461327346106e-03 1.551724137931034591e+02 7.291072895289529922e-38
7.988852364147688845e-03 1.551724137931034591e+02 9.399056249282517791e-38
1.254826758400772076e-02 1.551724137931034591e+02 1.219320320527595793e-37
1.970984218790949871e-02 1.551724137931034591e+02 1.601416589861471164e-37
3.095868624664952287e-02 1.551724137931034591e+02 2.112203964052161901e-37
4.862749508498932782e-02 1.551724137931034591e+02 2.793975099007019369e-37
7.638028498372008424e-02 1.551724137931034591e+02 4.126410356744874864e-37
1.199722075751162159e-01 1.551724137931034591e+02 2.620990000250177193e-36
1.884430071649332017e-01 1.551724137931034591e+02 6.375778388070374920e-36
2.959916106163946181e-01 1.551724137931034591e+02 1.760467630124967420e-37
4.649205872553618946e-01 1.551724137931034591e+02 0.000000000000000000e+00
9.999999999999999547e-08 1.613793103448276156e+02 2.270611821739418829e-40
1.570722177858955235e-07 1.613793103448276156e+02 2.846986570420752937e-40
2.467168160017974759e-07 1.613793103448276156e+02 3.558414891849027056e-40
3.875235745447704705e-07 1.613793103448276156e+02 4.464571615320269337e-40
6.086918729806477832e-07 1.613793103448276156e+02 5.601200215517574616e-40
9.560858243732097832e-07 1.613793103448276156e+02 7.022785204895424059e-40
1.501745208279559457e-06 1.613793103448276156e+02 8.804277914418619677e-40
2.358824504138120291e-06 1.613793103448276156e+02 1.102777600051657027e-39
3.705057962326890850e-06 1.613793103448276156e+02 1.379909976747134008e-39
5.819616711679756959e-06 1.613793103448276156e+02 1.736479509996045887e-39
9.141001035673980586e-06 1.613793103448276156e+02 2.171976370137931599e-39
1.435797305456480187e-05 1.613793103448276156e+02 2.730876532654979170e-39
2.255238670590617512e-05 1.613793103448276156e+02 3.423483923275138807e-39
3.542353396261829838e-05 1.613793103448276156e+02 4.302959847287176451e-39
5.564053041322448024e-05 1.613793103448276156e+02 5.379320917868669916e-39
8.739581510788721876e-05 1.613793103448276156e+02 6.773237814196174980e-39
1.372745450420190597e-04 1.613793103448276156e+02 8.494158472994845269e-39
2.156201723529972160e-04 1.613793103448276156e+02 1.069749212163335807e-38
3.386793867086227393e-04 1.613793103448276156e+02 1.345102587599596313e-38
5.319712238869027301e-04 1.613793103448276156e+02 1.691507876716523544e-38
8.355789993419287772e-04 1.613793103448276156e+02 2.134794175918206919e-38
1.312462465619559752e-03 1.613793103448276156e+02 2.695046840363467921e-38
2.061513902356088782e-03 1.613793103448276156e+02 3.421475090959047124e-38
3.238065606395263037e-03 1.613793103448276156e+02 4.343295339782874772e-38
5.086101461327346106e-03 1.613793103448276156e+02 5.555080159931360833e-38
7.988852364147688845e-03 1.613793103448276156e+02 7.132164687498369138e-38
1.254826758400772076e-02 1.613793103448276156e+02 9.254195473839852641e-38
1.970984218790949871e-02 1.613793103448276156e+02 1.207900269775636551e-37
3.095868624664952287e-02 1.613793103448276156e+02 1.596415170635043212e-37
4.862749508498932782e-02 1.613793103448276156e+02 2.109254444109136081e-37
7.638028498372008424e-02 1.613793103448276156e+02 3.191164594889941077e-37
1.199722075751162159e-01 1.613793103448276156e+02 2.110621390318106952e-36
1.884430071649332017e-01 1.613793103448276156e+02 4.615099673046328900e-36
2.959916106163946181e-01 1.613793103448276156e+02 9.565771623758927566e-38
4.649205872553618946e-01 1.613793103448276156e+02 0.000000000000000000e+00
9.999999999999999547e-08 1.675862068965517437e+02 1.528477006159940262e-40
1.570722177858955235e-07 1.675862068965517437e+02 1.916530753815085653e-40
2.467168160017974759e-07 1.675862068965517437e+02 2.401553918796605009e-40
3.875235745447704705e-07 1.675862068965517437e+02 3.005296980888870941e-40
6.086918729806477832e-07 1.675862068965517437e+02 3.771602291782378758e-40
9.560858243732097832e-07 1.675862068965517437e+02 4.716574042669119179e-40
1.501745208279559457e-06 1.675862068965517437e+02 5.928884813654080649e-40
2.358824504138120291e-06 1.675862068965517437e+02 7.423723020660258136e-40
3.705057962326890850e-06 1.675862068965517437e+02 9.317367854997794959e-40
5.819616711679756959e-06 1.675862068965517437e+02 1.167714421385371107e-39
9.141001035673980586e-06 1.675862068965517437e+02 1.464911673005941540e-39
1.435797305456480187e-05 1.675862068965517437e+02 1.836382251331776841e-39
2.255238670590617512e-05 1.675862068965517437e+02 2.306369844654138797e-39
3.542353396261829838e-05 1.675862068965517437e+02 2.885748033623433860e-39
5.564053041322448024e-05 1.675862068965517437e+02 3.632125016143757532e-39
8.739581510788721876e-05 1.675862068965517437e+02 4.551896470702167630e-39
1.372745450420190597e-04 1.675862068965517437e+02 5.730736360667853712e-39
2.156201723529972160e-04 1.675862068965517437e+02 7.181150983893299535e-39
3.386793867086227393e-04 1.675862068965517437e+02 9.042670294020561093e-39
5.319712238869027301e-04 1.675862068965517437e+02 1.141454555507836465e-38
8.355789993419287772e-04 1.675862068965517437e+02 1.438666736252306028e-38
1.312462465619559752e-03 1.675862068965517437e+02 1.818136663185315189e-38
2.061513902356088782e-03 1.675862068965517437e+02 2.301673304349342465e-38
3.238065606395263037e-03 1.675862068965517437e+02 2.925223790019783100e-38
5.086101461327346106e-03 1.675862068965517437e+02 3.729940448523891772e-38
7.988852364147688845e-03 1.675862068965517437e+02 4.803175496905107765e-38
1.254826758400772076e-02 1.675862068965517437e+02 6.234482795297417968e-38
1.970984218790949871e-02 1.675862068965517437e+02 8.133774885538415694e-38
3.095868624664952287e-02 1.675862068965517437e+02 1.072096064445535132e-37
4.862749508498932782e-02 1.675862068965517437e+02 1.410442929007882387e-37
7.638028498372008424e-02 1.675862068965517437e+02 2.157779207321053649e-37
1.199722075751162159e-01 1.675862068965517437e+02 1.465871651640776438e-36
1.884430071649332017e-01 1.675862068965517437e+02 2.995645786381674018e-36
2.959916106163946181e-01 1.675862068965517437e+02 4.910863023257500654e-38
4.649205872553618946e-01 1.675862068965517437e+02 0.000000000000000000e+00
9.999999999999999547e-08 1.737931034482758719e+02 7.684693377350001496e-41
1.570722177858955235e-07 1.737931034482758719e+02 9.621014731734516117e-41
2.467168160017974759e-07 1.737931034482758719e+02 1.207611860448577248e-40
3.875235745447704705e-07 1.737931034482758719e+02 1.513768230034481221e-40
6.086918729806477832e-07 1.737931034482758719e+02 1.900893283418566791e-40
9.560858243732097832e-07 1.737931034482758719e+02 2.382716897253154150e-40
1.501745208279559457e-06 1.737931034482758719e+02 2.981275180354838610e-40
2.358824504138120291e-06 1.737931034482758719e+02 3.731969495659947692e-40
3.705057962326890850e-06 1.737931034482758719e+02 4.677584457117740933e-40
5.819616711679756959e-06 1.737931034482758719e+02 5.868745309833573854e-40
9.141001035673980586e-06 1.737931034482758719e+02 7.375160744069235910e-40
1.435797305456480187e-05 1.737931034482758719e+02 9.239817272383920067e-40
2.255238670590617512e-05 1.737931034482758719e+02 1.158653485056726238e-39
3.542353396261829838e-05 1.737931034482758719e+02 1.455310288613322350e-39
5.564053041322448024e-05 1.737931034482758719e+02 1.826409341992784201e-39
8.739581510788721876e-05 1.737931034482758719e+02 2.296638628360712358e-39
1.372745450420190597e-04 1.737931034482758719e+02 2.875139160019808629e-39
2.156201723529972160e-04 1.737931034482758719e+02 3.630158042799329515e-39
3.386793867086227393e-04 1.737931034482758719e+02 4.551490497330178912e-39
5.319712238869027301e-04 1.737931034482758719e+02 5.734260386937783075e-39
8.355789993419287772e-04 1.737931034482758719e+02 7.242115799593391716e-39
1.312462465619559752e-03 1.737931034482758719e+02 9.164748273068776814e-39
2.061513902356088782e-03 1.737931034482758719e+02 1.159824668451545733e-38
3.238065606395263037e-03 1.737931034482758719e+02 1.475436994204921174e-38
5.086101461327346106e-03 1.737931034482758719e+02 1.881710180235767942e-38
7.988852364147688845e-03 1.737931034482758719e+02 2.417604472802247779e-38
1.254826758400772076e-02 1.737931034482758719e+02 3.130239675557363084e-38
1.970984218790949871e-02 1.737931034482758719e+02 4.083534421543252153e-38
3.095868624664952287e-02 1.737931034482758719e+02 5.376185459209190332e-38
4.862749508498932782e-02 1.737931034482758719e+02 7.050971338230093954e-38
7.638028498372008424e-02 1.737931034482758719e+02 1.097472980825301230e-37
1.199722075751162159e-01 1.737931034482758719e+02 7.544919811043600217e-37
1.884430071649332017e-01 1.737931034482758719e+02 1.475770155559620926e-36
2.959916106163946181e-01 1.737931034482758719e+02 2.147582743141417580e-38
4.649205872553618946e-01 1.737931034482758719e+02 0.000000000000000000e+00
9.999999999999999547e-08 1.800000000000000000e+02 8.704489109480512502e-56
1.570722177858955235e-07 1.800000000000000000e+02 1.092354840819161759e-55
2.467168160017974759e-07 1.800000000000000000e+02 1.369332821462050883e-55
3.875235745447704705e-07 1.800000000000000000e+02 1.716320915029448307e-55
6.086918729806477832e-07 1.800000000000000000e+02 2.146244005804623019e-55
9.560858243732097832e-07 1.800000000000000000e+02 2.690202894824873503e-55
1.501745208279559457e-06 1.800000000000000000e+02 3.365582109959512798e-55
2.358824504138120291e-06 1.800000000000000000e+02 4.227059247415028810e-55
3.705057962326890850e-06 1.800000000000000000e+02 5.303183972632936689e-55
5.819616711679756959e-06 1.800000000000000000e+02 6.644344967020787622e-55
9.141001035673980586e-06 1.800000000000000000e+02 8.340163899332454320e-55
1.435797305456480187e-05 1.800000000000000000e+02 1.044789368724353342e-54
2.255238670590617512e-05 1.800000000000000000e+02 1.312455466429596634e-54
3.542353396261829838e-05 1.800000000000000000e+02 1.649208298534981778e-54
5.564053041322448024e-05 1.800000000000000000e+02 2.068835043004799228e-54
8.739581510788721876e-05 1.800000000000000000e+02 2.596603225372385704e-54
1.372745450420190597e-04 1.800000000000000000e+02 3.261862826104518413e-54
2.156201723529972160e-04 1.800000000000000000e+02 4.102866343025886458e-54
3.386793867086227393e-04 1.800000000000000000e+02 5.151763920496221320e-54
5.319712238869027301e-04 1.800000000000000000e+02 6.481330064145845553e-54
8.355789993419287772e-04 1.800000000000000000e+02 8.201749302689458476e-54
1.312462465619559752e-03 1.800000000000000000e+02 1.033033811791134649e-53
2.061513902356088782e-03 1.800000000000000000e+02 1.311216413304424588e-53
3.238065606395263037e-03 1.800000000000000000e+02 1.665962842148448396e-53
5.086101461327346106e-03 1.800000000000000000e+02 2.128807416194935360e-53
7.988852364147688845e-03 1.800000000000000000e+02 2.737239791411185853e-53
1.254826758400772076e-02 1.800000000000000000e+02 3.542953926341855758e-53
1.970984218790949871e-02 1.800000000000000000e+02 4.620563017399293075e-53
3.095868624664952287e-02 1.800000000000000000e+02 6.088140114487778553e-53
4.862749508498932782e-02 1.800000000000000000e+02 7.992529297849153346e-53
7.638028498372008424e-02 1.800000000000000000e+02 1.249606079398460206e-52
1.199722075751162159e-01 1.800000000000000000e+02 8.576312525160540446e-52
1.884430071649332017e-01 1.800000000000000000e+02 1.659771083812621714e-51
2.959916106163946181e-01 1.800000000000000000e+02 2.276458385364630153e-53
4.649205872553618946e-01 1.800000000000000000e+02 0.000000000000000000e+00
