# atom 56: Tchi 0.41753189365604015 [GeV]; m_chi = 0.0003333333333333333 [GeV]; mS = 0.001 [GeV]; gchi =0.01; gN = 0.01
# Tchi^prime [GeV], theta [degree] ,dsigma/dTchip dtheta [cm^2/GeV]
9.999999999999999547e-08 0.000000000000000000e+00 0.000000000000000000e+00
1.563403134142530628e-07 0.000000000000000000e+00 0.000000000000000000e+00
2.444229359846687273e-07 0.000000000000000000e+00 0.000000000000000000e+00
3.821315841747502258e-07 0.000000000000000000e+00 0.000000000000000000e+00
5.974257163536547787e-07 0.000000000000000000e+00 0.000000000000000000e+00
9.340172373646522676e-07 0.000000000000000000e+00 0.000000000000000000e+00
1.460245476239042244e-06 0.000000000000000000e+00 0.000000000000000000e+00
2.282952354169575739e-06 0.000000000000000000e+00 0.000000000000000000e+00
3.569174865606782901e-06 0.000000000000000000e+00 0.000000000000000000e+00
5.580059171192390368e-06 0.000000000000000000e+00 0.000000000000000000e+00
8.723881996942955131e-06 0.000000000000000000e+00 0.000000000000000000e+00
1.363894445591021312e-05 0.000000000000000000e+00 0.000000000000000000e+00
2.132316850876592016e-05 0.000000000000000000e+00 0.000000000000000000e+00
3.333670847645394986e-05 0.000000000000000000e+00 0.000000000000000000e+00
5.211871451408407345e-05 0.000000000000000000e+00 0.000000000000000000e+00
8.148256161879867084e-05 0.000000000000000000e+00 0.000000000000000000e+00
1.273900922127918576e-04 0.000000000000000000e+00 0.000000000000000000e+00
1.991620694241847593e-04 0.000000000000000000e+00 0.000000000000000000e+00
3.113706035400827066e-04 0.000000000000000000e+00 0.000000000000000000e+00
4.867977774544171641e-04 0.000000000000000000e+00 0.000000000000000000e+00
7.610611709658538296e-04 0.000000000000000000e+00 0.000000000000000000e+00
1.189845419962200354e-03 0.000000000000000000e+00 0.000000000000000000e+00
1.860208058714039403e-03 0.000000000000000000e+00 0.000000000000000000e+00
2.908255109150721662e-03 0.000000000000000000e+00 0.000000000000000000e+00
4.546775152532265760e-03 0.000000000000000000e+00 0.000000000000000000e+00
7.108442523710327247e-03 0.000000000000000000e+00 0.000000000000000000e+00
1.111336132044076462e-02 0.000000000000000000e+00 0.000000000000000000e+00
1.737466391923549874e-02 0.000000000000000000e+00 0.000000000000000000e+00
2.716360402600592402e-02 0.000000000000000000e+00 0.000000000000000000e+00
4.246766366886432775e-02 0.000000000000000000e+00 0.000000000000000000e+00
6.639407847961335818e-02 0.000000000000000000e+00 0.000000000000000000e+00
1.038007103835326822e-01 0.000000000000000000e+00 0.000000000000000000e+00
1.622823559398361148e-01 0.000000000000000000e+00 0.000000000000000000e+00
2.537127438923734712e-01 0.000000000000000000e+00 0.000000000000000000e+00
3.966552989732381462e-01 0.000000000000000000e+00 0.000000000000000000e+00
9.999999999999999547e-08 6.206896551724137900e+00 1.409428981023945524e-38
1.563403134142530628e-07 6.206896551724137900e+00 1.771678180281142745e-38
2.444229359846687273e-07 6.206896551724137900e+00 2.227574051578413369e-38
3.821315841747502258e-07 6.206896551724137900e+00 2.815072694353330071e-38
5.974257163536547787e-07 6.206896551724137900e+00 3.558919781486824173e-38
9.340172373646522676e-07 6.206896551724137900e+00 4.521799676176317251e-38
1.460245476239042244e-06 6.206896551724137900e+00 5.773237787038300760e-38
2.282952354169575739e-06 6.206896551724137900e+00 7.384351925574476218e-38
3.569174865606782901e-06 6.206896551724137900e+00 9.494236720934428693e-38
5.580059171192390368e-06 6.206896551724137900e+00 1.233293811590116020e-37
8.723881996942955131e-06 6.206896551724137900e+00 1.615879677659336503e-37
1.363894445591021312e-05 6.206896551724137900e+00 2.147370802080154431e-37
2.132316850876592016e-05 6.206896551724137900e+00 2.889903863020614209e-37
3.333670847645394986e-05 6.206896551724137900e+00 3.981574063025247108e-37
5.211871451408407345e-05 6.206896551724137900e+00 5.610854420082285807e-37
8.148256161879867084e-05 6.206896551724137900e+00 8.135031407023346236e-37
1.273900922127918576e-04 6.206896551724137900e+00 1.226743410963379746e-36
1.991620694241847593e-04 6.206896551724137900e+00 1.926227425536601257e-36
3.113706035400827066e-04 6.206896551724137900e+00 3.193329760082137909e-36
4.867977774544171641e-04 6.206896551724137900e+00 5.525286011227659369e-36
7.610611709658538296e-04 6.206896551724137900e+00 9.865816832165967782e-36
1.189845419962200354e-03 6.206896551724137900e+00 1.783048278711762259e-35
1.860208058714039403e-03 6.206896551724137900e+00 3.099659829905329024e-35
2.908255109150721662e-03 6.206896551724137900e+00 4.895950581363865188e-35
4.546775152532265760e-03 6.206896551724137900e+00 6.781516570028596256e-35
7.108442523710327247e-03 6.206896551724137900e+00 8.269630096660233175e-35
1.111336132044076462e-02 6.206896551724137900e+00 9.326245927416760700e-35
1.737466391923549874e-02 6.206896551724137900e+00 1.013302136066222118e-34
2.716360402600592402e-02 6.206896551724137900e+00 1.091021479319473084e-34
4.246766366886432775e-02 6.206896551724137900e+00 1.204592307068070626e-34
6.639407847961335818e-02 6.206896551724137900e+00 1.387608510687760810e-34
1.038007103835326822e-01 6.206896551724137900e+00 0.000000000000000000e+00
1.622823559398361148e-01 6.206896551724137900e+00 0.000000000000000000e+00
2.537127438923734712e-01 6.206896551724137900e+00 0.000000000000000000e+00
3.966552989732381462e-01 6.206896551724137900e+00 0.000000000000000000e+00
9.999999999999999547e-08 1.241379310344827580e+01 2.801380801431551818e-38
1.563403134142530628e-07 1.241379310344827580e+01 3.520925646411000525e-38
2.444229359846687273e-07 1.241379310344827580e+01 4.431768825804421428e-38
3.821315841747502258e-07 1.241379310344827580e+01 5.601507655580046211e-38
5.974257163536547787e-07 1.241379310344827580e+01 7.077712501454431380e-38
9.340172373646522676e-07 1.241379310344827580e+01 8.989014746550995302e-38
1.460245476239042244e-06 1.241379310344827580e+01 1.144821152401872804e-37
2.282952354169575739e-06 1.241379310344827580e+01 1.466256269512543960e-37
3.569174865606782901e-06 1.241379310344827580e+01 1.886423529359273126e-37
5.580059171192390368e-06 1.241379310344827580e+01 2.444272883704544278e-37
8.723881996942955131e-06 1.241379310344827580e+01 3.205399607657249478e-37
1.363894445591021312e-05 1.241379310344827580e+01 4.233144247694271658e-37
2.132316850876592016e-05 1.241379310344827580e+01 5.708658702975367271e-37
3.333670847645394986e-05 1.241379310344827580e+01 7.822143150486190934e-37
5.211871451408407345e-05 1.241379310344827580e+01 1.094845924398719955e-36
8.148256161879867084e-05 1.241379310344827580e+01 1.578394494877008277e-36
1.273900922127918576e-04 1.241379310344827580e+01 2.346194743998490608e-36
1.991620694241847593e-04 1.241379310344827580e+01 3.621870994941485929e-36
3.113706035400827066e-04 1.241379310344827580e+01 5.770178299932680514e-36
4.867977774544171641e-04 1.241379310344827580e+01 9.355904158127916717e-36
7.610611709658538296e-04 1.241379310344827580e+01 1.504622901188144462e-35
1.189845419962200354e-03 1.241379310344827580e+01 2.283200922373667331e-35
1.860208058714039403e-03 1.241379310344827580e+01 3.156491100751817065e-35
2.908255109150721662e-03 1.241379310344827580e+01 3.896962586859434413e-35
4.546775152532265760e-03 1.241379310344827580e+01 4.408700793015154508e-35
7.108442523710327247e-03 1.241379310344827580e+01 4.732036103810770445e-35
1.111336132044076462e-02 1.241379310344827580e+01 4.979190905818171998e-35
1.737466391923549874e-02 1.241379310344827580e+01 5.216844892305469490e-35
2.716360402600592402e-02 1.241379310344827580e+01 5.537237023166028395e-35
4.246766366886432775e-02 1.241379310344827580e+01 6.052374487336022649e-35
6.639407847961335818e-02 1.241379310344827580e+01 6.962608695138655549e-35
1.038007103835326822e-01 1.241379310344827580e+01 0.000000000000000000e+00
1.622823559398361148e-01 1.241379310344827580e+01 0.000000000000000000e+00
2.537127438923734712e-01 1.241379310344827580e+01 0.000000000000000000e+00
3.966552989732381462e-01 1.241379310344827580e+01 0.000000000000000000e+00
9.999999999999999547e-08 1.862068965517241281e+01 4.145465845556856963e-38
1.563403134142530628e-07 1.862068965517241281e+01 5.220135672199938332e-38
2.444229359846687273e-07 1.862068965517241281e+01 6.589716542583002536e-38
3.821315841747502258e-07 1.862068965517241281e+01 8.309693954891185516e-38
5.974257163536547787e-07 1.862068965517241281e+01 1.050172232612983059e-37
9.340172373646522676e-07 1.862068965517241281e+01 1.331192362712050284e-37
1.460245476239042244e-06 1.862068965517241281e+01 1.690854259774010158e-37
2.282952354169575739e-06 1.862068965517241281e+01 2.168790122986595417e-37
3.569174865606782901e-06 1.862068965517241281e+01 2.787282211791710472e-37
5.580059171192390368e-06 1.862068965517241281e+01 3.606468825286949746e-37
8.723881996942955131e-06 1.862068965517241281e+01 4.707139944468401786e-37
1.363894445591021312e-05 1.862068965517241281e+01 6.233440341699855348e-37
2.132316850876592016e-05 1.862068965517241281e+01 8.339277163340647907e-37
3.333670847645394986e-05 1.862068965517241281e+01 1.138637076602190851e-36
5.211871451408407345e-05 1.862068965517241281e+01 1.581128019453738302e-36
8.148256161879867084e-05 1.862068965517241281e+01 2.256352573839366223e-36
1.273900922127918576e-04 1.862068965517241281e+01 3.291233207480083563e-36
1.991620694241847593e-04 1.862068965517241281e+01 4.923592002692930052e-36
3.113706035400827066e-04 1.862068965517241281e+01 7.434711964629932807e-36
4.867977774544171641e-04 1.862068965517241281e+01 1.120380013962613893e-35
7.610611709658538296e-04 1.862068965517241281e+01 1.608019630345095163e-35
1.189845419962200354e-03 1.862068965517241281e+01 2.138684172915822513e-35
1.860208058714039403e-03 1.862068965517241281e+01 2.594025442648104013e-35
2.908255109150721662e-03 1.862068965517241281e+01 2.907034940161179365e-35
4.546775152532265760e-03 1.862068965517241281e+01 3.099342963965633840e-35
7.108442523710327247e-03 1.862068965517241281e+01 3.233095400199574569e-35
1.111336132044076462e-02 1.862068965517241281e+01 3.348250246235337973e-35
1.737466391923549874e-02 1.862068965517241281e+01 3.489890578171729576e-35
2.716360402600592402e-02 1.862068965517241281e+01 3.679384170664576146e-35
4.246766366886432775e-02 1.862068965517241281e+01 4.021089425849142664e-35
6.639407847961335818e-02 1.862068965517241281e+01 4.623693979352591152e-35
1.038007103835326822e-01 1.862068965517241281e+01 0.000000000000000000e+00
1.622823559398361148e-01 1.862068965517241281e+01 0.000000000000000000e+00
2.537127438923734712e-01 1.862068965517241281e+01 0.000000000000000000e+00
3.966552989732381462e-01 1.862068965517241281e+01 0.000000000000000000e+00
9.999999999999999547e-08 2.482758620689655160e+01 5.454565416697559706e-38
1.563403134142530628e-07 2.482758620689655160e+01 6.842441396363918052e-38
2.444229359846687273e-07 2.482758620689655160e+01 8.643778192718068184e-38
3.821315841747502258e-07 2.482758620689655160e+01 1.090107449752079921e-37
5.974257163536547787e-07 2.482758620689655160e+01 1.377931191317852353e-37
9.340172373646522676e-07 2.482758620689655160e+01 1.745798343862088489e-37
1.460245476239042244e-06 2.482758620689655160e+01 2.222165699593438999e-37
2.282952354169575739e-06 2.482758620689655160e+01 2.833413674466814793e-37
3.569174865606782901e-06 2.482758620689655160e+01 3.644239994716722446e-37
5.580059171192390368e-06 2.482758620689655160e+01 4.694492622522792766e-37
8.723881996942955131e-06 2.482758620689655160e+01 6.135017909051923627e-37
1.363894445591021312e-05 2.482758620689655160e+01 8.065855436116524479e-37
2.132316850876592016e-05 2.482758620689655160e+01 1.075424942076568463e-36
3.333670847645394986e-05 2.482758620689655160e+01 1.453680832371071187e-36
5.211871451408407345e-05 2.482758620689655160e+01 2.001918854309780911e-36
8.148256161879867084e-05 2.482758620689655160e+01 2.813411544998371470e-36
1.273900922127918576e-04 2.482758620689655160e+01 4.013334846372544562e-36
1.991620694241847593e-04 2.482758620689655160e+01 5.788327261338762868e-36
3.113706035400827066e-04 2.482758620689655160e+01 8.309207254163750068e-36
4.867977774544171641e-04 2.482758620689655160e+01 1.159561341726744725e-35
7.610611709658538296e-04 2.482758620689655160e+01 1.526914699607583204e-35
1.189845419962200354e-03 2.482758620689655160e+01 1.860923752045229637e-35
1.860208058714039403e-03 2.482758620689655160e+01 2.098194136227521251e-35
2.908255109150721662e-03 2.482758620689655160e+01 2.270555651985744359e-35
4.546775152532265760e-03 2.482758620689655160e+01 2.358190308257120606e-35
7.108442523710327247e-03 2.482758620689655160e+01 2.435132998686047792e-35
1.111336132044076462e-02 2.482758620689655160e+01 2.504992608328326113e-35
1.737466391923549874e-02 2.482758620689655160e+01 2.602173763837252279e-35
2.716360402600592402e-02 2.482758620689655160e+01 2.753250668958523552e-35
4.246766366886432775e-02 2.482758620689655160e+01 3.005930589924927810e-35
6.639407847961335818e-02 2.482758620689655160e+01 3.457809780019473879e-35
1.038007103835326822e-01 2.482758620689655160e+01 0.000000000000000000e+00
1.622823559398361148e-01 2.482758620689655160e+01 0.000000000000000000e+00
2.537127438923734712e-01 2.482758620689655160e+01 0.000000000000000000e+00
3.966552989732381462e-01 2.482758620689655160e+01 0.000000000000000000e+00
9.999999999999999547e-08 3.103448275862069039e+01 6.697907276499769203e-38
1.563403134142530628e-07 3.103448275862069039e+01 8.408993759699928127e-38
2.444229359846687273e-07 3.103448275862069039e+01 1.055234726268003369e-37
3.821315841747502258e-07 3.103448275862069039e+01 1.336287331664623629e-37
5.974257163536547787e-07 3.103448275862069039e+01 1.684214788499033870e-37
9.340172373646522676e-07 3.103448275862069039e+01 2.136808134482857865e-37
1.460245476239042244e-06 3.103448275862069039e+01 2.710761088949058302e-37
2.282952354169575739e-06 3.103448275862069039e+01 3.454112348360198139e-37
3.569174865606782901e-06 3.103448275862069039e+01 4.427828478147757150e-37
5.580059171192390368e-06 3.103448275862069039e+01 5.712372708856333583e-37
8.723881996942955131e-06 3.103448275862069039e+01 7.437631640556645659e-37
1.363894445591021312e-05 3.103448275862069039e+01 9.749712433660765780e-37
2.132316850876592016e-05 3.103448275862069039e+01 1.290729162077482545e-36
3.333670847645394986e-05 3.103448275862069039e+01 1.731206784966779363e-36
5.211871451408407345e-05 3.103448275862069039e+01 2.353175754035706339e-36
8.148256161879867084e-05 3.103448275862069039e+01 3.237237155061066412e-36
1.273900922127918576e-04 3.103448275862069039e+01 4.512263156660941840e-36
1.991620694241847593e-04 3.103448275862069039e+01 6.260808002775154576e-36
3.113706035400827066e-04 3.103448275862069039e+01 8.552048416293318231e-36
4.867977774544171641e-04 3.103448275862069039e+01 1.122790543071716128e-35
7.610611709658538296e-04 3.103448275862069039e+01 1.388148168524236381e-35
1.189845419962200354e-03 3.103448275862069039e+01 1.601204789532688875e-35
1.860208058714039403e-03 3.103448275862069039e+01 1.744281281179932767e-35
2.908255109150721662e-03 3.103448275862069039e+01 1.835263859918673531e-35
4.546775152532265760e-03 3.103448275862069039e+01 1.891751208989908782e-35
7.108442523710327247e-03 3.103448275862069039e+01 1.934784511699733252e-35
1.111336132044076462e-02 3.103448275862069039e+01 1.989306851414861119e-35
1.737466391923549874e-02 3.103448275862069039e+01 2.061683280661691089e-35
2.716360402600592402e-02 3.103448275862069039e+01 2.185603109639610927e-35
4.246766366886432775e-02 3.103448275862069039e+01 2.381945933238505745e-35
6.639407847961335818e-02 3.103448275862069039e+01 2.744159331243349225e-35
1.038007103835326822e-01 3.103448275862069039e+01 0.000000000000000000e+00
1.622823559398361148e-01 3.103448275862069039e+01 0.000000000000000000e+00
2.537127438923734712e-01 3.103448275862069039e+01 0.000000000000000000e+00
3.966552989732381462e-01 3.103448275862069039e+01 0.000000000000000000e+00
9.999999999999999547e-08 3.724137931034482563e+01 7.822033532205334258e-38
1.563403134142530628e-07 3.724137931034482563e+01 9.821691440643533626e-38
2.444229359846687273e-07 3.724137931034482563e+01 1.239989831480780310e-37
3.821315841747502258e-07 3.724137931034482563e+01 1.562067522460577951e-37
5.974257163536547787e-07 3.724137931034482563e+01 1.976588257335129191e-37
9.340172373646522676e-07 3.724137931034482563e+01 2.499635299587298795e-37
1.460245476239042244e-06 3.724137931034482563e+01 3.162903189253383098e-37
2.282952354169575739e-06 3.724137931034482563e+01 4.023936311088021869e-37
3.569174865606782901e-06 3.724137931034482563e+01 5.141907467106369480e-37
5.580059171192390368e-06 3.724137931034482563e+01 6.632843991042188070e-37
8.723881996942955131e-06 3.724137931034482563e+01 8.571230123798568062e-37
1.363894445591021312e-05 3.724137931034482563e+01 1.116464696610923453e-36
2.132316850876592016e-05 3.724137931034482563e+01 1.466816166978326940e-36
3.333670847645394986e-05 3.724137931034482563e+01 1.955061880175847646e-36
5.211871451408407345e-05 3.724137931034482563e+01 2.621891156748653264e-36
8.148256161879867084e-05 3.724137931034482563e+01 3.537015335093358080e-36
1.273900922127918576e-04 3.724137931034482563e+01 4.807916521431131215e-36
1.991620694241847593e-04 3.724137931034482563e+01 6.432942208619755591e-36
3.113706035400827066e-04 3.724137931034482563e+01 8.426311749141329622e-36
4.867977774544171641e-04 3.724137931034482563e+01 1.051756067619020131e-35
7.610611709658538296e-04 3.724137931034482563e+01 1.240220072661708445e-35
1.189845419962200354e-03 3.724137931034482563e+01 1.380857791453501520e-35
1.860208058714039403e-03 3.724137931034482563e+01 1.472519616706774295e-35
2.908255109150721662e-03 3.724137931034482563e+01 1.526735897998247212e-35
4.546775152532265760e-03 3.724137931034482563e+01 1.565127173269036322e-35
7.108442523710327247e-03 3.724137931034482563e+01 1.597167112913542644e-35
1.111336132044076462e-02 3.724137931034482563e+01 1.642117683741332659e-35
1.737466391923549874e-02 3.724137931034482563e+01 1.702183931534012548e-35
2.716360402600592402e-02 3.724137931034482563e+01 1.801155548424059876e-35
4.246766366886432775e-02 3.724137931034482563e+01 1.966630793344284610e-35
6.639407847961335818e-02 3.724137931034482563e+01 2.268816216026436060e-35
1.038007103835326822e-01 3.724137931034482563e+01 0.000000000000000000e+00
1.622823559398361148e-01 3.724137931034482563e+01 0.000000000000000000e+00
2.537127438923734712e-01 3.724137931034482563e+01 0.000000000000000000e+00
3.966552989732381462e-01 3.724137931034482563e+01 0.000000000000000000e+00
9.999999999999999547e-08 4.344827586206896797e+01 8.902484639042150648e-38
1.563403134142530628e-07 4.344827586206896797e+01 1.117254098144129884e-37
2.444229359846687273e-07 4.344827586206896797e+01 1.402456875598346405e-37
3.821315841747502258e-07 4.344827586206896797e+01 1.764495231386720903e-37
5.974257163536547787e-07 4.344827586206896797e+01 2.227153025853679397e-37
9.340172373646522676e-07 4.344827586206896797e+01 2.817197781485404381e-37
1.460245476239042244e-06 4.344827586206896797e+01 3.560501201132820262e-37
2.282952354169575739e-06 4.344827586206896797e+01 4.539509788030897272e-37
3.569174865606782901e-06 4.344827586206896797e+01 5.792151666054472854e-37
5.580059171192390368e-06 4.344827586206896797e+01 7.401467298562618362e-37
8.723881996942955131e-06 4.344827586206896797e+01 9.572665365297184562e-37
1.363894445591021312e-05 4.344827586206896797e+01 1.237867349634028652e-36
2.132316850876592016e-05 4.344827586206896797e+01 1.620613349772413545e-36
3.333670847645394986e-05 4.344827586206896797e+01 2.128966910902295935e-36
5.211871451408407345e-05 4.344827586206896797e+01 2.816113349503375585e-36
8.148256161879867084e-05 4.344827586206896797e+01 3.746764013587012943e-36
1.273900922127918576e-04 4.344827586206896797e+01 4.927409113384708314e-36
1.991620694241847593e-04 4.344827586206896797e+01 6.398017163710818018e-36
3.113706035400827066e-04 4.344827586206896797e+01 8.068616285808543323e-36
4.867977774544171641e-04 4.344827586206896797e+01 9.695910927965948562e-36
7.610611709658538296e-04 4.344827586206896797e+01 1.105770636481592059e-35
1.189845419962200354e-03 4.344827586206896797e+01 1.204935575822626567e-35
1.860208058714039403e-03 4.344827586206896797e+01 1.265778900908606194e-35
2.908255109150721662e-03 4.344827586206896797e+01 1.303471372362413900e-35
4.546775152532265760e-03 4.344827586206896797e+01 1.329939134336883194e-35
7.108442523710327247e-03 4.344827586206896797e+01 1.356065625580930823e-35
1.111336132044076462e-02 4.344827586206896797e+01 1.387698801837133187e-35
1.737466391923549874e-02 4.344827586206896797e+01 1.440931826741592584e-35
2.716360402600592402e-02 4.344827586206896797e+01 1.525280776255131845e-35
4.246766366886432775e-02 4.344827586206896797e+01 1.667070865598178313e-35
6.639407847961335818e-02 4.344827586206896797e+01 1.924165472558889143e-35
1.038007103835326822e-01 4.344827586206896797e+01 0.000000000000000000e+00
1.622823559398361148e-01 4.344827586206896797e+01 0.000000000000000000e+00
2.537127438923734712e-01 4.344827586206896797e+01 0.000000000000000000e+00
3.966552989732381462e-01 4.344827586206896797e+01 0.000000000000000000e+00
9.999999999999999547e-08 4.965517241379310320e+01 9.861460837203658377e-38
1.563403134142530628e-07 4.965517241379310320e+01 1.235685951231299311e-37
2.444229359846687273e-07 4.965517241379310320e+01 1.551148836246534137e-37
3.821315841747502258e-07 4.965517241379310320e+01 1.953360731906031065e-37
5.974257163536547787e-07 4.965517241379310320e+01 2.464508048090741210e-37
9.340172373646522676e-07 4.965517241379310320e+01 3.100117211893025677e-37
1.460245476239042244e-06 4.965517241379310320e+01 3.921543306411716815e-37
2.282952354169575739e-06 4.965517241379310320e+01 4.980667677761984685e-37
3.569174865606782901e-06 4.965517241379310320e+01 6.330939925650077530e-37
5.580059171192390368e-06 4.965517241379310320e+01 8.090919257653689303e-37
8.723881996942955131e-06 4.965517241379310320e+01 1.036465439607917483e-36
1.363894445591021312e-05 4.965517241379310320e+01 1.339554139180465590e-36
2.132316850876592016e-05 4.965517241379310320e+01 1.733310956509582071e-36
3.333670847645394986e-05 4.965517241379310320e+01 2.256681808329277271e-36
5.211871451408407345e-05 4.965517241379310320e+01 2.936447311037430839e-36
8.148256161879867084e-05 4.965517241379310320e+01 3.821775598000556203e-36
1.273900922127918576e-04 4.965517241379310320e+01 4.931757732173334487e-36
1.991620694241847593e-04 4.965517241379310320e+01 6.234874511416954113e-36
3.113706035400827066e-04 4.965517241379310320e+01 7.572794852236275459e-36
4.867977774544171641e-04 4.965517241379310320e+01 8.873248953333585549e-36
7.610611709658538296e-04 4.965517241379310320e+01 9.859272869298610437e-36
1.189845419962200354e-03 4.965517241379310320e+01 1.056554776790841798e-35
1.860208058714039403e-03 4.965517241379310320e+01 1.097373611667795110e-35
2.908255109150721662e-03 4.965517241379310320e+01 1.126589415567025284e-35
4.546775152532265760e-03 4.965517241379310320e+01 1.144527471498626944e-35
7.108442523710327247e-03 4.965517241379310320e+01 1.166133374032501742e-35
1.111336132044076462e-02 4.965517241379310320e+01 1.195450592055723318e-35
1.737466391923549874e-02 4.965517241379310320e+01 1.243337718288568992e-35
2.716360402600592402e-02 4.965517241379310320e+01 1.314109279172502176e-35
4.246766366886432775e-02 4.965517241379310320e+01 1.439775340759980052e-35
6.639407847961335818e-02 4.965517241379310320e+01 1.670107276480923194e-35
1.038007103835326822e-01 4.965517241379310320e+01 2.086577288826811231e-35
1.622823559398361148e-01 4.965517241379310320e+01 0.000000000000000000e+00
2.537127438923734712e-01 4.965517241379310320e+01 0.000000000000000000e+00
3.966552989732381462e-01 4.965517241379310320e+01 0.000000000000000000e+00
9.999999999999999547e-08 5.586206896551724554e+01 1.067458034948783721e-37
1.563403134142530628e-07 5.586206896551724554e+01 1.338037271570227966e-37
2.444229359846687273e-07 5.586206896551724554e+01 1.677241581546247163e-37
3.821315841747502258e-07 5.586206896551724554e+01 2.111722422726604504e-37
5.974257163536547787e-07 5.586206896551724554e+01 2.661287704280939094e-37
9.340172373646522676e-07 5.586206896551724554e+01 3.348024011734663391e-37
1.460245476239042244e-06 5.586206896551724554e+01 4.223740047936190556e-37
2.282952354169575739e-06 5.586206896551724554e+01 5.330878515461614204e-37
3.569174865606782901e-06 5.586206896551724554e+01 6.793192160731094927e-37
5.580059171192390368e-06 5.586206896551724554e+01 8.635289957505466774e-37
8.723881996942955131e-06 5.586206896551724554e+01 1.103667615330938010e-36
1.363894445591021312e-05 5.586206896551724554e+01 1.410954435191661477e-36
2.132316850876592016e-05 5.586206896551724554e+01 1.813692208448379832e-36
3.333670847645394986e-05 5.586206896551724554e+01 2.329586206501248782e-36
5.211871451408407345e-05 5.586206896551724554e+01 3.001551692699964519e-36
8.148256161879867084e-05 5.586206896551724554e+01 3.838809365036327138e-36
1.273900922127918576e-04 5.586206896551724554e+01 4.829696741026297879e-36
1.991620694241847593e-04 5.586206896551724554e+01 5.949869223228954323e-36
3.113706035400827066e-04 5.586206896551724554e+01 7.089219838778139645e-36
4.867977774544171641e-04 5.586206896551724554e+01 8.082153533010032549e-36
7.610611709658538296e-04 5.586206896551724554e+01 8.840777354332114573e-36
1.189845419962200354e-03 5.586206896551724554e+01 9.358516640348819749e-36
1.860208058714039403e-03 5.586206896551724554e+01 9.643561240910419557e-36
2.908255109150721662e-03 5.586206896551724554e+01 9.860516113258680492e-36
4.546775152532265760e-03 5.586206896551724554e+01 1.002769990364362390e-35
7.108442523710327247e-03 5.586206896551724554e+01 1.020962242029449826e-35
1.111336132044076462e-02 5.586206896551724554e+01 1.045345551665012808e-35
1.737466391923549874e-02 5.586206896551724554e+01 1.084047331778019784e-35
2.716360402600592402e-02 5.586206896551724554e+01 1.147157433813949241e-35
4.246766366886432775e-02 5.586206896551724554e+01 1.256564684843903837e-35
6.639407847961335818e-02 5.586206896551724554e+01 1.459539601012887954e-35
1.038007103835326822e-01 5.586206896551724554e+01 1.826861359253164113e-35
1.622823559398361148e-01 5.586206896551724554e+01 2.542803162342832113e-35
2.537127438923734712e-01 5.586206896551724554e+01 0.000000000000000000e+00
3.966552989732381462e-01 5.586206896551724554e+01 0.000000000000000000e+00
9.999999999999999547e-08 6.206896551724138078e+01 1.134360986683070530e-37
1.563403134142530628e-07 6.206896551724138078e+01 1.423419553469628282e-37
2.444229359846687273e-07 6.206896551724138078e+01 1.784132284020885551e-37
3.821315841747502258e-07 6.206896551724138078e+01 2.241653817034324743e-37
5.974257163536547787e-07 6.206896551724138078e+01 2.823967955175926562e-37
9.340172373646522676e-07 6.206896551724138078e+01 3.546171184486721913e-37
1.460245476239042244e-06 6.206896551724138078e+01 4.467342015320542964e-37
2.282952354169575739e-06 6.206896551724138078e+01 5.650147867661690208e-37
3.569174865606782901e-06 6.206896551724138078e+01 7.139523042696994044e-37
5.580059171192390368e-06 6.206896551724138078e+01 9.047599103404604350e-37
8.723881996942955131e-06 6.206896551724138078e+01 1.149550799512813963e-36
1.363894445591021312e-05 6.206896551724138078e+01 1.461546327021053229e-36
2.132316850876592016e-05 6.206896551724138078e+01 1.863475423680173561e-36
3.333670847645394986e-05 6.206896551724138078e+01 2.370568268352910477e-36
5.211871451408407345e-05 6.206896551724138078e+01 3.012633388304968986e-36
8.148256161879867084e-05 6.206896551724138078e+01 3.780222830281857536e-36
1.273900922127918576e-04 6.206896551724138078e+01 4.680853693916583715e-36
1.991620694241847593e-04 6.206896551724138078e+01 5.639680421898480095e-36
3.113706035400827066e-04 6.206896551724138078e+01 6.556578777673213185e-36
4.867977774544171641e-04 6.206896551724138078e+01 7.358928426661915235e-36
7.610611709658538296e-04 6.206896551724138078e+01 7.920908771500445128e-36
1.189845419962200354e-03 6.206896551724138078e+01 8.294302115990517826e-36
1.860208058714039403e-03 6.206896551724138078e+01 8.577180277459858997e-36
2.908255109150721662e-03 6.206896551724138078e+01 8.709646590403115948e-36
4.546775152532265760e-03 6.206896551724138078e+01 8.848874593553253596e-36
7.108442523710327247e-03 6.206896551724138078e+01 9.014506491066446584e-36
1.111336132044076462e-02 6.206896551724138078e+01 9.212091366511308552e-36
1.737466391923549874e-02 6.206896551724138078e+01 9.584091074551673572e-36
2.716360402600592402e-02 6.206896551724138078e+01 1.014051298378246043e-35
4.246766366886432775e-02 6.206896551724138078e+01 1.114154785438751862e-35
6.639407847961335818e-02 6.206896551724138078e+01 1.288905800751867138e-35
1.038007103835326822e-01 6.206896551724138078e+01 1.611811055157729991e-35
1.622823559398361148e-01 6.206896551724138078e+01 2.253672785049027159e-35
2.537127438923734712e-01 6.206896551724138078e+01 3.185731406663635031e-34
3.966552989732381462e-01 6.206896551724138078e+01 0.000000000000000000e+00
9.999999999999999547e-08 6.827586206896552312e+01 1.191399996451489638e-37
1.563403134142530628e-07 6.827586206896552312e+01 1.489724217104194012e-37
2.444229359846687273e-07 6.827586206896552312e+01 1.872441276353460266e-37
3.821315841747502258e-07 6.827586206896552312e+01 2.343962761331325898e-37
5.974257163536547787e-07 6.827586206896552312e+01 2.950480916863407098e-37
9.340172373646522676e-07 6.827586206896552312e+01 3.706515588202478063e-37
1.460245476239042244e-06 6.827586206896552312e+01 4.671709033089027064e-37
2.282952354169575739e-06 6.827586206896552312e+01 5.852258750207307665e-37
3.569174865606782901e-06 6.827586206896552312e+01 7.391334263244775520e-37
5.580059171192390368e-06 6.827586206896552312e+01 9.340141052884399785e-37
8.723881996942955131e-06 6.827586206896552312e+01 1.178141709499076642e-36
1.363894445591021312e-05 6.827586206896552312e+01 1.493761213822104592e-36
2.132316850876592016e-05 6.827586206896552312e+01 1.883740088233579745e-36
3.333670847645394986e-05 6.827586206896552312e+01 2.373507628695705660e-36
5.211871451408407345e-05 6.827586206896552312e+01 2.966156821950852853e-36
8.148256161879867084e-05 6.827586206896552312e+01 3.677060037751511813e-36
1.273900922127918576e-04 6.827586206896552312e+01 4.484125523466335056e-36
1.991620694241847593e-04 6.827586206896552312e+01 5.287547818459768516e-36
3.113706035400827066e-04 6.827586206896552312e+01 6.053587574480310095e-36
4.867977774544171641e-04 6.827586206896552312e+01 6.689712482363958457e-36
7.610611709658538296e-04 6.827586206896552312e+01 7.135739690631115756e-36
1.189845419962200354e-03 6.827586206896552312e+01 7.434846025714664612e-36
1.860208058714039403e-03 6.827586206896552312e+01 7.617079432800507028e-36
2.908255109150721662e-03 6.827586206896552312e+01 7.735550967906728109e-36
4.546775152532265760e-03 6.827586206896552312e+01 7.864014414764442285e-36
7.108442523710327247e-03 6.827586206896552312e+01 7.985139304902680267e-36
1.111336132044076462e-02 6.827586206896552312e+01 8.200471259038688861e-36
1.737466391923549874e-02 6.827586206896552312e+01 8.482981394402713930e-36
2.716360402600592402e-02 6.827586206896552312e+01 9.017104069883582249e-36
4.246766366886432775e-02 6.827586206896552312e+01 9.889519909846666699e-36
6.639407847961335818e-02 6.827586206896552312e+01 1.151904513543308453e-35
1.038007103835326822e-01 6.827586206896552312e+01 1.427023693614167689e-35
1.622823559398361148e-01 6.827586206896552312e+01 2.055742532247762139e-35
2.537127438923734712e-01 6.827586206896552312e+01 3.375609278924085830e-34
3.966552989732381462e-01 6.827586206896552312e+01 0.000000000000000000e+00
9.999999999999999547e-08 7.448275862068965125e+01 1.233453805835669690e-37
1.563403134142530628e-07 7.448275862068965125e+01 1.545431736196900200e-37
2.444229359846687273e-07 7.448275862068965125e+01 1.932391804430073334e-37
3.821315841747502258e-07 7.448275862068965125e+01 2.425710107650564154e-37
5.974257163536547787e-07 7.448275862068965125e+01 3.036759298094684307e-37
9.340172373646522676e-07 7.448275862068965125e+01 3.811429615380070471e-37
1.460245476239042244e-06 7.448275862068965125e+01 4.795590592094573807e-37
2.282952354169575739e-06 7.448275862068965125e+01 6.005982187502591792e-37
3.569174865606782901e-06 7.448275862068965125e+01 7.565635789683269436e-37
5.580059171192390368e-06 7.448275862068965125e+01 9.496159031521715083e-37
8.723881996942955131e-06 7.448275862068965125e+01 1.193538311107453649e-36
1.363894445591021312e-05 7.448275862068965125e+01 1.497530727785999307e-36
2.132316850876592016e-05 7.448275862068965125e+01 1.877865428220683761e-36
3.333670847645394986e-05 7.448275862068965125e+01 2.344446048441227839e-36
5.211871451408407345e-05 7.448275862068965125e+01 2.901293022311752143e-36
8.148256161879867084e-05 7.448275862068965125e+01 3.543549123404459635e-36
1.273900922127918576e-04 7.448275862068965125e+01 4.225459091299901787e-36
1.991620694241847593e-04 7.448275862068965125e+01 4.931437859669949978e-36
3.113706035400827066e-04 7.448275862068965125e+01 5.563866319657588229e-36
4.867977774544171641e-04 7.448275862068965125e+01 6.064627899083259359e-36
7.610611709658538296e-04 7.448275862068965125e+01 6.453184179319034838e-36
1.189845419962200354e-03 7.448275862068965125e+01 6.677888999290003722e-36
1.860208058714039403e-03 7.448275862068965125e+01 6.801243510036603882e-36
2.908255109150721662e-03 7.448275862068965125e+01 6.915266159003345198e-36
4.546775152532265760e-03 7.448275862068965125e+01 7.009628761474843853e-36
7.108442523710327247e-03 7.448275862068965125e+01 7.125280571031093233e-36
1.111336132044076462e-02 7.448275862068965125e+01 7.321622878012922011e-36
1.737466391923549874e-02 7.448275862068965125e+01 7.597139608688992732e-36
2.716360402600592402e-02 7.448275862068965125e+01 8.047293231185315227e-36
4.246766366886432775e-02 7.448275862068965125e+01 8.858887971791387337e-36
6.639407847961335818e-02 7.448275862068965125e+01 1.027587602349023595e-35
1.038007103835326822e-01 7.448275862068965125e+01 1.270523027694188000e-35
1.622823559398361148e-01 7.448275862068965125e+01 1.986274163965093910e-35
2.537127438923734712e-01 7.448275862068965125e+01 3.194314348604249244e-34
3.966552989732381462e-01 7.448275862068965125e+01 0.000000000000000000e+00
9.999999999999999547e-08 8.068965517241380780e+01 1.259660842519464501e-37
1.563403134142530628e-07 8.068965517241380780e+01 1.572970280776788949e-37
2.444229359846687273e-07 8.068965517241380780e+01 1.971548683097819209e-37
3.821315841747502258e-07 8.068965517241380780e+01 2.466012189567866593e-37
5.974257163536547787e-07 8.068965517241380780e+01 3.085185866384192317e-37
9.340172373646522676e-07 8.068965517241380780e+01 3.866275544525522575e-37
1.460245476239042244e-06 8.068965517241380780e+01 4.851570649330989315e-37
2.282952354169575739e-06 8.068965517241380780e+01 6.060026632953678610e-37
3.569174865606782901e-06 8.068965517241380780e+01 7.594473390501713895e-37
5.580059171192390368e-06 8.068965517241380780e+01 9.538568223330644636e-37
8.723881996942955131e-06 8.068965517241380780e+01 1.192788058723586266e-36
1.363894445591021312e-05 8.068965517241380780e+01 1.486736180408629670e-36
2.132316850876592016e-05 8.068965517241380780e+01 1.851628564336153211e-36
3.333670847645394986e-05 8.068965517241380780e+01 2.282275421720978553e-36
5.211871451408407345e-05 8.068965517241380780e+01 2.799996956243018328e-36
8.148256161879867084e-05 8.068965517241380780e+01 3.383286997252771299e-36
1.273900922127918576e-04 8.068965517241380780e+01 3.996268748320415653e-36
1.991620694241847593e-04 8.068965517241380780e+01 4.571360222568145259e-36
3.113706035400827066e-04 8.068965517241380780e+01 5.110007897961470196e-36
4.867977774544171641e-04 8.068965517241380780e+01 5.539450103753261973e-36
7.610611709658538296e-04 8.068965517241380780e+01 5.805544743749696087e-36
1.189845419962200354e-03 8.068965517241380780e+01 6.006666539371684164e-36
1.860208058714039403e-03 8.068965517241380780e+01 6.114649567050273848e-36
2.908255109150721662e-03 8.068965517241380780e+01 6.200874456958705433e-36
4.546775152532265760e-03 8.068965517241380780e+01 6.271074953224224496e-36
7.108442523710327247e-03 8.068965517241380780e+01 6.385898966073379937e-36
1.111336132044076462e-02 8.068965517241380780e+01 6.545017151277824766e-36
1.737466391923549874e-02 8.068965517241380780e+01 6.781529535710652222e-36
2.716360402600592402e-02 8.068965517241380780e+01 7.208526521790041829e-36
4.246766366886432775e-02 8.068965517241380780e+01 7.953044818511731492e-36
6.639407847961335818e-02 8.068965517241380780e+01 9.225642314842727911e-36
1.038007103835326822e-01 8.068965517241380780e+01 1.131279828480939710e-35
1.622823559398361148e-01 8.068965517241380780e+01 2.075293206278905690e-35
2.537127438923734712e-01 8.068965517241380780e+01 2.770874321996955691e-34
3.966552989732381462e-01 8.068965517241380780e+01 0.000000000000000000e+00
9.999999999999999547e-08 8.689655172413793593e+01 1.269905533274326285e-37
1.563403134142530628e-07 8.689655172413793593e+01 1.588308233278138844e-37
2.444229359846687273e-07 8.689655172413793593e+01 1.987499797891748141e-37
3.821315841747502258e-07 8.689655172413793593e+01 2.486892394415890035e-37
5.974257163536547787e-07 8.689655172413793593e+01 3.110453386345626943e-37
9.340172373646522676e-07 8.689655172413793593e+01 3.880385044839289140e-37
1.460245476239042244e-06 8.689655172413793593e+01 4.867223551563420325e-37
2.282952354169575739e-06 8.689655172413793593e+01 6.086566293428323936e-37
3.569174865606782901e-06 8.689655172413793593e+01 7.591049068607889266e-37
5.580059171192390368e-06 8.689655172413793593e+01 9.456897392074125158e-37
8.723881996942955131e-06 8.689655172413793593e+01 1.177208421053570007e-36
1.363894445591021312e-05 8.689655172413793593e+01 1.458785117810479049e-36
2.132316850876592016e-05 8.689655172413793593e+01 1.805433902083964420e-36
3.333670847645394986e-05 8.689655172413793593e+01 2.209848407881352083e-36
5.211871451408407345e-05 8.689655172413793593e+01 2.682224980984377109e-36
8.148256161879867084e-05 8.689655172413793593e+01 3.198491484271454496e-36
1.273900922127918576e-04 8.689655172413793593e+01 3.722776420624384449e-36
1.991620694241847593e-04 8.689655172413793593e+01 4.228149106986467313e-36
3.113706035400827066e-04 8.689655172413793593e+01 4.673148645718065663e-36
4.867977774544171641e-04 8.689655172413793593e+01 5.009836247826968963e-36
7.610611709658538296e-04 8.689655172413793593e+01 5.236764545821540428e-36
1.189845419962200354e-03 8.689655172413793593e+01 5.400166414312541107e-36
1.860208058714039403e-03 8.689655172413793593e+01 5.492530828008151295e-36
2.908255109150721662e-03 8.689655172413793593e+01 5.563085123978576035e-36
4.546775152532265760e-03 8.689655172413793593e+01 5.634207676329892956e-36
7.108442523710327247e-03 8.689655172413793593e+01 5.719392088629931575e-36
1.111336132044076462e-02 8.689655172413793593e+01 5.875983033427015943e-36
1.737466391923549874e-02 8.689655172413793593e+01 6.099869775912002607e-36
2.716360402600592402e-02 8.689655172413793593e+01 6.475431615093251421e-36
4.246766366886432775e-02 8.689655172413793593e+01 7.131154243478388324e-36
6.639407847961335818e-02 8.689655172413793593e+01 8.276670869939442860e-36
1.038007103835326822e-01 8.689655172413793593e+01 1.012070424512940638e-35
1.622823559398361148e-01 8.689655172413793593e+01 2.300250685501772717e-35
2.537127438923734712e-01 8.689655172413793593e+01 2.295430051260482182e-34
3.966552989732381462e-01 8.689655172413793593e+01 0.000000000000000000e+00
9.999999999999999547e-08 9.310344827586206407e+01 1.265540896851970374e-37
1.563403134142530628e-07 9.310344827586206407e+01 1.583075173777989987e-37
2.444229359846687273e-07 9.310344827586206407e+01 1.980339066652004786e-37
3.821315841747502258e-07 9.310344827586206407e+01 2.467232054263702440e-37
5.974257163536547787e-07 9.310344827586206407e+01 3.088396846279705415e-37
9.340172373646522676e-07 9.310344827586206407e+01 3.857238062557440016e-37
1.460245476239042244e-06 9.310344827586206407e+01 4.797674429168170686e-37
2.282952354169575739e-06 9.310344827586206407e+01 5.997022478471546046e-37
3.569174865606782901e-06 9.310344827586206407e+01 7.466960685908140663e-37
5.580059171192390368e-06 9.310344827586206407e+01 9.283447134843087425e-37
8.723881996942955131e-06 9.310344827586206407e+01 1.146903967360194143e-36
1.363894445591021312e-05 9.310344827586206407e+01 1.415501741657326374e-36
2.132316850876592016e-05 9.310344827586206407e+01 1.735301835935304928e-36
3.333670847645394986e-05 9.310344827586206407e+01 2.109620988607324048e-36
5.211871451408407345e-05 9.310344827586206407e+01 2.533254234997614846e-36
8.148256161879867084e-05 9.310344827586206407e+01 2.993410399601418611e-36
1.273900922127918576e-04 9.310344827586206407e+01 3.447964964087250505e-36
1.991620694241847593e-04 9.310344827586206407e+01 3.889369317263541683e-36
3.113706035400827066e-04 9.310344827586206407e+01 4.253646532972764115e-36
4.867977774544171641e-04 9.310344827586206407e+01 4.530267443516664062e-36
7.610611709658538296e-04 9.310344827586206407e+01 4.734805410075107156e-36
1.189845419962200354e-03 9.310344827586206407e+01 4.856770014880505273e-36
1.860208058714039403e-03 9.310344827586206407e+01 4.929026209422119294e-36
2.908255109150721662e-03 9.310344827586206407e+01 5.002053498935783160e-36
4.546775152532265760e-03 9.310344827586206407e+01 5.060167466949041546e-36
7.108442523710327247e-03 9.310344827586206407e+01 5.140954651528959729e-36
1.111336132044076462e-02 9.310344827586206407e+01 5.267759598093991884e-36
1.737466391923549874e-02 9.310344827586206407e+01 5.471524930558159153e-36
2.716360402600592402e-02 9.310344827586206407e+01 5.833927968318957355e-36
4.246766366886432775e-02 9.310344827586206407e+01 6.417857901181746952e-36
6.639407847961335818e-02 9.310344827586206407e+01 7.428565826772042344e-36
1.038007103835326822e-01 9.310344827586206407e+01 9.061272304403413066e-36
1.622823559398361148e-01 9.310344827586206407e+01 2.672354992795148933e-35
2.537127438923734712e-01 9.310344827586206407e+01 1.861138610249349820e-34
3.966552989732381462e-01 9.310344827586206407e+01 0.000000000000000000e+00
9.999999999999999547e-08 9.931034482758620641e+01 1.246700143903388479e-37
1.563403134142530628e-07 9.931034482758620641e+01 1.558648605072636609e-37
2.444229359846687273e-07 9.931034482758620641e+01 1.951386867452261514e-37
3.821315841747502258e-07 9.931034482758620641e+01 2.430104621912766287e-37
5.974257163536547787e-07 9.931034482758620641e+01 3.034059876115418958e-37
9.340172373646522676e-07 9.931034482758620641e+01 3.778674925388497224e-37
1.460245476239042244e-06 9.931034482758620641e+01 4.702789927578059326e-37
2.282952354169575739e-06 9.931034482758620641e+01 5.853081166033199934e-37
3.569174865606782901e-06 9.931034482758620641e+01 7.258825948105679372e-37
5.580059171192390368e-06 9.931034482758620641e+01 8.957420258507766279e-37
8.723881996942955131e-06 9.931034482758620641e+01 1.111088458802818573e-36
1.363894445591021312e-05 9.931034482758620641e+01 1.357939771538284026e-36
2.132316850876592016e-05 9.931034482758620641e+01 1.653685169797374353e-36
3.333670847645394986e-05 9.931034482758620641e+01 1.997002260275464272e-36
5.211871451408407345e-05 9.931034482758620641e+01 2.380049012629640252e-36
8.148256161879867084e-05 9.931034482758620641e+01 2.775356499320902137e-36
1.273900922127918576e-04 9.931034482758620641e+01 3.193000710658438810e-36
1.991620694241847593e-04 9.931034482758620641e+01 3.561394981150026074e-36
3.113706035400827066e-04 9.931034482758620641e+01 3.858230950708111998e-36
4.867977774544171641e-04 9.931034482758620641e+01 4.093438867501253572e-36
7.610611709658538296e-04 9.931034482758620641e+01 4.258290191466965887e-36
1.189845419962200354e-03 9.931034482758620641e+01 4.365984451178915136e-36
1.860208058714039403e-03 9.931034482758620641e+01 4.419572883293683886e-36
2.908255109150721662e-03 9.931034482758620641e+01 4.481337624719036476e-36
4.546775152532265760e-03 9.931034482758620641e+01 4.537999693089383254e-36
7.108442523710327247e-03 9.931034482758620641e+01 4.615356453927839282e-36
1.111336132044076462e-02 9.931034482758620641e+01 4.732246563093317752e-36
1.737466391923549874e-02 9.931034482758620641e+01 4.918925942482552368e-36
2.716360402600592402e-02 9.931034482758620641e+01 5.235704798331714378e-36
4.246766366886432775e-02 9.931034482758620641e+01 5.758598008428369075e-36
6.639407847961335818e-02 9.931034482758620641e+01 6.658442701729334914e-36
1.038007103835326822e-01 9.931034482758620641e+01 8.090369914988293198e-36
1.622823559398361148e-01 9.931034482758620641e+01 3.105902361051771504e-35
2.537127438923734712e-01 9.931034482758620641e+01 1.492708250613047626e-34
3.966552989732381462e-01 9.931034482758620641e+01 0.000000000000000000e+00
9.999999999999999547e-08 1.055172413793103630e+02 1.214065082048024865e-37
1.563403134142530628e-07 1.055172413793103630e+02 1.516944930989792953e-37
2.444229359846687273e-07 1.055172413793103630e+02 1.893370166055924723e-37
3.821315841747502258e-07 1.055172413793103630e+02 2.356089933893311179e-37
5.974257163536547787e-07 1.055172413793103630e+02 2.944881790164645979e-37
9.340172373646522676e-07 1.055172413793103630e+02 3.660032465116232017e-37
1.460245476239042244e-06 1.055172413793103630e+02 4.548473030232596358e-37
2.282952354169575739e-06 1.055172413793103630e+02 5.648023541177184283e-37
3.569174865606782901e-06 1.055172413793103630e+02 6.982101361483360652e-37
5.580059171192390368e-06 1.055172413793103630e+02 8.622740571337158404e-37
8.723881996942955131e-06 1.055172413793103630e+02 1.058327460924923725e-36
1.363894445591021312e-05 1.055172413793103630e+02 1.295109331052505607e-36
2.132316850876592016e-05 1.055172413793103630e+02 1.565562930882488220e-36
3.333670847645394986e-05 1.055172413793103630e+02 1.872621444986806940e-36
5.211871451408407345e-05 1.055172413793103630e+02 2.216510043047540537e-36
8.148256161879867084e-05 1.055172413793103630e+02 2.570750156548532651e-36
1.273900922127918576e-04 1.055172413793103630e+02 2.919714486892328050e-36
1.991620694241847593e-04 1.055172413793103630e+02 3.237775641437404991e-36
3.113706035400827066e-04 1.055172413793103630e+02 3.495705406420953445e-36
4.867977774544171641e-04 1.055172413793103630e+02 3.683396929286151245e-36
7.610611709658538296e-04 1.055172413793103630e+02 3.829856643577404992e-36
1.189845419962200354e-03 1.055172413793103630e+02 3.917810100992812711e-36
1.860208058714039403e-03 1.055172413793103630e+02 3.960011370520078707e-36
2.908255109150721662e-03 1.055172413793103630e+02 4.011661060253544751e-36
4.546775152532265760e-03 1.055172413793103630e+02 4.065369566180211476e-36
7.108442523710327247e-03 1.055172413793103630e+02 4.132926772969484825e-36
1.111336132044076462e-02 1.055172413793103630e+02 4.241584940400835856e-36
1.737466391923549874e-02 1.055172413793103630e+02 4.405055383961472957e-36
2.716360402600592402e-02 1.055172413793103630e+02 4.684267263306204372e-36
4.246766366886432775e-02 1.055172413793103630e+02 5.174023373560343986e-36
6.639407847961335818e-02 1.055172413793103630e+02 5.955777653608441911e-36
1.038007103835326822e-01 1.055172413793103630e+02 7.220791699536465490e-36
1.622823559398361148e-01 1.055172413793103630e+02 3.499044707878879493e-35
2.537127438923734712e-01 1.055172413793103630e+02 1.179717985594132199e-34
3.966552989732381462e-01 1.055172413793103630e+02 0.000000000000000000e+00
9.999999999999999547e-08 1.117241379310344911e+02 1.171736775467405655e-37
1.563403134142530628e-07 1.117241379310344911e+02 1.460389763562198253e-37
2.444229359846687273e-07 1.117241379310344911e+02 1.819824666784738947e-37
3.821315841747502258e-07 1.117241379310344911e+02 2.266890204818443562e-37
5.974257163536547787e-07 1.117241379310344911e+02 2.823863817980061529e-37
9.340172373646522676e-07 1.117241379310344911e+02 3.492287240719476540e-37
1.460245476239042244e-06 1.117241379310344911e+02 4.343558127186097920e-37
2.282952354169575739e-06 1.117241379310344911e+02 5.373469270517572265e-37
3.569174865606782901e-06 1.117241379310344911e+02 6.659123616401531436e-37
5.580059171192390368e-06 1.117241379310344911e+02 8.178151159054869334e-37
8.723881996942955131e-06 1.117241379310344911e+02 9.997641210687757320e-37
1.363894445591021312e-05 1.117241379310344911e+02 1.214331418375763726e-36
2.132316850876592016e-05 1.117241379310344911e+02 1.461214111313658331e-36
3.333670847645394986e-05 1.117241379310344911e+02 1.740843063211376505e-36
5.211871451408407345e-05 1.117241379310344911e+02 2.045816073077843883e-36
8.148256161879867084e-05 1.117241379310344911e+02 2.360346049976595971e-36
1.273900922127918576e-04 1.117241379310344911e+02 2.651066146560541127e-36
1.991620694241847593e-04 1.117241379310344911e+02 2.923624718288595645e-36
3.113706035400827066e-04 1.117241379310344911e+02 3.151577920675623813e-36
4.867977774544171641e-04 1.117241379310344911e+02 3.311477200898294996e-36
7.610611709658538296e-04 1.117241379310344911e+02 3.431327219018598472e-36
1.189845419962200354e-03 1.117241379310344911e+02 3.496148167956574839e-36
1.860208058714039403e-03 1.117241379310344911e+02 3.541755293596729330e-36
2.908255109150721662e-03 1.117241379310344911e+02 3.584370533555768961e-36
4.546775152532265760e-03 1.117241379310344911e+02 3.624488868987068044e-36
7.108442523710327247e-03 1.117241379310344911e+02 3.683147434947002352e-36
1.111336132044076462e-02 1.117241379310344911e+02 3.782799241818882221e-36
1.737466391923549874e-02 1.117241379310344911e+02 3.925856347004330295e-36
2.716360402600592402e-02 1.117241379310344911e+02 4.187358745133841507e-36
4.246766366886432775e-02 1.117241379310344911e+02 4.612777597937695234e-36
6.639407847961335818e-02 1.117241379310344911e+02 5.306350786020126179e-36
1.038007103835326822e-01 1.117241379310344911e+02 6.440578832069567777e-36
1.622823559398361148e-01 1.117241379310344911e+02 3.877956629374608868e-35
2.537127438923734712e-01 1.117241379310344911e+02 9.193500540932386819e-35
3.966552989732381462e-01 1.117241379310344911e+02 0.000000000000000000e+00
9.999999999999999547e-08 1.179310344827586192e+02 1.108931911733890288e-37
1.563403134142530628e-07 1.179310344827586192e+02 1.381393313534941446e-37
2.444229359846687273e-07 1.179310344827586192e+02 1.721487968273966754e-37
3.821315841747502258e-07 1.179310344827586192e+02 2.142182581806504788e-37
5.974257163536547787e-07 1.179310344827586192e+02 2.670237054147016157e-37
9.340172373646522676e-07 1.179310344827586192e+02 3.301623471514968208e-37
1.460245476239042244e-06 1.179310344827586192e+02 4.103108932578833196e-37
2.282952354169575739e-06 1.179310344827586192e+02 5.054154681975743128e-37
3.569174865606782901e-06 1.179310344827586192e+02 6.229896984614092653e-37
5.580059171192390368e-06 1.179310344827586192e+02 7.649936640476127960e-37
8.723881996942955131e-06 1.179310344827586192e+02 9.312255396835850971e-37
1.363894445591021312e-05 1.179310344827586192e+02 1.129642754359249211e-36
2.132316850876592016e-05 1.179310344827586192e+02 1.349894350137960552e-36
3.333670847645394986e-05 1.179310344827586192e+02 1.599038795404643390e-36
5.211871451408407345e-05 1.179310344827586192e+02 1.869119397762107619e-36
8.148256161879867084e-05 1.179310344827586192e+02 2.139847646019297954e-36
1.273900922127918576e-04 1.179310344827586192e+02 2.398262270276460929e-36
1.991620694241847593e-04 1.179310344827586192e+02 2.630791449317168698e-36
3.113706035400827066e-04 1.179310344827586192e+02 2.810867655888400624e-36
4.867977774544171641e-04 1.179310344827586192e+02 2.950346272520680982e-36
7.610611709658538296e-04 1.179310344827586192e+02 3.046891580553386192e-36
1.189845419962200354e-03 1.179310344827586192e+02 3.098358758059501203e-36
1.860208058714039403e-03 1.179310344827586192e+02 3.148338744785808161e-36
2.908255109150721662e-03 1.179310344827586192e+02 3.183412475462874750e-36
4.546775152532265760e-03 1.179310344827586192e+02 3.218452581504667865e-36
7.108442523710327247e-03 1.179310344827586192e+02 3.272922882961150092e-36
1.111336132044076462e-02 1.179310344827586192e+02 3.357063475607273410e-36
1.737466391923549874e-02 1.179310344827586192e+02 3.492533471411353789e-36
2.716360402600592402e-02 1.179310344827586192e+02 3.718789130862871536e-36
4.246766366886432775e-02 1.179310344827586192e+02 4.105130723316457530e-36
6.639407847961335818e-02 1.179310344827586192e+02 4.707238207850669693e-36
1.038007103835326822e-01 1.179310344827586192e+02 5.750347102453206738e-36
1.622823559398361148e-01 1.179310344827586192e+02 4.124130585386701613e-35
2.537127438923734712e-01 1.179310344827586192e+02 7.089725535945661076e-35
3.966552989732381462e-01 1.179310344827586192e+02 0.000000000000000000e+00
9.999999999999999547e-08 1.241379310344827616e+02 1.037205348843139292e-37
1.563403134142530628e-07 1.241379310344827616e+02 1.291257602256559617e-37
2.444229359846687273e-07 1.241379310344827616e+02 1.608700947342434219e-37
3.821315841747502258e-07 1.241379310344827616e+02 1.998531160340866385e-37
5.974257163536547787e-07 1.241379310344827616e+02 2.482014054078903802e-37
9.340172373646522676e-07 1.241379310344827616e+02 3.079367194525734786e-37
1.460245476239042244e-06 1.241379310344827616e+02 3.811993259742832523e-37
2.282952354169575739e-06 1.241379310344827616e+02 4.698847831792055888e-37
3.569174865606782901e-06 1.241379310344827616e+02 5.762647154820713641e-37
5.580059171192390368e-06 1.241379310344827616e+02 7.039502884814723418e-37
8.723881996942955131e-06 1.241379310344827616e+02 8.558581189888186731e-37
1.363894445591021312e-05 1.241379310344827616e+02 1.031462150697536051e-36
2.132316850876592016e-05 1.241379310344827616e+02 1.231827259144839067e-36
3.333670847645394986e-05 1.241379310344827616e+02 1.452099675160936269e-36
5.211871451408407345e-05 1.241379310344827616e+02 1.687208930671282920e-36
8.148256161879867084e-05 1.241379310344827616e+02 1.923412804901209212e-36
1.273900922127918576e-04 1.241379310344827616e+02 2.140438474106578365e-36
1.991620694241847593e-04 1.241379310344827616e+02 2.341250589526798633e-36
3.113706035400827066e-04 1.241379310344827616e+02 2.495606672799801915e-36
4.867977774544171641e-04 1.241379310344827616e+02 2.612102902997349622e-36
7.610611709658538296e-04 1.241379310344827616e+02 2.684060669475062112e-36
1.189845419962200354e-03 1.241379310344827616e+02 2.741030749128698889e-36
1.860208058714039403e-03 1.241379310344827616e+02 2.772565495051417113e-36
2.908255109150721662e-03 1.241379310344827616e+02 2.809188440523898292e-36
4.546775152532265760e-03 1.241379310344827616e+02 2.839337285849567081e-36
7.108442523710327247e-03 1.241379310344827616e+02 2.876256401295522693e-36
1.111336132044076462e-02 1.241379310344827616e+02 2.958720358162097933e-36
1.737466391923549874e-02 1.241379310344827616e+02 3.084420564882304620e-36
2.716360402600592402e-02 1.241379310344827616e+02 3.287743932837650792e-36
4.246766366886432775e-02 1.241379310344827616e+02 3.623946461498300321e-36
6.639407847961335818e-02 1.241379310344827616e+02 4.127381316669256102e-36
1.038007103835326822e-01 1.241379310344827616e+02 5.143964116288516609e-36
1.622823559398361148e-01 1.241379310344827616e+02 4.214273340475318946e-35
2.537127438923734712e-01 1.241379310344827616e+02 5.402060159918496488e-35
3.966552989732381462e-01 1.241379310344827616e+02 0.000000000000000000e+00
9.999999999999999547e-08 1.303448275862068897e+02 9.528082033623885865e-38
1.563403134142530628e-07 1.303448275862068897e+02 1.185290385019344971e-37
2.444229359846687273e-07 1.303448275862068897e+02 1.475725515687511755e-37
3.821315841747502258e-07 1.303448275862068897e+02 1.833285803690453813e-37
5.974257163536547787e-07 1.303448275862068897e+02 2.280322389772443977e-37
9.340172373646522676e-07 1.303448275862068897e+02 2.817689961619882232e-37
1.460245476239042244e-06 1.303448275862068897e+02 3.483115681344755195e-37
2.282952354169575739e-06 1.303448275862068897e+02 4.283536022167065337e-37
3.569174865606782901e-06 1.303448275862068897e+02 5.243060490800596377e-37
5.580059171192390368e-06 1.303448275862068897e+02 6.408868389461958360e-37
8.723881996942955131e-06 1.303448275862068897e+02 7.743037579816096894e-37
1.363894445591021312e-05 1.303448275862068897e+02 9.311882374159271121e-37
2.132316850876592016e-05 1.303448275862068897e+02 1.105802587452722957e-36
3.333670847645394986e-05 1.303448275862068897e+02 1.300650321455802696e-36
5.211871451408407345e-05 1.303448275862068897e+02 1.498758897391964436e-36
8.148256161879867084e-05 1.303448275862068897e+02 1.705711686519815735e-36
1.273900922127918576e-04 1.303448275862068897e+02 1.892525678472899071e-36
1.991620694241847593e-04 1.303448275862068897e+02 2.062766465681339285e-36
3.113706035400827066e-04 1.303448275862068897e+02 2.189537418437274497e-36
4.867977774544171641e-04 1.303448275862068897e+02 2.282320683539612434e-36
7.610611709658538296e-04 1.303448275862068897e+02 2.350787010135651579e-36
1.189845419962200354e-03 1.303448275862068897e+02 2.387842630215543366e-36
1.860208058714039403e-03 1.303448275862068897e+02 2.417469262909531383e-36
2.908255109150721662e-03 1.303448275862068897e+02 2.443125195618849183e-36
4.546775152532265760e-03 1.303448275862068897e+02 2.475899951672697217e-36
7.108442523710327247e-03 1.303448275862068897e+02 2.515688220514891573e-36
1.111336132044076462e-02 1.303448275862068897e+02 2.583095481795661287e-36
1.737466391923549874e-02 1.303448275862068897e+02 2.684278353223218292e-36
2.716360402600592402e-02 1.303448275862068897e+02 2.868439621048651902e-36
4.246766366886432775e-02 1.303448275862068897e+02 3.158406040733216353e-36
6.639407847961335818e-02 1.303448275862068897e+02 3.599143378442804896e-36
1.038007103835326822e-01 1.303448275862068897e+02 4.609342233964858210e-36
1.622823559398361148e-01 1.303448275862068897e+02 4.110007418367879551e-35
2.537127438923734712e-01 1.303448275862068897e+02 4.106024825407761434e-35
3.966552989732381462e-01 1.303448275862068897e+02 0.000000000000000000e+00
9.999999999999999547e-08 1.365517241379310462e+02 8.590954649634520754e-38
1.563403134142530628e-07 1.365517241379310462e+02 1.068212454037231754e-37
2.444229359846687273e-07 1.365517241379310462e+02 1.328897746473722467e-37
3.821315841747502258e-07 1.365517241379310462e+02 1.649860240485586796e-37
5.974257163536547787e-07 1.365517241379310462e+02 2.049377663055831559e-37
9.340172373646522676e-07 1.365517241379310462e+02 2.532739914726371554e-37
1.460245476239042244e-06 1.365517241379310462e+02 3.117651403660519198e-37
2.282952354169575739e-06 1.365517241379310462e+02 3.834547535502444498e-37
3.569174865606782901e-06 1.365517241379310462e+02 4.689700303301429170e-37
5.580059171192390368e-06 1.365517241379310462e+02 5.714336289856053032e-37
8.723881996942955131e-06 1.365517241379310462e+02 6.895972112766950160e-37
1.363894445591021312e-05 1.365517241379310462e+02 8.262872249999904614e-37
2.132316850876592016e-05 1.365517241379310462e+02 9.772363565410390890e-37
3.333670847645394986e-05 1.365517241379310462e+02 1.141363745938060025e-36
5.211871451408407345e-05 1.365517241379310462e+02 1.313024651713636715e-36
8.148256161879867084e-05 1.365517241379310462e+02 1.485617061991106424e-36
1.273900922127918576e-04 1.365517241379310462e+02 1.644831146641635123e-36
1.991620694241847593e-04 1.365517241379310462e+02 1.782478408836282518e-36
3.113706035400827066e-04 1.365517241379310462e+02 1.896984105767429127e-36
4.867977774544171641e-04 1.365517241379310462e+02 1.972427403503880380e-36
7.610611709658538296e-04 1.365517241379310462e+02 2.027806906706635396e-36
1.189845419962200354e-03 1.365517241379310462e+02 2.062289734224386721e-36
1.860208058714039403e-03 1.365517241379310462e+02 2.082923251186847406e-36
2.908255109150721662e-03 1.365517241379310462e+02 2.106182501162238970e-36
4.546775152532265760e-03 1.365517241379310462e+02 2.131418418469349064e-36
7.108442523710327247e-03 1.365517241379310462e+02 2.166798486929050714e-36
1.111336132044076462e-02 1.365517241379310462e+02 2.223480500748709739e-36
1.737466391923549874e-02 1.365517241379310462e+02 2.315359693358869337e-36
2.716360402600592402e-02 1.365517241379310462e+02 2.474702109068544181e-36
4.246766366886432775e-02 1.365517241379310462e+02 2.732037084231367914e-36
6.639407847961335818e-02 1.365517241379310462e+02 3.095825476441473095e-36
1.038007103835326822e-01 1.365517241379310462e+02 4.111683841851390970e-36
1.622823559398361148e-01 1.365517241379310462e+02 3.846474205355495133e-35
2.537127438923734712e-01 1.365517241379310462e+02 3.115113977676264938e-35
3.966552989732381462e-01 1.365517241379310462e+02 0.000000000000000000e+00
9.999999999999999547e-08 1.427586206896551744e+02 7.547190313411348392e-38
1.563403134142530628e-07 1.427586206896551744e+02 9.389313270380065610e-38
2.444229359846687273e-07 1.427586206896551744e+02 1.167834772713247832e-37
3.821315841747502258e-07 1.427586206896551744e+02 1.449714309102307660e-37
5.974257163536547787e-07 1.427586206896551744e+02 1.788550198101867383e-37
9.340172373646522676e-07 1.427586206896551744e+02 2.210301034751619206e-37
1.460245476239042244e-06 1.427586206896551744e+02 2.726042995294160362e-37
2.282952354169575739e-06 1.427586206896551744e+02 3.339725972933161822e-37
3.569174865606782901e-06 1.427586206896551744e+02 4.076108317711601733e-37
5.580059171192390368e-06 1.427586206896551744e+02 4.956904055114890688e-37
8.723881996942955131e-06 1.427586206896551744e+02 5.963942110180096769e-37
1.363894445591021312e-05 1.427586206896551744e+02 7.143017195809565067e-37
2.132316850876592016e-05 1.427586206896551744e+02 8.443851396094857591e-37
3.333670847645394986e-05 1.427586206896551744e+02 9.835675332886183013e-37
5.211871451408407345e-05 1.427586206896551744e+02 1.130216235314196160e-36
8.148256161879867084e-05 1.427586206896551744e+02 1.270586929824435961e-36
1.273900922127918576e-04 1.427586206896551744e+02 1.404669881447479099e-36
1.991620694241847593e-04 1.427586206896551744e+02 1.515254378021737572e-36
3.113706035400827066e-04 1.427586206896551744e+02 1.604189403370979492e-36
4.867977774544171641e-04 1.427586206896551744e+02 1.670019644424097519e-36
7.610611709658538296e-04 1.427586206896551744e+02 1.715726020237512169e-36
1.189845419962200354e-03 1.427586206896551744e+02 1.747125946205685989e-36
1.860208058714039403e-03 1.427586206896551744e+02 1.762048031661503768e-36
2.908255109150721662e-03 1.427586206896551744e+02 1.783112373304083789e-36
4.546775152532265760e-03 1.427586206896551744e+02 1.805702983916755856e-36
7.108442523710327247e-03 1.427586206896551744e+02 1.835876601780226399e-36
1.111336132044076462e-02 1.427586206896551744e+02 1.882995858883915182e-36
1.737466391923549874e-02 1.427586206896551744e+02 1.959460777578031717e-36
2.716360402600592402e-02 1.427586206896551744e+02 2.092766547919327720e-36
4.246766366886432775e-02 1.427586206896551744e+02 2.311394392427828740e-36
6.639407847961335818e-02 1.427586206896551744e+02 2.616229035705156067e-36
1.038007103835326822e-01 1.427586206896551744e+02 3.629611762582089664e-36
1.622823559398361148e-01 1.427586206896551744e+02 3.465640774865715313e-35
2.537127438923734712e-01 1.427586206896551744e+02 2.337713196483700278e-35
3.966552989732381462e-01 1.427586206896551744e+02 0.000000000000000000e+00
9.999999999999999547e-08 1.489655172413793025e+02 6.404801794405887202e-38
1.563403134142530628e-07 1.489655172413793025e+02 7.969797998556516458e-38
2.444229359846687273e-07 1.489655172413793025e+02 9.909829587965270406e-38
3.821315841747502258e-07 1.489655172413793025e+02 1.229427549621988135e-37
5.974257163536547787e-07 1.489655172413793025e+02 1.521305618522270737e-37
9.340172373646522676e-07 1.489655172413793025e+02 1.875170703715614194e-37
1.460245476239042244e-06 1.489655172413793025e+02 2.310589301637720491e-37
2.282952354169575739e-06 1.489655172413793025e+02 2.829700486724175260e-37
3.569174865606782901e-06 1.489655172413793025e+02 3.456104080697898059e-37
5.580059171192390368e-06 1.489655172413793025e+02 4.182142805404559011e-37
8.723881996942955131e-06 1.489655172413793025e+02 5.029749768048754175e-37
1.363894445591021312e-05 1.489655172413793025e+02 6.011155317450897263e-37
2.132316850876592016e-05 1.489655172413793025e+02 7.060919809888157539e-37
3.333670847645394986e-05 1.489655172413793025e+02 8.213154460170885627e-37
5.211871451408407345e-05 1.489655172413793025e+02 9.389416833816045022e-37
8.148256161879867084e-05 1.489655172413793025e+02 1.058436078904696840e-36
1.273900922127918576e-04 1.489655172413793025e+02 1.162423087492012595e-36
1.991620694241847593e-04 1.489655172413793025e+02 1.255742889029402017e-36
3.113706035400827066e-04 1.489655172413793025e+02 1.327184434554406062e-36
4.867977774544171641e-04 1.489655172413793025e+02 1.380021666068745627e-36
7.610611709658538296e-04 1.489655172413793025e+02 1.416104274635670297e-36
1.189845419962200354e-03 1.489655172413793025e+02 1.438768872431490331e-36
1.860208058714039403e-03 1.489655172413793025e+02 1.456286711790978102e-36
2.908255109150721662e-03 1.489655172413793025e+02 1.469638790694419577e-36
4.546775152532265760e-03 1.489655172413793025e+02 1.482820897860742909e-36
7.108442523710327247e-03 1.489655172413793025e+02 1.514287729633445990e-36
1.111336132044076462e-02 1.489655172413793025e+02 1.550791589521637155e-36
1.737466391923549874e-02 1.489655172413793025e+02 1.618687593569120192e-36
2.716360402600592402e-02 1.489655172413793025e+02 1.727386849372884740e-36
4.246766366886432775e-02 1.489655172413793025e+02 1.901271529553531995e-36
6.639407847961335818e-02 1.489655172413793025e+02 2.149760317736058746e-36
1.038007103835326822e-01 1.489655172413793025e+02 3.112277578578573988e-36
1.622823559398361148e-01 1.489655172413793025e+02 2.966945135505808051e-35
2.537127438923734712e-01 1.489655172413793025e+02 1.726319952043422890e-35
3.966552989732381462e-01 1.489655172413793025e+02 0.000000000000000000e+00
9.999999999999999547e-08 1.551724137931034591e+02 5.221080363818462457e-38
1.563403134142530628e-07 1.551724137931034591e+02 6.495952921411249224e-38
2.444229359846687273e-07 1.551724137931034591e+02 8.058138841918824350e-38
3.821315841747502258e-07 1.551724137931034591e+02 9.981656461110855358e-38
5.974257163536547787e-07 1.551724137931034591e+02 1.235465004481884063e-37
9.340172373646522676e-07 1.551724137931034591e+02 1.523056766193820072e-37
1.460245476239042244e-06 1.551724137931034591e+02 1.876755901900356261e-37
2.282952354169575739e-06 1.551724137931034591e+02 2.296266272223160179e-37
3.569174865606782901e-06 1.551724137931034591e+02 2.794043623315612153e-37
5.580059171192390368e-06 1.551724137931034591e+02 3.388199113653018199e-37
8.723881996942955131e-06 1.551724137931034591e+02 4.059144408827434657e-37
1.363894445591021312e-05 1.551724137931034591e+02 4.833430257691293165e-37
2.132316850876592016e-05 1.551724137931034591e+02 5.667110409558342569e-37
3.333670847645394986e-05 1.551724137931034591e+02 6.584118330520265328e-37
5.211871451408407345e-05 1.551724137931034591e+02 7.542116084253037026e-37
8.148256161879867084e-05 1.551724137931034591e+02 8.442416957430259783e-37
1.273900922127918576e-04 1.551724137931034591e+02 9.290073346818839157e-37
1.991620694241847593e-04 1.551724137931034591e+02 1.000490010044679600e-36
3.113706035400827066e-04 1.551724137931034591e+02 1.056229410261514759e-36
4.867977774544171641e-04 1.551724137931034591e+02 1.097169148681368348e-36
7.610611709658538296e-04 1.551724137931034591e+02 1.124729543727453925e-36
1.189845419962200354e-03 1.551724137931034591e+02 1.139503456495767230e-36
1.860208058714039403e-03 1.551724137931034591e+02 1.154834926893601963e-36
2.908255109150721662e-03 1.551724137931034591e+02 1.165270942836900713e-36
4.546775152532265760e-03 1.551724137931034591e+02 1.178360888323725473e-36
7.108442523710327247e-03 1.551724137931034591e+02 1.196810432923916177e-36
1.111336132044076462e-02 1.551724137931034591e+02 1.229172989986205075e-36
1.737466391923549874e-02 1.551724137931034591e+02 1.280076372634791696e-36
2.716360402600592402e-02 1.551724137931034591e+02 1.367377697602318398e-36
4.246766366886432775e-02 1.551724137931034591e+02 1.507447592435969648e-36
6.639407847961335818e-02 1.551724137931034591e+02 1.700473101089887993e-36
1.038007103835326822e-01 1.551724137931034591e+02 2.574506943496561454e-36
1.622823559398361148e-01 1.551724137931034591e+02 2.433006120695476738e-35
2.537127438923734712e-01 1.551724137931034591e+02 1.249534011778408732e-35
3.966552989732381462e-01 1.551724137931034591e+02 0.000000000000000000e+00
9.999999999999999547e-08 1.613793103448276156e+02 3.963616817524513487e-38
1.563403134142530628e-07 1.613793103448276156e+02 4.933620623427433186e-38
2.444229359846687273e-07 1.613793103448276156e+02 6.098568999439009298e-38
3.821315841747502258e-07 1.613793103448276156e+02 7.575442794025198199e-38
5.974257163536547787e-07 1.613793103448276156e+02 9.397536028154015415e-38
9.340172373646522676e-07 1.613793103448276156e+02 1.155555872826243921e-37
1.460245476239042244e-06 1.613793103448276156e+02 1.423018241060242981e-37
2.282952354169575739e-06 1.613793103448276156e+02 1.737521108703951667e-37
3.569174865606782901e-06 1.613793103448276156e+02 2.112293973372884141e-37
5.580059171192390368e-06 1.613793103448276156e+02 2.560836458038904624e-37
8.723881996942955131e-06 1.613793103448276156e+02 3.066151360617193326e-37
1.363894445591021312e-05 1.613793103448276156e+02 3.650550468264773144e-37
2.132316850876592016e-05 1.613793103448276156e+02 4.278208922780346310e-37
3.333670847645394986e-05 1.613793103448276156e+02 4.962466115676778257e-37
5.211871451408407345e-05 1.613793103448276156e+02 5.640740743515285765e-37
8.148256161879867084e-05 1.613793103448276156e+02 6.311955686391422383e-37
1.273900922127918576e-04 1.613793103448276156e+02 6.949532654351777405e-37
1.991620694241847593e-04 1.613793103448276156e+02 7.472181496734575250e-37
3.113706035400827066e-04 1.613793103448276156e+02 7.859613445225709986e-37
4.867977774544171641e-04 1.613793103448276156e+02 8.153385689687036201e-37
7.610611709658538296e-04 1.613793103448276156e+02 8.346336800593645862e-37
1.189845419962200354e-03 1.613793103448276156e+02 8.511972091695372088e-37
1.860208058714039403e-03 1.613793103448276156e+02 8.596120701172698943e-37
2.908255109150721662e-03 1.613793103448276156e+02 8.669918949405356977e-37
4.546775152532265760e-03 1.613793103448276156e+02 8.800406253058992887e-37
7.108442523710327247e-03 1.613793103448276156e+02 8.940514655628108054e-37
1.111336132044076462e-02 1.613793103448276156e+02 9.158503187667924522e-37
1.737466391923549874e-02 1.613793103448276156e+02 9.554559765141467617e-37
2.716360402600592402e-02 1.613793103448276156e+02 1.020328658188138377e-36
4.246766366886432775e-02 1.613793103448276156e+02 1.122122798121708149e-36
6.639407847961335818e-02 1.613793103448276156e+02 1.266164015878425871e-36
1.038007103835326822e-01 1.613793103448276156e+02 1.985771354760520277e-36
1.622823559398361148e-01 1.613793103448276156e+02 1.839919116656048168e-35
2.537127438923734712e-01 1.613793103448276156e+02 8.607691949611679818e-36
3.966552989732381462e-01 1.613793103448276156e+02 0.000000000000000000e+00
9.999999999999999547e-08 1.675862068965517437e+02 2.671985927867343193e-38
1.563403134142530628e-07 1.675862068965517437e+02 3.312613733155154159e-38
2.444229359846687273e-07 1.675862068965517437e+02 4.111575523025750642e-38
3.821315841747502258e-07 1.675862068965517437e+02 5.097299526533229540e-38
5.974257163536547787e-07 1.675862068965517437e+02 6.305086122238563236e-38
9.340172373646522676e-07 1.675862068965517437e+02 7.774962274461562996e-38
1.460245476239042244e-06 1.675862068965517437e+02 9.540578287515887686e-38
2.282952354169575739e-06 1.675862068965517437e+02 1.166296972017145816e-37
3.569174865606782901e-06 1.675862068965517437e+02 1.417525707408239585e-37
5.580059171192390368e-06 1.675862068965517437e+02 1.716745951140641106e-37
8.723881996942955131e-06 1.675862068965517437e+02 2.057005329257504217e-37
1.363894445591021312e-05 1.675862068965517437e+02 2.443284223188861987e-37
2.132316850876592016e-05 1.675862068965517437e+02 2.862214950843828886e-37
3.333670847645394986e-05 1.675862068965517437e+02 3.317368367236702465e-37
5.211871451408407345e-05 1.675862068965517437e+02 3.766181031691671981e-37
8.148256161879867084e-05 1.675862068965517437e+02 4.217586937292950909e-37
1.273900922127918576e-04 1.675862068965517437e+02 4.610528945722702589e-37
1.991620694241847593e-04 1.675862068965517437e+02 4.955329750084018267e-37
3.113706035400827066e-04 1.675862068965517437e+02 5.221677669800756043e-37
4.867977774544171641e-04 1.675862068965517437e+02 5.436723779969305028e-37
7.610611709658538296e-04 1.675862068965517437e+02 5.545579087901883156e-37
1.189845419962200354e-03 1.675862068965517437e+02 5.632502577162454107e-37
1.860208058714039403e-03 1.675862068965517437e+02 5.705372862687466278e-37
2.908255109150721662e-03 1.675862068965517437e+02 5.762277595131726877e-37
4.546775152532265760e-03 1.675862068965517437e+02 5.826850372900817697e-37
7.108442523710327247e-03 1.675862068965517437e+02 5.907863083443497956e-37
1.111336132044076462e-02 1.675862068965517437e+02 6.090101146211615383e-37
1.737466391923549874e-02 1.675862068965517437e+02 6.329004575731384545e-37
2.716360402600592402e-02 1.675862068965517437e+02 6.775532470605470189e-37
4.246766366886432775e-02 1.675862068965517437e+02 7.427613800049377949e-37
6.639407847961335818e-02 1.675862068965517437e+02 8.382454525585868250e-37
1.038007103835326822e-01 1.675862068965517437e+02 1.359749990523700072e-36
1.622823559398361148e-01 1.675862068965517437e+02 1.237607980246401681e-35
2.537127438923734712e-01 1.675862068965517437e+02 5.380849159934441534e-36
3.966552989732381462e-01 1.675862068965517437e+02 0.000000000000000000e+00
9.999999999999999547e-08 1.737931034482758719e+02 1.335430394800797985e-38
1.563403134142530628e-07 1.737931034482758719e+02 1.667265943991198170e-38
2.444229359846687273e-07 1.737931034482758719e+02 2.066774403347340163e-38
3.821315841747502258e-07 1.737931034482758719e+02 2.566743679612398249e-38
5.974257163536547787e-07 1.737931034482758719e+02 3.170099009050009104e-38
9.340172373646522676e-07 1.737931034482758719e+02 3.894863216679368695e-38
1.460245476239042244e-06 1.737931034482758719e+02 4.788906307233189719e-38
2.282952354169575739e-06 1.737931034482758719e+02 5.861316059573577179e-38
3.569174865606782901e-06 1.737931034482758719e+02 7.128749864588605666e-38
5.580059171192390368e-06 1.737931034482758719e+02 8.599892887146719504e-38
8.723881996942955131e-06 1.737931034482758719e+02 1.028983928146707664e-37
1.363894445591021312e-05 1.737931034482758719e+02 1.223875959443149154e-37
2.132316850876592016e-05 1.737931034482758719e+02 1.434656607873616198e-37
3.333670847645394986e-05 1.737931034482758719e+02 1.654297833075639449e-37
5.211871451408407345e-05 1.737931034482758719e+02 1.882415508536323143e-37
8.148256161879867084e-05 1.737931034482758719e+02 2.107444537554885188e-37
1.273900922127918576e-04 1.737931034482758719e+02 2.305379277435178447e-37
1.991620694241847593e-04 1.737931034482758719e+02 2.473542552332837943e-37
3.113706035400827066e-04 1.737931034482758719e+02 2.608472936391130213e-37
4.867977774544171641e-04 1.737931034482758719e+02 2.696204770491432301e-37
7.610611709658538296e-04 1.737931034482758719e+02 2.773068554828426499e-37
1.189845419962200354e-03 1.737931034482758719e+02 2.807946246227400355e-37
1.860208058714039403e-03 1.737931034482758719e+02 2.845184369486860467e-37
2.908255109150721662e-03 1.737931034482758719e+02 2.870569166167355020e-37
4.546775152532265760e-03 1.737931034482758719e+02 2.904409864254758130e-37
7.108442523710327247e-03 1.737931034482758719e+02 2.952807938786335303e-37
1.111336132044076462e-02 1.737931034482758719e+02 3.031900063317209990e-37
1.737466391923549874e-02 1.737931034482758719e+02 3.156964732852825954e-37
2.716360402600592402e-02 1.737931034482758719e+02 3.375370006828261568e-37
4.246766366886432775e-02 1.737931034482758719e+02 3.723790612432663757e-37
6.639407847961335818e-02 1.737931034482758719e+02 4.185232959796549757e-37
1.038007103835326822e-01 1.737931034482758719e+02 6.855148690128013871e-37
1.622823559398361148e-01 1.737931034482758719e+02 6.173808027661307871e-36
2.537127438923734712e-01 1.737931034482758719e+02 2.600494730834625554e-36
3.966552989732381462e-01 1.737931034482758719e+02 0.000000000000000000e+00
9.999999999999999547e-08 1.800000000000000000e+02 1.520138210826425898e-53
1.563403134142530628e-07 1.800000000000000000e+02 1.886769283931213969e-53
2.444229359846687273e-07 1.800000000000000000e+02 2.347222441096113812e-53
3.821315841747502258e-07 1.800000000000000000e+02 2.900889671579840595e-53
5.974257163536547787e-07 1.800000000000000000e+02 3.582466865508151004e-53
9.340172373646522676e-07 1.800000000000000000e+02 4.414313405548888608e-53
1.460245476239042244e-06 1.800000000000000000e+02 0.000000000000000000e+00
2.282952354169575739e-06 1.800000000000000000e+02 0.000000000000000000e+00
3.569174865606782901e-06 1.800000000000000000e+02 8.074290937294499228e-53
5.580059171192390368e-06 1.800000000000000000e+02 9.737301044107526349e-53
8.723881996942955131e-06 1.800000000000000000e+02 1.166508026616746700e-52
1.363894445591021312e-05 1.800000000000000000e+02 1.382674118823462295e-52
2.132316850876592016e-05 1.800000000000000000e+02 1.620847886671718682e-52
3.333670847645394986e-05 1.800000000000000000e+02 1.868672986830279307e-52
5.211871451408407345e-05 1.800000000000000000e+02 2.130448731476386331e-52
8.148256161879867084e-05 1.800000000000000000e+02 2.380607716564434469e-52
1.273900922127918576e-04 1.800000000000000000e+02 2.601068599843456640e-52
1.991620694241847593e-04 1.800000000000000000e+02 2.787278298341956248e-52
3.113706035400827066e-04 1.800000000000000000e+02 2.949894938629050828e-52
4.867977774544171641e-04 1.800000000000000000e+02 3.053792468349027514e-52
7.610611709658538296e-04 1.800000000000000000e+02 3.126505977643856063e-52
1.189845419962200354e-03 1.800000000000000000e+02 3.173198655074461836e-52
1.860208058714039403e-03 1.800000000000000000e+02 3.212687543524708094e-52
2.908255109150721662e-03 1.800000000000000000e+02 3.245139328988508005e-52
4.546775152532265760e-03 1.800000000000000000e+02 3.277199044893571763e-52
7.108442523710327247e-03 1.800000000000000000e+02 3.333745799700583110e-52
1.111336132044076462e-02 1.800000000000000000e+02 3.429990587740999366e-52
1.737466391923549874e-02 1.800000000000000000e+02 3.567671827292082775e-52
2.716360402600592402e-02 1.800000000000000000e+02 3.819794623556604045e-52
4.246766366886432775e-02 1.800000000000000000e+02 0.000000000000000000e+00
6.639407847961335818e-02 1.800000000000000000e+02 4.733162055542283593e-52
1.038007103835326822e-01 1.800000000000000000e+02 0.000000000000000000e+00
1.622823559398361148e-01 1.800000000000000000e+02 7.005374246360760275e-51
2.537127438923734712e-01 1.800000000000000000e+02 2.890719606029053818e-51
3.966552989732381462e-01 1.800000000000000000e+02 0.000000000000000000e+00
