# atom 56: Tchi 0.7880462815669912 [GeV]; m_chi = 0.1 [GeV]; mS = 0.2 [GeV]; gchi =0.01; gN = 0.01
# Tchi^prime [GeV], theta [degree] ,dsigma/dTchip dtheta [cm^2/GeV]
9.999999999999999547e-08 0.000000000000000000e+00 0.000000000000000000e+00
1.592885535214725096e-07 0.000000000000000000e+00 0.000000000000000000e+00
2.537284328296300856e-07 0.000000000000000000e+00 0.000000000000000000e+00
4.041603505270179570e-07 0.000000000000000000e+00 0.000000000000000000e+00
6.437811762617998739e-07 0.000000000000000000e+00 0.000000000000000000e+00
1.025469723510942276e-06 0.000000000000000000e+00 0.000000000000000000e+00
1.633455889381223358e-06 0.000000000000000000e+00 0.000000000000000000e+00
2.601908258606654861e-06 0.000000000000000000e+00 0.000000000000000000e+00
4.144542029090266371e-06 0.000000000000000000e+00 0.000000000000000000e+00
6.601781048227371505e-06 0.000000000000000000e+00 0.000000000000000000e+00
1.051588153837608446e-05 0.000000000000000000e+00 0.000000000000000000e+00
1.675059559251080012e-05 0.000000000000000000e+00 0.000000000000000000e+00
2.668178142554203833e-05 0.000000000000000000e+00 0.000000000000000000e+00
4.250102368650674752e-05 0.000000000000000000e+00 0.000000000000000000e+00
6.769926586205501733e-05 0.000000000000000000e+00 0.000000000000000000e+00
1.078371813363233488e-04 0.000000000000000000e+00 0.000000000000000000e+00
1.717722863089567891e-04 0.000000000000000000e+00 0.000000000000000000e+00
2.736135902122996313e-04 0.000000000000000000e+00 0.000000000000000000e+00
4.358351300873408870e-04 0.000000000000000000e+00 0.000000000000000000e+00
6.942354744545533056e-04 0.000000000000000000e+00 0.000000000000000000e+00
1.105837645291589616e-03 0.000000000000000000e+00 0.000000000000000000e+00
1.761472789480881531e-03 0.000000000000000000e+00 0.000000000000000000e+00
2.805824527038428690e-03 0.000000000000000000e+00 0.000000000000000000e+00
4.469357303470210090e-03 0.000000000000000000e+00 0.000000000000000000e+00
7.119174600403985892e-03 0.000000000000000000e+00 0.000000000000000000e+00
1.134003024365157902e-02 0.000000000000000000e+00 0.000000000000000000e+00
1.806337014401007690e-02 0.000000000000000000e+00 0.000000000000000000e+00
2.877288101962317823e-02 0.000000000000000000e+00 0.000000000000000000e+00
4.583190598261207421e-02 0.000000000000000000e+00 0.000000000000000000e+00
7.300498009102399100e-02 0.000000000000000000e+00 0.000000000000000000e+00
1.162885767856308566e-01 0.000000000000000000e+00 0.000000000000000000e+00
1.852343918725382621e-01 0.000000000000000000e+00 0.000000000000000000e+00
2.950571834380621983e-01 0.000000000000000000e+00 0.000000000000000000e+00
4.699923195596870107e-01 0.000000000000000000e+00 0.000000000000000000e+00
7.486439674886415929e-01 0.000000000000000000e+00 0.000000000000000000e+00
9.999999999999999547e-08 6.206896551724137900e+00 2.541580656758821139e-41
1.592885535214725096e-07 6.206896551724137900e+00 3.208458704209618539e-41
2.537284328296300856e-07 6.206896551724137900e+00 4.049236794873497462e-41
4.041603505270179570e-07 6.206896551724137900e+00 5.118673028262990038e-41
6.437811762617998739e-07 6.206896551724137900e+00 6.471774690982397917e-41
1.025469723510942276e-06 6.206896551724137900e+00 8.177842358446088188e-41
1.633455889381223358e-06 6.206896551724137900e+00 1.033556922063139341e-40
2.601908258606654861e-06 6.206896551724137900e+00 1.304224568085231534e-40
4.144542029090266371e-06 6.206896551724137900e+00 1.649467041637271986e-40
6.601781048227371505e-06 6.206896551724137900e+00 2.088627985716076487e-40
1.051588153837608446e-05 6.206896551724137900e+00 2.633186380716081563e-40
1.675059559251080012e-05 6.206896551724137900e+00 3.341233343975893088e-40
2.668178142554203833e-05 6.206896551724137900e+00 4.223068997735399026e-40
4.250102368650674752e-05 6.206896551724137900e+00 5.369963610372308712e-40
6.769926586205501733e-05 6.206896551724137900e+00 6.843623352623970957e-40
1.078371813363233488e-04 6.206896551724137900e+00 8.677852546695717735e-40
1.717722863089567891e-04 6.206896551724137900e+00 1.109375995636706020e-39
2.736135902122996313e-04 6.206896551724137900e+00 1.415652418466655109e-39
4.358351300873408870e-04 6.206896551724137900e+00 1.818167075027628392e-39
6.942354744545533056e-04 6.206896551724137900e+00 2.346549131586282301e-39
1.105837645291589616e-03 6.206896551724137900e+00 3.055449486877629890e-39
1.761472789480881531e-03 6.206896551724137900e+00 3.986066622145404954e-39
2.805824527038428690e-03 6.206896551724137900e+00 5.272444963060116736e-39
4.469357303470210090e-03 6.206896551724137900e+00 7.084563049715484189e-39
7.119174600403985892e-03 6.206896551724137900e+00 9.697658108642281524e-39
1.134003024365157902e-02 6.206896551724137900e+00 1.359403109555167771e-38
1.806337014401007690e-02 6.206896551724137900e+00 1.977624622950037997e-38
2.877288101962317823e-02 6.206896551724137900e+00 3.002690450198841945e-38
4.583190598261207421e-02 6.206896551724137900e+00 4.848510900656656548e-38
7.300498009102399100e-02 6.206896551724137900e+00 8.529616930183169691e-38
1.162885767856308566e-01 6.206896551724137900e+00 1.684040418399226979e-37
1.852343918725382621e-01 6.206896551724137900e+00 3.877350716014053845e-37
2.950571834380621983e-01 6.206896551724137900e+00 1.112168462249438377e-36
4.699923195596870107e-01 6.206896551724137900e+00 0.000000000000000000e+00
7.486439674886415929e-01 6.206896551724137900e+00 0.000000000000000000e+00
9.999999999999999547e-08 1.241379310344827580e+01 5.067544816606647574e-41
1.592885535214725096e-07 1.241379310344827580e+01 6.393354840419353864e-41
2.537284328296300856e-07 1.241379310344827580e+01 8.060551224929022103e-41
4.041603505270179570e-07 1.241379310344827580e+01 1.018429811121520971e-40
6.437811762617998739e-07 1.241379310344827580e+01 1.286048471711341788e-40
1.025469723510942276e-06 1.241379310344827580e+01 1.627689780653853684e-40
1.633455889381223358e-06 1.241379310344827580e+01 2.049429126514912013e-40
2.601908258606654861e-06 1.241379310344827580e+01 2.594265439041287984e-40
4.144542029090266371e-06 1.241379310344827580e+01 3.278686258779694947e-40
6.601781048227371505e-06 1.241379310344827580e+01 4.145470682519309729e-40
1.051588153837608446e-05 1.241379310344827580e+01 5.247871556111625936e-40
1.675059559251080012e-05 1.241379310344827580e+01 6.633819909629075007e-40
2.668178142554203833e-05 1.241379310344827580e+01 8.398146761388658455e-40
4.250102368650674752e-05 1.241379310344827580e+01 1.068351045190216171e-39
6.769926586205501733e-05 1.241379310344827580e+01 1.354592207682321346e-39
1.078371813363233488e-04 1.241379310344827580e+01 1.727795907175666413e-39
1.717722863089567891e-04 1.241379310344827580e+01 2.198798714340892432e-39
2.736135902122996313e-04 1.241379310344827580e+01 2.812328690148880904e-39
4.358351300873408870e-04 1.241379310344827580e+01 3.609870352826722407e-39
6.942354744545533056e-04 1.241379310344827580e+01 4.665782610224639755e-39
1.105837645291589616e-03 1.241379310344827580e+01 6.040891055346532193e-39
1.761472789480881531e-03 1.241379310344827580e+01 7.891902107865398351e-39
2.805824527038428690e-03 1.241379310344827580e+01 1.045233378249738112e-38
4.469357303470210090e-03 1.241379310344827580e+01 1.397490090523032844e-38
7.119174600403985892e-03 1.241379310344827580e+01 1.910784850389126932e-38
1.134003024365157902e-02 1.241379310344827580e+01 2.671385742160116727e-38
1.806337014401007690e-02 1.241379310344827580e+01 3.878944227862506021e-38
2.877288101962317823e-02 1.241379310344827580e+01 5.846438898231581736e-38
4.583190598261207421e-02 1.241379310344827580e+01 9.337845564338682490e-38
7.300498009102399100e-02 1.241379310344827580e+01 1.610331102700638307e-37
1.162885767856308566e-01 1.241379310344827580e+01 3.081682048696221021e-37
1.852343918725382621e-01 1.241379310344827580e+01 6.765121179332830466e-37
2.950571834380621983e-01 1.241379310344827580e+01 1.801387127118273765e-36
4.699923195596870107e-01 1.241379310344827580e+01 6.888969671810922190e-36
7.486439674886415929e-01 1.241379310344827580e+01 0.000000000000000000e+00
9.999999999999999547e-08 1.862068965517241281e+01 7.507778883610457833e-41
1.592885535214725096e-07 1.862068965517241281e+01 9.493520326461032244e-41
2.537284328296300856e-07 1.862068965517241281e+01 1.198351901074641629e-40
4.041603505270179570e-07 1.862068965517241281e+01 1.514306508464196813e-40
6.437811762617998739e-07 1.862068965517241281e+01 1.904192926597484134e-40
1.025469723510942276e-06 1.862068965517241281e+01 2.411185729057990777e-40
1.633455889381223358e-06 1.862068965517241281e+01 3.051602288880353579e-40
2.601908258606654861e-06 1.862068965517241281e+01 3.852011483683234683e-40
4.144542029090266371e-06 1.862068965517241281e+01 4.867726343967836274e-40
6.601781048227371505e-06 1.862068965517241281e+01 6.163870547844707377e-40
1.051588153837608446e-05 1.862068965517241281e+01 7.786782317248365009e-40
1.675059559251080012e-05 1.862068965517241281e+01 9.871001268532465015e-40
2.668178142554203833e-05 1.862068965517241281e+01 1.248718695840608217e-39
4.250102368650674752e-05 1.862068965517241281e+01 1.582021511084454901e-39
6.769926586205501733e-05 1.862068965517241281e+01 2.012273854902431552e-39
1.078371813363233488e-04 1.862068965517241281e+01 2.551988990786548499e-39
1.717722863089567891e-04 1.862068965517241281e+01 3.262361721046237651e-39
2.736135902122996313e-04 1.862068965517241281e+01 4.169206182581063706e-39
4.358351300873408870e-04 1.862068965517241281e+01 5.359429482568304064e-39
6.942354744545533056e-04 1.862068965517241281e+01 6.904687959682517331e-39
1.105837645291589616e-03 1.862068965517241281e+01 8.930103635051226810e-39
1.761472789480881531e-03 1.862068965517241281e+01 1.167742172648739756e-38
2.805824527038428690e-03 1.862068965517241281e+01 1.543384508917969020e-38
4.469357303470210090e-03 1.862068965517241281e+01 2.058714786868917481e-38
7.119174600403985892e-03 1.862068965517241281e+01 2.810427234075603490e-38
1.134003024365157902e-02 1.862068965517241281e+01 3.905433222686484873e-38
1.806337014401007690e-02 1.862068965517241281e+01 5.599594833347949856e-38
2.877288101962317823e-02 1.862068965517241281e+01 8.376500644913091636e-38
4.583190598261207421e-02 1.862068965517241281e+01 1.315584116595538576e-37
7.300498009102399100e-02 1.862068965517241281e+01 2.211550890115965182e-37
1.162885767856308566e-01 1.862068965517241281e+01 4.040627538775503721e-37
1.852343918725382621e-01 1.862068965517241281e+01 8.347450995870312593e-37
2.950571834380621983e-01 1.862068965517241281e+01 2.053486609993499951e-36
4.699923195596870107e-01 1.862068965517241281e+01 7.147696284264147520e-36
7.486439674886415929e-01 1.862068965517241281e+01 0.000000000000000000e+00
9.999999999999999547e-08 2.482758620689655160e+01 9.872454925689541909e-41
1.592885535214725096e-07 2.482758620689655160e+01 1.248418873197731424e-40
2.537284328296300856e-07 2.482758620689655160e+01 1.574625824101371434e-40
4.041603505270179570e-07 2.482758620689655160e+01 1.986282218438036438e-40
6.437811762617998739e-07 2.482758620689655160e+01 2.514660637567612592e-40
1.025469723510942276e-06 2.482758620689655160e+01 3.172032821077100571e-40
1.633455889381223358e-06 2.482758620689655160e+01 4.002791551273427291e-40
2.601908258606654861e-06 2.482758620689655160e+01 5.057796561683395868e-40
4.144542029090266371e-06 2.482758620689655160e+01 6.406562132455872745e-40
6.601781048227371505e-06 2.482758620689655160e+01 8.094507031543828537e-40
1.051588153837608446e-05 2.482758620689655160e+01 1.024570594261042996e-39
1.675059559251080012e-05 2.482758620689655160e+01 1.295405167680198664e-39
2.668178142554203833e-05 2.482758620689655160e+01 1.638444627073669691e-39
4.250102368650674752e-05 2.482758620689655160e+01 2.079564834464510728e-39
6.769926586205501733e-05 2.482758620689655160e+01 2.640801540482039751e-39
1.078371813363233488e-04 2.482758620689655160e+01 3.360806771938707803e-39
1.717722863089567891e-04 2.482758620689655160e+01 4.289198300207073347e-39
2.736135902122996313e-04 2.482758620689655160e+01 5.458949574030983728e-39
4.358351300873408870e-04 2.482758620689655160e+01 7.015590908174957558e-39
6.942354744545533056e-04 2.482758620689655160e+01 9.037781561617689042e-39
1.105837645291589616e-03 2.482758620689655160e+01 1.169273618796091114e-38
1.761472789480881531e-03 2.482758620689655160e+01 1.523731102421585524e-38
2.805824527038428690e-03 2.482758620689655160e+01 2.005544652194392964e-38
4.469357303470210090e-03 2.482758620689655160e+01 2.680172120877839307e-38
7.119174600403985892e-03 2.482758620689655160e+01 3.624480527353038492e-38
1.134003024365157902e-02 2.482758620689655160e+01 5.012711129374106552e-38
1.806337014401007690e-02 2.482758620689655160e+01 7.132106155632078083e-38
2.877288101962317823e-02 2.482758620689655160e+01 1.048954115378496800e-37
4.583190598261207421e-02 2.482758620689655160e+01 1.611736998563443891e-37
7.300498009102399100e-02 2.482758620689655160e+01 2.633483001137797145e-37
1.162885767856308566e-01 2.482758620689655160e+01 4.588587812781428635e-37
1.852343918725382621e-01 2.482758620689655160e+01 8.904706360056491320e-37
2.950571834380621983e-01 2.482758620689655160e+01 2.044939515200081891e-36
4.699923195596870107e-01 2.482758620689655160e+01 6.510242728883638364e-36
7.486439674886415929e-01 2.482758620689655160e+01 4.488753070129186552e-35
9.999999999999999547e-08 3.103448275862069039e+01 1.213617837549179318e-40
1.592885535214725096e-07 3.103448275862069039e+01 1.528043223944378712e-40
2.537284328296300856e-07 3.103448275862069039e+01 1.931818794685084943e-40
4.041603505270179570e-07 3.103448275862069039e+01 2.441575227859405198e-40
6.437811762617998739e-07 3.103448275862069039e+01 3.080377182704312368e-40
1.025469723510942276e-06 3.103448275862069039e+01 3.896729586731360254e-40
1.633455889381223358e-06 3.103448275862069039e+01 4.918973915782432908e-40
2.601908258606654861e-06 3.103448275862069039e+01 6.205588099308061709e-40
4.144542029090266371e-06 3.103448275862069039e+01 7.858578429617435947e-40
6.601781048227371505e-06 3.103448275862069039e+01 9.910202409818123287e-40
1.051588153837608446e-05 3.103448275862069039e+01 1.258783610464957403e-39
1.675059559251080012e-05 3.103448275862069039e+01 1.591636582662633143e-39
2.668178142554203833e-05 3.103448275862069039e+01 2.015311521478526265e-39
4.250102368650674752e-05 3.103448275862069039e+01 2.553525072291640790e-39
6.769926586205501733e-05 3.103448275862069039e+01 3.234319561593364720e-39
1.078371813363233488e-04 3.103448275862069039e+01 4.115384785091613491e-39
1.717722863089567891e-04 3.103448275862069039e+01 5.246788278981774712e-39
2.736135902122996313e-04 3.103448275862069039e+01 6.691493851742701991e-39
4.358351300873408870e-04 3.103448275862069039e+01 8.572439038699606622e-39
6.942354744545533056e-04 3.103448275862069039e+01 1.104531672866821740e-38
1.105837645291589616e-03 3.103448275862069039e+01 1.421211531594016626e-38
1.761472789480881531e-03 3.103448275862069039e+01 1.857200670064103046e-38
2.805824527038428690e-03 3.103448275862069039e+01 2.437324010447415655e-38
4.469357303470210090e-03 3.103448275862069039e+01 3.236268060469167789e-38
7.119174600403985892e-03 3.103448275862069039e+01 4.357295296142921597e-38
1.134003024365157902e-02 3.103448275862069039e+01 5.973622294679813953e-38
1.806337014401007690e-02 3.103448275862069039e+01 8.379210835622133227e-38
2.877288101962317823e-02 3.103448275862069039e+01 1.215171624215191667e-37
4.583190598261207421e-02 3.103448275862069039e+01 1.827714677336367050e-37
7.300498009102399100e-02 3.103448275862069039e+01 2.874905926220203858e-37
1.162885767856308566e-01 3.103448275862069039e+01 4.808951843948521728e-37
1.852343918725382621e-01 3.103448275862069039e+01 8.828256597185951963e-37
2.950571834380621983e-01 3.103448275862069039e+01 1.938214928246831247e-36
4.699923195596870107e-01 3.103448275862069039e+01 5.939248070878047421e-36
7.486439674886415929e-01 3.103448275862069039e+01 2.417475635262088114e-36
9.999999999999999547e-08 3.724137931034482563e+01 1.425899927043358485e-40
1.592885535214725096e-07 3.724137931034482563e+01 1.795182592546393614e-40
2.537284328296300856e-07 3.724137931034482563e+01 2.269918348690997980e-40
4.041603505270179570e-07 3.724137931034482563e+01 2.866272742918764133e-40
6.437811762617998739e-07 3.724137931034482563e+01 3.613314039535515798e-40
1.025469723510942276e-06 3.724137931034482563e+01 4.570036927138988406e-40
1.633455889381223358e-06 3.724137931034482563e+01 5.772411952085765323e-40
2.601908258606654861e-06 3.724137931034482563e+01 7.304665495332252506e-40
4.144542029090266371e-06 3.724137931034482563e+01 9.227219107941019705e-40
6.601781048227371505e-06 3.724137931034482563e+01 1.163589361259892597e-39
1.051588153837608446e-05 3.724137931034482563e+01 1.472042921086723316e-39
1.675059559251080012e-05 3.724137931034482563e+01 1.865740376409454474e-39
2.668178142554203833e-05 3.724137931034482563e+01 2.360820679346217985e-39
4.250102368650674752e-05 3.724137931034482563e+01 2.997150375851045467e-39
6.769926586205501733e-05 3.724137931034482563e+01 3.789466962420937798e-39
1.078371813363233488e-04 3.724137931034482563e+01 4.820262278939190647e-39
1.717722863089567891e-04 3.724137931034482563e+01 6.133978972675334474e-39
2.736135902122996313e-04 3.724137931034482563e+01 7.817495089870883475e-39
4.358351300873408870e-04 3.724137931034482563e+01 1.000677685399157469e-38
6.942354744545533056e-04 3.724137931034482563e+01 1.286219572109552504e-38
1.105837645291589616e-03 3.724137931034482563e+01 1.660534599923677162e-38
1.761472789480881531e-03 3.724137931034482563e+01 2.150001723451907901e-38
2.805824527038428690e-03 3.724137931034482563e+01 2.815960042127749079e-38
4.469357303470210090e-03 3.724137931034482563e+01 3.717948881824979854e-38
7.119174600403985892e-03 3.724137931034482563e+01 4.984694109944122714e-38
1.134003024365157902e-02 3.724137931034482563e+01 6.765414256696214576e-38
1.806337014401007690e-02 3.724137931034482563e+01 9.388091054035536152e-38
2.877288101962317823e-02 3.724137931034482563e+01 1.338124226168755220e-37
4.583190598261207421e-02 3.724137931034482563e+01 1.968482263292677263e-37
7.300498009102399100e-02 3.724137931034482563e+01 2.986771431009199998e-37
1.162885767856308566e-01 3.724137931034482563e+01 4.810388666387183332e-37
1.852343918725382621e-01 3.724137931034482563e+01 8.446210612434927892e-37
2.950571834380621983e-01 3.724137931034482563e+01 1.785395734883082905e-36
4.699923195596870107e-01 3.724137931034482563e+01 9.443035085889028429e-36
7.486439674886415929e-01 3.724137931034482563e+01 0.000000000000000000e+00
9.999999999999999547e-08 4.344827586206896797e+01 1.618347336069033811e-40
1.592885535214725096e-07 4.344827586206896797e+01 2.043449399520141463e-40
2.537284328296300856e-07 4.344827586206896797e+01 2.576684785062676171e-40
4.041603505270179570e-07 4.344827586206896797e+01 3.262343604913554036e-40
6.437811762617998739e-07 4.344827586206896797e+01 4.115765503023307825e-40
1.025469723510942276e-06 4.344827586206896797e+01 5.203673570496124108e-40
1.633455889381223358e-06 4.344827586206896797e+01 6.555893450510678912e-40
2.601908258606654861e-06 4.344827586206896797e+01 8.279183908853811018e-40
4.144542029090266371e-06 4.344827586206896797e+01 1.047316086913755990e-39
6.601781048227371505e-06 4.344827586206896797e+01 1.325052687289492954e-39
1.051588153837608446e-05 4.344827586206896797e+01 1.667679125314973332e-39
1.675059559251080012e-05 4.344827586206896797e+01 2.116934101504077687e-39
2.668178142554203833e-05 4.344827586206896797e+01 2.678988447786688013e-39
4.250102368650674752e-05 4.344827586206896797e+01 3.398857281960935004e-39
6.769926586205501733e-05 4.344827586206896797e+01 4.299238886669388903e-39
1.078371813363233488e-04 4.344827586206896797e+01 5.459653088931225353e-39
1.717722863089567891e-04 4.344827586206896797e+01 6.938221510680510886e-39
2.736135902122996313e-04 4.344827586206896797e+01 8.857982477356509413e-39
4.358351300873408870e-04 4.344827586206896797e+01 1.131647539246165900e-38
6.942354744545533056e-04 4.344827586206896797e+01 1.447359470744267719e-38
1.105837645291589616e-03 4.344827586206896797e+01 1.868269338927335211e-38
1.761472789480881531e-03 4.344827586206896797e+01 2.413678300194322035e-38
2.805824527038428690e-03 4.344827586206896797e+01 3.150272442096141690e-38
4.469357303470210090e-03 4.344827586206896797e+01 4.139582515144558021e-38
7.119174600403985892e-03 4.344827586206896797e+01 5.496428991578679162e-38
1.134003024365157902e-02 4.344827586206896797e+01 7.395825440610539038e-38
1.806337014401007690e-02 4.344827586206896797e+01 1.016893773119640904e-37
2.877288101962317823e-02 4.344827586206896797e+01 1.421020089758478603e-37
4.583190598261207421e-02 4.344827586206896797e+01 2.032071850598531768e-37
7.300498009102399100e-02 4.344827586206896797e+01 3.003471288914472139e-37
1.162885767856308566e-01 4.344827586206896797e+01 4.662260426916787400e-37
1.852343918725382621e-01 4.344827586206896797e+01 7.940976064435065867e-37
2.950571834380621983e-01 4.344827586206896797e+01 1.606275457330822114e-36
4.699923195596870107e-01 4.344827586206896797e+01 2.103876100323393206e-35
7.486439674886415929e-01 4.344827586206896797e+01 0.000000000000000000e+00
9.999999999999999547e-08 4.965517241379310320e+01 1.791497810400040467e-40
1.592885535214725096e-07 4.965517241379310320e+01 2.261777655024170203e-40
2.537284328296300856e-07 4.965517241379310320e+01 2.858023816684550691e-40
4.041603505270179570e-07 4.965517241379310320e+01 3.609768981825266035e-40
6.437811762617998739e-07 4.965517241379310320e+01 4.552463129635047191e-40
1.025469723510942276e-06 4.965517241379310320e+01 5.765318117959635482e-40
1.633455889381223358e-06 4.965517241379310320e+01 7.262972827973627577e-40
2.601908258606654861e-06 4.965517241379310320e+01 9.170857436825538314e-40
4.144542029090266371e-06 4.965517241379310320e+01 1.158660096869655250e-39
6.601781048227371505e-06 4.965517241379310320e+01 1.460625197073431232e-39
1.051588153837608446e-05 4.965517241379310320e+01 1.849183653391363852e-39
1.675059559251080012e-05 4.965517241379310320e+01 2.345753350331490563e-39
2.668178142554203833e-05 4.965517241379310320e+01 2.963823087945906590e-39
4.250102368650674752e-05 4.965517241379310320e+01 3.754546176502841436e-39
6.769926586205501733e-05 4.965517241379310320e+01 4.761800526919206550e-39
1.078371813363233488e-04 4.965517241379310320e+01 6.044089258580285625e-39
1.717722863089567891e-04 4.965517241379310320e+01 7.662315748598228328e-39
2.736135902122996313e-04 4.965517241379310320e+01 9.760105506791190652e-39
4.358351300873408870e-04 4.965517241379310320e+01 1.245781750046350845e-38
6.942354744545533056e-04 4.965517241379310320e+01 1.592170029925082399e-38
1.105837645291589616e-03 4.965517241379310320e+01 2.040742307900395699e-38
1.761472789480881531e-03 4.965517241379310320e+01 2.638267930454958971e-38
2.805824527038428690e-03 4.965517241379310320e+01 3.420593456305147248e-38
4.469357303470210090e-03 4.965517241379310320e+01 4.476076940354734375e-38
7.119174600403985892e-03 4.965517241379310320e+01 5.926576634040731841e-38
1.134003024365157902e-02 4.965517241379310320e+01 7.883963439736006473e-38
1.806337014401007690e-02 4.965517241379310320e+01 1.067592944367129580e-37
2.877288101962317823e-02 4.965517241379310320e+01 1.462491135414329663e-37
4.583190598261207421e-02 4.965517241379310320e+01 2.047404615056253433e-37
7.300498009102399100e-02 4.965517241379310320e+01 2.952448491820070097e-37
1.162885767856308566e-01 4.965517241379310320e+01 4.455640931981928979e-37
1.852343918725382621e-01 4.965517241379310320e+01 7.413911840518906842e-37
2.950571834380621983e-01 4.965517241379310320e+01 1.423124283262520244e-36
4.699923195596870107e-01 4.965517241379310320e+01 3.157867414617814666e-35
7.486439674886415929e-01 4.965517241379310320e+01 0.000000000000000000e+00
9.999999999999999547e-08 5.586206896551724554e+01 1.943065521898973170e-40
1.592885535214725096e-07 5.586206896551724554e+01 2.453816968170657597e-40
2.537284328296300856e-07 5.586206896551724554e+01 3.101703241085257724e-40
4.041603505270179570e-07 5.586206896551724554e+01 3.919065009976462328e-40
6.437811762617998739e-07 5.586206896551724554e+01 4.944845023935112912e-40
1.025469723510942276e-06 5.586206896551724554e+01 6.244006081565385634e-40
1.633455889381223358e-06 5.586206896551724554e+01 7.877184944330269191e-40
2.601908258606654861e-06 5.586206896551724554e+01 9.984713980340647458e-40
4.144542029090266371e-06 5.586206896551724554e+01 1.254582096308202692e-39
6.601781048227371505e-06 5.586206896551724554e+01 1.591793837372859468e-39
1.051588153837608446e-05 5.586206896551724554e+01 2.005236195090946771e-39
1.675059559251080012e-05 5.586206896551724554e+01 2.545191756458393553e-39
2.668178142554203833e-05 5.586206896551724554e+01 3.218077543065655193e-39
4.250102368650674752e-05 5.586206896551724554e+01 4.059156541242468201e-39
6.769926586205501733e-05 5.586206896551724554e+01 5.148531988819724405e-39
1.078371813363233488e-04 5.586206896551724554e+01 6.530276965254882199e-39
1.717722863089567891e-04 5.586206896551724554e+01 8.292508367368681149e-39
2.736135902122996313e-04 5.586206896551724554e+01 1.053836376274430021e-38
4.358351300873408870e-04 5.586206896551724554e+01 1.342360603839554997e-38
6.942354744545533056e-04 5.586206896551724554e+01 1.711009559704336553e-38
1.105837645291589616e-03 5.586206896551724554e+01 2.192956938358245023e-38
1.761472789480881531e-03 5.586206896551724554e+01 2.828002586390880373e-38
2.805824527038428690e-03 5.586206896551724554e+01 3.647995868514386816e-38
4.469357303470210090e-03 5.586206896551724554e+01 4.740041568928558720e-38
7.119174600403985892e-03 5.586206896551724554e+01 6.225006634138900079e-38
1.134003024365157902e-02 5.586206896551724554e+01 8.198429339858526034e-38
1.806337014401007690e-02 5.586206896551724554e+01 1.092708600010895769e-37
2.877288101962317823e-02 5.586206896551724554e+01 1.480624986674832633e-37
4.583190598261207421e-02 5.586206896551724554e+01 2.031408652696131827e-37
7.300498009102399100e-02 5.586206896551724554e+01 2.851297714655320926e-37
1.162885767856308566e-01 5.586206896551724554e+01 4.210113529702188420e-37
1.852343918725382621e-01 5.586206896551724554e+01 6.873156496181708410e-37
2.950571834380621983e-01 5.586206896551724554e+01 1.280961077841172963e-36
4.699923195596870107e-01 5.586206896551724554e+01 2.776481451890872671e-35
7.486439674886415929e-01 5.586206896551724554e+01 0.000000000000000000e+00
9.999999999999999547e-08 6.206896551724138078e+01 2.080883313395527940e-40
1.592885535214725096e-07 6.206896551724138078e+01 2.621874970622365270e-40
2.537284328296300856e-07 6.206896551724138078e+01 3.311224501641894727e-40
4.041603505270179570e-07 6.206896551724138078e+01 4.172459305241370540e-40
6.437811762617998739e-07 6.206896551724138078e+01 5.273771964850509199e-40
1.025469723510942276e-06 6.206896551724138078e+01 6.674351810990111841e-40
1.633455889381223358e-06 6.206896551724138078e+01 8.432284580253999455e-40
2.601908258606654861e-06 6.206896551724138078e+01 1.061887369341501515e-39
4.144542029090266371e-06 6.206896551724138078e+01 1.341566792687694387e-39
6.601781048227371505e-06 6.206896551724138078e+01 1.699973892899493232e-39
1.051588153837608446e-05 6.206896551724138078e+01 2.143335353327358654e-39
1.675059559251080012e-05 6.206896551724138078e+01 2.704081459073919388e-39
2.668178142554203833e-05 6.206896551724138078e+01 3.430235592312280543e-39
4.250102368650674752e-05 6.206896551724138078e+01 4.336175028098284289e-39
6.769926586205501733e-05 6.206896551724138078e+01 5.483171706573367066e-39
1.078371813363233488e-04 6.206896551724138078e+01 6.963076927924165618e-39
1.717722863089567891e-04 6.206896551724138078e+01 8.806650024624119862e-39
2.736135902122996313e-04 6.206896551724138078e+01 1.118080615837179697e-38
4.358351300873408870e-04 6.206896551724138078e+01 1.421657102958892627e-38
6.942354744545533056e-04 6.206896551724138078e+01 1.815610700958811092e-38
1.105837645291589616e-03 6.206896551724138078e+01 2.313436061210434250e-38
1.761472789480881531e-03 6.206896551724138078e+01 2.964413142966574694e-38
2.805824527038428690e-03 6.206896551724138078e+01 3.806211254711425315e-38
4.469357303470210090e-03 6.206896551724138078e+01 4.927662328873990258e-38
7.119174600403985892e-03 6.206896551724138078e+01 6.413331819560365593e-38
1.134003024365157902e-02 6.206896551724138078e+01 8.382673858239229396e-38
1.806337014401007690e-02 6.206896551724138078e+01 1.104704926741863035e-37
2.877288101962317823e-02 6.206896551724138078e+01 1.468618458155068327e-37
4.583190598261207421e-02 6.206896551724138078e+01 1.982437992751754586e-37
7.300498009102399100e-02 6.206896551724138078e+01 2.727674974508520651e-37
1.162885767856308566e-01 6.206896551724138078e+01 3.956062913932616600e-37
1.852343918725382621e-01 6.206896551724138078e+01 6.314606061789350360e-37
2.950571834380621983e-01 6.206896551724138078e+01 1.552966178937081482e-36
4.699923195596870107e-01 6.206896551724138078e+01 1.927551740714239428e-35
7.486439674886415929e-01 6.206896551724138078e+01 0.000000000000000000e+00
9.999999999999999547e-08 6.827586206896552312e+01 2.187604060041281926e-40
1.592885535214725096e-07 6.827586206896552312e+01 2.754201163206863492e-40
2.537284328296300856e-07 6.827586206896552312e+01 3.483705557548819634e-40
4.041603505270179570e-07 6.827586206896552312e+01 4.394635855881025126e-40
6.437811762617998739e-07 6.827586206896552312e+01 5.542168041299989488e-40
1.025469723510942276e-06 6.827586206896552312e+01 7.003860383777551045e-40
1.633455889381223358e-06 6.827586206896552312e+01 8.849226581487536204e-40
2.601908258606654861e-06 6.827586206896552312e+01 1.116587765946353811e-39
4.144542029090266371e-06 6.827586206896552312e+01 1.410402713609077293e-39
6.601781048227371505e-06 6.827586206896552312e+01 1.784476940902043538e-39
1.051588153837608446e-05 6.827586206896552312e+01 2.244386779875799830e-39
1.675059559251080012e-05 6.827586206896552312e+01 2.844575148293983989e-39
2.668178142554203833e-05 6.827586206896552312e+01 3.593556095427556556e-39
4.250102368650674752e-05 6.827586206896552312e+01 4.544246673762821806e-39
6.769926586205501733e-05 6.827586206896552312e+01 5.733670559113382833e-39
1.078371813363233488e-04 6.827586206896552312e+01 7.253368562698986371e-39
1.717722863089567891e-04 6.827586206896552312e+01 9.244491635506499217e-39
2.736135902122996313e-04 6.827586206896552312e+01 1.168364630445280568e-38
4.358351300873408870e-04 6.827586206896552312e+01 1.487801493849113364e-38
6.942354744545533056e-04 6.827586206896552312e+01 1.891879851440929032e-38
1.105837645291589616e-03 6.827586206896552312e+01 2.403896511019814384e-38
1.761472789480881531e-03 6.827586206896552312e+01 3.071578925886449256e-38
2.805824527038428690e-03 6.827586206896552312e+01 3.925120663827107092e-38
4.469357303470210090e-03 6.827586206896552312e+01 5.047581906357974957e-38
7.119174600403985892e-03 6.827586206896552312e+01 6.506646657876281946e-38
1.134003024365157902e-02 6.827586206896552312e+01 8.441336969843294140e-38
1.806337014401007690e-02 6.827586206896552312e+01 1.098832444678342587e-37
2.877288101962317823e-02 6.827586206896552312e+01 1.438559078734926303e-37
4.583190598261207421e-02 6.827586206896552312e+01 1.907034826428645418e-37
7.300498009102399100e-02 6.827586206896552312e+01 2.589171490989255116e-37
1.162885767856308566e-01 6.827586206896552312e+01 3.707471563142585851e-37
1.852343918725382621e-01 6.827586206896552312e+01 5.712446491535976300e-37
2.950571834380621983e-01 6.827586206896552312e+01 2.613758596529518237e-36
4.699923195596870107e-01 6.827586206896552312e+01 1.155479778611610236e-35
7.486439674886415929e-01 6.827586206896552312e+01 0.000000000000000000e+00
9.999999999999999547e-08 7.448275862068965125e+01 2.268372090123642794e-40
1.592885535214725096e-07 7.448275862068965125e+01 2.860694041057682721e-40
2.537284328296300856e-07 7.448275862068965125e+01 3.613798889931866820e-40
4.041603505270179570e-07 7.448275862068965125e+01 4.557629190542433594e-40
6.437811762617998739e-07 7.448275862068965125e+01 5.753045379073008333e-40
1.025469723510942276e-06 7.448275862068965125e+01 7.263406219882823431e-40
1.633455889381223358e-06 7.448275862068965125e+01 9.176156575515176220e-40
2.601908258606654861e-06 7.448275862068965125e+01 1.159277824839361358e-39
4.144542029090266371e-06 7.448275862068965125e+01 1.458847584792501178e-39
6.601781048227371505e-06 7.448275862068965125e+01 1.845298576653552951e-39
1.051588153837608446e-05 7.448275862068965125e+01 2.328919976563291427e-39
1.675059559251080012e-05 7.448275862068965125e+01 2.934379895311712060e-39
2.668178142554203833e-05 7.448275862068965125e+01 3.714439457372125376e-39
4.250102368650674752e-05 7.448275862068965125e+01 4.703716188643592763e-39
6.769926586205501733e-05 7.448275862068965125e+01 5.951178054243138110e-39
1.078371813363233488e-04 7.448275862068965125e+01 7.505310309629327485e-39
1.717722863089567891e-04 7.448275862068965125e+01 9.511419811248053328e-39
2.736135902122996313e-04 7.448275862068965125e+01 1.206529955130336728e-38
4.358351300873408870e-04 7.448275862068965125e+01 1.526888920668804749e-38
6.942354744545533056e-04 7.448275862068965125e+01 1.936341224982473037e-38
1.105837645291589616e-03 7.448275862068965125e+01 2.456029749662740555e-38
1.761472789480881531e-03 7.448275862068965125e+01 3.125828097717223423e-38
2.805824527038428690e-03 7.448275862068965125e+01 3.996165443938376790e-38
4.469357303470210090e-03 7.448275862068965125e+01 5.088476034821214876e-38
7.119174600403985892e-03 7.448275862068965125e+01 6.517435700135772690e-38
1.134003024365157902e-02 7.448275862068965125e+01 8.342253792307317637e-38
1.806337014401007690e-02 7.448275862068965125e+01 1.078861755607787717e-37
2.877288101962317823e-02 7.448275862068965125e+01 1.395288245558401308e-37
4.583190598261207421e-02 7.448275862068965125e+01 1.821694380410305202e-37
7.300498009102399100e-02 7.448275862068965125e+01 2.436773679008383947e-37
1.162885767856308566e-01 7.448275862068965125e+01 3.455359166384910586e-37
1.852343918725382621e-01 7.448275862068965125e+01 5.135797252725081432e-37
2.950571834380621983e-01 7.448275862068965125e+01 4.426080151542589634e-36
4.699923195596870107e-01 7.448275862068965125e+01 6.075515619847751834e-36
7.486439674886415929e-01 7.448275862068965125e+01 0.000000000000000000e+00
9.999999999999999547e-08 8.068965517241380780e+01 2.315468711317776211e-40
1.592885535214725096e-07 8.068965517241380780e+01 2.930910800925866882e-40
2.537284328296300856e-07 8.068965517241380780e+01 3.693849853144814254e-40
4.041603505270179570e-07 8.068965517241380780e+01 4.655502102255439582e-40
6.437811762617998739e-07 8.068965517241380780e+01 5.887409988270362951e-40
1.025469723510942276e-06 8.068965517241380780e+01 7.440781088825335542e-40
1.633455889381223358e-06 8.068965517241380780e+01 9.387083621555800012e-40
2.601908258606654861e-06 8.068965517241380780e+01 1.182962658655090646e-39
4.144542029090266371e-06 8.068965517241380780e+01 1.497595967732879886e-39
6.601781048227371505e-06 8.068965517241380780e+01 1.889003038215880756e-39
1.051588153837608446e-05 8.068965517241380780e+01 2.385394421057120367e-39
1.675059559251080012e-05 8.068965517241380780e+01 3.010901946399692981e-39
2.668178142554203833e-05 8.068965517241380780e+01 3.797301493214918554e-39
4.250102368650674752e-05 8.068965517241380780e+01 4.802231030553538613e-39
6.769926586205501733e-05 8.068965517241380780e+01 6.059703700571554081e-39
1.078371813363233488e-04 8.068965517241380780e+01 7.672493344398899521e-39
1.717722863089567891e-04 8.068965517241380780e+01 9.703707229131698501e-39
2.736135902122996313e-04 8.068965517241380780e+01 1.225653269189140798e-38
4.358351300873408870e-04 8.068965517241380780e+01 1.548855571640113235e-38
6.942354744545533056e-04 8.068965517241380780e+01 1.963319119264807158e-38
1.105837645291589616e-03 8.068965517241380780e+01 2.486919210737407538e-38
1.761472789480881531e-03 8.068965517241380780e+01 3.151720546021394290e-38
2.805824527038428690e-03 8.068965517241380780e+01 4.005304856120797553e-38
4.469357303470210090e-03 8.068965517241380780e+01 5.070703898035138941e-38
7.119174600403985892e-03 8.068965517241380780e+01 6.433345945767987177e-38
1.134003024365157902e-02 8.068965517241380780e+01 8.200401858418881008e-38
1.806337014401007690e-02 8.068965517241380780e+01 1.045007696961377361e-37
2.877288101962317823e-02 8.068965517241380780e+01 1.336728067925029093e-37
4.583190598261207421e-02 8.068965517241380780e+01 1.729198054586532781e-37
7.300498009102399100e-02 8.068965517241380780e+01 2.288543641234772637e-37
1.162885767856308566e-01 8.068965517241380780e+01 3.196438398964796207e-37
1.852343918725382621e-01 8.068965517241380780e+01 4.686277941677786849e-37
2.950571834380621983e-01 8.068965517241380780e+01 6.055096131986971960e-36
4.699923195596870107e-01 8.068965517241380780e+01 2.550809389632549175e-36
7.486439674886415929e-01 8.068965517241380780e+01 0.000000000000000000e+00
9.999999999999999547e-08 8.689655172413793593e+01 2.344101484027668372e-40
1.592885535214725096e-07 8.689655172413793593e+01 2.963674472275021544e-40
2.537284328296300856e-07 8.689655172413793593e+01 3.733232497399557244e-40
4.041603505270179570e-07 8.689655172413793593e+01 4.708303514004247083e-40
6.437811762617998739e-07 8.689655172413793593e+01 5.965178260188062183e-40
1.025469723510942276e-06 8.689655172413793593e+01 7.514404694645664807e-40
1.633455889381223358e-06 8.689655172413793593e+01 9.506901229679893651e-40
2.601908258606654861e-06 8.689655172413793593e+01 1.198405839965060835e-39
4.144542029090266371e-06 8.689655172413793593e+01 1.508046359421674375e-39
6.601781048227371505e-06 8.689655172413793593e+01 1.910110094354970489e-39
1.051588153837608446e-05 8.689655172413793593e+01 2.407852132885019467e-39
1.675059559251080012e-05 8.689655172413793593e+01 3.044906280046622242e-39
2.668178142554203833e-05 8.689655172413793593e+01 3.833147058153804265e-39
4.250102368650674752e-05 8.689655172413793593e+01 4.846366727375483943e-39
6.769926586205501733e-05 8.689655172413793593e+01 6.117425082772026716e-39
1.078371813363233488e-04 8.689655172413793593e+01 7.703718263976359884e-39
1.717722863089567891e-04 8.689655172413793593e+01 9.749977453106850252e-39
2.736135902122996313e-04 8.689655172413793593e+01 1.228850678175117879e-38
4.358351300873408870e-04 8.689655172413793593e+01 1.553062570855960092e-38
6.942354744545533056e-04 8.689655172413793593e+01 1.966268503078951088e-38
1.105837645291589616e-03 8.689655172413793593e+01 2.476427840250517352e-38
1.761472789480881531e-03 8.689655172413793593e+01 3.129452250941559910e-38
2.805824527038428690e-03 8.689655172413793593e+01 3.948474441422487124e-38
4.469357303470210090e-03 8.689655172413793593e+01 5.002971759782930849e-38
7.119174600403985892e-03 8.689655172413793593e+01 6.311629720638739964e-38
1.134003024365157902e-02 8.689655172413793593e+01 7.949987622409410923e-38
1.806337014401007690e-02 8.689655172413793593e+01 1.004536102626181725e-37
2.877288101962317823e-02 8.689655172413793593e+01 1.272446128878735839e-37
4.583190598261207421e-02 8.689655172413793593e+01 1.621527907009603076e-37
7.300498009102399100e-02 8.689655172413793593e+01 2.143385165248865511e-37
1.162885767856308566e-01 8.689655172413793593e+01 2.924141250478215911e-37
1.852343918725382621e-01 8.689655172413793593e+01 4.925265768883957552e-37
2.950571834380621983e-01 8.689655172413793593e+01 6.345405755029219574e-36
4.699923195596870107e-01 8.689655172413793593e+01 7.303282269489524500e-37
7.486439674886415929e-01 8.689655172413793593e+01 0.000000000000000000e+00
9.999999999999999547e-08 9.310344827586206407e+01 2.347496393665156867e-40
1.592885535214725096e-07 9.310344827586206407e+01 2.960830048323481744e-40
2.537284328296300856e-07 9.310344827586206407e+01 3.738699587166987241e-40
4.041603505270179570e-07 9.310344827586206407e+01 4.718347070093485944e-40
6.437811762617998739e-07 9.310344827586206407e+01 5.961852489746876917e-40
1.025469723510942276e-06 9.310344827586206407e+01 7.520622069729126025e-40
1.633455889381223358e-06 9.310344827586206407e+01 9.503846508353044014e-40
2.601908258606654861e-06 9.310344827586206407e+01 1.196993634619306167e-39
4.144542029090266371e-06 9.310344827586206407e+01 1.512881644822713572e-39
6.601781048227371505e-06 9.310344827586206407e+01 1.906161056776418337e-39
1.051588153837608446e-05 9.310344827586206407e+01 2.404840741730459911e-39
1.675059559251080012e-05 9.310344827586206407e+01 3.031956064492750840e-39
2.668178142554203833e-05 9.310344827586206407e+01 3.838919778563595778e-39
4.250102368650674752e-05 9.310344827586206407e+01 4.838671711276075280e-39
6.769926586205501733e-05 9.310344827586206407e+01 6.100324643372219445e-39
1.078371813363233488e-04 9.310344827586206407e+01 7.685064237827374363e-39
1.717722863089567891e-04 9.310344827586206407e+01 9.704923216228017940e-39
2.736135902122996313e-04 9.310344827586206407e+01 1.223137018807208589e-38
4.358351300873408870e-04 9.310344827586206407e+01 1.546699900114797717e-38
6.942354744545533056e-04 9.310344827586206407e+01 1.942516110624910884e-38
1.105837645291589616e-03 9.310344827586206407e+01 2.449532636403690272e-38
1.761472789480881531e-03 9.310344827586206407e+01 3.079498892570819632e-38
2.805824527038428690e-03 9.310344827586206407e+01 3.880167834731691750e-38
4.469357303470210090e-03 9.310344827586206407e+01 4.862057096584598825e-38
7.119174600403985892e-03 9.310344827586206407e+01 6.087611168364467094e-38
1.134003024365157902e-02 9.310344827586206407e+01 7.640700359699882121e-38
1.806337014401007690e-02 9.310344827586206407e+01 9.550543832776827856e-38
2.877288101962317823e-02 9.310344827586206407e+01 1.201183953297658614e-37
4.583190598261207421e-02 9.310344827586206407e+01 1.521932116214417236e-37
7.300498009102399100e-02 9.310344827586206407e+01 1.988735974479532539e-37
1.162885767856308566e-01 9.310344827586206407e+01 2.654606649763979449e-37
1.852343918725382621e-01 9.310344827586206407e+01 6.205759997008456599e-37
2.950571834380621983e-01 9.310344827586206407e+01 5.494220177205433482e-36
4.699923195596870107e-01 9.310344827586206407e+01 1.346440665631182058e-37
7.486439674886415929e-01 9.310344827586206407e+01 0.000000000000000000e+00
9.999999999999999547e-08 9.931034482758620641e+01 2.321870539017899471e-40
1.592885535214725096e-07 9.931034482758620641e+01 2.923480725730437925e-40
2.537284328296300856e-07 9.931034482758620641e+01 3.690396241876515191e-40
4.041603505270179570e-07 9.931034482758620641e+01 4.661220846357086822e-40
6.437811762617998739e-07 9.931034482758620641e+01 5.875587821569784287e-40
1.025469723510942276e-06 9.931034482758620641e+01 7.421850843283654546e-40
1.633455889381223358e-06 9.931034482758620641e+01 9.354393862394346399e-40
2.601908258606654861e-06 9.931034482758620641e+01 1.183160328202417088e-39
4.144542029090266371e-06 9.931034482758620641e+01 1.490131630612630771e-39
6.601781048227371505e-06 9.931034482758620641e+01 1.883848736842155096e-39
1.051588153837608446e-05 9.931034482758620641e+01 2.375208462089068107e-39
1.675059559251080012e-05 9.931034482758620641e+01 2.989945608590181222e-39
2.668178142554203833e-05 9.931034482758620641e+01 3.785597606940089503e-39
4.250102368650674752e-05 9.931034482758620641e+01 4.767941967270251353e-39
6.769926586205501733e-05 9.931034482758620641e+01 5.995333562822050018e-39
1.078371813363233488e-04 9.931034482758620641e+01 7.562845368704604816e-39
1.717722863089567891e-04 9.931034482758620641e+01 9.538279378104599351e-39
2.736135902122996313e-04 9.931034482758620641e+01 1.199879250973622230e-38
4.358351300873408870e-04 9.931034482758620641e+01 1.513367675423722924e-38
6.942354744545533056e-04 9.931034482758620641e+01 1.896945996590104789e-38
1.105837645291589616e-03 9.931034482758620641e+01 2.387884689404916932e-38
1.761472789480881531e-03 9.931034482758620641e+01 2.996899640092255010e-38
2.805824527038428690e-03 9.931034482758620641e+01 3.745362968325732508e-38
4.469357303470210090e-03 9.931034482758620641e+01 4.687524581087338820e-38
7.119174600403985892e-03 9.931034482758620641e+01 5.854074075976804266e-38
1.134003024365157902e-02 9.931034482758620641e+01 7.280865440157629781e-38
1.806337014401007690e-02 9.931034482758620641e+01 9.018688361499402100e-38
2.877288101962317823e-02 9.931034482758620641e+01 1.124538832929945958e-37
4.583190598261207421e-02 9.931034482758620641e+01 1.417393395092111558e-37
7.300498009102399100e-02 9.931034482758620641e+01 1.835938950593779423e-37
1.162885767856308566e-01 9.931034482758620641e+01 2.395497779374982509e-37
1.852343918725382621e-01 9.931034482758620641e+01 8.672151839254602480e-37
2.950571834380621983e-01 9.931034482758620641e+01 4.366387953133246083e-36
4.699923195596870107e-01 9.931034482758620641e+01 1.897571518633777403e-38
7.486439674886415929e-01 9.931034482758620641e+01 0.000000000000000000e+00
9.999999999999999547e-08 1.055172413793103630e+02 2.265248587596600925e-40
1.592885535214725096e-07 1.055172413793103630e+02 2.856946623085281867e-40
2.537284328296300856e-07 1.055172413793103630e+02 3.600423967890572459e-40
4.041603505270179570e-07 1.055172413793103630e+02 4.555593172309017864e-40
6.437811762617998739e-07 1.055172413793103630e+02 5.749521656354148024e-40
1.025469723510942276e-06 1.055172413793103630e+02 7.265467484691281812e-40
1.633455889381223358e-06 1.055172413793103630e+02 9.138510423015598559e-40
2.601908258606654861e-06 1.055172413793103630e+02 1.151783806167830012e-39
4.144542029090266371e-06 1.055172413793103630e+02 1.460098397838589348e-39
6.601781048227371505e-06 1.055172413793103630e+02 1.835792872395455654e-39
1.051588153837608446e-05 1.055172413793103630e+02 2.314484225615631088e-39
1.675059559251080012e-05 1.055172413793103630e+02 2.922872227973653681e-39
2.668178142554203833e-05 1.055172413793103630e+02 3.682825537746537520e-39
4.250102368650674752e-05 1.055172413793103630e+02 4.644566515869268110e-39
6.769926586205501733e-05 1.055172413793103630e+02 5.837916054339075944e-39
1.078371813363233488e-04 1.055172413793103630e+02 7.359009731821923256e-39
1.717722863089567891e-04 1.055172413793103630e+02 9.261113890117456829e-39
2.736135902122996313e-04 1.055172413793103630e+02 1.165888298933216936e-38
4.358351300873408870e-04 1.055172413793103630e+02 1.464970318079258439e-38
6.942354744545533056e-04 1.055172413793103630e+02 1.835040123541690178e-38
1.105837645291589616e-03 1.055172413793103630e+02 2.300893062116325855e-38
1.761472789480881531e-03 1.055172413793103630e+02 2.873242279917734914e-38
2.805824527038428690e-03 1.055172413793103630e+02 3.584886709316604040e-38
4.469357303470210090e-03 1.055172413793103630e+02 4.473584996417681317e-38
7.119174600403985892e-03 1.055172413793103630e+02 5.534384959363864854e-38
1.134003024365157902e-02 1.055172413793103630e+02 6.829923432831572349e-38
1.806337014401007690e-02 1.055172413793103630e+02 8.463920557992662798e-38
2.877288101962317823e-02 1.055172413793103630e+02 1.045853875797943987e-37
4.583190598261207421e-02 1.055172413793103630e+02 1.308880909769791384e-37
7.300498009102399100e-02 1.055172413793103630e+02 1.675849696669274652e-37
1.162885767856308566e-01 1.055172413793103630e+02 2.154819418872752421e-37
1.852343918725382621e-01 1.055172413793103630e+02 1.183391617061285177e-36
2.950571834380621983e-01 1.055172413793103630e+02 3.319375234681529218e-36
4.699923195596870107e-01 1.055172413793103630e+02 4.204928782065395778e-39
7.486439674886415929e-01 1.055172413793103630e+02 0.000000000000000000e+00
9.999999999999999547e-08 1.117241379310344911e+02 2.180085659117175142e-40
1.592885535214725096e-07 1.117241379310344911e+02 2.760967896986955446e-40
2.537284328296300856e-07 1.117241379310344911e+02 3.478543259000532735e-40
4.041603505270179570e-07 1.117241379310344911e+02 4.380985113959862683e-40
6.437811762617998739e-07 1.117241379310344911e+02 5.536104918002774209e-40
1.025469723510942276e-06 1.117241379310344911e+02 6.971466036809175792e-40
1.633455889381223358e-06 1.117241379310344911e+02 8.827177477181897947e-40
2.601908258606654861e-06 1.117241379310344911e+02 1.112615512350113185e-39
4.144542029090266371e-06 1.117241379310344911e+02 1.401591727191933681e-39
6.601781048227371505e-06 1.117241379310344911e+02 1.770778835814490093e-39
1.051588153837608446e-05 1.117241379310344911e+02 2.225792703692908559e-39
1.675059559251080012e-05 1.117241379310344911e+02 2.802759499420687565e-39
2.668178142554203833e-05 1.117241379310344911e+02 3.536984789283168993e-39
4.250102368650674752e-05 1.117241379310344911e+02 4.458283399470853975e-39
6.769926586205501733e-05 1.117241379310344911e+02 5.620014731265634131e-39
1.078371813363233488e-04 1.117241379310344911e+02 7.069331371970098346e-39
1.717722863089567891e-04 1.117241379310344911e+02 8.894659318727111987e-39
2.736135902122996313e-04 1.117241379310344911e+02 1.116421423237500142e-38
4.358351300873408870e-04 1.117241379310344911e+02 1.396876854392227396e-38
6.942354744545533056e-04 1.117241379310344911e+02 1.753931671478710409e-38
1.105837645291589616e-03 1.117241379310344911e+02 2.193442732436325117e-38
1.761472789480881531e-03 1.117241379310344911e+02 2.728111338694005196e-38
2.805824527038428690e-03 1.117241379310344911e+02 3.396032776799949875e-38
4.469357303470210090e-03 1.117241379310344911e+02 4.219621922306181714e-38
7.119174600403985892e-03 1.117241379310344911e+02 5.194807984672939958e-38
1.134003024365157902e-02 1.117241379310344911e+02 6.386662730338630219e-38
1.806337014401007690e-02 1.117241379310344911e+02 7.848267052705445004e-38
2.877288101962317823e-02 1.117241379310344911e+02 9.648462761561785423e-38
4.583190598261207421e-02 1.117241379310344911e+02 1.201328189076764625e-37
7.300498009102399100e-02 1.117241379310344911e+02 1.520073115209144443e-37
1.162885767856308566e-01 1.117241379310344911e+02 1.974189105175375303e-37
1.852343918725382621e-01 1.117241379310344911e+02 1.491117330049163730e-36
2.950571834380621983e-01 1.117241379310344911e+02 2.414847158232903260e-36
4.699923195596870107e-01 1.117241379310344911e+02 1.455919805504740661e-39
7.486439674886415929e-01 1.117241379310344911e+02 0.000000000000000000e+00
9.999999999999999547e-08 1.179310344827586192e+02 2.073291360931318019e-40
1.592885535214725096e-07 1.179310344827586192e+02 2.620216264544313653e-40
2.537284328296300856e-07 1.179310344827586192e+02 3.309200118620230528e-40
4.041603505270179570e-07 1.179310344827586192e+02 4.173585102799244793e-40
6.437811762617998739e-07 1.179310344827586192e+02 5.258616509630881245e-40
1.025469723510942276e-06 1.179310344827586192e+02 6.639222849071972442e-40
1.633455889381223358e-06 1.179310344827586192e+02 8.373357130006817739e-40
2.601908258606654861e-06 1.179310344827586192e+02 1.055856816063830663e-39
4.144542029090266371e-06 1.179310344827586192e+02 1.331873422090637466e-39
6.601781048227371505e-06 1.179310344827586192e+02 1.674795096255254411e-39
1.051588153837608446e-05 1.179310344827586192e+02 2.114989724058480433e-39
1.675059559251080012e-05 1.179310344827586192e+02 2.661309051959077573e-39
2.668178142554203833e-05 1.179310344827586192e+02 3.359418600389862057e-39
4.250102368650674752e-05 1.179310344827586192e+02 4.234985847902556336e-39
6.769926586205501733e-05 1.179310344827586192e+02 5.330605556424358038e-39
1.078371813363233488e-04 1.179310344827586192e+02 6.694647694061156714e-39
1.717722863089567891e-04 1.179310344827586192e+02 8.403365318423579620e-39
2.736135902122996313e-04 1.179310344827586192e+02 1.056289420894381043e-38
4.358351300873408870e-04 1.179310344827586192e+02 1.325625071201117897e-38
6.942354744545533056e-04 1.179310344827586192e+02 1.651179219708657365e-38
1.105837645291589616e-03 1.179310344827586192e+02 2.062200378715329161e-38
1.761472789480881531e-03 1.179310344827586192e+02 2.563468195642704350e-38
2.805824527038428690e-03 1.179310344827586192e+02 3.178707318898810987e-38
4.469357303470210090e-03 1.179310344827586192e+02 3.912668675410827876e-38
7.119174600403985892e-03 1.179310344827586192e+02 4.815304750343876673e-38
1.134003024365157902e-02 1.179310344827586192e+02 5.898890804734750599e-38
1.806337014401007690e-02 1.179310344827586192e+02 7.183634307720029443e-38
2.877288101962317823e-02 1.179310344827586192e+02 8.812096695155595202e-38
4.583190598261207421e-02 1.179310344827586192e+02 1.090529916347874615e-37
7.300498009102399100e-02 1.179310344827586192e+02 1.365175297507752616e-37
1.162885767856308566e-01 1.179310344827586192e+02 1.918200128389372357e-37
1.852343918725382621e-01 1.179310344827586192e+02 1.694039429588957100e-36
2.950571834380621983e-01 1.179310344827586192e+02 1.688567185546486996e-36
4.699923195596870107e-01 1.179310344827586192e+02 5.281464875895841699e-40
7.486439674886415929e-01 1.179310344827586192e+02 0.000000000000000000e+00
9.999999999999999547e-08 1.241379310344827616e+02 1.944065436384798809e-40
1.592885535214725096e-07 1.241379310344827616e+02 2.455343088079885310e-40
2.537284328296300856e-07 1.241379310344827616e+02 3.098267874980850673e-40
4.041603505270179570e-07 1.241379310344827616e+02 3.908877080421710811e-40
6.437811762617998739e-07 1.241379310344827616e+02 4.919068626615593304e-40
1.025469723510942276e-06 1.241379310344827616e+02 6.237173206225226576e-40
1.633455889381223358e-06 1.241379310344827616e+02 7.848552645674282491e-40
2.601908258606654861e-06 1.241379310344827616e+02 9.875872018053209116e-40
4.144542029090266371e-06 1.241379310344827616e+02 1.248670194301224779e-39
6.601781048227371505e-06 1.241379310344827616e+02 1.573023388443916172e-39
1.051588153837608446e-05 1.241379310344827616e+02 1.974992050543053710e-39
1.675059559251080012e-05 1.241379310344827616e+02 2.499113104771825507e-39
2.668178142554203833e-05 1.241379310344827616e+02 3.142255421984807238e-39
4.250102368650674752e-05 1.241379310344827616e+02 3.959854662037579547e-39
6.769926586205501733e-05 1.241379310344827616e+02 4.979799273520659833e-39
1.078371813363233488e-04 1.241379310344827616e+02 6.251532672478968201e-39
1.717722863089567891e-04 1.241379310344827616e+02 7.846463010651490119e-39
2.736135902122996313e-04 1.241379310344827616e+02 9.831261626508023700e-39
4.358351300873408870e-04 1.241379310344827616e+02 1.229971813104291782e-38
6.942354744545533056e-04 1.241379310344827616e+02 1.534378428982710393e-38
1.105837645291589616e-03 1.241379310344827616e+02 1.908271321437698621e-38
1.761472789480881531e-03 1.241379310344827616e+02 2.366882370782777303e-38
2.805824527038428690e-03 1.241379310344827616e+02 2.929042057084673745e-38
4.469357303470210090e-03 1.241379310344827616e+02 3.600387713916168130e-38
7.119174600403985892e-03 1.241379310344827616e+02 4.395445731280142266e-38
1.134003024365157902e-02 1.241379310344827616e+02 5.367268361161682028e-38
1.806337014401007690e-02 1.241379310344827616e+02 6.506031647666690687e-38
2.877288101962317823e-02 1.241379310344827616e+02 7.945240037137690577e-38
4.583190598261207421e-02 1.241379310344827616e+02 9.806970557290322333e-38
7.300498009102399100e-02 1.241379310344827616e+02 1.211252589845621422e-37
1.162885767856308566e-01 1.241379310344827616e+02 1.957950869869095734e-37
1.852343918725382621e-01 1.241379310344827616e+02 1.748338310764691703e-36
2.950571834380621983e-01 1.241379310344827616e+02 1.160345711469384881e-36
4.699923195596870107e-01 1.241379310344827616e+02 1.939544737238157686e-40
7.486439674886415929e-01 1.241379310344827616e+02 0.000000000000000000e+00
9.999999999999999547e-08 1.303448275862068897e+02 1.789755527438554367e-40
1.592885535214725096e-07 1.303448275862068897e+02 2.255096017877164578e-40
2.537284328296300856e-07 1.303448275862068897e+02 2.858435292840108104e-40
4.041603505270179570e-07 1.303448275862068897e+02 3.589695261295239475e-40
6.437811762617998739e-07 1.303448275862068897e+02 4.533467974264899388e-40
1.025469723510942276e-06 1.303448275862068897e+02 5.726435221551127512e-40
1.633455889381223358e-06 1.303448275862068897e+02 7.232697437690951044e-40
2.601908258606654861e-06 1.303448275862068897e+02 9.091683183090203530e-40
4.144542029090266371e-06 1.303448275862068897e+02 1.147614394289679781e-39
6.601781048227371505e-06 1.303448275862068897e+02 1.446540111839681787e-39
1.051588153837608446e-05 1.303448275862068897e+02 1.821877219731648820e-39
1.675059559251080012e-05 1.303448275862068897e+02 2.296800623979856365e-39
2.668178142554203833e-05 1.303448275862068897e+02 2.895824752064438055e-39
4.250102368650674752e-05 1.303448275862068897e+02 3.636168757378679866e-39
6.769926586205501733e-05 1.303448275862068897e+02 4.566241440856295355e-39
1.078371813363233488e-04 1.303448275862068897e+02 5.735216038766968504e-39
1.717722863089567891e-04 1.303448275862068897e+02 7.184483943146957152e-39
2.736135902122996313e-04 1.303448275862068897e+02 8.997912719084912722e-39
4.358351300873408870e-04 1.303448275862068897e+02 1.125421673959030975e-38
6.942354744545533056e-04 1.303448275862068897e+02 1.400444417120268280e-38
1.105837645291589616e-03 1.303448275862068897e+02 1.737448186281882539e-38
1.761472789480881531e-03 1.303448275862068897e+02 2.159489174676811121e-38
2.805824527038428690e-03 1.303448275862068897e+02 2.661338871455188655e-38
4.469357303470210090e-03 1.303448275862068897e+02 3.245513453610739814e-38
7.119174600403985892e-03 1.303448275862068897e+02 3.968060267612164682e-38
1.134003024365157902e-02 1.303448275862068897e+02 4.811578226435463833e-38
1.806337014401007690e-02 1.303448275862068897e+02 5.823643665110128435e-38
2.877288101962317823e-02 1.303448275862068897e+02 7.075750852552456611e-38
4.583190598261207421e-02 1.303448275862068897e+02 8.699208966758199818e-38
7.300498009102399100e-02 1.303448275862068897e+02 1.061607265423673401e-37
1.162885767856308566e-01 1.303448275862068897e+02 2.067680522402753089e-37
1.852343918725382621e-01 1.303448275862068897e+02 1.654127750142116560e-36
2.950571834380621983e-01 1.303448275862068897e+02 7.805214697942857332e-37
4.699923195596870107e-01 1.303448275862068897e+02 7.366410113040448103e-41
7.486439674886415929e-01 1.303448275862068897e+02 0.000000000000000000e+00
9.999999999999999547e-08 1.365517241379310462e+02 1.615192631549130933e-40
1.592885535214725096e-07 1.365517241379310462e+02 2.037745628802092640e-40
2.537284328296300856e-07 1.365517241379310462e+02 2.565215779153643238e-40
4.041603505270179570e-07 1.365517241379310462e+02 3.241488205153223629e-40
6.437811762617998739e-07 1.365517241379310462e+02 4.079685783091224712e-40
1.025469723510942276e-06 1.365517241379310462e+02 5.172649265939404876e-40
1.633455889381223358e-06 1.365517241379310462e+02 6.514264489590241129e-40
2.601908258606654861e-06 1.365517241379310462e+02 8.202375351059734289e-40
4.144542029090266371e-06 1.365517241379310462e+02 1.034541452260770092e-39
6.601781048227371505e-06 1.365517241379310462e+02 1.304910113881910463e-39
1.051588153837608446e-05 1.365517241379310462e+02 1.641485327855692254e-39
1.675059559251080012e-05 1.365517241379310462e+02 2.065820749979747627e-39
2.668178142554203833e-05 1.365517241379310462e+02 2.602364099480889792e-39
4.250102368650674752e-05 1.365517241379310462e+02 3.279630530851807545e-39
6.769926586205501733e-05 1.365517241379310462e+02 4.119402554309773864e-39
1.078371813363233488e-04 1.365517241379310462e+02 5.160109898578280581e-39
1.717722863089567891e-04 1.365517241379310462e+02 6.474928356669828662e-39
2.736135902122996313e-04 1.365517241379310462e+02 8.097109883911104085e-39
4.358351300873408870e-04 1.365517241379310462e+02 1.006129928330009172e-38
6.942354744545533056e-04 1.365517241379310462e+02 1.254851913251672960e-38
1.105837645291589616e-03 1.365517241379310462e+02 1.553946609226867012e-38
1.761472789480881531e-03 1.365517241379310462e+02 1.925617670219190533e-38
2.805824527038428690e-03 1.365517241379310462e+02 2.364468404553136874e-38
4.469357303470210090e-03 1.365517241379310462e+02 2.899419170226624506e-38
7.119174600403985892e-03 1.365517241379310462e+02 3.506822772448882711e-38
1.134003024365157902e-02 1.365517241379310462e+02 4.250281702142359272e-38
1.806337014401007690e-02 1.365517241379310462e+02 5.124717517287207113e-38
2.877288101962317823e-02 1.365517241379310462e+02 6.225120323743603763e-38
4.583190598261207421e-02 1.365517241379310462e+02 7.581881485114867543e-38
7.300498009102399100e-02 1.365517241379310462e+02 9.186359335779279986e-38
1.162885767856308566e-01 1.365517241379310462e+02 2.184504290080811220e-37
1.852343918725382621e-01 1.365517241379310462e+02 1.459000098006863617e-36
2.950571834380621983e-01 1.365517241379310462e+02 5.124563639436899008e-37
4.699923195596870107e-01 1.365517241379310462e+02 2.872797935474043468e-41
7.486439674886415929e-01 1.365517241379310462e+02 0.000000000000000000e+00
9.999999999999999547e-08 1.427586206896551744e+02 1.423448034286872227e-40
1.592885535214725096e-07 1.427586206896551744e+02 1.792014539459914522e-40
2.537284328296300856e-07 1.427586206896551744e+02 2.264305249475771843e-40
4.041603505270179570e-07 1.427586206896551744e+02 2.858909790971150634e-40
6.437811762617998739e-07 1.427586206896551744e+02 3.600438311593169844e-40
1.025469723510942276e-06 1.427586206896551744e+02 4.540831147634903493e-40
1.633455889381223358e-06 1.427586206896551744e+02 5.729708630830223581e-40
2.601908258606654861e-06 1.427586206896551744e+02 7.224242782059077748e-40
4.144542029090266371e-06 1.427586206896551744e+02 9.096010047877391372e-40
6.601781048227371505e-06 1.427586206896551744e+02 1.149232495178144458e-39
1.051588153837608446e-05 1.427586206896551744e+02 1.445110013816365227e-39
1.675059559251080012e-05 1.427586206896551744e+02 1.819134788790784967e-39
2.668178142554203833e-05 1.427586206896551744e+02 2.293160679521191766e-39
4.250102368650674752e-05 1.427586206896551744e+02 2.879100597490873853e-39
6.769926586205501733e-05 1.427586206896551744e+02 3.613328612046745019e-39
1.078371813363233488e-04 1.427586206896551744e+02 4.537783480739471413e-39
1.717722863089567891e-04 1.427586206896551744e+02 5.659445395805617997e-39
2.736135902122996313e-04 1.427586206896551744e+02 7.096488878061171615e-39
4.358351300873408870e-04 1.427586206896551744e+02 8.835701731034930330e-39
6.942354744545533056e-04 1.427586206896551744e+02 1.097914874134031570e-38
1.105837645291589616e-03 1.427586206896551744e+02 1.359925948393840333e-38
1.761472789480881531e-03 1.427586206896551744e+02 1.672090725311279451e-38
2.805824527038428690e-03 1.427586206896551744e+02 2.055935010619324596e-38
4.469357303470210090e-03 1.427586206896551744e+02 2.509421040497404306e-38
7.119174600403985892e-03 1.427586206896551744e+02 3.044166663769401119e-38
1.134003024365157902e-02 1.427586206896551744e+02 3.671983295818484520e-38
1.806337014401007690e-02 1.427586206896551744e+02 4.415656902836403351e-38
2.877288101962317823e-02 1.427586206896551744e+02 5.343220339476290443e-38
4.583190598261207421e-02 1.427586206896551744e+02 6.480144051734492268e-38
7.300498009102399100e-02 1.427586206896551744e+02 7.782663921808795360e-38
1.162885767856308566e-01 1.427586206896551744e+02 2.232223940115818204e-37
1.852343918725382621e-01 1.427586206896551744e+02 1.221027796598539589e-36
2.950571834380621983e-01 1.427586206896551744e+02 3.234240240457510846e-37
4.699923195596870107e-01 1.427586206896551744e+02 1.148942012551671066e-41
7.486439674886415929e-01 1.427586206896551744e+02 0.000000000000000000e+00
9.999999999999999547e-08 1.489655172413793025e+02 1.210659139415387378e-40
1.592885535214725096e-07 1.489655172413793025e+02 1.524486208702923861e-40
2.537284328296300856e-07 1.489655172413793025e+02 1.924779356332767452e-40
4.041603505270179570e-07 1.489655172413793025e+02 2.423713397344417279e-40
6.437811762617998739e-07 1.489655172413793025e+02 3.067574122413067835e-40
1.025469723510942276e-06 1.489655172413793025e+02 3.867370996707098275e-40
1.633455889381223358e-06 1.489655172413793025e+02 4.874812264915835007e-40
2.601908258606654861e-06 1.489655172413793025e+02 6.149431598190671207e-40
4.144542029090266371e-06 1.489655172413793025e+02 7.763479388614585916e-40
6.601781048227371505e-06 1.489655172413793025e+02 9.758177504862218275e-40
1.051588153837608446e-05 1.489655172413793025e+02 1.231650060880394265e-39
1.675059559251080012e-05 1.489655172413793025e+02 1.554130522304124093e-39
2.668178142554203833e-05 1.489655172413793025e+02 1.947938914964292096e-39
4.250102368650674752e-05 1.489655172413793025e+02 2.447998560204408048e-39
6.769926586205501733e-05 1.489655172413793025e+02 3.068814574075010131e-39
1.078371813363233488e-04 1.489655172413793025e+02 3.845627147765886679e-39
1.717722863089567891e-04 1.489655172413793025e+02 4.821590464040445780e-39
2.736135902122996313e-04 1.489655172413793025e+02 6.028999833786812989e-39
4.358351300873408870e-04 1.489655172413793025e+02 7.497963599582344532e-39
6.942354744545533056e-04 1.489655172413793025e+02 9.317731594680335596e-39
1.105837645291589616e-03 1.489655172413793025e+02 1.151227802552159775e-38
1.761472789480881531e-03 1.489655172413793025e+02 1.412368001128637206e-38
2.805824527038428690e-03 1.489655172413793025e+02 1.734129597221225520e-38
4.469357303470210090e-03 1.489655172413793025e+02 2.110517772916765927e-38
7.119174600403985892e-03 1.489655172413793025e+02 2.552519698320403616e-38
1.134003024365157902e-02 1.489655172413793025e+02 3.072104970500534660e-38
1.806337014401007690e-02 1.489655172413793025e+02 3.688053443710849047e-38
2.877288101962317823e-02 1.489655172413793025e+02 4.465653878868694431e-38
4.583190598261207421e-02 1.489655172413793025e+02 5.383637250388962103e-38
7.300498009102399100e-02 1.489655172413793025e+02 6.424063579689886289e-38
1.162885767856308566e-01 1.489655172413793025e+02 2.210251821353971845e-37
1.852343918725382621e-01 1.489655172413793025e+02 9.848209837678225169e-37
2.950571834380621983e-01 1.489655172413793025e+02 1.970048492427324493e-37
4.699923195596870107e-01 1.489655172413793025e+02 4.773414593123084439e-42
7.486439674886415929e-01 1.489655172413793025e+02 0.000000000000000000e+00
9.999999999999999547e-08 1.551724137931034591e+02 9.852972346317349901e-41
1.592885535214725096e-07 1.551724137931034591e+02 1.244488874239108111e-40
2.537284328296300856e-07 1.551724137931034591e+02 1.571433374158780529e-40
4.041603505270179570e-07 1.551724137931034591e+02 1.981599040354586346e-40
6.437811762617998739e-07 1.551724137931034591e+02 2.496426733686587943e-40
1.025469723510942276e-06 1.551724137931034591e+02 3.149719747006023678e-40
1.633455889381223358e-06 1.551724137931034591e+02 3.969697119409491719e-40
2.601908258606654861e-06 1.551724137931034591e+02 5.000394904712331995e-40
4.144542029090266371e-06 1.551724137931034591e+02 6.304470205139268785e-40
6.601781048227371505e-06 1.551724137931034591e+02 7.955645288323571815e-40
1.051588153837608446e-05 1.551724137931034591e+02 9.992968420733314162e-40
1.675059559251080012e-05 1.551724137931034591e+02 1.259992928206206663e-39
2.668178142554203833e-05 1.551724137931034591e+02 1.586155541265550169e-39
4.250102368650674752e-05 1.551724137931034591e+02 1.988988588467799679e-39
6.769926586205501733e-05 1.551724137931034591e+02 2.497127369524003139e-39
1.078371813363233488e-04 1.551724137931034591e+02 3.126189026221380555e-39
1.717722863089567891e-04 1.551724137931034591e+02 3.916112761972050236e-39
2.736135902122996313e-04 1.551724137931034591e+02 4.877867763743085772e-39
4.358351300873408870e-04 1.551724137931034591e+02 6.080809265413198532e-39
6.942354744545533056e-04 1.551724137931034591e+02 7.552701201831551287e-39
1.105837645291589616e-03 1.551724137931034591e+02 9.324735694845593648e-39
1.761472789480881531e-03 1.551724137931034591e+02 1.147376243836683201e-38
2.805824527038428690e-03 1.551724137931034591e+02 1.403007753667258841e-38
4.469357303470210090e-03 1.551724137931034591e+02 1.697326200966225946e-38
7.119174600403985892e-03 1.551724137931034591e+02 2.053859082950049632e-38
1.134003024365157902e-02 1.551724137931034591e+02 2.465933814085568813e-38
1.806337014401007690e-02 1.551724137931034591e+02 2.959797389653784974e-38
2.877288101962317823e-02 1.551724137931034591e+02 3.558724889330334344e-38
4.583190598261207421e-02 1.551724137931034591e+02 4.284745434581717261e-38
7.300498009102399100e-02 1.551724137931034591e+02 5.110107060748699100e-38
1.162885767856308566e-01 1.551724137931034591e+02 1.992929272941605786e-37
1.852343918725382621e-01 1.551724137931034591e+02 7.597263751649778272e-37
2.950571834380621983e-01 1.551724137931034591e+02 1.198832261277614173e-37
4.699923195596870107e-01 1.551724137931034591e+02 1.983937400969802120e-42
7.486439674886415929e-01 1.551724137931034591e+02 0.000000000000000000e+00
9.999999999999999547e-08 1.613793103448276156e+02 7.493534390845957127e-41
1.592885535214725096e-07 1.613793103448276156e+02 9.461347836982829782e-41
2.537284328296300856e-07 1.613793103448276156e+02 1.195798041140695130e-40
4.041603505270179570e-07 1.613793103448276156e+02 1.505721845966154112e-40
6.437811762617998739e-07 1.613793103448276156e+02 1.899975084567611282e-40
1.025469723510942276e-06 1.613793103448276156e+02 2.396803554853393411e-40
1.633455889381223358e-06 1.613793103448276156e+02 3.020327545354559909e-40
2.601908258606654861e-06 1.613793103448276156e+02 3.814177623017330179e-40
4.144542029090266371e-06 1.613793103448276156e+02 4.801968151463718472e-40
6.601781048227371505e-06 1.613793103448276156e+02 6.035769823848016979e-40
1.051588153837608446e-05 1.613793103448276156e+02 7.609761725659304109e-40
1.675059559251080012e-05 1.613793103448276156e+02 9.568612909964354409e-40
2.668178142554203833e-05 1.613793103448276156e+02 1.203087056054916527e-39
4.250102368650674752e-05 1.613793103448276156e+02 1.511972327978252065e-39
6.769926586205501733e-05 1.613793103448276156e+02 1.901867751485762826e-39
1.078371813363233488e-04 1.613793103448276156e+02 2.376445960397939181e-39
1.717722863089567891e-04 1.613793103448276156e+02 2.971553799799643575e-39
2.736135902122996313e-04 1.613793103448276156e+02 3.706136701889523621e-39
4.358351300873408870e-04 1.613793103448276156e+02 4.600849164174807301e-39
6.942354744545533056e-04 1.613793103448276156e+02 5.714711184247380751e-39
1.105837645291589616e-03 1.613793103448276156e+02 7.052577256060687740e-39
1.761472789480881531e-03 1.613793103448276156e+02 8.662920029570503067e-39
2.805824527038428690e-03 1.613793103448276156e+02 1.059873671520652645e-38
4.469357303470210090e-03 1.613793103448276156e+02 1.284273250664639782e-38
7.119174600403985892e-03 1.613793103448276156e+02 1.548181345042443792e-38
1.134003024365157902e-02 1.613793103448276156e+02 1.857917148351670532e-38
1.806337014401007690e-02 1.613793103448276156e+02 2.225532416834010151e-38
2.877288101962317823e-02 1.613793103448276156e+02 2.682552556071868783e-38
4.583190598261207421e-02 1.613793103448276156e+02 3.203800156892837117e-38
7.300498009102399100e-02 1.613793103448276156e+02 3.848941728560490193e-38
1.162885767856308566e-01 1.613793103448276156e+02 1.656044498175245169e-37
1.852343918725382621e-01 1.613793103448276156e+02 5.511702494633333432e-37
2.950571834380621983e-01 1.613793103448276156e+02 6.915453277562336564e-38
4.699923195596870107e-01 1.613793103448276156e+02 8.942784557675996825e-43
7.486439674886415929e-01 1.613793103448276156e+02 0.000000000000000000e+00
9.999999999999999547e-08 1.675862068965517437e+02 5.046544874309815623e-41
1.592885535214725096e-07 1.675862068965517437e+02 6.373383327510633579e-41
2.537284328296300856e-07 1.675862068965517437e+02 8.030900262310076284e-41
4.041603505270179570e-07 1.675862068965517437e+02 1.013425660761395927e-40
6.437811762617998739e-07 1.675862068965517437e+02 1.276991194393707291e-40
1.025469723510942276e-06 1.675862068965517437e+02 1.611290767605799828e-40
1.633455889381223358e-06 1.675862068965517437e+02 2.030802329395601954e-40
2.601908258606654861e-06 1.675862068965517437e+02 2.559420269617996901e-40
4.144542029090266371e-06 1.675862068965517437e+02 3.230701537031194009e-40
6.601781048227371505e-06 1.675862068965517437e+02 4.070582522609867887e-40
1.051588153837608446e-05 1.675862068965517437e+02 5.118639961014466762e-40
1.675059559251080012e-05 1.675862068965517437e+02 6.450185176517808346e-40
2.668178142554203833e-05 1.675862068965517437e+02 8.106211788898345850e-40
4.250102368650674752e-05 1.675862068965517437e+02 1.017069380196256040e-39
6.769926586205501733e-05 1.675862068965517437e+02 1.277598200788689377e-39
1.078371813363233488e-04 1.675862068965517437e+02 1.598244620250591261e-39
1.717722863089567891e-04 1.675862068965517437e+02 1.993296784358856289e-39
2.736135902122996313e-04 1.675862068965517437e+02 2.494190326125066495e-39
4.358351300873408870e-04 1.675862068965517437e+02 3.099361122424820718e-39
6.942354744545533056e-04 1.675862068965517437e+02 3.825536682284790473e-39
1.105837645291589616e-03 1.675862068965517437e+02 4.735729953537242397e-39
1.761472789480881531e-03 1.675862068965517437e+02 5.796197269060593393e-39
2.805824527038428690e-03 1.675862068965517437e+02 7.103177355065127217e-39
4.469357303470210090e-03 1.675862068965517437e+02 8.597771254837499667e-39
7.119174600403985892e-03 1.675862068965517437e+02 1.035956565870664101e-38
1.134003024365157902e-02 1.675862068965517437e+02 1.243230615760190768e-38
1.806337014401007690e-02 1.675862068965517437e+02 1.490224426497564145e-38
2.877288101962317823e-02 1.675862068965517437e+02 1.787866074863597636e-38
4.583190598261207421e-02 1.675862068965517437e+02 2.133426683973619136e-38
7.300498009102399100e-02 1.675862068965517437e+02 2.566891177936976657e-38
1.162885767856308566e-01 1.675862068965517437e+02 1.186080553498220128e-37
1.852343918725382621e-01 1.675862068965517437e+02 3.595893327031787559e-37
2.950571834380621983e-01 1.675862068965517437e+02 3.869345498512463693e-38
4.699923195596870107e-01 1.675862068965517437e+02 3.966537529500710130e-43
7.486439674886415929e-01 1.675862068965517437e+02 0.000000000000000000e+00
9.999999999999999547e-08 1.737931034482758719e+02 2.534141812377418176e-41
1.592885535214725096e-07 1.737931034482758719e+02 3.207129450760544402e-41
2.537284328296300856e-07 1.737931034482758719e+02 4.041084130741178899e-41
4.041603505270179570e-07 1.737931034482758719e+02 5.096018569705148366e-41
6.437811762617998739e-07 1.737931034482758719e+02 6.417889157576879088e-41
1.025469723510942276e-06 1.737931034482758719e+02 8.086913070701928567e-41
1.633455889381223358e-06 1.737931034482758719e+02 1.022880574024563137e-40
2.601908258606654861e-06 1.737931034482758719e+02 1.286342328985029140e-40
4.144542029090266371e-06 1.737931034482758719e+02 1.624831298478679704e-40
6.601781048227371505e-06 1.737931034482758719e+02 2.046917303257860289e-40
1.051588153837608446e-05 1.737931034482758719e+02 2.570680751156266369e-40
1.675059559251080012e-05 1.737931034482758719e+02 3.240798700965862036e-40
2.668178142554203833e-05 1.737931034482758719e+02 4.074911580668375527e-40
4.250102368650674752e-05 1.737931034482758719e+02 5.110484015286870806e-40
6.769926586205501733e-05 1.737931034482758719e+02 6.411925477418234554e-40
1.078371813363233488e-04 1.737931034482758719e+02 8.017734088347672048e-40
1.717722863089567891e-04 1.737931034482758719e+02 1.003755288819859619e-39
2.736135902122996313e-04 1.737931034482758719e+02 1.251306406829536661e-39
4.358351300873408870e-04 1.737931034482758719e+02 1.556893945600998212e-39
6.942354744545533056e-04 1.737931034482758719e+02 1.926361799302333226e-39
1.105837645291589616e-03 1.737931034482758719e+02 2.375489383284660137e-39
1.761472789480881531e-03 1.737931034482758719e+02 2.911526664370911644e-39
2.805824527038428690e-03 1.737931034482758719e+02 3.556270211772179282e-39
4.469357303470210090e-03 1.737931034482758719e+02 4.303180670725596240e-39
7.119174600403985892e-03 1.737931034482758719e+02 5.187928612867695795e-39
1.134003024365157902e-02 1.737931034482758719e+02 6.210525756297754017e-39
1.806337014401007690e-02 1.737931034482758719e+02 7.446476683669581711e-39
2.877288101962317823e-02 1.737931034482758719e+02 8.936906948737859195e-39
4.583190598261207421e-02 1.737931034482758719e+02 1.064109929456017776e-38
7.300498009102399100e-02 1.737931034482758719e+02 1.287923997875159989e-38
1.162885767856308566e-01 1.737931034482758719e+02 6.156570616197257251e-38
1.852343918725382621e-01 1.737931034482758719e+02 1.763804137160253040e-37
2.950571834380621983e-01 1.737931034482758719e+02 1.721481377238892882e-38
4.699923195596870107e-01 1.737931034482758719e+02 1.510663367112948032e-43
7.486439674886415929e-01 1.737931034482758719e+02 0.000000000000000000e+00
9.999999999999999547e-08 1.800000000000000000e+02 0.000000000000000000e+00
1.592885535214725096e-07 1.800000000000000000e+02 0.000000000000000000e+00
2.537284328296300856e-07 1.800000000000000000e+02 4.577410294000463391e-56
4.041603505270179570e-07 1.800000000000000000e+02 0.000000000000000000e+00
6.437811762617998739e-07 1.800000000000000000e+02 7.284636100998361798e-56
1.025469723510942276e-06 1.800000000000000000e+02 0.000000000000000000e+00
1.633455889381223358e-06 1.800000000000000000e+02 0.000000000000000000e+00
2.601908258606654861e-06 1.800000000000000000e+02 1.461202800371149315e-55
4.144542029090266371e-06 1.800000000000000000e+02 0.000000000000000000e+00
6.601781048227371505e-06 1.800000000000000000e+02 2.316578670917894422e-55
1.051588153837608446e-05 1.800000000000000000e+02 2.915698237287906489e-55
1.675059559251080012e-05 1.800000000000000000e+02 3.668799277804494693e-55
2.668178142554203833e-05 1.800000000000000000e+02 0.000000000000000000e+00
4.250102368650674752e-05 1.800000000000000000e+02 0.000000000000000000e+00
6.769926586205501733e-05 1.800000000000000000e+02 0.000000000000000000e+00
1.078371813363233488e-04 1.800000000000000000e+02 9.077961062919989369e-55
1.717722863089567891e-04 1.800000000000000000e+02 0.000000000000000000e+00
2.736135902122996313e-04 1.800000000000000000e+02 0.000000000000000000e+00
4.358351300873408870e-04 1.800000000000000000e+02 0.000000000000000000e+00
6.942354744545533056e-04 1.800000000000000000e+02 0.000000000000000000e+00
1.105837645291589616e-03 1.800000000000000000e+02 0.000000000000000000e+00
1.761472789480881531e-03 1.800000000000000000e+02 0.000000000000000000e+00
2.805824527038428690e-03 1.800000000000000000e+02 4.012375181839174111e-54
4.469357303470210090e-03 1.800000000000000000e+02 0.000000000000000000e+00
7.119174600403985892e-03 1.800000000000000000e+02 0.000000000000000000e+00
1.134003024365157902e-02 1.800000000000000000e+02 7.028581409453916500e-54
1.806337014401007690e-02 1.800000000000000000e+02 8.394721682425867152e-54
2.877288101962317823e-02 1.800000000000000000e+02 0.000000000000000000e+00
4.583190598261207421e-02 1.800000000000000000e+02 0.000000000000000000e+00
7.300498009102399100e-02 1.800000000000000000e+02 0.000000000000000000e+00
1.162885767856308566e-01 1.800000000000000000e+02 0.000000000000000000e+00
1.852343918725382621e-01 1.800000000000000000e+02 1.986593738100729750e-52
2.950571834380621983e-01 1.800000000000000000e+02 0.000000000000000000e+00
4.699923195596870107e-01 1.800000000000000000e+02 0.000000000000000000e+00
7.486439674886415929e-01 1.800000000000000000e+02 0.000000000000000000e+00
