# atom 56: Tchi 0.727895384398315 [GeV]; m_chi = 0.05 [GeV]; mS = 0.2 [GeV]; gchi =0.01; gN = 0.01
# Tchi^prime [GeV], theta [degree] ,dsigma/dTchip dtheta [cm^2/GeV]
9.999999999999999547e-08 0.000000000000000000e+00 0.000000000000000000e+00
1.589170043120434247e-07 0.000000000000000000e+00 0.000000000000000000e+00
2.525461425951398039e-07 0.000000000000000000e+00 0.000000000000000000e+00
4.013387643178177027e-07 0.000000000000000000e+00 0.000000000000000000e+00
6.377955413968468786e-07 0.000000000000000000e+00 0.000000000000000000e+00
1.013565568023647843e-06 0.000000000000000000e+00 0.000000000000000000e+00
1.610728037441528044e-06 0.000000000000000000e+00 0.000000000000000000e+00
2.559720744716240578e-06 0.000000000000000000e+00 0.000000000000000000e+00
4.067831526256969944e-06 0.000000000000000000e+00 0.000000000000000000e+00
6.464476001988451219e-06 0.000000000000000000e+00 0.000000000000000000e+00
1.027315160683099963e-05 0.000000000000000000e+00 0.000000000000000000e+00
1.632578478201034619e-05 0.000000000000000000e+00 0.000000000000000000e+00
2.594444810600231066e-05 0.000000000000000000e+00 0.000000000000000000e+00
4.123013971535156901e-05 0.000000000000000000e+00 0.000000000000000000e+00
6.552170290930664552e-05 0.000000000000000000e+00 0.000000000000000000e+00
1.041251274377070308e-04 0.000000000000000000e+00 0.000000000000000000e+00
1.654725332601014178e-04 0.000000000000000000e+00 0.000000000000000000e+00
2.629639928162026317e-04 0.000000000000000000e+00 0.000000000000000000e+00
4.178944998028459004e-04 0.000000000000000000e+00 0.000000000000000000e+00
6.641054202714802811e-04 0.000000000000000000e+00 0.000000000000000000e+00
1.055376439369341271e-03 0.000000000000000000e+00 0.000000000000000000e+00
1.677172621660866659e-03 0.000000000000000000e+00 0.000000000000000000e+00
2.665312487485205824e-03 0.000000000000000000e+00 0.000000000000000000e+00
4.235634760666296718e-03 0.000000000000000000e+00 0.000000000000000000e+00
6.731143875250469519e-03 0.000000000000000000e+00 0.000000000000000000e+00
1.069693220248161408e-02 0.000000000000000000e+00 0.000000000000000000e+00
1.699924420947407019e-02 0.000000000000000000e+00 0.000000000000000000e+00
2.701468965338464645e-02 0.000000000000000000e+00 0.000000000000000000e+00
4.293093552135442831e-02 0.000000000000000000e+00 0.000000000000000000e+00
6.822455665367126165e-02 0.000000000000000000e+00 0.000000000000000000e+00
1.084204216391872894e-01 0.000000000000000000e+00 0.000000000000000000e+00
1.722984861314825755e-01 0.000000000000000000e+00 0.000000000000000000e+00
2.738115926351536999e-01 0.000000000000000000e+00 0.000000000000000000e+00
4.351331804748820309e-01 0.000000000000000000e+00 0.000000000000000000e+00
6.915006151783992250e-01 0.000000000000000000e+00 0.000000000000000000e+00
9.999999999999999547e-08 6.206896551724137900e+00 3.382693206672842942e-41
1.589170043120434247e-07 6.206896551724137900e+00 4.262669172903953998e-41
2.525461425951398039e-07 6.206896551724137900e+00 5.394551363031000414e-41
4.013387643178177027e-07 6.206896551724137900e+00 6.801008189343812851e-41
6.377955413968468786e-07 6.206896551724137900e+00 8.563161806600285546e-41
1.013565568023647843e-06 6.206896551724137900e+00 1.078645642286131633e-40
1.610728037441528044e-06 6.206896551724137900e+00 1.360260752717669040e-40
2.559720744716240578e-06 6.206896551724137900e+00 1.720026256373487955e-40
4.067831526256969944e-06 6.206896551724137900e+00 2.170384345040760854e-40
6.464476001988451219e-06 6.206896551724137900e+00 2.736987944964664144e-40
1.027315160683099963e-05 6.206896551724137900e+00 3.458580715705427758e-40
1.632578478201034619e-05 6.206896551724137900e+00 4.363228313142851278e-40
2.594444810600231066e-05 6.206896551724137900e+00 5.528425629665735662e-40
4.123013971535156901e-05 6.206896551724137900e+00 6.989517567872769054e-40
6.552170290930664552e-05 6.206896551724137900e+00 8.826063745593833663e-40
1.041251274377070308e-04 6.206896551724137900e+00 1.119908058710960157e-39
1.654725332601014178e-04 6.206896551724137900e+00 1.425738030223311009e-39
2.629639928162026317e-04 6.206896551724137900e+00 1.808304033203936558e-39
4.178944998028459004e-04 6.206896551724137900e+00 2.308524920783107788e-39
6.641054202714802811e-04 6.206896551724137900e+00 2.951651785028972812e-39
1.055376439369341271e-03 6.206896551724137900e+00 3.795813623358520362e-39
1.677172621660866659e-03 6.206896551724137900e+00 4.894207941692826638e-39
2.665312487485205824e-03 6.206896551724137900e+00 6.351745851730951227e-39
4.235634760666296718e-03 6.206896551724137900e+00 8.325327992224930879e-39
6.731143875250469519e-03 6.206896551724137900e+00 1.102609358870687115e-38
1.069693220248161408e-02 6.206896551724137900e+00 1.481982364343655044e-38
1.699924420947407019e-02 6.206896551724137900e+00 2.020410319309991085e-38
2.701468965338464645e-02 6.206896551724137900e+00 2.846121998525876997e-38
4.293093552135442831e-02 6.206896551724137900e+00 4.113055793832042353e-38
6.822455665367126165e-02 6.206896551724137900e+00 6.300326134057649914e-38
1.084204216391872894e-01 6.206896551724137900e+00 1.047200836853201663e-37
1.722984861314825755e-01 6.206896551724137900e+00 2.014718804018186855e-37
2.738115926351536999e-01 6.206896551724137900e+00 4.930423679201395724e-37
4.351331804748820309e-01 6.206896551724137900e+00 0.000000000000000000e+00
6.915006151783992250e-01 6.206896551724137900e+00 0.000000000000000000e+00
9.999999999999999547e-08 1.241379310344827580e+01 6.750955938113668569e-41
1.589170043120434247e-07 1.241379310344827580e+01 8.477430733251841140e-41
2.525461425951398039e-07 1.241379310344827580e+01 1.071707042614750163e-40
4.013387643178177027e-07 1.241379310344827580e+01 1.346901533750817127e-40
6.377955413968468786e-07 1.241379310344827580e+01 1.702482028311615082e-40
1.013565568023647843e-06 1.241379310344827580e+01 2.149232996700091926e-40
1.610728037441528044e-06 1.241379310344827580e+01 2.707696399009800858e-40
2.559720744716240578e-06 1.241379310344827580e+01 3.416246189944000905e-40
4.067831526256969944e-06 1.241379310344827580e+01 4.306830136868666691e-40
6.464476001988451219e-06 1.241379310344827580e+01 5.438590689311783359e-40
1.027315160683099963e-05 1.241379310344827580e+01 6.859570570194941168e-40
1.632578478201034619e-05 1.241379310344827580e+01 8.641354304379864679e-40
2.594444810600231066e-05 1.241379310344827580e+01 1.096361477225323972e-39
4.123013971535156901e-05 1.241379310344827580e+01 1.389030679339323761e-39
6.552170290930664552e-05 1.241379310344827580e+01 1.758989778871926015e-39
1.041251274377070308e-04 1.241379310344827580e+01 2.230403611163291127e-39
1.654725332601014178e-04 1.241379310344827580e+01 2.831115289013585524e-39
2.629639928162026317e-04 1.241379310344827580e+01 3.601149529886931837e-39
4.178944998028459004e-04 1.241379310344827580e+01 4.589425188309931958e-39
6.641054202714802811e-04 1.241379310344827580e+01 5.867164061130714292e-39
1.055376439369341271e-03 1.241379310344827580e+01 7.541937998928456207e-39
1.677172621660866659e-03 1.241379310344827580e+01 9.713966816212420666e-39
2.665312487485205824e-03 1.241379310344827580e+01 1.263457834830228568e-38
4.235634760666296718e-03 1.241379310344827580e+01 1.652176354317139548e-38
6.731143875250469519e-03 1.241379310344827580e+01 2.184393831775231215e-38
1.069693220248161408e-02 1.241379310344827580e+01 2.932456748695209106e-38
1.699924420947407019e-02 1.241379310344827580e+01 4.012784524373872037e-38
2.701468965338464645e-02 1.241379310344827580e+01 5.616701963796386350e-38
4.293093552135442831e-02 1.241379310344827580e+01 8.173976643179389283e-38
6.822455665367126165e-02 1.241379310344827580e+01 1.264516439498172780e-37
1.084204216391872894e-01 1.241379310344827580e+01 2.153154144861117688e-37
1.722984861314825755e-01 1.241379310344827580e+01 4.284231804012135170e-37
2.738115926351536999e-01 1.241379310344827580e+01 1.091158217689839025e-36
4.351331804748820309e-01 1.241379310344827580e+01 0.000000000000000000e+00
6.915006151783992250e-01 1.241379310344827580e+01 0.000000000000000000e+00
9.999999999999999547e-08 1.862068965517241281e+01 9.987712216897933041e-41
1.589170043120434247e-07 1.862068965517241281e+01 1.261333984774591265e-40
2.525461425951398039e-07 1.862068965517241281e+01 1.590036976443719380e-40
4.013387643178177027e-07 1.862068965517241281e+01 2.002615086614217673e-40
6.377955413968468786e-07 1.862068965517241281e+01 2.523304184341247101e-40
1.013565568023647843e-06 1.862068965517241281e+01 3.186294892896670112e-40
1.610728037441528044e-06 1.862068965517241281e+01 4.018622245756127794e-40
2.559720744716240578e-06 1.862068965517241281e+01 5.074347032915439637e-40
4.067831526256969944e-06 1.862068965517241281e+01 6.409554226465344825e-40
6.464476001988451219e-06 1.862068965517241281e+01 8.068332610654550869e-40
1.027315160683099963e-05 1.862068965517241281e+01 1.019601492473005290e-39
1.632578478201034619e-05 1.862068965517241281e+01 1.288738470356193479e-39
2.594444810600231066e-05 1.862068965517241281e+01 1.630460506444505159e-39
4.123013971535156901e-05 1.862068965517241281e+01 2.065656987890746246e-39
6.552170290930664552e-05 1.862068965517241281e+01 2.615283646082974916e-39
1.041251274377070308e-04 1.862068965517241281e+01 3.306180855400125885e-39
1.654725332601014178e-04 1.862068965517241281e+01 4.206642381875746425e-39
2.629639928162026317e-04 1.862068965517241281e+01 5.340682836937713525e-39
4.178944998028459004e-04 1.862068965517241281e+01 6.793409264573894034e-39
6.641054202714802811e-04 1.862068965517241281e+01 8.678841595427532376e-39
1.055376439369341271e-03 1.862068965517241281e+01 1.115264395196901510e-38
1.677172621660866659e-03 1.862068965517241281e+01 1.438534090313339091e-38
2.665312487485205824e-03 1.862068965517241281e+01 1.867119755556298328e-38
4.235634760666296718e-03 1.862068965517241281e+01 2.439647731618074015e-38
6.731143875250469519e-03 1.862068965517241281e+01 3.230484470159240196e-38
1.069693220248161408e-02 1.862068965517241281e+01 4.321967228682493086e-38
1.699924420947407019e-02 1.862068965517241281e+01 5.902715733972048370e-38
2.701468965338464645e-02 1.862068965517241281e+01 8.297109171448852903e-38
4.293093552135442831e-02 1.862068965517241281e+01 1.210571362118597582e-37
6.822455665367126165e-02 1.862068965517241281e+01 1.886862114232911737e-37
1.084204216391872894e-01 1.862068965517241281e+01 3.249887586476318690e-37
1.722984861314825755e-01 1.862068965517241281e+01 6.502372969609959252e-37
2.738115926351536999e-01 1.862068965517241281e+01 1.631111883261257028e-36
4.351331804748820309e-01 1.862068965517241281e+01 5.938443359323486205e-36
6.915006151783992250e-01 1.862068965517241281e+01 0.000000000000000000e+00
9.999999999999999547e-08 2.482758620689655160e+01 1.312902399235712827e-40
1.589170043120434247e-07 2.482758620689655160e+01 1.654601628403729407e-40
2.525461425951398039e-07 2.482758620689655160e+01 2.095273624097231656e-40
4.013387643178177027e-07 2.482758620689655160e+01 2.637910811863245647e-40
6.377955413968468786e-07 2.482758620689655160e+01 3.320555603268025514e-40
1.013565568023647843e-06 2.482758620689655160e+01 4.191441459786658687e-40
1.610728037441528044e-06 2.482758620689655160e+01 5.297432067573474860e-40
2.559720744716240578e-06 2.482758620689655160e+01 6.656519915292406704e-40
4.067831526256969944e-06 2.482758620689655160e+01 8.422498070231915821e-40
6.464476001988451219e-06 2.482758620689655160e+01 1.062947919940365855e-39
1.027315160683099963e-05 2.482758620689655160e+01 1.339475463620229929e-39
1.632578478201034619e-05 2.482758620689655160e+01 1.694746757204999543e-39
2.594444810600231066e-05 2.482758620689655160e+01 2.139452750978689765e-39
4.123013971535156901e-05 2.482758620689655160e+01 2.708271005787768433e-39
6.552170290930664552e-05 2.482758620689655160e+01 3.427037346939969916e-39
1.041251274377070308e-04 2.482758620689655160e+01 4.345359885574514161e-39
1.654725332601014178e-04 2.482758620689655160e+01 5.509844128891453973e-39
2.629639928162026317e-04 2.482758620689655160e+01 6.994616268464542288e-39
4.178944998028459004e-04 2.482758620689655160e+01 8.916010550884860522e-39
6.641054202714802811e-04 2.482758620689655160e+01 1.139254321410207286e-38
1.055376439369341271e-03 2.482758620689655160e+01 1.463073576060894566e-38
1.677172621660866659e-03 2.482758620689655160e+01 1.881305571643015722e-38
2.665312487485205824e-03 2.482758620689655160e+01 2.445321102179170389e-38
4.235634760666296718e-03 2.482758620689655160e+01 3.189276625309192159e-38
6.731143875250469519e-03 2.482758620689655160e+01 4.213917537078594144e-38
1.069693220248161408e-02 2.482758620689655160e+01 5.622171031086513925e-38
1.699924420947407019e-02 2.482758620689655160e+01 7.676425956987958276e-38
2.701468965338464645e-02 2.482758620689655160e+01 1.075936004987544721e-37
4.293093552135442831e-02 2.482758620689655160e+01 1.575366987383325421e-37
6.822455665367126165e-02 2.482758620689655160e+01 2.449677308474544749e-37
1.084204216391872894e-01 2.482758620689655160e+01 4.194595405071019060e-37
1.722984861314825755e-01 2.482758620689655160e+01 8.208414825944735720e-37
2.738115926351536999e-01 2.482758620689655160e+01 1.960559942682447917e-36
4.351331804748820309e-01 2.482758620689655160e+01 6.533571966922979660e-36
6.915006151783992250e-01 2.482758620689655160e+01 0.000000000000000000e+00
9.999999999999999547e-08 3.103448275862069039e+01 1.618204643599701523e-40
1.589170043120434247e-07 3.103448275862069039e+01 2.030300904244911827e-40
2.525461425951398039e-07 3.103448275862069039e+01 2.559999235578312962e-40
4.013387643178177027e-07 3.103448275862069039e+01 3.236361986046504801e-40
6.377955413968468786e-07 3.103448275862069039e+01 4.074451194407240726e-40
1.013565568023647843e-06 3.103448275862069039e+01 5.145276046950910081e-40
1.610728037441528044e-06 3.103448275862069039e+01 6.479722979058422785e-40
2.559720744716240578e-06 3.103448275862069039e+01 8.182731799804842306e-40
4.067831526256969944e-06 3.103448275862069039e+01 1.031673309359670029e-39
6.464476001988451219e-06 3.103448275862069039e+01 1.305356388868082087e-39
1.027315160683099963e-05 3.103448275862069039e+01 1.645045355331355845e-39
1.632578478201034619e-05 3.103448275862069039e+01 2.076880574230606734e-39
2.594444810600231066e-05 3.103448275862069039e+01 2.623071690529066694e-39
4.123013971535156901e-05 3.103448275862069039e+01 3.318988153902424497e-39
6.552170290930664552e-05 3.103448275862069039e+01 4.199390072718668352e-39
1.041251274377070308e-04 3.103448275862069039e+01 5.337559425209003716e-39
1.654725332601014178e-04 3.103448275862069039e+01 6.764526855383005920e-39
2.629639928162026317e-04 3.103448275862069039e+01 8.600335623499203923e-39
4.178944998028459004e-04 3.103448275862069039e+01 1.090250482042711494e-38
6.641054202714802811e-04 3.103448275862069039e+01 1.393624922095508942e-38
1.055376439369341271e-03 3.103448275862069039e+01 1.787907470912233546e-38
1.677172621660866659e-03 3.103448275862069039e+01 2.299077551279988432e-38
2.665312487485205824e-03 3.103448275862069039e+01 2.976088823023350428e-38
4.235634760666296718e-03 3.103448275862069039e+01 3.875643557683074382e-38
6.731143875250469519e-03 3.103448275862069039e+01 5.115762259078019149e-38
1.069693220248161408e-02 3.103448275862069039e+01 6.826206338192178221e-38
1.699924420947407019e-02 3.103448275862069039e+01 9.266542321332415655e-38
2.701468965338464645e-02 3.103448275862069039e+01 1.299045847189203222e-37
4.293093552135442831e-02 3.103448275862069039e+01 1.888434682780955727e-37
6.822455665367126165e-02 3.103448275862069039e+01 2.916588879699865922e-37
1.084204216391872894e-01 3.103448275862069039e+01 4.900032067719498320e-37
1.722984861314825755e-01 3.103448275862069039e+01 9.264013821098227828e-37
2.738115926351536999e-01 3.103448275862069039e+01 2.111724807150541268e-36
4.351331804748820309e-01 3.103448275862069039e+01 6.555873139934060062e-36
6.915006151783992250e-01 3.103448275862069039e+01 9.192434529043420104e-36
9.999999999999999547e-08 3.724137931034482563e+01 1.893759186267041286e-40
1.589170043120434247e-07 3.724137931034482563e+01 2.384461388349650320e-40
2.525461425951398039e-07 3.724137931034482563e+01 3.009741866463838078e-40
4.013387643178177027e-07 3.724137931034482563e+01 3.788437032258940266e-40
6.377955413968468786e-07 3.724137931034482563e+01 4.785651349784672337e-40
1.013565568023647843e-06 3.724137931034482563e+01 6.047259054203713710e-40
1.610728037441528044e-06 3.724137931034482563e+01 7.599626163236987872e-40
2.559720744716240578e-06 3.724137931034482563e+01 9.600566513280630117e-40
4.067831526256969944e-06 3.724137931034482563e+01 1.212621397731480440e-39
6.464476001988451219e-06 3.724137931034482563e+01 1.528847148245538965e-39
1.027315160683099963e-05 3.724137931034482563e+01 1.933367156797204069e-39
1.632578478201034619e-05 3.724137931034482563e+01 2.436039496412058101e-39
2.594444810600231066e-05 3.724137931034482563e+01 3.084842346057614877e-39
4.123013971535156901e-05 3.724137931034482563e+01 3.896315514374973520e-39
6.552170290930664552e-05 3.724137931034482563e+01 4.922610337225705437e-39
1.041251274377070308e-04 3.724137931034482563e+01 6.239172026592718473e-39
1.654725332601014178e-04 3.724137931034482563e+01 7.907566030332369305e-39
2.629639928162026317e-04 3.724137931034482563e+01 1.005269894156959047e-38
4.178944998028459004e-04 3.724137931034482563e+01 1.275786418618748316e-38
6.641054202714802811e-04 3.724137931034482563e+01 1.631867575798802030e-38
1.055376439369341271e-03 3.724137931034482563e+01 2.086950347151422148e-38
1.677172621660866659e-03 3.724137931034482563e+01 2.676353192722667493e-38
2.665312487485205824e-03 3.724137931034482563e+01 3.470728990273172369e-38
4.235634760666296718e-03 3.724137931034482563e+01 4.513767727248627435e-38
6.731143875250469519e-03 3.724137931034482563e+01 5.929604242099182718e-38
1.069693220248161408e-02 3.724137931034482563e+01 7.875729393622069312e-38
1.699924420947407019e-02 3.724137931034482563e+01 1.066287822955366809e-37
2.701468965338464645e-02 3.724137931034482563e+01 1.484111809216325706e-37
4.293093552135442831e-02 3.724137931034482563e+01 2.146530232768153953e-37
6.822455665367126165e-02 3.724137931034482563e+01 3.261329002189757416e-37
1.084204216391872894e-01 3.724137931034482563e+01 5.329438661587618768e-37
1.722984861314825755e-01 3.724137931034482563e+01 9.685442614209250849e-37
2.738115926351536999e-01 3.724137931034482563e+01 2.127186600335750359e-36
4.351331804748820309e-01 3.724137931034482563e+01 8.299629566524617946e-36
6.915006151783992250e-01 3.724137931034482563e+01 0.000000000000000000e+00
9.999999999999999547e-08 4.344827586206896797e+01 2.148577311588284195e-40
1.589170043120434247e-07 4.344827586206896797e+01 2.711007985357764249e-40
2.525461425951398039e-07 4.344827586206896797e+01 3.415772566616445890e-40
4.013387643178177027e-07 4.344827586206896797e+01 4.313801080057079780e-40
6.377955413968468786e-07 4.344827586206896797e+01 5.433996142809352505e-40
1.013565568023647843e-06 4.344827586206896797e+01 6.850422491286869742e-40
1.610728037441528044e-06 4.344827586206896797e+01 8.655758583800209677e-40
2.559720744716240578e-06 4.344827586206896797e+01 1.092394005934357533e-39
4.067831526256969944e-06 4.344827586206896797e+01 1.379630338421168561e-39
6.464476001988451219e-06 4.344827586206896797e+01 1.740532904901135928e-39
1.027315160683099963e-05 4.344827586206896797e+01 2.191332459480423440e-39
1.632578478201034619e-05 4.344827586206896797e+01 2.775801674567602824e-39
2.594444810600231066e-05 4.344827586206896797e+01 3.490774802531623675e-39
4.123013971535156901e-05 4.344827586206896797e+01 4.420723223408909898e-39
6.552170290930664552e-05 4.344827586206896797e+01 5.596140305770926720e-39
1.041251274377070308e-04 4.344827586206896797e+01 7.076914352329665319e-39
1.654725332601014178e-04 4.344827586206896797e+01 8.957283268190246229e-39
2.629639928162026317e-04 4.344827586206896797e+01 1.139944618960587288e-38
4.178944998028459004e-04 4.344827586206896797e+01 1.448609161147673074e-38
6.641054202714802811e-04 4.344827586206896797e+01 1.844091175822705753e-38
1.055376439369341271e-03 4.344827586206896797e+01 2.357411699970767076e-38
1.677172621660866659e-03 4.344827586206896797e+01 3.025860031389765162e-38
2.665312487485205824e-03 4.344827586206896797e+01 3.887287906269073196e-38
4.235634760666296718e-03 4.344827586206896797e+01 5.052480805037551472e-38
6.731143875250469519e-03 4.344827586206896797e+01 6.624773388070497963e-38
1.069693220248161408e-02 4.344827586206896797e+01 8.779349222186222170e-38
1.699924420947407019e-02 4.344827586206896797e+01 1.184009547165413274e-37
2.701468965338464645e-02 4.344827586206896797e+01 1.636506452498923851e-37
4.293093552135442831e-02 4.344827586206896797e+01 2.330591116768685982e-37
6.822455665367126165e-02 4.344827586206896797e+01 3.478837678448754255e-37
1.084204216391872894e-01 4.344827586206896797e+01 5.540357359530783868e-37
1.722984861314825755e-01 4.344827586206896797e+01 9.723834477860118422e-37
2.738115926351536999e-01 4.344827586206896797e+01 2.044032947221892149e-36
4.351331804748820309e-01 4.344827586206896797e+01 1.666132449895845894e-35
6.915006151783992250e-01 4.344827586206896797e+01 0.000000000000000000e+00
9.999999999999999547e-08 4.965517241379310320e+01 2.385698102725118269e-40
1.589170043120434247e-07 4.965517241379310320e+01 3.006336026284329516e-40
2.525461425951398039e-07 4.965517241379310320e+01 3.794981664429526763e-40
4.013387643178177027e-07 4.965517241379310320e+01 4.786446235771853883e-40
6.377955413968468786e-07 4.965517241379310320e+01 6.036938703105041035e-40
1.013565568023647843e-06 4.965517241379310320e+01 7.614998191179150453e-40
1.610728037441528044e-06 4.965517241379310320e+01 9.591311164367734816e-40
2.559720744716240578e-06 4.965517241379310320e+01 1.209108425203352948e-39
4.067831526256969944e-06 4.965517241379310320e+01 1.525395504689053795e-39
6.464476001988451219e-06 4.965517241379310320e+01 1.925981607206676429e-39
1.027315160683099963e-05 4.965517241379310320e+01 2.424544098817363461e-39
1.632578478201034619e-05 4.965517241379310320e+01 3.068076748984338660e-39
2.594444810600231066e-05 4.965517241379310320e+01 3.873743997639108452e-39
4.123013971535156901e-05 4.965517241379310320e+01 4.897921028451480356e-39
6.552170290930664552e-05 4.965517241379310320e+01 6.190958941722856583e-39
1.041251274377070308e-04 4.965517241379310320e+01 7.829636215661816044e-39
1.654725332601014178e-04 4.965517241379310320e+01 9.892419585177605214e-39
2.629639928162026317e-04 4.965517241379310320e+01 1.255693999438620589e-38
4.178944998028459004e-04 4.965517241379310320e+01 1.594133386254069269e-38
6.641054202714802811e-04 4.965517241379310320e+01 2.028016751948309416e-38
1.055376439369341271e-03 4.965517241379310320e+01 2.593365897962116721e-38
1.677172621660866659e-03 4.965517241379310320e+01 3.325530915918443346e-38
2.665312487485205824e-03 4.965517241379310320e+01 4.271504332218859697e-38
4.235634760666296718e-03 4.965517241379310320e+01 5.524252658450433058e-38
6.731143875250469519e-03 4.965517241379310320e+01 7.221818013125518033e-38
1.069693220248161408e-02 4.965517241379310320e+01 9.492545622315001392e-38
1.699924420947407019e-02 4.965517241379310320e+01 1.275092398717947237e-37
2.701468965338464645e-02 4.965517241379310320e+01 1.739725025926549139e-37
4.293093552135442831e-02 4.965517241379310320e+01 2.452137405664525419e-37
6.822455665367126165e-02 4.965517241379310320e+01 3.587384537368113305e-37
1.084204216391872894e-01 4.965517241379310320e+01 5.560111417724350044e-37
1.722984861314825755e-01 4.965517241379310320e+01 9.516145481544711819e-37
2.738115926351536999e-01 4.965517241379310320e+01 1.908725034860234038e-36
4.351331804748820309e-01 4.965517241379310320e+01 3.141126558859212207e-35
6.915006151783992250e-01 4.965517241379310320e+01 0.000000000000000000e+00
9.999999999999999547e-08 5.586206896551724554e+01 2.593163500144608001e-40
1.589170043120434247e-07 5.586206896551724554e+01 3.268219970255180394e-40
2.525461425951398039e-07 5.586206896551724554e+01 4.117554448008559444e-40
4.013387643178177027e-07 5.586206896551724554e+01 5.189227556737545660e-40
6.377955413968468786e-07 5.586206896551724554e+01 6.545212709244301937e-40
1.013565568023647843e-06 5.586206896551724554e+01 8.263067979739880026e-40
1.610728037441528044e-06 5.586206896551724554e+01 1.037885040029243353e-39
2.559720744716240578e-06 5.586206896551724554e+01 1.312063657295369485e-39
4.067831526256969944e-06 5.586206896551724554e+01 1.655740823465148857e-39
6.464476001988451219e-06 5.586206896551724554e+01 2.085606564862864797e-39
1.027315160683099963e-05 5.586206896551724554e+01 2.629453900013347291e-39
1.632578478201034619e-05 5.586206896551724554e+01 3.333117583064343288e-39
2.594444810600231066e-05 5.586206896551724554e+01 4.206402196388775268e-39
4.123013971535156901e-05 5.586206896551724554e+01 5.304643719254841098e-39
6.552170290930664552e-05 5.586206896551724554e+01 6.712276266715149309e-39
1.041251274377070308e-04 5.586206896551724554e+01 8.494645334055233368e-39
1.654725332601014178e-04 5.586206896551724554e+01 1.072307514925309257e-38
2.629639928162026317e-04 5.586206896551724554e+01 1.359303040815775452e-38
4.178944998028459004e-04 5.586206896551724554e+01 1.725937950262557213e-38
6.641054202714802811e-04 5.586206896551724554e+01 2.197086668756571215e-38
1.055376439369341271e-03 5.586206896551724554e+01 2.791646715684269732e-38
1.677172621660866659e-03 5.586206896551724554e+01 3.574722648000076194e-38
2.665312487485205824e-03 5.586206896551724554e+01 4.580243641779484762e-38
4.235634760666296718e-03 5.586206896551724554e+01 5.900893147213775493e-38
6.731143875250469519e-03 5.586206896551724554e+01 7.692169874460406853e-38
1.069693220248161408e-02 5.586206896551724554e+01 1.006332641526708846e-37
1.699924420947407019e-02 5.586206896551724554e+01 1.339612444484769848e-37
2.701468965338464645e-02 5.586206896551724554e+01 1.811861707850437055e-37
4.293093552135442831e-02 5.586206896551724554e+01 2.507286910552228426e-37
6.822455665367126165e-02 5.586206896551724554e+01 3.611090170712221802e-37
1.084204216391872894e-01 5.586206896551724554e+01 5.465009387224989210e-37
1.722984861314825755e-01 5.586206896551724554e+01 9.159382809119042315e-37
2.738115926351536999e-01 5.586206896551724554e+01 1.739529363480917934e-36
4.351331804748820309e-01 5.586206896551724554e+01 3.960692723462331534e-35
6.915006151783992250e-01 5.586206896551724554e+01 0.000000000000000000e+00
9.999999999999999547e-08 6.206896551724138078e+01 2.764649820317833045e-40
1.589170043120434247e-07 6.206896551724138078e+01 3.485101120632312995e-40
2.525461425951398039e-07 6.206896551724138078e+01 4.393062734709790525e-40
4.013387643178177027e-07 6.206896551724138078e+01 5.540380889436453705e-40
6.377955413968468786e-07 6.206896551724138078e+01 6.987218868946701000e-40
1.013565568023647843e-06 6.206896551724138078e+01 8.819902092618447390e-40
1.610728037441528044e-06 6.206896551724138078e+01 1.111947637420749642e-39
2.559720744716240578e-06 6.206896551724138078e+01 1.400541937753544516e-39
4.067831526256969944e-06 6.206896551724138078e+01 1.769764146649848941e-39
6.464476001988451219e-06 6.206896551724138078e+01 2.227677029515174171e-39
1.027315160683099963e-05 6.206896551724138078e+01 2.815393731769740704e-39
1.632578478201034619e-05 6.206896551724138078e+01 3.545818446287768194e-39
2.594444810600231066e-05 6.206896551724138078e+01 4.468847372673889054e-39
4.123013971535156901e-05 6.206896551724138078e+01 5.658708801384883049e-39
6.552170290930664552e-05 6.206896551724138078e+01 7.143601948621364774e-39
1.041251274377070308e-04 6.206896551724138078e+01 9.029281097088132536e-39
1.654725332601014178e-04 6.206896551724138078e+01 1.140266590841282620e-38
2.629639928162026317e-04 6.206896551724138078e+01 1.446089064508867928e-38
4.178944998028459004e-04 6.206896551724138078e+01 1.830249490296974932e-38
6.641054202714802811e-04 6.206896551724138078e+01 2.324368719108637291e-38
1.055376439369341271e-03 6.206896551724138078e+01 2.963609079911797144e-38
1.677172621660866659e-03 6.206896551724138078e+01 3.771770859857328940e-38
2.665312487485205824e-03 6.206896551724138078e+01 4.822243982645442650e-38
4.235634760666296718e-03 6.206896551724138078e+01 6.200571974430668693e-38
6.731143875250469519e-03 6.206896551724138078e+01 8.037349827703593795e-38
1.069693220248161408e-02 6.206896551724138078e+01 1.046530074945587579e-37
1.699924420947407019e-02 6.206896551724138078e+01 1.380096203154008836e-37
2.701468965338464645e-02 6.206896551724138078e+01 1.842812353292051653e-37
4.293093552135442831e-02 6.206896551724138078e+01 2.524028372654471043e-37
6.822455665367126165e-02 6.206896551724138078e+01 3.562709049351603026e-37
1.084204216391872894e-01 6.206896551724138078e+01 5.283637393079366462e-37
1.722984861314825755e-01 6.206896551724138078e+01 8.707786210835957865e-37
2.738115926351536999e-01 6.206896551724138078e+01 1.624219948270490582e-36
4.351331804748820309e-01 6.206896551724138078e+01 3.433733082257320401e-35
6.915006151783992250e-01 6.206896551724138078e+01 0.000000000000000000e+00
9.999999999999999547e-08 6.827586206896552312e+01 2.907461085817204867e-40
1.589170043120434247e-07 6.827586206896552312e+01 3.665203936903996306e-40
2.525461425951398039e-07 6.827586206896552312e+01 4.622460381394246542e-40
4.013387643178177027e-07 6.827586206896552312e+01 5.826982443295731108e-40
6.377955413968468786e-07 6.827586206896552312e+01 7.339713381344746987e-40
1.013565568023647843e-06 6.827586206896552312e+01 9.251888029489094459e-40
1.610728037441528044e-06 6.827586206896552312e+01 1.169396631722934727e-39
2.559720744716240578e-06 6.827586206896552312e+01 1.474758198547957802e-39
4.067831526256969944e-06 6.827586206896552312e+01 1.857530470710157213e-39
6.464476001988451219e-06 6.827586206896552312e+01 2.343004477685188909e-39
1.027315160683099963e-05 6.827586206896552312e+01 2.956883078795499716e-39
1.632578478201034619e-05 6.827586206896552312e+01 3.720818530805491734e-39
2.594444810600231066e-05 6.827586206896552312e+01 4.700870693860364802e-39
4.123013971535156901e-05 6.827586206896552312e+01 5.930529746206663915e-39
6.552170290930664552e-05 6.827586206896552312e+01 7.493304751262648962e-39
1.041251274377070308e-04 6.827586206896552312e+01 9.472450625980262586e-39
1.654725332601014178e-04 6.827586206896552312e+01 1.198166928417922447e-38
2.629639928162026317e-04 6.827586206896552312e+01 1.513100551653414072e-38
4.178944998028459004e-04 6.827586206896552312e+01 1.915511106039465456e-38
6.641054202714802811e-04 6.827586206896552312e+01 2.432868677973806121e-38
1.055376439369341271e-03 6.827586206896552312e+01 3.088741898787256244e-38
1.677172621660866659e-03 6.827586206896552312e+01 3.928944846877051291e-38
2.665312487485205824e-03 6.827586206896552312e+01 5.007145569298391589e-38
4.235634760666296718e-03 6.827586206896552312e+01 6.416623555956679883e-38
6.731143875250469519e-03 6.827586206896552312e+01 8.255268612237493158e-38
1.069693220248161408e-02 6.827586206896552312e+01 1.072445901476118046e-37
1.699924420947407019e-02 6.827586206896552312e+01 1.398494305634093371e-37
2.701468965338464645e-02 6.827586206896552312e+01 1.851697224992126505e-37
4.293093552135442831e-02 6.827586206896552312e+01 2.501019998468154451e-37
6.822455665367126165e-02 6.827586206896552312e+01 3.458419946021919712e-37
1.084204216391872894e-01 6.827586206896552312e+01 5.061197865238995292e-37
1.722984861314825755e-01 6.827586206896552312e+01 8.133080868278565230e-37
2.738115926351536999e-01 6.827586206896552312e+01 1.862769387712339891e-36
4.351331804748820309e-01 6.827586206896552312e+01 2.522200838991513631e-35
6.915006151783992250e-01 6.827586206896552312e+01 0.000000000000000000e+00
9.999999999999999547e-08 7.448275862068965125e+01 3.004043524979251119e-40
1.589170043120434247e-07 7.448275862068965125e+01 3.805605352776021766e-40
2.525461425951398039e-07 7.448275862068965125e+01 4.788369572312616086e-40
4.013387643178177027e-07 7.448275862068965125e+01 6.035255875521761179e-40
6.377955413968468786e-07 7.448275862068965125e+01 7.607878421103912537e-40
1.013565568023647843e-06 7.448275862068965125e+01 9.605961520344701914e-40
1.610728037441528044e-06 7.448275862068965125e+01 1.208922068458881355e-39
2.559720744716240578e-06 7.448275862068965125e+01 1.527141268954686413e-39
4.067831526256969944e-06 7.448275862068965125e+01 1.920776005938201267e-39
6.464476001988451219e-06 7.448275862068965125e+01 2.424401472110082146e-39
1.027315160683099963e-05 7.448275862068965125e+01 3.061970981394881869e-39
1.632578478201034619e-05 7.448275862068965125e+01 3.864639397107343493e-39
2.594444810600231066e-05 7.448275862068965125e+01 4.853737694863267666e-39
4.123013971535156901e-05 7.448275862068965125e+01 6.152067512134394391e-39
6.552170290930664552e-05 7.448275862068965125e+01 7.766553590014708805e-39
1.041251274377070308e-04 7.448275862068965125e+01 9.802035727870661519e-39
1.654725332601014178e-04 7.448275862068965125e+01 1.236625851737521046e-38
2.629639928162026317e-04 7.448275862068965125e+01 1.566835715852296452e-38
4.178944998028459004e-04 7.448275862068965125e+01 1.973957983793792297e-38
6.641054202714802811e-04 7.448275862068965125e+01 2.506142997191584846e-38
1.055376439369341271e-03 7.448275862068965125e+01 3.178622433870919748e-38
1.677172621660866659e-03 7.448275862068965125e+01 4.023568185434763704e-38
2.665312487485205824e-03 7.448275862068965125e+01 5.112874116574311771e-38
4.235634760666296718e-03 7.448275862068965125e+01 6.542564054836579740e-38
6.731143875250469519e-03 7.448275862068965125e+01 8.351874629617338535e-38
1.069693220248161408e-02 7.448275862068965125e+01 1.075196066839252077e-37
1.699924420947407019e-02 7.448275862068965125e+01 1.394826324952367134e-37
2.701468965338464645e-02 7.448275862068965125e+01 1.831099915293551344e-37
4.293093552135442831e-02 7.448275862068965125e+01 2.434599477145446621e-37
6.822455665367126165e-02 7.448275862068965125e+01 3.325501224362768678e-37
1.084204216391872894e-01 7.448275862068965125e+01 4.795782546879474276e-37
1.722984861314825755e-01 7.448275862068965125e+01 7.519332186297448694e-37
2.738115926351536999e-01 7.448275862068965125e+01 2.776233453491463870e-36
4.351331804748820309e-01 7.448275862068965125e+01 1.677962937315132324e-35
6.915006151783992250e-01 7.448275862068965125e+01 0.000000000000000000e+00
9.999999999999999547e-08 8.068965517241380780e+01 3.082119442565721669e-40
1.589170043120434247e-07 8.068965517241380780e+01 3.894732656553279846e-40
2.525461425951398039e-07 8.068965517241380780e+01 4.913468666812705521e-40
4.013387643178177027e-07 8.068965517241380780e+01 6.179950546265918286e-40
6.377955413968468786e-07 8.068965517241380780e+01 7.785223490969168967e-40
1.013565568023647843e-06 8.068965517241380780e+01 9.827759972849008838e-40
1.610728037441528044e-06 8.068965517241380780e+01 1.237672861811313401e-39
2.559720744716240578e-06 8.068965517241380780e+01 1.561464228196125466e-39
4.067831526256969944e-06 8.068965517241380780e+01 1.966826606505805071e-39
6.464476001988451219e-06 8.068965517241380780e+01 2.478270689083741492e-39
1.027315160683099963e-05 8.068965517241380780e+01 3.128356323717826359e-39
1.632578478201034619e-05 8.068965517241380780e+01 3.949891680081401609e-39
2.594444810600231066e-05 8.068965517241380780e+01 4.975838467060878305e-39
4.123013971535156901e-05 8.068965517241380780e+01 6.298341483742144061e-39
6.552170290930664552e-05 8.068965517241380780e+01 7.926093144988698796e-39
1.041251274377070308e-04 8.068965517241380780e+01 9.982761453612678104e-39
1.654725332601014178e-04 8.068965517241380780e+01 1.264337227679185860e-38
2.629639928162026317e-04 8.068965517241380780e+01 1.593852696043253678e-38
4.178944998028459004e-04 8.068965517241380780e+01 2.012823105345166420e-38
6.641054202714802811e-04 8.068965517241380780e+01 2.543801372663781804e-38
1.055376439369341271e-03 8.068965517241380780e+01 3.221131130082846207e-38
1.677172621660866659e-03 8.068965517241380780e+01 4.075880659332729640e-38
2.665312487485205824e-03 8.068965517241380780e+01 5.169109324114344521e-38
4.235634760666296718e-03 8.068965517241380780e+01 6.575313917486760802e-38
6.731143875250469519e-03 8.068965517241380780e+01 8.351445832422586824e-38
1.069693220248161408e-02 8.068965517241380780e+01 1.069443463742202565e-37
1.699924420947407019e-02 8.068965517241380780e+01 1.376927804344779467e-37
2.701468965338464645e-02 8.068965517241380780e+01 1.783547123225745752e-37
4.293093552135442831e-02 8.068965517241380780e+01 2.348933169402792715e-37
6.822455665367126165e-02 8.068965517241380780e+01 3.171389485846367147e-37
1.084204216391872894e-01 8.068965517241380780e+01 4.518948974978549687e-37
1.722984861314825755e-01 8.068965517241380780e+01 6.881276818488751877e-37
2.738115926351536999e-01 8.068965517241380780e+01 4.407251817593429777e-36
4.351331804748820309e-01 8.068965517241380780e+01 1.005211921732058461e-35
6.915006151783992250e-01 8.068965517241380780e+01 0.000000000000000000e+00
9.999999999999999547e-08 8.689655172413793593e+01 3.124363639633853900e-40
1.589170043120434247e-07 8.689655172413793593e+01 3.932018557840908261e-40
2.525461425951398039e-07 8.689655172413793593e+01 4.963169230786984581e-40
4.013387643178177027e-07 8.689655172413793593e+01 6.258981852561847325e-40
6.377955413968468786e-07 8.689655172413793593e+01 7.887949827582307110e-40
1.013565568023647843e-06 8.689655172413793593e+01 9.942685194754639983e-40
1.610728037441528044e-06 8.689655172413793593e+01 1.255774020686993658e-39
2.559720744716240578e-06 8.689655172413793593e+01 1.580907821338029820e-39
4.067831526256969944e-06 8.689655172413793593e+01 1.992440835932868802e-39
6.464476001988451219e-06 8.689655172413793593e+01 2.515183380529194385e-39
1.027315160683099963e-05 8.689655172413793593e+01 3.169763367339698239e-39
1.632578478201034619e-05 8.689655172413793593e+01 3.996114594094347509e-39
2.594444810600231066e-05 8.689655172413793593e+01 5.040755916988563382e-39
4.123013971535156901e-05 8.689655172413793593e+01 6.338183073169994279e-39
6.552170290930664552e-05 8.689655172413793593e+01 8.016813121682891709e-39
1.041251274377070308e-04 8.689655172413793593e+01 1.009802195427633238e-38
1.654725332601014178e-04 8.689655172413793593e+01 1.274074416414570158e-38
2.629639928162026317e-04 8.689655172413793593e+01 1.604184796216057280e-38
4.178944998028459004e-04 8.689655172413793593e+01 2.022346688621622308e-38
6.641054202714802811e-04 8.689655172413793593e+01 2.558836098475470103e-38
1.055376439369341271e-03 8.689655172413793593e+01 3.226336517935427046e-38
1.677172621660866659e-03 8.689655172413793593e+01 4.076075766600196832e-38
2.665312487485205824e-03 8.689655172413793593e+01 5.153209736068812510e-38
4.235634760666296718e-03 8.689655172413793593e+01 6.537273474847422612e-38
6.731143875250469519e-03 8.689655172413793593e+01 8.273279664235274784e-38
1.069693220248161408e-02 8.689655172413793593e+01 1.049766650533980799e-37
1.699924420947407019e-02 8.689655172413793593e+01 1.338395614222447283e-37
2.701468965338464645e-02 8.689655172413793593e+01 1.721568913403142602e-37
4.293093552135442831e-02 8.689655172413793593e+01 2.238168430263193440e-37
6.822455665367126165e-02 8.689655172413793593e+01 2.994533665683555140e-37
1.084204216391872894e-01 8.689655172413793593e+01 4.231067356613136347e-37
1.722984861314825755e-01 8.689655172413793593e+01 6.244205655526126682e-37
2.738115926351536999e-01 8.689655172413793593e+01 6.255580525246024852e-36
4.351331804748820309e-01 8.689655172413793593e+01 5.558273684502692810e-36
6.915006151783992250e-01 8.689655172413793593e+01 0.000000000000000000e+00
9.999999999999999547e-08 9.310344827586206407e+01 3.122809104403071796e-40
1.589170043120434247e-07 9.310344827586206407e+01 3.939901523145762739e-40
2.525461425951398039e-07 9.310344827586206407e+01 4.973668581349225845e-40
4.013387643178177027e-07 9.310344827586206407e+01 6.265169473187934731e-40
6.377955413968468786e-07 9.310344827586206407e+01 7.872785112441927946e-40
1.013565568023647843e-06 9.310344827586206407e+01 9.932292483409472827e-40
1.610728037441528044e-06 9.310344827586206407e+01 1.254891757995390941e-39
2.559720744716240578e-06 9.310344827586206407e+01 1.579559531900246835e-39
4.067831526256969944e-06 9.310344827586206407e+01 1.994061298655549783e-39
6.464476001988451219e-06 9.310344827586206407e+01 2.510919528625184616e-39
1.027315160683099963e-05 9.310344827586206407e+01 3.172423649232993336e-39
1.632578478201034619e-05 9.310344827586206407e+01 3.980978050675100471e-39
2.594444810600231066e-05 9.310344827586206407e+01 5.025795518563820196e-39
4.123013971535156901e-05 9.310344827586206407e+01 6.344339760501827554e-39
6.552170290930664552e-05 9.310344827586206407e+01 7.981138643200136799e-39
1.041251274377070308e-04 9.310344827586206407e+01 1.007346366700765866e-38
1.654725332601014178e-04 9.310344827586206407e+01 1.270335913790579179e-38
2.629639928162026317e-04 9.310344827586206407e+01 1.596510262078128822e-38
4.178944998028459004e-04 9.310344827586206407e+01 2.012858879692775303e-38
6.641054202714802811e-04 9.310344827586206407e+01 2.537700301675405061e-38
1.055376439369341271e-03 9.310344827586206407e+01 3.200915276264355540e-38
1.677172621660866659e-03 9.310344827586206407e+01 4.030361582146054670e-38
2.665312487485205824e-03 9.310344827586206407e+01 5.090486782495447531e-38
4.235634760666296718e-03 9.310344827586206407e+01 6.407896931382352109e-38
6.731143875250469519e-03 9.310344827586206407e+01 8.066970406417031011e-38
1.069693220248161408e-02 9.310344827586206407e+01 1.017909956665993971e-37
1.699924420947407019e-02 9.310344827586206407e+01 1.293450056989387236e-37
2.701468965338464645e-02 9.310344827586206407e+01 1.644729672307526443e-37
4.293093552135442831e-02 9.310344827586206407e+01 2.118120027769009147e-37
6.822455665367126165e-02 9.310344827586206407e+01 2.804129226702485585e-37
1.084204216391872894e-01 9.310344827586206407e+01 3.922283913878753330e-37
1.722984861314825755e-01 9.310344827586206407e+01 5.721158106005640433e-37
2.738115926351536999e-01 9.310344827586206407e+01 7.493281296505210713e-36
4.351331804748820309e-01 9.310344827586206407e+01 2.525906700165500167e-36
6.915006151783992250e-01 9.310344827586206407e+01 0.000000000000000000e+00
9.999999999999999547e-08 9.931034482758620641e+01 3.082343630654959275e-40
1.589170043120434247e-07 9.931034482758620641e+01 3.885622969512534348e-40
2.525461425951398039e-07 9.931034482758620641e+01 4.904827401327676687e-40
4.013387643178177027e-07 9.931034482758620641e+01 6.176638940229696955e-40
6.377955413968468786e-07 9.931034482758620641e+01 7.784440173245388359e-40
1.013565568023647843e-06 9.931034482758620641e+01 9.809108853731887163e-40
1.610728037441528044e-06 9.931034482758620641e+01 1.236361038655385908e-39
2.559720744716240578e-06 9.931034482758620641e+01 1.564771532369710364e-39
4.067831526256969944e-06 9.931034482758620641e+01 1.965145564827895258e-39
6.464476001988451219e-06 9.931034482758620641e+01 2.473951742299975144e-39
1.027315160683099963e-05 9.931034482758620641e+01 3.122226914218651169e-39
1.632578478201034619e-05 9.931034482758620641e+01 3.946848054887047987e-39
2.594444810600231066e-05 9.931034482758620641e+01 4.960309187273105892e-39
4.123013971535156901e-05 9.931034482758620641e+01 6.232471953049787000e-39
6.552170290930664552e-05 9.931034482758620641e+01 7.876942865050781769e-39
1.041251274377070308e-04 9.931034482758620641e+01 9.913826411080029745e-39
1.654725332601014178e-04 9.931034482758620641e+01 1.248158011952073599e-38
2.629639928162026317e-04 9.931034482758620641e+01 1.574094539919211690e-38
4.178944998028459004e-04 9.931034482758620641e+01 1.978933095633395110e-38
6.641054202714802811e-04 9.931034482758620641e+01 2.491011743410209915e-38
1.055376439369341271e-03 9.931034482758620641e+01 3.131298657630324575e-38
1.677172621660866659e-03 9.931034482758620641e+01 3.935882562146322424e-38
2.665312487485205824e-03 9.931034482758620641e+01 4.945776343555755189e-38
4.235634760666296718e-03 9.931034482758620641e+01 6.212834257173942599e-38
6.731143875250469519e-03 9.931034482758620641e+01 7.796689632704835745e-38
1.069693220248161408e-02 9.931034482758620641e+01 9.820665341983448577e-38
1.699924420947407019e-02 9.931034482758620641e+01 1.232502432313659037e-37
2.701468965338464645e-02 9.931034482758620641e+01 1.558529379518311822e-37
4.293093552135442831e-02 9.931034482758620641e+01 1.988601579739147958e-37
6.822455665367126165e-02 9.931034482758620641e+01 2.613028565098553435e-37
1.084204216391872894e-01 9.931034482758620641e+01 3.610872462485276483e-37
1.722984861314825755e-01 9.931034482758620641e+01 5.665369435155073487e-37
2.738115926351536999e-01 9.931034482758620641e+01 7.611572622942804670e-36
4.351331804748820309e-01 9.931034482758620641e+01 9.009535419235527525e-37
6.915006151783992250e-01 9.931034482758620641e+01 0.000000000000000000e+00
9.999999999999999547e-08 1.055172413793103630e+02 3.013409707206515905e-40
1.589170043120434247e-07 1.055172413793103630e+02 3.802409202162405632e-40
2.525461425951398039e-07 1.055172413793103630e+02 4.792162653236401752e-40
4.013387643178177027e-07 1.055172413793103630e+02 6.017773211952961686e-40
6.377955413968468786e-07 1.055172413793103630e+02 7.625157997452408995e-40
1.013565568023647843e-06 1.055172413793103630e+02 9.607535361905062819e-40
1.610728037441528044e-06 1.055172413793103630e+02 1.206620357510953915e-39
2.559720744716240578e-06 1.055172413793103630e+02 1.520050161296004817e-39
4.067831526256969944e-06 1.055172413793103630e+02 1.922596709793320136e-39
6.464476001988451219e-06 1.055172413793103630e+02 2.411052388097985329e-39
1.027315160683099963e-05 1.055172413793103630e+02 3.042365985741806589e-39
1.632578478201034619e-05 1.055172413793103630e+02 3.833887912929922897e-39
2.594444810600231066e-05 1.055172413793103630e+02 4.835358448786335778e-39
4.123013971535156901e-05 1.055172413793103630e+02 6.089858885603907886e-39
6.552170290930664552e-05 1.055172413793103630e+02 7.679337042001322637e-39
1.041251274377070308e-04 1.055172413793103630e+02 9.668967608646580907e-39
1.654725332601014178e-04 1.055172413793103630e+02 1.213268972958638375e-38
2.629639928162026317e-04 1.055172413793103630e+02 1.528573224237178710e-38
4.178944998028459004e-04 1.055172413793103630e+02 1.920054816623797500e-38
6.641054202714802811e-04 1.055172413793103630e+02 2.410640988765764386e-38
1.055376439369341271e-03 1.055172413793103630e+02 3.031318363656418865e-38
1.677172621660866659e-03 1.055172413793103630e+02 3.801269680276966115e-38
2.665312487485205824e-03 1.055172413793103630e+02 4.767347535411491563e-38
4.235634760666296718e-03 1.055172413793103630e+02 5.960410033240122422e-38
6.731143875250469519e-03 1.055172413793103630e+02 7.456964493715545774e-38
1.069693220248161408e-02 1.055172413793103630e+02 9.303552838569996526e-38
1.699924420947407019e-02 1.055172413793103630e+02 1.161773528235441838e-37
2.701468965338464645e-02 1.055172413793103630e+02 1.456342327699316661e-37
4.293093552135442831e-02 1.055172413793103630e+02 1.848907152129510939e-37
6.822455665367126165e-02 1.055172413793103630e+02 2.420205740686363899e-37
1.084204216391872894e-01 1.055172413793103630e+02 3.290460700246520744e-37
1.722984861314825755e-01 1.055172413793103630e+02 6.231878963057100551e-37
2.738115926351536999e-01 1.055172413793103630e+02 6.798852152110193793e-36
4.351331804748820309e-01 1.055172413793103630e+02 2.461347387902577257e-37
6.915006151783992250e-01 1.055172413793103630e+02 0.000000000000000000e+00
9.999999999999999547e-08 1.117241379310344911e+02 2.909130711591522318e-40
1.589170043120434247e-07 1.117241379310344911e+02 3.661687246093585816e-40
2.525461425951398039e-07 1.117241379310344911e+02 4.611338947243979734e-40
4.013387643178177027e-07 1.117241379310344911e+02 5.815500629729035165e-40
6.377955413968468786e-07 1.117241379310344911e+02 7.339447729726743762e-40
1.013565568023647843e-06 1.117241379310344911e+02 9.243877330643058257e-40
1.610728037441528044e-06 1.117241379310344911e+02 1.165488467632543010e-39
2.559720744716240578e-06 1.117241379310344911e+02 1.466848353158090662e-39
4.067831526256969944e-06 1.117241379310344911e+02 1.849797220675912829e-39
6.464476001988451219e-06 1.117241379310344911e+02 2.329920951897893228e-39
1.027315160683099963e-05 1.117241379310344911e+02 2.939401009462164840e-39
1.632578478201034619e-05 1.117241379310344911e+02 3.697790964248941308e-39
2.594444810600231066e-05 1.117241379310344911e+02 4.656343886226759726e-39
4.123013971535156901e-05 1.117241379310344911e+02 5.864537848871252844e-39
6.552170290930664552e-05 1.117241379310344911e+02 7.371141794929411962e-39
1.041251274377070308e-04 1.117241379310344911e+02 9.284552072917933455e-39
1.654725332601014178e-04 1.117241379310344911e+02 1.166041941929478160e-38
2.629639928162026317e-04 1.117241379310344911e+02 1.465608580909693126e-38
4.178944998028459004e-04 1.117241379310344911e+02 1.844801298875918105e-38
6.641054202714802811e-04 1.117241379310344911e+02 2.309096568332638546e-38
1.055376439369341271e-03 1.117241379310344911e+02 2.900295104517785665e-38
1.677172621660866659e-03 1.117241379310344911e+02 3.630428417015718351e-38
2.665312487485205824e-03 1.117241379310344911e+02 4.520703554340612541e-38
4.235634760666296718e-03 1.117241379310344911e+02 5.649742617009640377e-38
6.731143875250469519e-03 1.117241379310344911e+02 7.043558382024055009e-38
1.069693220248161408e-02 1.117241379310344911e+02 8.738601298914801995e-38
1.699924420947407019e-02 1.117241379310344911e+02 1.086383532470724217e-37
2.701468965338464645e-02 1.117241379310344911e+02 1.354617976096991935e-37
4.293093552135442831e-02 1.117241379310344911e+02 1.704146141079616247e-37
6.822455665367126165e-02 1.117241379310344911e+02 2.222917459557417400e-37
1.084204216391872894e-01 1.117241379310344911e+02 2.963491790584372387e-37
1.722984861314825755e-01 1.117241379310344911e+02 7.384625607251074051e-37
2.738115926351536999e-01 1.117241379310344911e+02 5.674317334479546177e-36
4.351331804748820309e-01 1.117241379310344911e+02 6.049021205282598822e-38
6.915006151783992250e-01 1.117241379310344911e+02 0.000000000000000000e+00
9.999999999999999547e-08 1.179310344827586192e+02 2.761434037012234573e-40
1.589170043120434247e-07 1.179310344827586192e+02 3.478126581394923388e-40
2.525461425951398039e-07 1.179310344827586192e+02 4.380703309265384755e-40
4.013387643178177027e-07 1.179310344827586192e+02 5.534106561707907181e-40
6.377955413968468786e-07 1.179310344827586192e+02 6.976902400601653918e-40
1.013565568023647843e-06 1.179310344827586192e+02 8.785279963298907194e-40
1.610728037441528044e-06 1.179310344827586192e+02 1.108063806652791887e-39
2.559720744716240578e-06 1.179310344827586192e+02 1.395088416771202305e-39
4.067831526256969944e-06 1.179310344827586192e+02 1.755336074457800086e-39
6.464476001988451219e-06 1.179310344827586192e+02 2.217244962749287538e-39
1.027315160683099963e-05 1.179310344827586192e+02 2.793492873610185283e-39
1.632578478201034619e-05 1.179310344827586192e+02 3.515398863716004871e-39
2.594444810600231066e-05 1.179310344827586192e+02 4.413595635292398120e-39
4.123013971535156901e-05 1.179310344827586192e+02 5.566052326278032956e-39
6.552170290930664552e-05 1.179310344827586192e+02 7.006540667016896180e-39
1.041251274377070308e-04 1.179310344827586192e+02 8.802197122532208859e-39
1.654725332601014178e-04 1.179310344827586192e+02 1.107892644056521237e-38
2.629639928162026317e-04 1.179310344827586192e+02 1.387022009291379142e-38
4.178944998028459004e-04 1.179310344827586192e+02 1.744864685117878718e-38
6.641054202714802811e-04 1.179310344827586192e+02 2.184753229031177292e-38
1.055376439369341271e-03 1.179310344827586192e+02 2.728088604673830289e-38
1.677172621660866659e-03 1.179310344827586192e+02 3.421117187198958337e-38
2.665312487485205824e-03 1.179310344827586192e+02 4.249262093773912384e-38
4.235634760666296718e-03 1.179310344827586192e+02 5.296929506011240044e-38
6.731143875250469519e-03 1.179310344827586192e+02 6.549646689540866073e-38
1.069693220248161408e-02 1.179310344827586192e+02 8.104182896542424602e-38
1.699924420947407019e-02 1.179310344827586192e+02 1.002571000369871994e-37
2.701468965338464645e-02 1.179310344827586192e+02 1.240266218448902670e-37
4.293093552135442831e-02 1.179310344827586192e+02 1.556206605777239782e-37
6.822455665367126165e-02 1.179310344827586192e+02 2.017659027198758966e-37
1.084204216391872894e-01 1.179310344827586192e+02 2.646407781333922543e-37
1.722984861314825755e-01 1.179310344827586192e+02 8.916575235672276638e-37
2.738115926351536999e-01 1.179310344827586192e+02 4.593977787437021669e-36
4.351331804748820309e-01 1.179310344827586192e+02 1.227751904302652199e-38
6.915006151783992250e-01 1.179310344827586192e+02 0.000000000000000000e+00
9.999999999999999547e-08 1.241379310344827616e+02 2.581106325937158219e-40
1.589170043120434247e-07 1.241379310344827616e+02 3.272551085708422422e-40
2.525461425951398039e-07 1.241379310344827616e+02 4.117642078591423406e-40
4.013387643178177027e-07 1.241379310344827616e+02 5.179926594141417877e-40
6.377955413968468786e-07 1.241379310344827616e+02 6.530854578525232305e-40
1.013565568023647843e-06 1.241379310344827616e+02 8.225058627018324553e-40
1.610728037441528044e-06 1.241379310344827616e+02 1.034502673686381111e-39
2.559720744716240578e-06 1.241379310344827616e+02 1.307780004559365546e-39
4.067831526256969944e-06 1.241379310344827616e+02 1.645063824160917338e-39
6.464476001988451219e-06 1.241379310344827616e+02 2.072784732342039504e-39
1.027315160683099963e-05 1.241379310344827616e+02 2.607712030410704626e-39
1.632578478201034619e-05 1.241379310344827616e+02 3.299252502428424044e-39
2.594444810600231066e-05 1.241379310344827616e+02 4.139233419837559788e-39
4.123013971535156901e-05 1.241379310344827616e+02 5.200315586695222404e-39
6.552170290930664552e-05 1.241379310344827616e+02 6.542328737828800753e-39
1.041251274377070308e-04 1.241379310344827616e+02 8.237361373082964121e-39
1.654725332601014178e-04 1.241379310344827616e+02 1.034315110677381201e-38
2.629639928162026317e-04 1.241379310344827616e+02 1.296362533580323585e-38
4.178944998028459004e-04 1.241379310344827616e+02 1.624090345814697421e-38
6.641054202714802811e-04 1.241379310344827616e+02 2.033696583542642341e-38
1.055376439369341271e-03 1.241379310344827616e+02 2.544145452813695496e-38
1.677172621660866659e-03 1.241379310344827616e+02 3.165737948587361750e-38
2.665312487485205824e-03 1.241379310344827616e+02 3.928453662840892668e-38
4.235634760666296718e-03 1.241379310344827616e+02 4.872379605561740418e-38
6.731143875250469519e-03 1.241379310344827616e+02 6.035474004877327802e-38
1.069693220248161408e-02 1.241379310344827616e+02 7.431486671020969686e-38
1.699924420947407019e-02 1.241379310344827616e+02 9.152934796835135284e-38
2.701468965338464645e-02 1.241379310344827616e+02 1.124295997379726810e-37
4.293093552135442831e-02 1.241379310344827616e+02 1.406663077063873813e-37
6.822455665367126165e-02 1.241379310344827616e+02 1.808390319312369425e-37
1.084204216391872894e-01 1.241379310344827616e+02 2.350496693672004227e-37
1.722984861314825755e-01 1.241379310344827616e+02 1.048264171638542654e-36
2.738115926351536999e-01 1.241379310344827616e+02 3.629063400969886742e-36
4.351331804748820309e-01 1.241379310344827616e+02 4.238086251203304209e-39
6.915006151783992250e-01 1.241379310344827616e+02 0.000000000000000000e+00
9.999999999999999547e-08 1.303448275862068897e+02 2.383765346756302237e-40
1.589170043120434247e-07 1.303448275862068897e+02 3.009127048800276877e-40
2.525461425951398039e-07 1.303448275862068897e+02 3.792622013750285273e-40
4.013387643178177027e-07 1.303448275862068897e+02 4.766826992016256614e-40
6.377955413968468786e-07 1.303448275862068897e+02 6.002963441108002076e-40
1.013565568023647843e-06 1.303448275862068897e+02 7.566918353393538885e-40
1.610728037441528044e-06 1.303448275862068897e+02 9.568017862161991960e-40
2.559720744716240578e-06 1.303448275862068897e+02 1.201429510108233054e-39
4.067831526256969944e-06 1.303448275862068897e+02 1.513782756266695482e-39
6.464476001988451219e-06 1.303448275862068897e+02 1.904759241641788200e-39
1.027315160683099963e-05 1.303448275862068897e+02 2.401438342553325666e-39
1.632578478201034619e-05 1.303448275862068897e+02 3.019494821610109271e-39
2.594444810600231066e-05 1.303448275862068897e+02 3.809180225404723386e-39
4.123013971535156901e-05 1.303448275862068897e+02 4.780260717156895938e-39
6.552170290930664552e-05 1.303448275862068897e+02 6.024965097240840160e-39
1.041251274377070308e-04 1.303448275862068897e+02 7.567239045427030751e-39
1.654725332601014178e-04 1.303448275862068897e+02 9.497691451541484285e-39
2.629639928162026317e-04 1.303448275862068897e+02 1.190060603717044020e-38
4.178944998028459004e-04 1.303448275862068897e+02 1.489233220092029989e-38
6.641054202714802811e-04 1.303448275862068897e+02 1.854303046792076179e-38
1.055376439369341271e-03 1.303448275862068897e+02 2.325231510468213658e-38
1.677172621660866659e-03 1.303448275862068897e+02 2.882649973264803828e-38
2.665312487485205824e-03 1.303448275862068897e+02 3.577031131216462136e-38
4.235634760666296718e-03 1.303448275862068897e+02 4.422573159535132073e-38
6.731143875250469519e-03 1.303448275862068897e+02 5.452748211087660899e-38
1.069693220248161408e-02 1.303448275862068897e+02 6.698086308878743029e-38
1.699924420947407019e-02 1.303448275862068897e+02 8.190021807419497852e-38
2.701468965338464645e-02 1.303448275862068897e+02 1.007153035570238885e-37
4.293093552135442831e-02 1.303448275862068897e+02 1.254995817759922841e-37
6.822455665367126165e-02 1.303448275862068897e+02 1.605209423838290952e-37
1.084204216391872894e-01 1.303448275862068897e+02 2.063537609583628031e-37
1.722984861314825755e-01 1.303448275862068897e+02 1.177532020972359924e-36
2.738115926351536999e-01 1.303448275862068897e+02 2.804318698824945255e-36
4.351331804748820309e-01 1.303448275862068897e+02 1.976040281209756563e-39
6.915006151783992250e-01 1.303448275862068897e+02 0.000000000000000000e+00
9.999999999999999547e-08 1.365517241379310462e+02 2.148822773271295003e-40
1.589170043120434247e-07 1.365517241379310462e+02 2.703961523468013139e-40
2.525461425951398039e-07 1.365517241379310462e+02 3.409262230505404730e-40
4.013387643178177027e-07 1.365517241379310462e+02 4.301271225588527435e-40
6.377955413968468786e-07 1.365517241379310462e+02 5.419907811687103483e-40
1.013565568023647843e-06 1.365517241379310462e+02 6.835326094752059469e-40
1.610728037441528044e-06 1.365517241379310462e+02 8.603629109239559949e-40
2.559720744716240578e-06 1.365517241379310462e+02 1.085017726059485459e-39
4.067831526256969944e-06 1.365517241379310462e+02 1.365102787312466147e-39
6.464476001988451219e-06 1.365517241379310462e+02 1.722473227995774215e-39
1.027315160683099963e-05 1.365517241379310462e+02 2.166118686606539138e-39
1.632578478201034619e-05 1.365517241379310462e+02 2.726754444510406997e-39
2.594444810600231066e-05 1.365517241379310462e+02 3.428761451246413194e-39
4.123013971535156901e-05 1.365517241379310462e+02 4.308329951211418271e-39
6.552170290930664552e-05 1.365517241379310462e+02 5.417908212023433780e-39
1.041251274377070308e-04 1.365517241379310462e+02 6.805475533524233656e-39
1.654725332601014178e-04 1.365517241379310462e+02 8.533618764724406696e-39
2.629639928162026317e-04 1.365517241379310462e+02 1.069940469994873765e-38
4.178944998028459004e-04 1.365517241379310462e+02 1.337980514638297727e-38
6.641054202714802811e-04 1.365517241379310462e+02 1.666551486043187073e-38
1.055376439369341271e-03 1.365517241379310462e+02 2.082473103091604784e-38
1.677172621660866659e-03 1.365517241379310462e+02 2.586226084398006958e-38
2.665312487485205824e-03 1.365517241379310462e+02 3.194103439681933573e-38
4.235634760666296718e-03 1.365517241379310462e+02 3.941125023460002078e-38
6.731143875250469519e-03 1.365517241379310462e+02 4.845052163208139394e-38
1.069693220248161408e-02 1.365517241379310462e+02 5.932385706175434425e-38
1.699924420947407019e-02 1.365517241379310462e+02 7.236527194092388503e-38
2.701468965338464645e-02 1.365517241379310462e+02 8.859070402349752250e-38
4.293093552135442831e-02 1.365517241379310462e+02 1.100432855421326245e-37
6.822455665367126165e-02 1.365517241379310462e+02 1.400425747005659272e-37
1.084204216391872894e-01 1.365517241379310462e+02 1.791152477236742722e-37
1.722984861314825755e-01 1.365517241379310462e+02 1.237428316257180530e-36
2.738115926351536999e-01 1.365517241379310462e+02 2.127526477070053557e-36
4.351331804748820309e-01 1.365517241379310462e+02 9.650693397291992844e-40
6.915006151783992250e-01 1.365517241379310462e+02 0.000000000000000000e+00
9.999999999999999547e-08 1.427586206896551744e+02 1.891701712177879529e-40
1.589170043120434247e-07 1.427586206896551744e+02 2.382156640087632967e-40
2.525461425951398039e-07 1.427586206896551744e+02 3.001269481746462257e-40
4.013387643178177027e-07 1.427586206896551744e+02 3.781325028546744768e-40
6.377955413968468786e-07 1.427586206896551744e+02 4.769940518243276030e-40
1.013565568023647843e-06 1.427586206896551744e+02 6.016181290693924728e-40
1.610728037441528044e-06 1.427586206896551744e+02 7.570185757394829349e-40
2.559720744716240578e-06 1.427586206896551744e+02 9.570109592392483394e-40
4.067831526256969944e-06 1.427586206896551744e+02 1.201416320225011711e-39
6.464476001988451219e-06 1.427586206896551744e+02 1.510776776642382738e-39
1.027315160683099963e-05 1.427586206896551744e+02 1.903375900058515351e-39
1.632578478201034619e-05 1.427586206896551744e+02 2.398790317767418227e-39
2.594444810600231066e-05 1.427586206896551744e+02 3.021124510493567862e-39
4.123013971535156901e-05 1.427586206896551744e+02 3.779729530139869322e-39
6.552170290930664552e-05 1.427586206896551744e+02 4.772968083231042953e-39
1.041251274377070308e-04 1.427586206896551744e+02 5.992262715589038829e-39
1.654725332601014178e-04 1.427586206896551744e+02 7.512779987010424522e-39
2.629639928162026317e-04 1.427586206896551744e+02 9.381298469950996515e-39
4.178944998028459004e-04 1.427586206896551744e+02 1.173604327850659773e-38
6.641054202714802811e-04 1.427586206896551744e+02 1.458423691691668854e-38
1.055376439369341271e-03 1.427586206896551744e+02 1.820777706475773019e-38
1.677172621660866659e-03 1.427586206896551744e+02 2.260403480810012283e-38
2.665312487485205824e-03 1.427586206896551744e+02 2.795019722760439984e-38
4.235634760666296718e-03 1.427586206896551744e+02 3.428420719349933963e-38
6.731143875250469519e-03 1.427586206896551744e+02 4.199345355071260595e-38
1.069693220248161408e-02 1.427586206896551744e+02 5.127267840996910374e-38
1.699924420947407019e-02 1.427586206896551744e+02 6.229624391982829814e-38
2.701468965338464645e-02 1.427586206896551744e+02 7.616394298224296455e-38
4.293093552135442831e-02 1.427586206896551744e+02 9.437890971445983433e-38
6.822455665367126165e-02 1.427586206896551744e+02 1.200838249237372097e-37
1.084204216391872894e-01 1.427586206896551744e+02 1.529043420375561144e-37
1.722984861314825755e-01 1.427586206896551744e+02 1.232033045214350106e-36
2.738115926351536999e-01 1.427586206896551744e+02 1.580474349843601240e-36
4.351331804748820309e-01 1.427586206896551744e+02 4.785230035453321859e-40
6.915006151783992250e-01 1.427586206896551744e+02 0.000000000000000000e+00
9.999999999999999547e-08 1.489655172413793025e+02 1.612158843295666456e-40
1.589170043120434247e-07 1.489655172413793025e+02 2.029347915108431735e-40
2.525461425951398039e-07 1.489655172413793025e+02 2.558570576441993100e-40
4.013387643178177027e-07 1.489655172413793025e+02 3.226784268281823811e-40
6.377955413968468786e-07 1.489655172413793025e+02 4.066056333420099789e-40
1.013565568023647843e-06 1.489655172413793025e+02 5.119005481581843747e-40
1.610728037441528044e-06 1.489655172413793025e+02 6.462850281064830178e-40
2.559720744716240578e-06 1.489655172413793025e+02 8.139410231644357912e-40
4.067831526256969944e-06 1.489655172413793025e+02 1.023269869827419544e-39
6.464476001988451219e-06 1.489655172413793025e+02 1.287834800105481185e-39
1.027315160683099963e-05 1.489655172413793025e+02 1.622182040419985917e-39
1.632578478201034619e-05 1.489655172413793025e+02 2.035401398042200571e-39
2.594444810600231066e-05 1.489655172413793025e+02 2.560791347567920037e-39
4.123013971535156901e-05 1.489655172413793025e+02 3.231855649923298440e-39
6.552170290930664552e-05 1.489655172413793025e+02 4.056279107364647283e-39
1.041251274377070308e-04 1.489655172413793025e+02 5.098437984543719034e-39
1.654725332601014178e-04 1.489655172413793025e+02 6.360731314076252140e-39
2.629639928162026317e-04 1.489655172413793025e+02 7.966412447213543095e-39
4.178944998028459004e-04 1.489655172413793025e+02 9.968626094995057363e-39
6.641054202714802811e-04 1.489655172413793025e+02 1.241296203926339549e-38
1.055376439369341271e-03 1.489655172413793025e+02 1.544969995105490809e-38
1.677172621660866659e-03 1.489655172413793025e+02 1.912507554010951456e-38
2.665312487485205824e-03 1.489655172413793025e+02 2.359740626737677085e-38
4.235634760666296718e-03 1.489655172413793025e+02 2.900560110998528137e-38
6.731143875250469519e-03 1.489655172413793025e+02 3.546763438405348870e-38
1.069693220248161408e-02 1.489655172413793025e+02 4.308460743355138930e-38
1.699924420947407019e-02 1.489655172413793025e+02 5.241335964493656135e-38
2.701468965338464645e-02 1.489655172413793025e+02 6.372539146594757303e-38
4.293093552135442831e-02 1.489655172413793025e+02 7.898484090140578046e-38
6.822455665367126165e-02 1.489655172413793025e+02 9.928226428086776261e-38
1.084204216391872894e-01 1.489655172413793025e+02 1.289444965824742857e-37
1.722984861314825755e-01 1.489655172413793025e+02 1.136029030052046293e-36
2.738115926351536999e-01 1.489655172413793025e+02 1.159890095949581818e-36
4.351331804748820309e-01 1.489655172413793025e+02 2.534881242674742270e-40
6.915006151783992250e-01 1.489655172413793025e+02 0.000000000000000000e+00
9.999999999999999547e-08 1.551724137931034591e+02 1.313517667259136444e-40
1.589170043120434247e-07 1.551724137931034591e+02 1.654687052738153836e-40
2.525461425951398039e-07 1.551724137931034591e+02 2.081758608368885720e-40
4.013387643178177027e-07 1.551724137931034591e+02 2.627934263271250532e-40
6.377955413968468786e-07 1.551724137931034591e+02 3.306661028999431660e-40
1.013565568023647843e-06 1.551724137931034591e+02 4.170677559185076336e-40
1.610728037441528044e-06 1.551724137931034591e+02 5.257516745878626555e-40
2.559720744716240578e-06 1.551724137931034591e+02 6.619205961569666824e-40
4.067831526256969944e-06 1.551724137931034591e+02 8.346102935510717674e-40
6.464476001988451219e-06 1.551724137931034591e+02 1.049427592137250096e-39
1.027315160683099963e-05 1.551724137931034591e+02 1.321034078226498499e-39
1.632578478201034619e-05 1.551724137931034591e+02 1.660449379006287603e-39
2.594444810600231066e-05 1.551724137931034591e+02 2.089899541074178116e-39
4.123013971535156901e-05 1.551724137931034591e+02 2.621396684426554558e-39
6.552170290930664552e-05 1.551724137931034591e+02 3.303038151232049958e-39
1.041251274377070308e-04 1.551724137931034591e+02 4.140738339070434624e-39
1.654725332601014178e-04 1.551724137931034591e+02 5.183414126132607511e-39
2.629639928162026317e-04 1.551724137931034591e+02 6.473810130543605978e-39
4.178944998028459004e-04 1.551724137931034591e+02 8.091138289329482488e-39
6.641054202714802811e-04 1.551724137931034591e+02 1.007228022594952072e-38
1.055376439369341271e-03 1.551724137931034591e+02 1.251257385890753699e-38
1.677172621660866659e-03 1.551724137931034591e+02 1.547957007174044809e-38
2.665312487485205824e-03 1.551724137931034591e+02 1.904883177033909332e-38
4.235634760666296718e-03 1.551724137931034591e+02 2.337589741976820296e-38
6.731143875250469519e-03 1.551724137931034591e+02 2.860256624088796537e-38
1.069693220248161408e-02 1.551724137931034591e+02 3.473335796790231202e-38
1.699924420947407019e-02 1.551724137931034591e+02 4.203819338895389198e-38
2.701468965338464645e-02 1.551724137931034591e+02 5.114174451979332300e-38
4.293093552135442831e-02 1.551724137931034591e+02 6.315165823907061468e-38
6.822455665367126165e-02 1.551724137931034591e+02 7.923841652140227304e-38
1.084204216391872894e-01 1.551724137931034591e+02 1.053612737096124293e-37
1.722984861314825755e-01 1.551724137931034591e+02 9.851563377215086704e-37
2.738115926351536999e-01 1.551724137931034591e+02 8.309492452275983385e-37
4.351331804748820309e-01 1.551724137931034591e+02 1.362569127500625760e-40
6.915006151783992250e-01 1.551724137931034591e+02 0.000000000000000000e+00
9.999999999999999547e-08 1.613793103448276156e+02 9.970409861220596562e-41
1.589170043120434247e-07 1.613793103448276156e+02 1.257666706879289538e-40
2.525461425951398039e-07 1.613793103448276156e+02 1.586562397165152507e-40
4.013387643178177027e-07 1.613793103448276156e+02 1.995367480282759766e-40
6.377955413968468786e-07 1.613793103448276156e+02 2.519352972189249214e-40
1.013565568023647843e-06 1.613793103448276156e+02 3.165804126522435820e-40
1.610728037441528044e-06 1.613793103448276156e+02 4.005733111566545133e-40
2.559720744716240578e-06 1.613793103448276156e+02 5.032484064152227072e-40
4.067831526256969944e-06 1.613793103448276156e+02 6.322118789036741033e-40
6.464476001988451219e-06 1.613793103448276156e+02 7.978013119108437881e-40
1.027315160683099963e-05 1.613793103448276156e+02 1.003988213905981117e-39
1.632578478201034619e-05 1.613793103448276156e+02 1.263792484075588187e-39
2.594444810600231066e-05 1.613793103448276156e+02 1.587021606970288914e-39
4.123013971535156901e-05 1.613793103448276156e+02 1.992987705767591435e-39
6.552170290930664552e-05 1.613793103448276156e+02 2.508344443516683901e-39
1.041251274377070308e-04 1.613793103448276156e+02 3.143690967538314022e-39
1.654725332601014178e-04 1.613793103448276156e+02 3.927763739686717874e-39
2.629639928162026317e-04 1.613793103448276156e+02 4.917228019605044360e-39
4.178944998028459004e-04 1.613793103448276156e+02 6.133591880236788897e-39
6.641054202714802811e-04 1.613793103448276156e+02 7.625849832079705495e-39
1.055376439369341271e-03 1.613793103448276156e+02 9.477851147966193944e-39
1.677172621660866659e-03 1.613793103448276156e+02 1.174691831817504820e-38
2.665312487485205824e-03 1.613793103448276156e+02 1.440610072502654976e-38
4.235634760666296718e-03 1.613793103448276156e+02 1.768272186038279508e-38
6.731143875250469519e-03 1.613793103448276156e+02 2.161874141722603687e-38
1.069693220248161408e-02 1.613793103448276156e+02 2.610308195293482692e-38
1.699924420947407019e-02 1.613793103448276156e+02 3.160444662027009214e-38
2.701468965338464645e-02 1.613793103448276156e+02 3.841640505231642690e-38
4.293093552135442831e-02 1.613793103448276156e+02 4.732030996961993039e-38
6.822455665367126165e-02 1.613793103448276156e+02 5.918209496434781882e-38
1.084204216391872894e-01 1.613793103448276156e+02 8.153821348546528325e-38
1.722984861314825755e-01 1.613793103448276156e+02 7.738491228169064078e-37
2.738115926351536999e-01 1.613793103448276156e+02 5.694452491374588714e-37
4.351331804748820309e-01 1.613793103448276156e+02 7.514185410895914792e-41
6.915006151783992250e-01 1.613793103448276156e+02 0.000000000000000000e+00
9.999999999999999547e-08 1.675862068965517437e+02 6.695966372878407045e-41
1.589170043120434247e-07 1.675862068965517437e+02 8.454859370978291866e-41
2.525461425951398039e-07 1.675862068965517437e+02 1.066581668892646543e-40
4.013387643178177027e-07 1.675862068965517437e+02 1.342947056124972422e-40
6.377955413968468786e-07 1.675862068965517437e+02 1.693536522627169012e-40
1.013565568023647843e-06 1.675862068965517437e+02 2.132759119850335431e-40
1.610728037441528044e-06 1.675862068965517437e+02 2.690180029769030737e-40
2.559720744716240578e-06 1.675862068965517437e+02 3.386043979643842304e-40
4.067831526256969944e-06 1.675862068965517437e+02 4.263636172337844091e-40
6.464476001988451219e-06 1.675862068965517437e+02 5.368450184631123819e-40
1.027315160683099963e-05 1.675862068965517437e+02 6.752466806138140034e-40
1.632578478201034619e-05 1.675862068965517437e+02 8.519118465823401507e-40
2.594444810600231066e-05 1.675862068965517437e+02 1.069294451035075834e-39
4.123013971535156901e-05 1.675862068965517437e+02 1.345400546157045036e-39
6.552170290930664552e-05 1.675862068965517437e+02 1.684621706333646383e-39
1.041251274377070308e-04 1.675862068965517437e+02 2.110553607299772074e-39
1.654725332601014178e-04 1.675862068965517437e+02 2.649192740754929389e-39
2.629639928162026317e-04 1.675862068965517437e+02 3.305093468276416902e-39
4.178944998028459004e-04 1.675862068965517437e+02 4.132310555445308070e-39
6.641054202714802811e-04 1.675862068965517437e+02 5.135842146062253145e-39
1.055376439369341271e-03 1.675862068965517437e+02 6.369773878147176708e-39
1.677172621660866659e-03 1.675862068965517437e+02 7.883401674383185692e-39
2.665312487485205824e-03 1.675862068965517437e+02 9.690986899299408348e-39
4.235634760666296718e-03 1.675862068965517437e+02 1.183104528299081230e-38
6.731143875250469519e-03 1.675862068965517437e+02 1.442330281936198182e-38
1.069693220248161408e-02 1.675862068965517437e+02 1.748734590690498063e-38
1.699924420947407019e-02 1.675862068965517437e+02 2.111140093994275581e-38
2.701468965338464645e-02 1.675862068965517437e+02 2.569010470814114902e-38
4.293093552135442831e-02 1.675862068965517437e+02 3.169444791891120719e-38
6.822455665367126165e-02 1.675862068965517437e+02 3.933815823457890068e-38
1.084204216391872894e-01 1.675862068965517437e+02 5.531149862890741307e-38
1.722984861314825755e-01 1.675862068965517437e+02 5.321752329674002569e-37
2.738115926351536999e-01 1.675862068965517437e+02 3.548263566688391061e-37
4.351331804748820309e-01 1.675862068965517437e+02 3.978021198510788662e-41
6.915006151783992250e-01 1.675862068965517437e+02 0.000000000000000000e+00
9.999999999999999547e-08 1.737931034482758719e+02 3.382454617890469265e-41
1.589170043120434247e-07 1.737931034482758719e+02 4.257316278831702843e-41
2.525461425951398039e-07 1.737931034482758719e+02 5.370470842804490157e-41
4.013387643178177027e-07 1.737931034482758719e+02 6.767758727645185551e-41
6.377955413968468786e-07 1.737931034482758719e+02 8.514322241470117988e-41
1.013565568023647843e-06 1.737931034482758719e+02 1.074276726064111092e-40
1.610728037441528044e-06 1.737931034482758719e+02 1.356604026272172993e-40
2.559720744716240578e-06 1.737931034482758719e+02 1.702232235833753518e-40
4.067831526256969944e-06 1.737931034482758719e+02 2.142614410460541000e-40
6.464476001988451219e-06 1.737931034482758719e+02 2.698139418060054282e-40
1.027315160683099963e-05 1.737931034482758719e+02 3.406127907885237578e-40
1.632578478201034619e-05 1.737931034482758719e+02 4.274250567620746750e-40
2.594444810600231066e-05 1.737931034482758719e+02 5.385098162706522297e-40
4.123013971535156901e-05 1.737931034482758719e+02 6.769800129409765196e-40
6.552170290930664552e-05 1.737931034482758719e+02 8.469628212031288063e-40
1.041251274377070308e-04 1.737931034482758719e+02 1.062257263593798303e-39
1.654725332601014178e-04 1.737931034482758719e+02 1.333902752092974423e-39
2.629639928162026317e-04 1.737931034482758719e+02 1.661439299806798603e-39
4.178944998028459004e-04 1.737931034482758719e+02 2.072178425620753055e-39
6.641054202714802811e-04 1.737931034482758719e+02 2.580772871746546176e-39
1.055376439369341271e-03 1.737931034482758719e+02 3.198156218059599158e-39
1.677172621660866659e-03 1.737931034482758719e+02 3.941666492925202184e-39
2.665312487485205824e-03 1.737931034482758719e+02 4.851301670398878900e-39
4.235634760666296718e-03 1.737931034482758719e+02 5.947783267983607141e-39
6.731143875250469519e-03 1.737931034482758719e+02 7.242074330625500238e-39
1.069693220248161408e-02 1.737931034482758719e+02 8.773768864214579897e-39
1.699924420947407019e-02 1.737931034482758719e+02 1.058127292591478189e-38
2.701468965338464645e-02 1.737931034482758719e+02 1.282939225680376739e-38
4.293093552135442831e-02 1.737931034482758719e+02 1.578450829658665247e-38
6.822455665367126165e-02 1.737931034482758719e+02 1.964097298978196590e-38
1.084204216391872894e-01 1.737931034482758719e+02 2.812279937926838818e-38
1.722984861314825755e-01 1.737931034482758719e+02 2.704329656831895851e-37
2.738115926351536999e-01 1.737931034482758719e+02 1.700433669777686029e-37
4.351331804748820309e-01 1.737931034482758719e+02 1.733376116670149205e-41
6.915006151783992250e-01 1.737931034482758719e+02 0.000000000000000000e+00
9.999999999999999547e-08 1.800000000000000000e+02 3.823332642441753399e-56
1.589170043120434247e-07 1.800000000000000000e+02 4.820479600667812762e-56
2.525461425951398039e-07 1.800000000000000000e+02 6.077510746435753803e-56
4.013387643178177027e-07 1.800000000000000000e+02 7.658898314629521534e-56
6.377955413968468786e-07 1.800000000000000000e+02 9.640677947342590462e-56
1.013565568023647843e-06 1.800000000000000000e+02 1.216777990942795782e-55
1.610728037441528044e-06 1.800000000000000000e+02 1.531907468135610425e-55
2.559720744716240578e-06 1.800000000000000000e+02 1.926366312586552069e-55
4.067831526256969944e-06 1.800000000000000000e+02 2.424104031123589070e-55
6.464476001988451219e-06 1.800000000000000000e+02 3.060268142274446292e-55
1.027315160683099963e-05 1.800000000000000000e+02 0.000000000000000000e+00
1.632578478201034619e-05 1.800000000000000000e+02 4.838488014881137098e-55
2.594444810600231066e-05 1.800000000000000000e+02 6.073630466310328771e-55
4.123013971535156901e-05 1.800000000000000000e+02 7.648753786933728358e-55
6.552170290930664552e-05 1.800000000000000000e+02 9.572943193235878706e-55
1.041251274377070308e-04 1.800000000000000000e+02 1.202127072521583926e-54
1.654725332601014178e-04 1.800000000000000000e+02 0.000000000000000000e+00
2.629639928162026317e-04 1.800000000000000000e+02 0.000000000000000000e+00
4.178944998028459004e-04 1.800000000000000000e+02 2.349259057079713324e-54
6.641054202714802811e-04 1.800000000000000000e+02 2.920534172230289531e-54
1.055376439369341271e-03 1.800000000000000000e+02 3.625691951712141239e-54
1.677172621660866659e-03 1.800000000000000000e+02 4.471774747580471109e-54
2.665312487485205824e-03 1.800000000000000000e+02 0.000000000000000000e+00
4.235634760666296718e-03 1.800000000000000000e+02 6.717868287910836039e-54
6.731143875250469519e-03 1.800000000000000000e+02 0.000000000000000000e+00
1.069693220248161408e-02 1.800000000000000000e+02 9.904762801234041934e-54
1.699924420947407019e-02 1.800000000000000000e+02 1.192916863210634361e-53
2.701468965338464645e-02 1.800000000000000000e+02 1.449562920488537474e-53
4.293093552135442831e-02 1.800000000000000000e+02 0.000000000000000000e+00
6.822455665367126165e-02 1.800000000000000000e+02 2.223951481485954989e-53
1.084204216391872894e-01 1.800000000000000000e+02 3.189408108518996657e-53
1.722984861314825755e-01 1.800000000000000000e+02 3.079076076675746141e-52
2.738115926351536999e-01 1.800000000000000000e+02 0.000000000000000000e+00
4.351331804748820309e-01 1.800000000000000000e+02 1.859870068684583265e-56
6.915006151783992250e-01 1.800000000000000000e+02 0.000000000000000000e+00
