# atom 56: Tchi 0.38566204211634714 [GeV]; m_chi = 0.02 [GeV]; mS = 0.06 [GeV]; gchi =0.01; gN = 0.01
# Tchi^prime [GeV], theta [degree] ,dsigma/dTchip dtheta [cm^2/GeV]
9.999999999999999547e-08 0.000000000000000000e+00 0.000000000000000000e+00
1.559756411351295628e-07 0.000000000000000000e+00 0.000000000000000000e+00
2.432840062751472363e-07 0.000000000000000000e+00 0.000000000000000000e+00
3.794637885668897843e-07 0.000000000000000000e+00 0.000000000000000000e+00
5.918710770928588534e-07 0.000000000000000000e+00 0.000000000000000000e+00
9.231747071889816819e-07 0.000000000000000000e+00 0.000000000000000000e+00
1.439927668335369316e-06 0.000000000000000000e+00 0.000000000000000000e+00
2.245936412568214596e-06 0.000000000000000000e+00 0.000000000000000000e+00
3.503113718990601611e-06 0.000000000000000000e+00 0.000000000000000000e+00
5.464004082888272330e-06 0.000000000000000000e+00 0.000000000000000000e+00
8.522515399934638803e-06 0.000000000000000000e+00 0.000000000000000000e+00
1.329304803588820585e-05 0.000000000000000000e+00 0.000000000000000000e+00
2.073391690037733594e-05 0.000000000000000000e+00 0.000000000000000000e+00
3.233985981778859909e-05 0.000000000000000000e+00 0.000000000000000000e+00
5.044230369299780830e-05 0.000000000000000000e+00 0.000000000000000000e+00
7.867770658848247285e-05 0.000000000000000000e+00 0.000000000000000000e+00
1.227180572818016297e-04 0.000000000000000000e+00 0.000000000000000000e+00
1.914102766338656478e-04 0.000000000000000000e+00 0.000000000000000000e+00
2.985534061781970464e-04 0.000000000000000000e+00 0.000000000000000000e+00
4.656705894172099235e-04 0.000000000000000000e+00 0.000000000000000000e+00
7.263326874212300711e-04 0.000000000000000000e+00 0.000000000000000000e+00
1.132902065979278982e-03 0.000000000000000000e+00 0.000000000000000000e+00
1.767051260844308995e-03 0.000000000000000000e+00 0.000000000000000000e+00
2.756169533288302127e-03 0.000000000000000000e+00 0.000000000000000000e+00
4.298953100317537586e-03 0.000000000000000000e+00 0.000000000000000000e+00
6.705319660318808696e-03 0.000000000000000000e+00 0.000000000000000000e+00
1.045866533034215534e-02 0.000000000000000000e+00 0.000000000000000000e+00
1.631297030317869351e-02 0.000000000000000000e+00 0.000000000000000000e+00
2.544426001856620392e-02 0.000000000000000000e+00 0.000000000000000000e+00
3.968684769604807761e-02 0.000000000000000000e+00 0.000000000000000000e+00
6.190181514023338633e-02 0.000000000000000000e+00 0.000000000000000000e+00
9.655175303926173680e-02 0.000000000000000000e+00 0.000000000000000000e+00
1.505972158301954467e-01 0.000000000000000000e+00 0.000000000000000000e+00
2.348949729228022032e-01 0.000000000000000000e+00 0.000000000000000000e+00
3.663789400105297855e-01 0.000000000000000000e+00 0.000000000000000000e+00
9.999999999999999547e-08 6.206896551724137900e+00 1.745141981948557907e-39
1.559756411351295628e-07 6.206896551724137900e+00 2.185235145780297497e-39
2.432840062751472363e-07 6.206896551724137900e+00 2.729568767655299223e-39
3.794637885668897843e-07 6.206896551724137900e+00 3.405203983211768962e-39
5.918710770928588534e-07 6.206896551724137900e+00 4.249033696156956557e-39
9.231747071889816819e-07 6.206896551724137900e+00 5.323817776663120666e-39
1.439927668335369316e-06 6.206896551724137900e+00 6.659672163157889565e-39
2.245936412568214596e-06 6.206896551724137900e+00 8.326922861091488899e-39
3.503113718990601611e-06 6.206896551724137900e+00 1.045770660429595010e-38
5.464004082888272330e-06 6.206896551724137900e+00 1.309713419038407735e-38
8.522515399934638803e-06 6.206896551724137900e+00 1.645873861619781915e-38
1.329304803588820585e-05 6.206896551724137900e+00 2.068425216580002869e-38
2.073391690037733594e-05 6.206896551724137900e+00 2.591239318990301234e-38
3.233985981778859909e-05 6.206896551724137900e+00 3.268981829058510576e-38
5.044230369299780830e-05 6.206896551724137900e+00 4.123995487903580232e-38
7.867770658848247285e-05 6.206896551724137900e+00 5.223305662928137868e-38
1.227180572818016297e-04 6.206896551724137900e+00 6.624580765299365063e-38
1.914102766338656478e-04 6.206896551724137900e+00 8.462993893111628292e-38
2.985534061781970464e-04 6.206896551724137900e+00 1.083427564738899105e-37
4.656705894172099235e-04 6.206896551724137900e+00 1.399375394940231902e-37
7.263326874212300711e-04 6.206896551724137900e+00 1.821183293020549996e-37
1.132902065979278982e-03 6.206896551724137900e+00 2.400236499912717186e-37
1.767051260844308995e-03 6.206896551724137900e+00 3.190602617143736224e-37
2.756169533288302127e-03 6.206896551724137900e+00 4.309274825487247644e-37
4.298953100317537586e-03 6.206896551724137900e+00 5.964196033607895567e-37
6.705319660318808696e-03 6.206896551724137900e+00 8.423588880849472124e-37
1.045866533034215534e-02 6.206896551724137900e+00 1.223833357856683633e-36
1.631297030317869351e-02 6.206896551724137900e+00 1.833327058240035751e-36
2.544426001856620392e-02 6.206896551724137900e+00 2.837335250863068302e-36
3.968684769604807761e-02 6.206896551724137900e+00 0.000000000000000000e+00
6.190181514023338633e-02 6.206896551724137900e+00 0.000000000000000000e+00
9.655175303926173680e-02 6.206896551724137900e+00 0.000000000000000000e+00
1.505972158301954467e-01 6.206896551724137900e+00 0.000000000000000000e+00
2.348949729228022032e-01 6.206896551724137900e+00 0.000000000000000000e+00
3.663789400105297855e-01 6.206896551724137900e+00 0.000000000000000000e+00
9.999999999999999547e-08 1.241379310344827580e+01 3.470677471292952700e-39
1.559756411351295628e-07 1.241379310344827580e+01 4.337782433420551763e-39
2.432840062751472363e-07 1.241379310344827580e+01 5.427200869366310348e-39
3.794637885668897843e-07 1.241379310344827580e+01 6.767144915265978924e-39
5.918710770928588534e-07 1.241379310344827580e+01 8.466558177667898208e-39
9.231747071889816819e-07 1.241379310344827580e+01 1.060682237321190160e-38
1.439927668335369316e-06 1.241379310344827580e+01 1.323261043807584201e-38
2.245936412568214596e-06 1.241379310344827580e+01 1.661643180699718371e-38
3.503113718990601611e-06 1.241379310344827580e+01 2.079494175185345050e-38
5.464004082888272330e-06 1.241379310344827580e+01 2.603359898452634237e-38
8.522515399934638803e-06 1.241379310344827580e+01 3.264844925400322114e-38
1.329304803588820585e-05 1.241379310344827580e+01 4.096341888401263209e-38
2.073391690037733594e-05 1.241379310344827580e+01 5.151363609206427084e-38
3.233985981778859909e-05 1.241379310344827580e+01 6.483382186691081137e-38
5.044230369299780830e-05 1.241379310344827580e+01 8.174990123619358745e-38
7.867770658848247285e-05 1.241379310344827580e+01 1.033370485776561601e-37
1.227180572818016297e-04 1.241379310344827580e+01 1.316874203529350108e-37
1.914102766338656478e-04 1.241379310344827580e+01 1.678728651000753689e-37
2.985534061781970464e-04 1.241379310344827580e+01 2.144622547622867647e-37
4.656705894172099235e-04 1.241379310344827580e+01 2.769917060037991210e-37
7.263326874212300711e-04 1.241379310344827580e+01 3.597574880630673179e-37
1.132902065979278982e-03 1.241379310344827580e+01 4.721476386324082171e-37
1.767051260844308995e-03 1.241379310344827580e+01 6.284798880817988751e-37
2.756169533288302127e-03 1.241379310344827580e+01 8.507292183275806417e-37
4.298953100317537586e-03 1.241379310344827580e+01 1.169989226702658022e-36
6.705319660318808696e-03 1.241379310344827580e+01 1.641648179999155435e-36
1.045866533034215534e-02 1.241379310344827580e+01 2.375680568896227136e-36
1.631297030317869351e-02 1.241379310344827580e+01 3.521122692686431797e-36
2.544426001856620392e-02 1.241379310344827580e+01 5.390534066154616283e-36
3.968684769604807761e-02 1.241379310344827580e+01 8.530130673244643368e-36
6.190181514023338633e-02 1.241379310344827580e+01 0.000000000000000000e+00
9.655175303926173680e-02 1.241379310344827580e+01 0.000000000000000000e+00
1.505972158301954467e-01 1.241379310344827580e+01 0.000000000000000000e+00
2.348949729228022032e-01 1.241379310344827580e+01 0.000000000000000000e+00
3.663789400105297855e-01 1.241379310344827580e+01 0.000000000000000000e+00
9.999999999999999547e-08 1.862068965517241281e+01 5.158492237306664557e-39
1.559756411351295628e-07 1.862068965517241281e+01 6.454376783756431066e-39
2.432840062751472363e-07 1.862068965517241281e+01 8.050086409839340785e-39
3.794637885668897843e-07 1.862068965517241281e+01 1.008815055274710087e-38
5.918710770928588534e-07 1.862068965517241281e+01 1.257200843373405574e-38
9.231747071889816819e-07 1.862068965517241281e+01 1.573909975976646880e-38
1.439927668335369316e-06 1.862068965517241281e+01 1.972986956889854163e-38
2.245936412568214596e-06 1.862068965517241281e+01 2.463166797428839052e-38
3.503113718990601611e-06 1.862068965517241281e+01 3.082559258706373190e-38
5.464004082888272330e-06 1.862068965517241281e+01 3.861619243787947939e-38
8.522515399934638803e-06 1.862068965517241281e+01 4.845935658780799783e-38
1.329304803588820585e-05 1.862068965517241281e+01 6.083028946466159510e-38
2.073391690037733594e-05 1.862068965517241281e+01 7.642745511428436140e-38
3.233985981778859909e-05 1.862068965517241281e+01 9.619842888747460122e-38
5.044230369299780830e-05 1.862068965517241281e+01 1.211481049251579014e-37
7.867770658848247285e-05 1.862068965517241281e+01 1.536939695040697503e-37
1.227180572818016297e-04 1.862068965517241281e+01 1.948797359614962977e-37
1.914102766338656478e-04 1.862068965517241281e+01 2.481977134516936821e-37
2.985534061781970464e-04 1.862068965517241281e+01 3.171647919987602628e-37
4.656705894172099235e-04 1.862068965517241281e+01 4.090975039644827086e-37
7.263326874212300711e-04 1.862068965517241281e+01 5.312744164345763682e-37
1.132902065979278982e-03 1.862068965517241281e+01 6.951205641720340356e-37
1.767051260844308995e-03 1.862068965517241281e+01 9.229139434792614060e-37
2.756169533288302127e-03 1.862068965517241281e+01 1.241039260303124257e-36
4.298953100317537586e-03 1.862068965517241281e+01 1.699434862620314105e-36
6.705319660318808696e-03 1.862068965517241281e+01 2.369470969534082470e-36
1.045866533034215534e-02 1.862068965517241281e+01 3.387856995522122286e-36
1.631297030317869351e-02 1.862068965517241281e+01 4.946016116417971722e-36
2.544426001856620392e-02 1.862068965517241281e+01 7.398719039303803574e-36
3.968684769604807761e-02 1.862068965517241281e+01 1.132073286427054112e-35
6.190181514023338633e-02 1.862068965517241281e+01 0.000000000000000000e+00
9.655175303926173680e-02 1.862068965517241281e+01 0.000000000000000000e+00
1.505972158301954467e-01 1.862068965517241281e+01 0.000000000000000000e+00
2.348949729228022032e-01 1.862068965517241281e+01 0.000000000000000000e+00
3.663789400105297855e-01 1.862068965517241281e+01 0.000000000000000000e+00
9.999999999999999547e-08 2.482758620689655160e+01 6.769477070244219587e-39
1.559756411351295628e-07 2.482758620689655160e+01 8.458238998155986209e-39
2.432840062751472363e-07 2.482758620689655160e+01 1.056355702380914966e-38
3.794637885668897843e-07 2.482758620689655160e+01 1.322765371700834707e-38
5.918710770928588534e-07 2.482758620689655160e+01 1.654641235278961914e-38
9.231747071889816819e-07 2.482758620689655160e+01 2.064469134396761232e-38
1.439927668335369316e-06 2.482758620689655160e+01 2.582565352565121224e-38
2.245936412568214596e-06 2.482758620689655160e+01 3.231471789641871441e-38
3.503113718990601611e-06 2.482758620689655160e+01 4.049661606583183358e-38
5.464004082888272330e-06 2.482758620689655160e+01 5.069405640220047712e-38
8.522515399934638803e-06 2.482758620689655160e+01 6.377247171370489683e-38
1.329304803588820585e-05 2.482758620689655160e+01 7.996347420403638278e-38
2.073391690037733594e-05 2.482758620689655160e+01 1.002794893937479175e-37
3.233985981778859909e-05 2.482758620689655160e+01 1.265533862199674558e-37
5.044230369299780830e-05 2.482758620689655160e+01 1.593793939201557784e-37
7.867770658848247285e-05 2.482758620689655160e+01 2.016838963246748668e-37
1.227180572818016297e-04 2.482758620689655160e+01 2.556113189300600763e-37
1.914102766338656478e-04 2.482758620689655160e+01 3.244695204183793980e-37
2.985534061781970464e-04 2.482758620689655160e+01 4.149119170579265411e-37
4.656705894172099235e-04 2.482758620689655160e+01 5.344284106569441224e-37
7.263326874212300711e-04 2.482758620689655160e+01 6.922327348860532224e-37
1.132902065979278982e-03 2.482758620689655160e+01 9.032186527825290610e-37
1.767051260844308995e-03 2.482758620689655160e+01 1.192115397079876604e-36
2.756169533288302127e-03 2.482758620689655160e+01 1.599139552819484610e-36
4.298953100317537586e-03 2.482758620689655160e+01 2.167423246725979472e-36
6.705319660318808696e-03 2.482758620689655160e+01 3.001538327551330148e-36
1.045866533034215534e-02 2.482758620689655160e+01 4.216041941788795549e-36
1.631297030317869351e-02 2.482758620689655160e+01 6.036549305344734901e-36
2.544426001856620392e-02 2.482758620689655160e+01 8.744932478720150575e-36
3.968684769604807761e-02 2.482758620689655160e+01 1.289529855259749036e-35
6.190181514023338633e-02 2.482758620689655160e+01 0.000000000000000000e+00
9.655175303926173680e-02 2.482758620689655160e+01 0.000000000000000000e+00
1.505972158301954467e-01 2.482758620689655160e+01 0.000000000000000000e+00
2.348949729228022032e-01 2.482758620689655160e+01 0.000000000000000000e+00
3.663789400105297855e-01 2.482758620689655160e+01 0.000000000000000000e+00
9.999999999999999547e-08 3.103448275862069039e+01 8.314357331400090484e-39
1.559756411351295628e-07 3.103448275862069039e+01 1.036255268017902557e-38
2.432840062751472363e-07 3.103448275862069039e+01 1.298083999239568115e-38
3.794637885668897843e-07 3.103448275862069039e+01 1.624095639424592962e-38
5.918710770928588534e-07 3.103448275862069039e+01 2.026353553567454451e-38
9.231747071889816819e-07 3.103448275862069039e+01 2.539119051517846442e-38
1.439927668335369316e-06 3.103448275862069039e+01 3.177372374330588043e-38
2.245936412568214596e-06 3.103448275862069039e+01 3.979276889093304426e-38
3.503113718990601611e-06 3.103448275862069039e+01 4.972623509752554259e-38
5.464004082888272330e-06 3.103448275862069039e+01 6.230863970729727481e-38
8.522515399934638803e-06 3.103448275862069039e+01 7.808453286410344332e-38
1.329304803588820585e-05 3.103448275862069039e+01 9.807403565381408760e-38
2.073391690037733594e-05 3.103448275862069039e+01 1.227758451397877031e-37
3.233985981778859909e-05 3.103448275862069039e+01 1.551101809475560617e-37
5.044230369299780830e-05 3.103448275862069039e+01 1.952407969394118258e-37
7.867770658848247285e-05 3.103448275862069039e+01 2.463222044903404310e-37
1.227180572818016297e-04 3.103448275862069039e+01 3.116660925408651218e-37
1.914102766338656478e-04 3.103448275862069039e+01 3.971909014657579544e-37
2.985534061781970464e-04 3.103448275862069039e+01 5.049127830852088892e-37
4.656705894172099235e-04 3.103448275862069039e+01 6.484512993592248815e-37
7.263326874212300711e-04 3.103448275862069039e+01 8.394198567980845690e-37
1.132902065979278982e-03 3.103448275862069039e+01 1.091710990493248794e-36
1.767051260844308995e-03 3.103448275862069039e+01 1.439134634203099654e-36
2.756169533288302127e-03 3.103448275862069039e+01 1.905498328070760415e-36
4.298953100317537586e-03 3.103448275862069039e+01 2.576242058369265430e-36
6.705319660318808696e-03 3.103448275862069039e+01 3.501139616134235039e-36
1.045866533034215534e-02 3.103448275862069039e+01 4.846339029411625813e-36
1.631297030317869351e-02 3.103448275862069039e+01 6.778709858896180949e-36
2.544426001856620392e-02 3.103448275862069039e+01 9.533770432058717679e-36
3.968684769604807761e-02 3.103448275862069039e+01 1.348669581977159849e-35
6.190181514023338633e-02 3.103448275862069039e+01 0.000000000000000000e+00
9.655175303926173680e-02 3.103448275862069039e+01 0.000000000000000000e+00
1.505972158301954467e-01 3.103448275862069039e+01 0.000000000000000000e+00
2.348949729228022032e-01 3.103448275862069039e+01 0.000000000000000000e+00
3.663789400105297855e-01 3.103448275862069039e+01 0.000000000000000000e+00
9.999999999999999547e-08 3.724137931034482563e+01 9.767928589343240415e-39
1.559756411351295628e-07 3.724137931034482563e+01 1.218181227364441953e-38
2.432840062751472363e-07 3.724137931034482563e+01 1.523534799673386450e-38
3.794637885668897843e-07 3.724137931034482563e+01 1.903339954986893821e-38
5.918710770928588534e-07 3.724137931034482563e+01 2.376685284239761437e-38
9.231747071889816819e-07 3.724137931034482563e+01 2.977749128519430345e-38
1.439927668335369316e-06 3.724137931034482563e+01 3.722496734470875101e-38
2.245936412568214596e-06 3.724137931034482563e+01 4.658942904625582171e-38
3.503113718990601611e-06 3.724137931034482563e+01 5.825779606658566293e-38
5.464004082888272330e-06 3.724137931034482563e+01 7.296981227724164245e-38
8.522515399934638803e-06 3.724137931034482563e+01 9.133020260360845105e-38
1.329304803588820585e-05 3.724137931034482563e+01 1.148699624890912057e-37
2.073391690037733594e-05 3.724137931034482563e+01 1.441443082148264246e-37
3.233985981778859909e-05 3.724137931034482563e+01 1.812204768378786357e-37
5.044230369299780830e-05 3.724137931034482563e+01 2.284168256944338093e-37
7.867770658848247285e-05 3.724137931034482563e+01 2.876193941529043975e-37
1.227180572818016297e-04 3.724137931034482563e+01 3.637062686163314996e-37
1.914102766338656478e-04 3.724137931034482563e+01 4.620487475282271905e-37
2.985534061781970464e-04 3.724137931034482563e+01 5.884909145126701262e-37
4.656705894172099235e-04 3.724137931034482563e+01 7.546017044229585684e-37
7.263326874212300711e-04 3.724137931034482563e+01 9.720323371424473192e-37
1.132902065979278982e-03 3.724137931034482563e+01 1.260249508194329210e-36
1.767051260844308995e-03 3.724137931034482563e+01 1.646470346023521050e-36
2.756169533288302127e-03 3.724137931034482563e+01 2.172846729186218188e-36
4.298953100317537586e-03 3.724137931034482563e+01 2.896707303905206189e-36
6.705319660318808696e-03 3.724137931034482563e+01 3.898211719780812820e-36
1.045866533034215534e-02 3.724137931034482563e+01 5.277935697974954673e-36
1.631297030317869351e-02 3.724137931034482563e+01 7.204086881835932935e-36
2.544426001856620392e-02 3.724137931034482563e+01 9.811905021629216416e-36
3.968684769604807761e-02 3.724137931034482563e+01 1.342744606137687043e-35
6.190181514023338633e-02 3.724137931034482563e+01 0.000000000000000000e+00
9.655175303926173680e-02 3.724137931034482563e+01 0.000000000000000000e+00
1.505972158301954467e-01 3.724137931034482563e+01 0.000000000000000000e+00
2.348949729228022032e-01 3.724137931034482563e+01 0.000000000000000000e+00
3.663789400105297855e-01 3.724137931034482563e+01 0.000000000000000000e+00
9.999999999999999547e-08 4.344827586206896797e+01 1.108693470918810946e-38
1.559756411351295628e-07 4.344827586206896797e+01 1.383162954579325045e-38
2.432840062751472363e-07 4.344827586206896797e+01 1.732265380261844486e-38
3.794637885668897843e-07 4.344827586206896797e+01 2.164817198585962676e-38
5.918710770928588534e-07 4.344827586206896797e+01 2.710902755011087542e-38
9.231747071889816819e-07 4.344827586206896797e+01 3.376412815113728137e-38
1.439927668335369316e-06 4.344827586206896797e+01 4.230000369763580394e-38
2.245936412568214596e-06 4.344827586206896797e+01 5.291697610320643150e-38
3.503113718990601611e-06 4.344827586206896797e+01 6.617098716368041598e-38
5.464004082888272330e-06 4.344827586206896797e+01 8.304226123050040017e-38
8.522515399934638803e-06 4.344827586206896797e+01 1.040289826259931556e-37
1.329304803588820585e-05 4.344827586206896797e+01 1.301167683203288435e-37
2.073391690037733594e-05 4.344827586206896797e+01 1.635009665117580850e-37
3.233985981778859909e-05 4.344827586206896797e+01 2.053869019511501834e-37
5.044230369299780830e-05 4.344827586206896797e+01 2.581522047428325398e-37
7.867770658848247285e-05 4.344827586206896797e+01 3.258354910924062426e-37
1.227180572818016297e-04 4.344827586206896797e+01 4.121460332692994577e-37
1.914102766338656478e-04 4.344827586206896797e+01 5.215042750406877260e-37
2.985534061781970464e-04 4.344827586206896797e+01 6.626440492437402152e-37
4.656705894172099235e-04 4.344827586206896797e+01 8.454614071035976701e-37
7.263326874212300711e-04 4.344827586206896797e+01 1.083514676507004899e-36
1.132902065979278982e-03 4.344827586206896797e+01 1.403446140846999633e-36
1.767051260844308995e-03 4.344827586206896797e+01 1.821177390028384874e-36
2.756169533288302127e-03 4.344827586206896797e+01 2.381524884299517651e-36
4.298953100317537586e-03 4.344827586206896797e+01 3.137224868984484684e-36
6.705319660318808696e-03 4.344827586206896797e+01 4.162582503880793344e-36
1.045866533034215534e-02 4.344827586206896797e+01 5.535304451089711671e-36
1.631297030317869351e-02 4.344827586206896797e+01 7.376315959859800995e-36
2.544426001856620392e-02 4.344827586206896797e+01 9.785325037130760967e-36
3.968684769604807761e-02 4.344827586206896797e+01 1.294158894969445408e-35
6.190181514023338633e-02 4.344827586206896797e+01 1.725699354943911844e-35
9.655175303926173680e-02 4.344827586206896797e+01 0.000000000000000000e+00
1.505972158301954467e-01 4.344827586206896797e+01 0.000000000000000000e+00
2.348949729228022032e-01 4.344827586206896797e+01 0.000000000000000000e+00
3.663789400105297855e-01 4.344827586206896797e+01 0.000000000000000000e+00
9.999999999999999547e-08 4.965517241379310320e+01 1.231613471912830243e-38
1.559756411351295628e-07 4.965517241379310320e+01 1.533390344248793824e-38
2.432840062751472363e-07 4.965517241379310320e+01 1.921428669334712663e-38
3.794637885668897843e-07 4.965517241379310320e+01 2.399636998448136077e-38
5.918710770928588534e-07 4.965517241379310320e+01 2.997207951700406142e-38
9.231747071889816819e-07 4.965517241379310320e+01 3.742591861653029676e-38
1.439927668335369316e-06 4.965517241379310320e+01 4.679866218854910066e-38
2.245936412568214596e-06 4.965517241379310320e+01 5.859103422554670813e-38
3.503113718990601611e-06 4.965517241379310320e+01 7.324716085708138211e-38
5.464004082888272330e-06 4.965517241379310320e+01 9.172715423257865477e-38
8.522515399934638803e-06 4.965517241379310320e+01 1.148412791474950458e-37
1.329304803588820585e-05 4.965517241379310320e+01 1.438629996701134565e-37
2.073391690037733594e-05 4.965517241379310320e+01 1.809072174778894560e-37
3.233985981778859909e-05 4.965517241379310320e+01 2.270232983589841073e-37
5.044230369299780830e-05 4.965517241379310320e+01 2.849960511508043453e-37
7.867770658848247285e-05 4.965517241379310320e+01 3.584728537166000692e-37
1.227180572818016297e-04 4.965517241379310320e+01 4.541661633775819454e-37
1.914102766338656478e-04 4.965517241379310320e+01 5.738369053599799195e-37
2.985534061781970464e-04 4.965517241379310320e+01 7.287528309110113686e-37
4.656705894172099235e-04 4.965517241379310320e+01 9.255787640928957775e-37
7.263326874212300711e-04 4.965517241379310320e+01 1.184658060569142658e-36
1.132902065979278982e-03 4.965517241379310320e+01 1.518928392194179340e-36
1.767051260844308995e-03 4.965517241379310320e+01 1.964873578343303198e-36
2.756169533288302127e-03 4.965517241379310320e+01 2.539753092575780222e-36
4.298953100317537586e-03 4.965517241379310320e+01 3.307963860708575581e-36
6.705319660318808696e-03 4.965517241379310320e+01 4.348347856348242548e-36
1.045866533034215534e-02 4.965517241379310320e+01 5.648775772951771918e-36
1.631297030317869351e-02 4.965517241379310320e+01 7.358119992083812363e-36
2.544426001856620392e-02 4.965517241379310320e+01 9.520340181937369938e-36
3.968684769604807761e-02 4.965517241379310320e+01 1.224859510652886583e-35
6.190181514023338633e-02 4.965517241379310320e+01 1.594381041489084508e-35
9.655175303926173680e-02 4.965517241379310320e+01 0.000000000000000000e+00
1.505972158301954467e-01 4.965517241379310320e+01 0.000000000000000000e+00
2.348949729228022032e-01 4.965517241379310320e+01 0.000000000000000000e+00
3.663789400105297855e-01 4.965517241379310320e+01 0.000000000000000000e+00
9.999999999999999547e-08 5.586206896551724554e+01 1.335312460259544389e-38
1.559756411351295628e-07 5.586206896551724554e+01 1.664232368106113336e-38
2.432840062751472363e-07 5.586206896551724554e+01 2.078979985721382780e-38
3.794637885668897843e-07 5.586206896551724554e+01 2.599954422708871592e-38
5.918710770928588534e-07 5.586206896551724554e+01 3.254940938172033119e-38
9.231747071889816819e-07 5.586206896551724554e+01 4.070733066992288925e-38
1.439927668335369316e-06 5.586206896551724554e+01 5.088864990284742299e-38
2.245936412568214596e-06 5.586206896551724554e+01 6.342857976976197887e-38
3.503113718990601611e-06 5.586206896551724554e+01 7.962715685117716170e-38
5.464004082888272330e-06 5.586206896551724554e+01 9.936556860537647584e-38
8.522515399934638803e-06 5.586206896551724554e+01 1.246362814558263840e-37
1.329304803588820585e-05 5.586206896551724554e+01 1.561961605941323110e-37
2.073391690037733594e-05 5.586206896551724554e+01 1.952313137878747214e-37
3.233985981778859909e-05 5.586206896551724554e+01 2.452911099874474759e-37
5.044230369299780830e-05 5.586206896551724554e+01 3.079194500066705336e-37
7.867770658848247285e-05 5.586206896551724554e+01 3.876573700136986411e-37
1.227180572818016297e-04 5.586206896551724554e+01 4.885036827353630692e-37
1.914102766338656478e-04 5.586206896551724554e+01 6.145150107265793641e-37
2.985534061781970464e-04 5.586206896551724554e+01 7.809306615512837845e-37
4.656705894172099235e-04 5.586206896551724554e+01 9.877591553511887471e-37
7.263326874212300711e-04 5.586206896551724554e+01 1.261541527001450990e-36
1.132902065979278982e-03 5.586206896551724554e+01 1.608342048674792601e-36
1.767051260844308995e-03 5.586206896551724554e+01 2.061061437573747286e-36
2.756169533288302127e-03 5.586206896551724554e+01 2.651215934128302566e-36
4.298953100317537586e-03 5.586206896551724554e+01 3.411345549248071574e-36
6.705319660318808696e-03 5.586206896551724554e+01 4.401328587247393228e-36
1.045866533034215534e-02 5.586206896551724554e+01 5.656668904994679147e-36
1.631297030317869351e-02 5.586206896551724554e+01 7.194631014901755413e-36
2.544426001856620392e-02 5.586206896551724554e+01 9.114080760763878853e-36
3.968684769604807761e-02 5.586206896551724554e+01 1.148243092891533838e-35
6.190181514023338633e-02 5.586206896551724554e+01 1.466740209535581925e-35
9.655175303926173680e-02 5.586206896551724554e+01 1.936404832311973569e-35
1.505972158301954467e-01 5.586206896551724554e+01 0.000000000000000000e+00
2.348949729228022032e-01 5.586206896551724554e+01 0.000000000000000000e+00
3.663789400105297855e-01 5.586206896551724554e+01 0.000000000000000000e+00
9.999999999999999547e-08 6.206896551724138078e+01 1.424073876433465312e-38
1.559756411351295628e-07 6.206896551724138078e+01 1.777413175830910238e-38
2.432840062751472363e-07 6.206896551724138078e+01 2.225482200821985399e-38
3.794637885668897843e-07 6.206896551724138078e+01 2.778649126513563805e-38
5.918710770928588534e-07 6.206896551724138078e+01 3.466598188830406679e-38
9.231747071889816819e-07 6.206896551724138078e+01 4.338746989751477464e-38
1.439927668335369316e-06 6.206896551724138078e+01 5.426283321567161579e-38
2.245936412568214596e-06 6.206896551724138078e+01 6.771662354800666248e-38
3.503113718990601611e-06 6.206896551724138078e+01 8.480761491677831515e-38
5.464004082888272330e-06 6.206896551724138078e+01 1.058686157591042863e-37
8.522515399934638803e-06 6.206896551724138078e+01 1.324842601249354496e-37
1.329304803588820585e-05 6.206896551724138078e+01 1.662697161149175816e-37
2.073391690037733594e-05 6.206896551724138078e+01 2.078351477235395264e-37
3.233985981778859909e-05 6.206896551724138078e+01 2.605033986182814689e-37
5.044230369299780830e-05 6.206896551724138078e+01 3.270140298395956931e-37
7.867770658848247285e-05 6.206896551724138078e+01 4.111454972553488898e-37
1.227180572818016297e-04 6.206896551724138078e+01 5.164879044577537198e-37
1.914102766338656478e-04 6.206896551724138078e+01 6.523215425541782211e-37
2.985534061781970464e-04 6.206896551724138078e+01 8.222103793064020175e-37
4.656705894172099235e-04 6.206896551724138078e+01 1.040121361493102382e-36
7.263326874212300711e-04 6.206896551724138078e+01 1.318801277679248107e-36
1.132902065979278982e-03 6.206896551724138078e+01 1.676619032251604248e-36
1.767051260844308995e-03 6.206896551724138078e+01 2.130520207348067804e-36
2.756169533288302127e-03 6.206896551724138078e+01 2.712061796613406613e-36
4.298953100317537586e-03 6.206896551724138078e+01 3.453131994251500446e-36
6.705319660318808696e-03 6.206896551724138078e+01 4.391139951392967113e-36
1.045866533034215534e-02 6.206896551724138078e+01 5.543728867870238471e-36
1.631297030317869351e-02 6.206896551724138078e+01 6.945056573781150583e-36
2.544426001856620392e-02 6.206896551724138078e+01 8.621235331270652529e-36
3.968684769604807761e-02 6.206896551724138078e+01 1.067783522301009572e-35
6.190181514023338633e-02 6.206896551724138078e+01 1.339988182077304259e-35
9.655175303926173680e-02 6.206896551724138078e+01 1.743465529012827042e-35
1.505972158301954467e-01 6.206896551724138078e+01 2.626805594171490454e-35
2.348949729228022032e-01 6.206896551724138078e+01 4.127034946453420115e-34
3.663789400105297855e-01 6.206896551724138078e+01 0.000000000000000000e+00
9.999999999999999547e-08 6.827586206896552312e+01 1.498783863175884578e-38
1.559756411351295628e-07 6.827586206896552312e+01 1.868328155134019031e-38
2.432840062751472363e-07 6.827586206896552312e+01 2.337183894733888038e-38
3.794637885668897843e-07 6.827586206896552312e+01 2.919731752175151914e-38
5.918710770928588534e-07 6.827586206896552312e+01 3.639127019054143583e-38
9.231747071889816819e-07 6.827586206896552312e+01 4.554651101789104037e-38
1.439927668335369316e-06 6.827586206896552312e+01 5.680112797934848159e-38
2.245936412568214596e-06 6.827586206896552312e+01 7.118189630110616901e-38
3.503113718990601611e-06 6.827586206896552312e+01 8.908846154087326463e-38
5.464004082888272330e-06 6.827586206896552312e+01 1.111715771859298683e-37
8.522515399934638803e-06 6.827586206896552312e+01 1.390271364011457544e-37
1.329304803588820585e-05 6.827586206896552312e+01 1.739249128944410055e-37
2.073391690037733594e-05 6.827586206896552312e+01 2.180565954438422284e-37
3.233985981778859909e-05 6.827586206896552312e+01 2.725337396689296618e-37
5.044230369299780830e-05 6.827586206896552312e+01 3.424243832875433998e-37
7.867770658848247285e-05 6.827586206896552312e+01 4.299297785956655684e-37
1.227180572818016297e-04 6.827586206896552312e+01 5.392505603831891112e-37
1.914102766338656478e-04 6.827586206896552312e+01 6.774357372515541747e-37
2.985534061781970464e-04 6.827586206896552312e+01 8.524947798471579371e-37
4.656705894172099235e-04 6.827586206896552312e+01 1.073731524578574366e-36
7.263326874212300711e-04 6.827586206896552312e+01 1.357818621805500589e-36
1.132902065979278982e-03 6.827586206896552312e+01 1.710669976370847445e-36
1.767051260844308995e-03 6.827586206896552312e+01 2.167854338648175679e-36
2.756169533288302127e-03 6.827586206896552312e+01 2.735132912011107826e-36
4.298953100317537586e-03 6.827586206896552312e+01 3.447267647587229499e-36
6.705319660318808696e-03 6.827586206896552312e+01 4.322028915119035602e-36
1.045866533034215534e-02 6.827586206896552312e+01 5.373971092416251773e-36
1.631297030317869351e-02 6.827586206896552312e+01 6.632196235239241723e-36
2.544426001856620392e-02 6.827586206896552312e+01 8.081187541520831374e-36
3.968684769604807761e-02 6.827586206896552312e+01 9.893585189034284156e-36
6.190181514023338633e-02 6.827586206896552312e+01 1.226462439913729581e-35
9.655175303926173680e-02 6.827586206896552312e+01 1.566784987340596219e-35
1.505972158301954467e-01 6.827586206896552312e+01 2.647428149639051807e-35
2.348949729228022032e-01 6.827586206896552312e+01 4.084157490129682878e-34
3.663789400105297855e-01 6.827586206896552312e+01 0.000000000000000000e+00
9.999999999999999547e-08 7.448275862068965125e+01 1.550705153635825188e-38
1.559756411351295628e-07 7.448275862068965125e+01 1.937332659194054970e-38
2.432840062751472363e-07 7.448275862068965125e+01 2.426421448387771427e-38
3.794637885668897843e-07 7.448275862068965125e+01 3.029480271619434264e-38
5.918710770928588534e-07 7.448275862068965125e+01 3.777148907108569885e-38
9.231747071889816819e-07 7.448275862068965125e+01 4.717536075098586240e-38
1.439927668335369316e-06 7.448275862068965125e+01 5.901287933545409554e-38
2.245936412568214596e-06 7.448275862068965125e+01 7.381457106702144747e-38
3.503113718990601611e-06 7.448275862068965125e+01 9.206150755231256225e-38
5.464004082888272330e-06 7.448275862068965125e+01 1.152436944944365404e-37
8.522515399934638803e-06 7.448275862068965125e+01 1.443489059216463747e-37
1.329304803588820585e-05 7.448275862068965125e+01 1.802410624123032425e-37
2.073391690037733594e-05 7.448275862068965125e+01 2.254420226608304363e-37
3.233985981778859909e-05 7.448275862068965125e+01 2.819069238181466235e-37
5.044230369299780830e-05 7.448275862068965125e+01 3.530387588318470461e-37
7.867770658848247285e-05 7.448275862068965125e+01 4.423934700400809984e-37
1.227180572818016297e-04 7.448275862068965125e+01 5.548368366479906029e-37
1.914102766338656478e-04 7.448275862068965125e+01 6.941353278287598393e-37
2.985534061781970464e-04 7.448275862068965125e+01 8.726353214675405670e-37
4.656705894172099235e-04 7.448275862068965125e+01 1.095014978106870102e-36
7.263326874212300711e-04 7.448275862068965125e+01 1.381647598405609707e-36
1.132902065979278982e-03 7.448275862068965125e+01 1.727203625374512973e-36
1.767051260844308995e-03 7.448275862068965125e+01 2.170201808022190651e-36
2.756169533288302127e-03 7.448275862068965125e+01 2.722668612390693188e-36
4.298953100317537586e-03 7.448275862068965125e+01 3.390457014906729351e-36
6.705319660318808696e-03 7.448275862068965125e+01 4.201456684198486344e-36
1.045866533034215534e-02 7.448275862068965125e+01 5.162238304110541774e-36
1.631297030317869351e-02 7.448275862068965125e+01 6.261411567381109355e-36
2.544426001856620392e-02 7.448275862068965125e+01 7.547142692913087691e-36
3.968684769604807761e-02 7.448275862068965125e+01 9.115446731552161377e-36
6.190181514023338633e-02 7.448275862068965125e+01 1.115072471271365039e-35
9.655175303926173680e-02 7.448275862068965125e+01 1.413292111093367057e-35
1.505972158301954467e-01 7.448275862068965125e+01 2.893907073525815985e-35
2.348949729228022032e-01 7.448275862068965125e+01 3.654758838084648779e-34
3.663789400105297855e-01 7.448275862068965125e+01 0.000000000000000000e+00
9.999999999999999547e-08 8.068965517241380780e+01 1.589028837458231059e-38
1.559756411351295628e-07 8.068965517241380780e+01 1.988675865287863301e-38
2.432840062751472363e-07 8.068965517241380780e+01 2.479455592251408071e-38
3.794637885668897843e-07 8.068965517241380780e+01 3.099521265245731071e-38
5.918710770928588534e-07 8.068965517241380780e+01 3.863330890936852988e-38
9.231747071889816819e-07 8.068965517241380780e+01 4.834847377833430252e-38
1.439927668335369316e-06 8.068965517241380780e+01 6.021997716055741130e-38
2.245936412568214596e-06 8.068965517241380780e+01 7.534615186063745320e-38
3.503113718990601611e-06 8.068965517241380780e+01 9.426348583520649585e-38
5.464004082888272330e-06 8.068965517241380780e+01 1.178569012425606605e-37
8.522515399934638803e-06 8.068965517241380780e+01 1.471406223741463668e-37
1.329304803588820585e-05 8.068965517241380780e+01 1.835813843245813692e-37
2.073391690037733594e-05 8.068965517241380780e+01 2.303122570456373913e-37
3.233985981778859909e-05 8.068965517241380780e+01 2.873536154508837226e-37
5.044230369299780830e-05 8.068965517241380780e+01 3.593679312265698811e-37
7.867770658848247285e-05 8.068965517241380780e+01 4.497505563945505644e-37
1.227180572818016297e-04 8.068965517241380780e+01 5.642638339235279321e-37
1.914102766338656478e-04 8.068965517241380780e+01 7.042468368828879661e-37
2.985534061781970464e-04 8.068965517241380780e+01 8.808951112170063645e-37
4.656705894172099235e-04 8.068965517241380780e+01 1.103614749155071298e-36
7.263326874212300711e-04 8.068965517241380780e+01 1.381318805714558702e-36
1.132902065979278982e-03 8.068965517241380780e+01 1.717502348248703897e-36
1.767051260844308995e-03 8.068965517241380780e+01 2.147036028190408865e-36
2.756169533288302127e-03 8.068965517241380780e+01 2.673953805729881492e-36
4.298953100317537586e-03 8.068965517241380780e+01 3.300137751043504480e-36
6.705319660318808696e-03 8.068965517241380780e+01 4.043879010303947182e-36
1.045866533034215534e-02 8.068965517241380780e+01 4.909222513319941059e-36
1.631297030317869351e-02 8.068965517241380780e+01 5.885217529980092554e-36
2.544426001856620392e-02 8.068965517241380780e+01 7.005623505460807648e-36
3.968684769604807761e-02 8.068965517241380780e+01 8.374486537065168968e-36
6.190181514023338633e-02 8.068965517241380780e+01 1.015650156623245793e-35
9.655175303926173680e-02 8.068965517241380780e+01 1.275934487240880754e-35
1.505972158301954467e-01 8.068965517241380780e+01 3.368913115897911499e-35
2.348949729228022032e-01 8.068965517241380780e+01 3.064064920858519693e-34
3.663789400105297855e-01 8.068965517241380780e+01 0.000000000000000000e+00
9.999999999999999547e-08 8.689655172413793593e+01 1.607010304328500742e-38
1.559756411351295628e-07 8.689655172413793593e+01 2.015048903841113694e-38
2.432840062751472363e-07 8.689655172413793593e+01 2.505703272379044349e-38
3.794637885668897843e-07 8.689655172413793593e+01 3.138229928072727749e-38
5.918710770928588534e-07 8.689655172413793593e+01 3.921529494221407850e-38
9.231747071889816819e-07 8.689655172413793593e+01 4.893975075131658725e-38
1.439927668335369316e-06 8.689655172413793593e+01 6.113447194074507120e-38
2.245936412568214596e-06 8.689655172413793593e+01 7.621447518665619026e-38
3.503113718990601611e-06 8.689655172413793593e+01 9.514650942694895776e-38
5.464004082888272330e-06 8.689655172413793593e+01 1.191400665414717382e-37
8.522515399934638803e-06 8.689655172413793593e+01 1.485031204114706047e-37
1.329304803588820585e-05 8.689655172413793593e+01 1.859144430191529531e-37
2.073391690037733594e-05 8.689655172413793593e+01 2.316857396203843852e-37
3.233985981778859909e-05 8.689655172413793593e+01 2.896344338755761800e-37
5.044230369299780830e-05 8.689655172413793593e+01 3.615687223738369899e-37
7.867770658848247285e-05 8.689655172413793593e+01 4.515146547992149504e-37
1.227180572818016297e-04 8.689655172413793593e+01 5.651273176485112486e-37
1.914102766338656478e-04 8.689655172413793593e+01 7.055813887962772203e-37
2.985534061781970464e-04 8.689655172413793593e+01 8.804799100565398473e-37
4.656705894172099235e-04 8.689655172413793593e+01 1.099716973996585839e-36
7.263326874212300711e-04 8.689655172413793593e+01 1.367628344517179657e-36
1.132902065979278982e-03 8.689655172413793593e+01 1.697225455616076160e-36
1.767051260844308995e-03 8.689655172413793593e+01 2.104521089598303178e-36
2.756169533288302127e-03 8.689655172413793593e+01 2.592400849866607630e-36
4.298953100317537586e-03 8.689655172413793593e+01 3.175084315025992396e-36
6.705319660318808696e-03 8.689655172413793593e+01 3.861510587669464866e-36
1.045866533034215534e-02 8.689655172413793593e+01 4.625331540520289008e-36
1.631297030317869351e-02 8.689655172413793593e+01 5.499172976766564557e-36
2.544426001856620392e-02 8.689655172413793593e+01 6.473328708767996437e-36
3.968684769604807761e-02 8.689655172413793593e+01 7.686713460108936749e-36
6.190181514023338633e-02 8.689655172413793593e+01 9.210567492331511708e-36
9.655175303926173680e-02 8.689655172413793593e+01 1.152848111684844883e-35
1.505972158301954467e-01 8.689655172413793593e+01 4.034015749759184740e-35
2.348949729228022032e-01 8.689655172413793593e+01 2.495129035573307073e-34
3.663789400105297855e-01 8.689655172413793593e+01 0.000000000000000000e+00
9.999999999999999547e-08 9.310344827586206407e+01 1.610735514224522222e-38
1.559756411351295628e-07 9.310344827586206407e+01 2.009939430676932242e-38
2.432840062751472363e-07 9.310344827586206407e+01 2.510543280452552146e-38
3.794637885668897843e-07 9.310344827586206407e+01 3.133530968775874184e-38
5.918710770928588534e-07 9.310344827586206407e+01 3.906167903322078662e-38
9.231747071889816819e-07 9.310344827586206407e+01 4.889256620966909937e-38
1.439927668335369316e-06 9.310344827586206407e+01 6.091865644049773490e-38
2.245936412568214596e-06 9.310344827586206407e+01 7.618122406890337760e-38
3.503113718990601611e-06 9.310344827586206407e+01 9.532564322647972445e-38
5.464004082888272330e-06 9.310344827586206407e+01 1.187081581310442969e-37
8.522515399934638803e-06 9.310344827586206407e+01 1.483800808274487489e-37
1.329304803588820585e-05 9.310344827586206407e+01 1.849251065660808191e-37
2.073391690037733594e-05 9.310344827586206407e+01 2.309401486436826735e-37
3.233985981778859909e-05 9.310344827586206407e+01 2.879253551642687501e-37
5.044230369299780830e-05 9.310344827586206407e+01 3.595243806987636522e-37
7.867770658848247285e-05 9.310344827586206407e+01 4.479234551515482823e-37
1.227180572818016297e-04 9.310344827586206407e+01 5.591961521973500413e-37
1.914102766338656478e-04 9.310344827586206407e+01 6.962262556449823654e-37
2.985534061781970464e-04 9.310344827586206407e+01 8.671924350844333422e-37
4.656705894172099235e-04 9.310344827586206407e+01 1.077045163833329034e-36
7.263326874212300711e-04 9.310344827586206407e+01 1.339022835180868375e-36
1.132902065979278982e-03 9.310344827586206407e+01 1.658999107411269368e-36
1.767051260844308995e-03 9.310344827586206407e+01 2.035717541662614628e-36
2.756169533288302127e-03 9.310344827586206407e+01 2.496158212923189917e-36
4.298953100317537586e-03 9.310344827586206407e+01 3.034960619776494221e-36
6.705319660318808696e-03 9.310344827586206407e+01 3.640788260959380756e-36
1.045866533034215534e-02 9.310344827586206407e+01 4.341863679897138362e-36
1.631297030317869351e-02 9.310344827586206407e+01 5.095587254774872578e-36
2.544426001856620392e-02 9.310344827586206407e+01 5.962457250213311975e-36
3.968684769604807761e-02 9.310344827586206407e+01 7.007443513371383442e-36
6.190181514023338633e-02 9.310344827586206407e+01 8.328834105078203381e-36
9.655175303926173680e-02 9.310344827586206407e+01 1.043967135920652374e-35
1.505972158301954467e-01 9.310344827586206407e+01 4.756332632764102937e-35
2.348949729228022032e-01 9.310344827586206407e+01 2.003750677172393618e-34
3.663789400105297855e-01 9.310344827586206407e+01 0.000000000000000000e+00
9.999999999999999547e-08 9.931034482758620641e+01 1.588330192329266409e-38
1.559756411351295628e-07 9.931034482758620641e+01 1.982467227078564755e-38
2.432840062751472363e-07 9.931034482758620641e+01 2.478301398020897100e-38
3.794637885668897843e-07 9.931034482758620641e+01 3.093001413681620853e-38
5.918710770928588534e-07 9.931034482758620641e+01 3.853202262341657903e-38
9.231747071889816819e-07 9.931034482758620641e+01 4.818266409358192846e-38
1.439927668335369316e-06 9.931034482758620641e+01 6.035802992636995105e-38
2.245936412568214596e-06 9.931034482758620641e+01 7.520163577683704936e-38
3.503113718990601611e-06 9.931034482758620641e+01 9.386169100862216377e-38
5.464004082888272330e-06 9.931034482758620641e+01 1.171578984934676215e-37
8.522515399934638803e-06 9.931034482758620641e+01 1.458559495107934176e-37
1.329304803588820585e-05 9.931034482758620641e+01 1.825106159685707582e-37
2.073391690037733594e-05 9.931034482758620641e+01 2.273414640339120434e-37
3.233985981778859909e-05 9.931034482758620641e+01 2.839463401517789968e-37
5.044230369299780830e-05 9.931034482758620641e+01 3.526688776299909859e-37
7.867770658848247285e-05 9.931034482758620641e+01 4.404420182969076671e-37
1.227180572818016297e-04 9.931034482758620641e+01 5.476386934686586383e-37
1.914102766338656478e-04 9.931034482758620641e+01 6.827329253810174839e-37
2.985534061781970464e-04 9.931034482758620641e+01 8.458386479116219097e-37
4.656705894172099235e-04 9.931034482758620641e+01 1.049026645182588287e-36
7.263326874212300711e-04 9.931034482758620641e+01 1.294606238285398115e-36
1.132902065979278982e-03 9.931034482758620641e+01 1.595493151773678303e-36
1.767051260844308995e-03 9.931034482758620641e+01 1.951774458248340024e-36
2.756169533288302127e-03 9.931034482758620641e+01 2.372281947327141541e-36
4.298953100317537586e-03 9.931034482758620641e+01 2.858504460160952547e-36
6.705319660318808696e-03 9.931034482758620641e+01 3.415897642826914684e-36
1.045866533034215534e-02 9.931034482758620641e+01 4.031863901954567798e-36
1.631297030317869351e-02 9.931034482758620641e+01 4.697000495844042417e-36
2.544426001856620392e-02 9.931034482758620641e+01 5.446485988585071433e-36
3.968684769604807761e-02 9.931034482758620641e+01 6.362599188202641031e-36
6.190181514023338633e-02 9.931034482758620641e+01 7.520884206978045579e-36
9.655175303926173680e-02 9.931034482758620641e+01 9.517435356842967603e-36
1.505972158301954467e-01 9.931034482758620641e+01 5.531780316692699247e-35
2.348949729228022032e-01 9.931034482758620641e+01 1.591869708684434264e-34
3.663789400105297855e-01 9.931034482758620641e+01 0.000000000000000000e+00
9.999999999999999547e-08 1.055172413793103630e+02 1.553643073909155372e-38
1.559756411351295628e-07 1.055172413793103630e+02 1.941234208944668202e-38
2.432840062751472363e-07 1.055172413793103630e+02 2.412787334475648216e-38
3.794637885668897843e-07 1.055172413793103630e+02 3.009384212180122717e-38
5.918710770928588534e-07 1.055172413793103630e+02 3.775956336267518194e-38
9.231747071889816819e-07 1.055172413793103630e+02 4.715305948071741022e-38
1.439927668335369316e-06 1.055172413793103630e+02 5.872551244549016376e-38
2.245936412568214596e-06 1.055172413793103630e+02 7.335242944253291113e-38
3.503113718990601611e-06 1.055172413793103630e+02 9.178857222564944625e-38
5.464004082888272330e-06 1.055172413793103630e+02 1.142414293172332411e-37
8.522515399934638803e-06 1.055172413793103630e+02 1.423149444721309004e-37
1.329304803588820585e-05 1.055172413793103630e+02 1.776385215528377403e-37
2.073391690037733594e-05 1.055172413793103630e+02 2.214680455299073659e-37
3.233985981778859909e-05 1.055172413793103630e+02 2.763368978550349054e-37
5.044230369299780830e-05 1.055172413793103630e+02 3.434112576316125332e-37
7.867770658848247285e-05 1.055172413793103630e+02 4.269243663296610415e-37
1.227180572818016297e-04 1.055172413793103630e+02 5.307759751594317363e-37
1.914102766338656478e-04 1.055172413793103630e+02 6.586260489797141846e-37
2.985534061781970464e-04 1.055172413793103630e+02 8.143488702264646555e-37
4.656705894172099235e-04 1.055172413793103630e+02 1.007054408623168848e-36
7.263326874212300711e-04 1.055172413793103630e+02 1.239054043359055276e-36
1.132902065979278982e-03 1.055172413793103630e+02 1.522935248909032090e-36
1.767051260844308995e-03 1.055172413793103630e+02 1.851885008313860085e-36
2.756169533288302127e-03 1.055172413793103630e+02 2.236541770508672812e-36
4.298953100317537586e-03 1.055172413793103630e+02 2.675746513491106811e-36
6.705319660318808696e-03 1.055172413793103630e+02 3.171469921335497886e-36
1.045866533034215534e-02 1.055172413793103630e+02 3.713944143997907805e-36
1.631297030317869351e-02 1.055172413793103630e+02 4.306929571758308458e-36
2.544426001856620392e-02 1.055172413793103630e+02 4.981654237414923862e-36
3.968684769604807761e-02 1.055172413793103630e+02 5.760891721660083884e-36
6.190181514023338633e-02 1.055172413793103630e+02 6.766480399145628028e-36
9.655175303926173680e-02 1.055172413793103630e+02 8.769692319783334673e-36
1.505972158301954467e-01 1.055172413793103630e+02 6.162725629450201682e-35
2.348949729228022032e-01 1.055172413793103630e+02 1.243289409972301980e-34
3.663789400105297855e-01 1.055172413793103630e+02 0.000000000000000000e+00
9.999999999999999547e-08 1.117241379310344911e+02 1.497269351242266422e-38
1.559756411351295628e-07 1.117241379310344911e+02 1.863275229608711252e-38
2.432840062751472363e-07 1.117241379310344911e+02 2.326812368448591436e-38
3.794637885668897843e-07 1.117241379310344911e+02 2.907658970778406633e-38
5.918710770928588534e-07 1.117241379310344911e+02 3.637156657113646787e-38
9.231747071889816819e-07 1.117241379310344911e+02 4.539730085693834971e-38
1.439927668335369316e-06 1.117241379310344911e+02 5.652229340572153045e-38
2.245936412568214596e-06 1.117241379310344911e+02 7.056479957901552800e-38
3.503113718990601611e-06 1.117241379310344911e+02 8.790637995829450115e-38
5.464004082888272330e-06 1.117241379310344911e+02 1.099387692812521755e-37
8.522515399934638803e-06 1.117241379310344911e+02 1.369250722464005249e-37
1.329304803588820585e-05 1.117241379310344911e+02 1.706111568494990623e-37
2.073391690037733594e-05 1.117241379310344911e+02 2.127661377031519582e-37
3.233985981778859909e-05 1.117241379310344911e+02 2.641262243132087974e-37
5.044230369299780830e-05 1.117241379310344911e+02 3.292941816615730320e-37
7.867770658848247285e-05 1.117241379310344911e+02 4.093687265662070147e-37
1.227180572818016297e-04 1.117241379310344911e+02 5.077286180043816105e-37
1.914102766338656478e-04 1.117241379310344911e+02 6.287578153510645552e-37
2.985534061781970464e-04 1.117241379310344911e+02 7.761085607260334737e-37
4.656705894172099235e-04 1.117241379310344911e+02 9.555044382672428115e-37
7.263326874212300711e-04 1.117241379310344911e+02 1.172512474364686702e-36
1.132902065979278982e-03 1.117241379310344911e+02 1.432283943625047639e-36
1.767051260844308995e-03 1.117241379310344911e+02 1.734270693255263619e-36
2.756169533288302127e-03 1.117241379310344911e+02 2.085968988796572580e-36
4.298953100317537586e-03 1.117241379310344911e+02 2.484315761317638824e-36
6.705319660318808696e-03 1.117241379310344911e+02 2.916829872716640723e-36
1.045866533034215534e-02 1.117241379310344911e+02 3.395650106623593059e-36
1.631297030317869351e-02 1.117241379310344911e+02 3.914052302378572628e-36
2.544426001856620392e-02 1.117241379310344911e+02 4.497912331016598030e-36
3.968684769604807761e-02 1.117241379310344911e+02 5.187635163304924222e-36
6.190181514023338633e-02 1.117241379310344911e+02 6.051226511124459275e-36
9.655175303926173680e-02 1.117241379310344911e+02 8.284085604581014591e-36
1.505972158301954467e-01 1.117241379310344911e+02 6.553512051179604016e-35
2.348949729228022032e-01 1.117241379310344911e+02 9.555463342599022381e-35
3.663789400105297855e-01 1.117241379310344911e+02 0.000000000000000000e+00
9.999999999999999547e-08 1.179310344827586192e+02 1.421438839984658452e-38
1.559756411351295628e-07 1.179310344827586192e+02 1.775073083306773731e-38
2.432840062751472363e-07 1.179310344827586192e+02 2.213616851759042008e-38
3.794637885668897843e-07 1.179310344827586192e+02 2.765560756015988245e-38
5.918710770928588534e-07 1.179310344827586192e+02 3.453680434971842457e-38
9.231747071889816819e-07 1.179310344827586192e+02 4.306537280416256840e-38
1.439927668335369316e-06 1.179310344827586192e+02 5.375394127518385675e-38
2.245936412568214596e-06 1.179310344827586192e+02 6.704546287047219772e-38
3.503113718990601611e-06 1.179310344827586192e+02 8.349318089405388607e-38
5.464004082888272330e-06 1.179310344827586192e+02 1.042749742895711067e-37
8.522515399934638803e-06 1.179310344827586192e+02 1.300460001608797800e-37
1.329304803588820585e-05 1.179310344827586192e+02 1.619649946541704309e-37
2.073391690037733594e-05 1.179310344827586192e+02 2.013532904094750639e-37
3.233985981778859909e-05 1.179310344827586192e+02 2.506069520653912927e-37
5.044230369299780830e-05 1.179310344827586192e+02 3.115505472772578798e-37
7.867770658848247285e-05 1.179310344827586192e+02 3.871383649674765769e-37
1.227180572818016297e-04 1.179310344827586192e+02 4.795680191685479094e-37
1.914102766338656478e-04 1.179310344827586192e+02 5.909700638298845229e-37
2.985534061781970464e-04 1.179310344827586192e+02 7.287163516620728503e-37
4.656705894172099235e-04 1.179310344827586192e+02 8.964298777317152313e-37
7.263326874212300711e-04 1.179310344827586192e+02 1.094340465406150493e-36
1.132902065979278982e-03 1.179310344827586192e+02 1.331825273641781915e-36
1.767051260844308995e-03 1.179310344827586192e+02 1.603586073658253104e-36
2.756169533288302127e-03 1.179310344827586192e+02 1.921055912988320559e-36
4.298953100317537586e-03 1.179310344827586192e+02 2.274975693016724044e-36
6.705319660318808696e-03 1.179310344827586192e+02 2.664344679287754829e-36
1.045866533034215534e-02 1.179310344827586192e+02 3.075055178925363913e-36
1.631297030317869351e-02 1.179310344827586192e+02 3.535642268592585754e-36
2.544426001856620392e-02 1.179310344827586192e+02 4.042087105612796521e-36
3.968684769604807761e-02 1.179310344827586192e+02 4.620367318800062571e-36
6.190181514023338633e-02 1.179310344827586192e+02 5.369107556118745008e-36
9.655175303926173680e-02 1.179310344827586192e+02 7.974478765689239869e-36
1.505972158301954467e-01 1.179310344827586192e+02 6.620447562051807777e-35
2.348949729228022032e-01 1.179310344827586192e+02 7.304889863682281281e-35
3.663789400105297855e-01 1.179310344827586192e+02 0.000000000000000000e+00
9.999999999999999547e-08 1.241379310344827616e+02 1.330489902561156437e-38
1.559756411351295628e-07 1.241379310344827616e+02 1.661055282563181057e-38
2.432840062751472363e-07 1.241379310344827616e+02 2.078043578995584690e-38
3.794637885668897843e-07 1.241379310344827616e+02 2.589199842325566771e-38
5.918710770928588534e-07 1.241379310344827616e+02 3.229829518111560315e-38
9.231747071889816819e-07 1.241379310344827616e+02 4.040172723057237382e-38
1.439927668335369316e-06 1.241379310344827616e+02 5.038037832090301531e-38
2.245936412568214596e-06 1.241379310344827616e+02 6.275215035974285717e-38
3.503113718990601611e-06 1.241379310344827616e+02 7.821766522175035052e-38
5.464004082888272330e-06 1.241379310344827616e+02 9.753974652386915282e-38
8.522515399934638803e-06 1.241379310344827616e+02 1.214601337639560422e-37
1.329304803588820585e-05 1.241379310344827616e+02 1.514802898820591939e-37
2.073391690037733594e-05 1.241379310344827616e+02 1.885654365206862902e-37
3.233985981778859909e-05 1.241379310344827616e+02 2.332590486241401764e-37
5.044230369299780830e-05 1.241379310344827616e+02 2.900880561579819542e-37
7.867770658848247285e-05 1.241379310344827616e+02 3.596096572159952625e-37
1.227180572818016297e-04 1.241379310344827616e+02 4.452967080233948334e-37
1.914102766338656478e-04 1.241379310344827616e+02 5.495220869541600751e-37
2.985534061781970464e-04 1.241379310344827616e+02 6.762974957896471721e-37
4.656705894172099235e-04 1.241379310344827616e+02 8.261498518105572666e-37
7.263326874212300711e-04 1.241379310344827616e+02 1.009994784105395633e-36
1.132902065979278982e-03 1.241379310344827616e+02 1.221551546530320404e-36
1.767051260844308995e-03 1.241379310344827616e+02 1.469524467075355159e-36
2.756169533288302127e-03 1.241379310344827616e+02 1.749279866942708480e-36
4.298953100317537586e-03 1.241379310344827616e+02 2.062925436021357140e-36
6.705319660318808696e-03 1.241379310344827616e+02 2.399253516475829028e-36
1.045866533034215534e-02 1.241379310344827616e+02 2.765327876325066996e-36
1.631297030317869351e-02 1.241379310344827616e+02 3.162570247752262312e-36
2.544426001856620392e-02 1.241379310344827616e+02 3.586873949130958089e-36
3.968684769604807761e-02 1.241379310344827616e+02 4.104370935118209856e-36
6.190181514023338633e-02 1.241379310344827616e+02 4.732519340907708998e-36
9.655175303926173680e-02 1.241379310344827616e+02 7.658001303463367528e-36
1.505972158301954467e-01 1.241379310344827616e+02 6.421736231623203095e-35
2.348949729228022032e-01 1.241379310344827616e+02 5.540944981363697840e-35
3.663789400105297855e-01 1.241379310344827616e+02 0.000000000000000000e+00
9.999999999999999547e-08 1.303448275862068897e+02 1.225968900837804975e-38
1.559756411351295628e-07 1.303448275862068897e+02 1.529902552152722367e-38
2.432840062751472363e-07 1.303448275862068897e+02 1.908918300415608461e-38
3.794637885668897843e-07 1.303448275862068897e+02 2.380947191716818931e-38
5.918710770928588534e-07 1.303448275862068897e+02 2.976197771710546518e-38
9.231747071889816819e-07 1.303448275862068897e+02 3.708830722206604791e-38
1.439927668335369316e-06 1.303448275862068897e+02 4.629598065142739023e-38
2.245936412568214596e-06 1.303448275862068897e+02 5.773680497721762757e-38
3.503113718990601611e-06 1.303448275862068897e+02 7.199521443394808051e-38
5.464004082888272330e-06 1.303448275862068897e+02 8.991492508954344374e-38
8.522515399934638803e-06 1.303448275862068897e+02 1.116816827038402652e-37
1.329304803588820585e-05 1.303448275862068897e+02 1.394087470659608283e-37
2.073391690037733594e-05 1.303448275862068897e+02 1.727978358740090292e-37
3.233985981778859909e-05 1.303448275862068897e+02 2.148058898174588236e-37
5.044230369299780830e-05 1.303448275862068897e+02 2.660734385559817695e-37
7.867770658848247285e-05 1.303448275862068897e+02 3.299170895216035017e-37
1.227180572818016297e-04 1.303448275862068897e+02 4.067173803664233671e-37
1.914102766338656478e-04 1.303448275862068897e+02 5.009701620742146096e-37
2.985534061781970464e-04 1.303448275862068897e+02 6.164676430905739330e-37
4.656705894172099235e-04 1.303448275862068897e+02 7.534209386094460305e-37
7.263326874212300711e-04 1.303448275862068897e+02 9.154405671538147644e-37
1.132902065979278982e-03 1.303448275862068897e+02 1.105351118402423894e-36
1.767051260844308995e-03 1.303448275862068897e+02 1.322502617160742943e-36
2.756169533288302127e-03 1.303448275862068897e+02 1.569891525690548249e-36
4.298953100317537586e-03 1.303448275862068897e+02 1.839373724858077487e-36
6.705319660318808696e-03 1.303448275862068897e+02 2.134710970999028506e-36
1.045866533034215534e-02 1.303448275862068897e+02 2.450941330758991417e-36
1.631297030317869351e-02 1.303448275862068897e+02 2.788521322021836373e-36
2.544426001856620392e-02 1.303448275862068897e+02 3.162511650726125549e-36
3.968684769604807761e-02 1.303448275862068897e+02 3.596715179197428811e-36
6.190181514023338633e-02 1.303448275862068897e+02 4.143160063994835064e-36
9.655175303926173680e-02 1.303448275862068897e+02 7.376281149541221728e-36
1.505972158301954467e-01 1.303448275862068897e+02 6.013861666935512514e-35
2.348949729228022032e-01 1.303448275862068897e+02 4.184905596941858549e-35
3.663789400105297855e-01 1.303448275862068897e+02 0.000000000000000000e+00
9.999999999999999547e-08 1.365517241379310462e+02 1.102072338779648547e-38
1.559756411351295628e-07 1.365517241379310462e+02 1.379050529885798892e-38
2.432840062751472363e-07 1.365517241379310462e+02 1.726033656211882410e-38
3.794637885668897843e-07 1.365517241379310462e+02 2.148303603411702879e-38
5.918710770928588534e-07 1.365517241379310462e+02 2.678413534592641987e-38
9.231747071889816819e-07 1.365517241379310462e+02 3.340290284285971794e-38
1.439927668335369316e-06 1.365517241379310462e+02 4.170642654125346292e-38
2.245936412568214596e-06 1.365517241379310462e+02 5.214005868199650885e-38
3.503113718990601611e-06 1.365517241379310462e+02 6.490754877740878821e-38
5.464004082888272330e-06 1.365517241379310462e+02 8.076469116357712974e-38
8.522515399934638803e-06 1.365517241379310462e+02 1.006288542526644954e-37
1.329304803588820585e-05 1.365517241379310462e+02 1.251889175852577862e-37
2.073391690037733594e-05 1.365517241379310462e+02 1.553592343601260634e-37
3.233985981778859909e-05 1.365517241379310462e+02 1.932374609000436162e-37
5.044230369299780830e-05 1.365517241379310462e+02 2.393637654734789182e-37
7.867770658848247285e-05 1.365517241379310462e+02 2.960024288530996983e-37
1.227180572818016297e-04 1.365517241379310462e+02 3.653445485847425683e-37
1.914102766338656478e-04 1.365517241379310462e+02 4.482698802677442527e-37
2.985534061781970464e-04 1.365517241379310462e+02 5.520894544578011187e-37
4.656705894172099235e-04 1.365517241379310462e+02 6.706721043155149576e-37
7.263326874212300711e-04 1.365517241379310462e+02 8.167570480426227904e-37
1.132902065979278982e-03 1.365517241379310462e+02 9.828390982622133408e-37
1.767051260844308995e-03 1.365517241379310462e+02 1.171125354603138160e-36
2.756169533288302127e-03 1.365517241379310462e+02 1.381077492542665422e-36
4.298953100317537586e-03 1.365517241379310462e+02 1.618515830283957884e-36
6.705319660318808696e-03 1.365517241379310462e+02 1.872449098699972801e-36
1.045866533034215534e-02 1.365517241379310462e+02 2.136311956695763188e-36
1.631297030317869351e-02 1.365517241379310462e+02 2.422926445949215582e-36
2.544426001856620392e-02 1.365517241379310462e+02 2.741417967285963634e-36
3.968684769604807761e-02 1.365517241379310462e+02 3.098153130006295428e-36
6.190181514023338633e-02 1.365517241379310462e+02 3.571619377406256808e-36
9.655175303926173680e-02 1.365517241379310462e+02 7.043755024386194494e-36
1.505972158301954467e-01 1.365517241379310462e+02 5.403157907541416318e-35
2.348949729228022032e-01 1.365517241379310462e+02 3.142496178454335355e-35
3.663789400105297855e-01 1.365517241379310462e+02 0.000000000000000000e+00
9.999999999999999547e-08 1.427586206896551744e+02 9.727464719689060028e-39
1.559756411351295628e-07 1.427586206896551744e+02 1.213384578363693125e-38
2.432840062751472363e-07 1.427586206896551744e+02 1.514553301001063384e-38
3.794637885668897843e-07 1.427586206896551744e+02 1.889048631617452562e-38
5.918710770928588534e-07 1.427586206896551744e+02 2.357409365391121397e-38
9.231747071889816819e-07 1.427586206896551744e+02 2.949738990577237095e-38
1.439927668335369316e-06 1.427586206896551744e+02 3.672778670776732877e-38
2.245936412568214596e-06 1.427586206896551744e+02 4.573836464897503039e-38
3.503113718990601611e-06 1.427586206896551744e+02 5.700899212252870432e-38
5.464004082888272330e-06 1.427586206896551744e+02 7.106269866378806491e-38
8.522515399934638803e-06 1.427586206896551744e+02 8.832821852039134268e-38
1.329304803588820585e-05 1.427586206896551744e+02 1.100842054469182370e-37
2.073391690037733594e-05 1.427586206896551744e+02 1.367061638975590623e-37
3.233985981778859909e-05 1.427586206896551744e+02 1.693133309936020519e-37
5.044230369299780830e-05 1.427586206896551744e+02 2.103461657073573987e-37
7.867770658848247285e-05 1.427586206896551744e+02 2.600101724539566051e-37
1.227180572818016297e-04 1.427586206896551744e+02 3.205069221630744446e-37
1.914102766338656478e-04 1.427586206896551744e+02 3.927012071623248131e-37
2.985534061781970464e-04 1.427586206896551744e+02 4.806112811113947115e-37
4.656705894172099235e-04 1.427586206896551744e+02 5.848058915166131121e-37
7.263326874212300711e-04 1.427586206896551744e+02 7.070533888552963987e-37
1.132902065979278982e-03 1.427586206896551744e+02 8.511267926330176838e-37
1.767051260844308995e-03 1.427586206896551744e+02 1.013641593630516812e-36
2.756169533288302127e-03 1.427586206896551744e+02 1.197398515670851802e-36
4.298953100317537586e-03 1.427586206896551744e+02 1.391523159253221407e-36
6.705319660318808696e-03 1.427586206896551744e+02 1.604402872956738359e-36
1.045866533034215534e-02 1.427586206896551744e+02 1.829638601624551056e-36
1.631297030317869351e-02 1.427586206896551744e+02 2.063340510620318559e-36
2.544426001856620392e-02 1.427586206896551744e+02 2.328228848102461503e-36
3.968684769604807761e-02 1.427586206896551744e+02 2.631676574215955886e-36
6.190181514023338633e-02 1.427586206896551744e+02 3.028363655331377288e-36
9.655175303926173680e-02 1.427586206896551744e+02 6.504167935840024870e-36
1.505972158301954467e-01 1.427586206896551744e+02 4.666642954207684252e-35
2.348949729228022032e-01 1.427586206896551744e+02 2.343547163050864955e-35
3.663789400105297855e-01 1.427586206896551744e+02 0.000000000000000000e+00
9.999999999999999547e-08 1.489655172413793025e+02 8.294554759643752992e-39
1.559756411351295628e-07 1.489655172413793025e+02 1.032555003234153182e-38
2.432840062751472363e-07 1.489655172413793025e+02 1.289754833153877407e-38
3.794637885668897843e-07 1.489655172413793025e+02 1.609123890728073996e-38
5.918710770928588534e-07 1.489655172413793025e+02 2.008057201862178367e-38
9.231747071889816819e-07 1.489655172413793025e+02 2.506696379245458642e-38
1.439927668335369316e-06 1.489655172413793025e+02 3.126439740452969842e-38
2.245936412568214596e-06 1.489655172413793025e+02 3.902571653636912957e-38
3.503113718990601611e-06 1.489655172413793025e+02 4.857219522940985350e-38
5.464004082888272330e-06 1.489655172413793025e+02 6.043211130727802845e-38
8.522515399934638803e-06 1.489655172413793025e+02 7.530861524840971290e-38
1.329304803588820585e-05 1.489655172413793025e+02 9.335779891004941788e-38
2.073391690037733594e-05 1.489655172413793025e+02 1.161812420656969200e-37
3.233985981778859909e-05 1.489655172413793025e+02 1.437081762084057715e-37
5.044230369299780830e-05 1.489655172413793025e+02 1.779218034956252784e-37
7.867770658848247285e-05 1.489655172413793025e+02 2.204679717143224780e-37
1.227180572818016297e-04 1.489655172413793025e+02 2.708411227851498905e-37
1.914102766338656478e-04 1.489655172413793025e+02 3.331612032310171017e-37
2.985534061781970464e-04 1.489655172413793025e+02 4.061004480335681934e-37
4.656705894172099235e-04 1.489655172413793025e+02 4.951278688714147637e-37
7.263326874212300711e-04 1.489655172413793025e+02 5.978369157345995249e-37
1.132902065979278982e-03 1.489655172413793025e+02 7.178881781425267502e-37
1.767051260844308995e-03 1.489655172413793025e+02 8.529246254490499058e-37
2.756169533288302127e-03 1.489655172413793025e+02 1.000408099016337724e-36
4.298953100317537586e-03 1.489655172413793025e+02 1.165021157261535313e-36
6.705319660318808696e-03 1.489655172413793025e+02 1.337680045312942549e-36
1.045866533034215534e-02 1.489655172413793025e+02 1.519976439372240439e-36
1.631297030317869351e-02 1.489655172413793025e+02 1.716041354293546715e-36
2.544426001856620392e-02 1.489655172413793025e+02 1.926968119748559555e-36
3.968684769604807761e-02 1.489655172413793025e+02 2.170552198497910175e-36
6.190181514023338633e-02 1.489655172413793025e+02 2.501108279744559888e-36
9.655175303926173680e-02 1.489655172413793025e+02 5.903601473456210612e-36
1.505972158301954467e-01 1.489655172413793025e+02 3.890672109384931146e-35
2.348949729228022032e-01 1.489655172413793025e+02 1.720441347509498900e-35
3.663789400105297855e-01 1.489655172413793025e+02 0.000000000000000000e+00
9.999999999999999547e-08 1.551724137931034591e+02 6.747332378268668939e-39
1.559756411351295628e-07 1.551724137931034591e+02 8.400685767391172826e-39
2.432840062751472363e-07 1.551724137931034591e+02 1.053281217115544316e-38
3.794637885668897843e-07 1.551724137931034591e+02 1.312578728333328985e-38
5.918710770928588534e-07 1.551724137931034591e+02 1.637359776870768323e-38
9.231747071889816819e-07 1.551724137931034591e+02 2.041357176716528366e-38
1.439927668335369316e-06 1.551724137931034591e+02 2.549885339191406648e-38
2.245936412568214596e-06 1.551724137931034591e+02 3.176157470614739038e-38
3.503113718990601611e-06 1.551724137931034591e+02 3.948595492636572604e-38
5.464004082888272330e-06 1.551724137931034591e+02 4.926739954416501314e-38
8.522515399934638803e-06 1.551724137931034591e+02 6.129756929483144969e-38
1.329304803588820585e-05 1.551724137931034591e+02 7.619186367488635833e-38
2.073391690037733594e-05 1.551724137931034591e+02 9.420163863827706452e-38
3.233985981778859909e-05 1.551724137931034591e+02 1.170276831153480245e-37
5.044230369299780830e-05 1.551724137931034591e+02 1.451286847266689839e-37
7.867770658848247285e-05 1.551724137931034591e+02 1.789526642520836007e-37
1.227180572818016297e-04 1.551724137931034591e+02 2.198212932260927711e-37
1.914102766338656478e-04 1.551724137931034591e+02 2.697886994400778191e-37
2.985534061781970464e-04 1.551724137931034591e+02 3.299800844966377190e-37
4.656705894172099235e-04 1.551724137931034591e+02 4.002008330967591211e-37
7.263326874212300711e-04 1.551724137931034591e+02 4.825912560900328990e-37
1.132902065979278982e-03 1.551724137931034591e+02 5.778932755811403688e-37
1.767051260844308995e-03 1.551724137931034591e+02 6.850340868169614070e-37
2.756169533288302127e-03 1.551724137931034591e+02 8.033121885590976181e-37
4.298953100317537586e-03 1.551724137931034591e+02 9.330959746283649216e-37
6.705319660318808696e-03 1.551724137931034591e+02 1.071598377998777596e-36
1.045866533034215534e-02 1.551724137931034591e+02 1.213279866873235774e-36
1.631297030317869351e-02 1.551724137931034591e+02 1.366470478756246579e-36
2.544426001856620392e-02 1.551724137931034591e+02 1.533227750977137041e-36
3.968684769604807761e-02 1.551724137931034591e+02 1.727888816834315619e-36
6.190181514023338633e-02 1.551724137931034591e+02 1.985115804641726061e-36
9.655175303926173680e-02 1.551724137931034591e+02 5.011436669103373051e-36
1.505972158301954467e-01 1.551724137931034591e+02 3.082139668268423261e-35
2.348949729228022032e-01 1.551724137931034591e+02 1.233113854819613689e-35
3.663789400105297855e-01 1.551724137931034591e+02 0.000000000000000000e+00
9.999999999999999547e-08 1.613793103448276156e+02 5.124632708126249186e-39
1.559756411351295628e-07 1.613793103448276156e+02 6.394675024784993595e-39
2.432840062751472363e-07 1.613793103448276156e+02 7.984453380707867364e-39
3.794637885668897843e-07 1.613793103448276156e+02 9.986184231520320337e-39
5.918710770928588534e-07 1.613793103448276156e+02 1.244118590960814655e-38
9.231747071889816819e-07 1.613793103448276156e+02 1.554974589430395620e-38
1.439927668335369316e-06 1.613793103448276156e+02 1.934184875118165803e-38
2.245936412568214596e-06 1.613793103448276156e+02 2.412147404791984476e-38
3.503113718990601611e-06 1.613793103448276156e+02 3.002661836446455805e-38
5.464004082888272330e-06 1.613793103448276156e+02 3.732081268373960822e-38
8.522515399934638803e-06 1.613793103448276156e+02 4.648655815815490023e-38
1.329304803588820585e-05 1.613793103448276156e+02 5.798889590221540816e-38
2.073391690037733594e-05 1.613793103448276156e+02 7.168379225906494120e-38
3.233985981778859909e-05 1.613793103448276156e+02 8.885739870581938299e-38
5.044230369299780830e-05 1.613793103448276156e+02 1.101579001265331275e-37
7.867770658848247285e-05 1.613793103448276156e+02 1.353980799355074346e-37
1.227180572818016297e-04 1.613793103448276156e+02 1.666599429613169878e-37
1.914102766338656478e-04 1.613793103448276156e+02 2.043310598989638115e-37
2.985534061781970464e-04 1.613793103448276156e+02 2.494242498464730599e-37
4.656705894172099235e-04 1.613793103448276156e+02 3.022088709635177782e-37
7.263326874212300711e-04 1.613793103448276156e+02 3.643580597997734229e-37
1.132902065979278982e-03 1.613793103448276156e+02 4.364949300846973814e-37
1.767051260844308995e-03 1.613793103448276156e+02 5.150738787759325441e-37
2.756169533288302127e-03 1.613793103448276156e+02 6.050297433610157497e-37
4.298953100317537586e-03 1.613793103448276156e+02 7.018132562946423092e-37
6.705319660318808696e-03 1.613793103448276156e+02 8.024507640738301920e-37
1.045866533034215534e-02 1.613793103448276156e+02 9.065497308880865314e-37
1.631297030317869351e-02 1.613793103448276156e+02 1.020120662286727765e-36
2.544426001856620392e-02 1.613793103448276156e+02 1.143305480186473393e-36
3.968684769604807761e-02 1.613793103448276156e+02 1.287167552029929508e-36
6.190181514023338633e-02 1.613793103448276156e+02 1.480717212336030582e-36
9.655175303926173680e-02 1.613793103448276156e+02 3.948602766196799614e-36
1.505972158301954467e-01 1.613793103448276156e+02 2.299403930461540768e-35
2.348949729228022032e-01 1.613793103448276156e+02 8.419334714827139783e-36
3.663789400105297855e-01 1.613793103448276156e+02 0.000000000000000000e+00
9.999999999999999547e-08 1.675862068965517437e+02 3.457604566400514111e-39
1.559756411351295628e-07 1.675862068965517437e+02 4.312126925635225235e-39
2.432840062751472363e-07 1.675862068965517437e+02 5.387915812263318384e-39
3.794637885668897843e-07 1.675862068965517437e+02 6.721551427506220023e-39
5.918710770928588534e-07 1.675862068965517437e+02 8.366989724312695109e-39
9.231747071889816819e-07 1.675862068965517437e+02 1.043313187791170952e-38
1.439927668335369316e-06 1.675862068965517437e+02 1.303728654228500974e-38
2.245936412568214596e-06 1.675862068965517437e+02 1.623150091149227632e-38
3.503113718990601611e-06 1.675862068965517437e+02 2.018023378755142896e-38
5.464004082888272330e-06 1.675862068965517437e+02 2.517619525091325815e-38
8.522515399934638803e-06 1.675862068965517437e+02 3.136296169608902412e-38
1.329304803588820585e-05 1.675862068965517437e+02 3.883036996572949718e-38
2.073391690037733594e-05 1.675862068965517437e+02 4.820334790510375653e-38
3.233985981778859909e-05 1.675862068965517437e+02 5.971254404135399011e-38
5.044230369299780830e-05 1.675862068965517437e+02 7.402703718438824904e-38
7.867770658848247285e-05 1.675862068965517437e+02 9.126509616715099482e-38
1.227180572818016297e-04 1.675862068965517437e+02 1.121373480042582987e-37
1.914102766338656478e-04 1.675862068965517437e+02 1.371186334702834665e-37
2.985534061781970464e-04 1.675862068965517437e+02 1.673978028648851974e-37
4.656705894172099235e-04 1.675862068965517437e+02 2.030578075882811710e-37
7.263326874212300711e-04 1.675862068965517437e+02 2.441122102694842981e-37
1.132902065979278982e-03 1.675862068965517437e+02 2.914358753069424702e-37
1.767051260844308995e-03 1.675862068965517437e+02 3.453361275016967311e-37
2.756169533288302127e-03 1.675862068965517437e+02 4.039198324606463086e-37
4.298953100317537586e-03 1.675862068965517437e+02 4.668006940285738541e-37
6.705319660318808696e-03 1.675862068965517437e+02 5.347826432905538136e-37
1.045866533034215534e-02 1.675862068965517437e+02 6.058285045015108728e-37
1.631297030317869351e-02 1.675862068965517437e+02 6.796141506379502801e-37
2.544426001856620392e-02 1.675862068965517437e+02 7.600207055102989748e-37
3.968684769604807761e-02 1.675862068965517437e+02 8.531420757300381560e-37
6.190181514023338633e-02 1.675862068965517437e+02 9.844276878700003951e-37
9.655175303926173680e-02 1.675862068965517437e+02 2.755535699540389148e-36
1.505972158301954467e-01 1.675862068965517437e+02 1.521977602858100481e-35
2.348949729228022032e-01 1.675862068965517437e+02 5.222146295566982556e-36
3.663789400105297855e-01 1.675862068965517437e+02 0.000000000000000000e+00
9.999999999999999547e-08 1.737931034482758719e+02 1.734780620376245460e-39
1.559756411351295628e-07 1.737931034482758719e+02 2.167271244687740805e-39
2.432840062751472363e-07 1.737931034482758719e+02 2.705500808054885102e-39
3.794637885668897843e-07 1.737931034482758719e+02 3.373508864545077411e-39
5.918710770928588534e-07 1.737931034482758719e+02 4.212688187509500507e-39
9.231747071889816819e-07 1.737931034482758719e+02 5.253416241592978083e-39
1.439927668335369316e-06 1.737931034482758719e+02 6.554511025559536657e-39
2.245936412568214596e-06 1.737931034482758719e+02 8.146734168748498708e-39
3.503113718990601611e-06 1.737931034482758719e+02 1.017004548557151750e-38
5.464004082888272330e-06 1.737931034482758719e+02 1.267033831736426405e-38
8.522515399934638803e-06 1.737931034482758719e+02 1.572323076929878286e-38
1.329304803588820585e-05 1.737931034482758719e+02 1.949753974811274790e-38
2.073391690037733594e-05 1.737931034482758719e+02 2.422312102198998986e-38
3.233985981778859909e-05 1.737931034482758719e+02 3.002463698569085647e-38
5.044230369299780830e-05 1.737931034482758719e+02 3.713171211104032850e-38
7.867770658848247285e-05 1.737931034482758719e+02 4.573510993096645872e-38
1.227180572818016297e-04 1.737931034482758719e+02 5.625525188961284688e-38
1.914102766338656478e-04 1.737931034482758719e+02 6.894832291634302008e-38
2.985534061781970464e-04 1.737931034482758719e+02 8.396704942684857891e-38
4.656705894172099235e-04 1.737931034482758719e+02 1.017025571008596716e-37
7.263326874212300711e-04 1.737931034482758719e+02 1.222625660892402142e-37
1.132902065979278982e-03 1.737931034482758719e+02 1.464536096789385365e-37
1.767051260844308995e-03 1.737931034482758719e+02 1.728458625623588917e-37
2.756169533288302127e-03 1.737931034482758719e+02 2.023836898678813576e-37
4.298953100317537586e-03 1.737931034482758719e+02 2.334266097776113980e-37
6.705319660318808696e-03 1.737931034482758719e+02 2.676767757516426509e-37
1.045866533034215534e-02 1.737931034482758719e+02 3.015706057830795047e-37
1.631297030317869351e-02 1.737931034482758719e+02 3.390206862455785790e-37
2.544426001856620392e-02 1.737931034482758719e+02 3.801307888172104287e-37
3.968684769604807761e-02 1.737931034482758719e+02 4.256912249507108172e-37
6.190181514023338633e-02 1.737931034482758719e+02 4.912777050709433770e-37
9.655175303926173680e-02 1.737931034482758719e+02 1.411336947831633179e-36
1.505972158301954467e-01 1.737931034482758719e+02 7.566966944840660393e-36
2.348949729228022032e-01 1.737931034482758719e+02 2.520931040518665013e-36
3.663789400105297855e-01 1.737931034482758719e+02 0.000000000000000000e+00
9.999999999999999547e-08 1.800000000000000000e+02 1.969292443294792554e-54
1.559756411351295628e-07 1.800000000000000000e+02 2.457726970361505960e-54
2.432840062751472363e-07 1.800000000000000000e+02 3.064495735225616859e-54
3.794637885668897843e-07 1.800000000000000000e+02 3.835303609111589314e-54
5.918710770928588534e-07 1.800000000000000000e+02 4.774305937933010588e-54
9.231747071889816819e-07 1.800000000000000000e+02 5.938566286329498865e-54
1.439927668335369316e-06 1.800000000000000000e+02 7.402334525683807618e-54
2.245936412568214596e-06 1.800000000000000000e+02 9.235439920458331437e-54
3.503113718990601611e-06 1.800000000000000000e+02 1.152691094244217152e-53
5.464004082888272330e-06 1.800000000000000000e+02 1.432474016896243946e-53
8.522515399934638803e-06 1.800000000000000000e+02 0.000000000000000000e+00
1.329304803588820585e-05 1.800000000000000000e+02 2.216543652984244990e-53
2.073391690037733594e-05 1.800000000000000000e+02 2.745283242435584474e-53
3.233985981778859909e-05 1.800000000000000000e+02 3.405738610615366939e-53
5.044230369299780830e-05 1.800000000000000000e+02 4.201098442009340878e-53
7.867770658848247285e-05 1.800000000000000000e+02 5.196954361939771595e-53
1.227180572818016297e-04 1.800000000000000000e+02 0.000000000000000000e+00
1.914102766338656478e-04 1.800000000000000000e+02 7.808385175463295046e-53
2.985534061781970464e-04 1.800000000000000000e+02 9.497036844476103292e-53
4.656705894172099235e-04 1.800000000000000000e+02 1.153428378357388565e-52
7.263326874212300711e-04 1.800000000000000000e+02 1.387046096850761832e-52
1.132902065979278982e-03 1.800000000000000000e+02 1.651419773949849946e-52
1.767051260844308995e-03 1.800000000000000000e+02 1.953703134731912063e-52
2.756169533288302127e-03 1.800000000000000000e+02 0.000000000000000000e+00
4.298953100317537586e-03 1.800000000000000000e+02 2.643823023110283998e-52
6.705319660318808696e-03 1.800000000000000000e+02 3.017663941593031035e-52
1.045866533034215534e-02 1.800000000000000000e+02 0.000000000000000000e+00
1.631297030317869351e-02 1.800000000000000000e+02 3.837749043927134349e-52
2.544426001856620392e-02 1.800000000000000000e+02 4.288085880855692407e-52
3.968684769604807761e-02 1.800000000000000000e+02 4.800423479264385193e-52
6.190181514023338633e-02 1.800000000000000000e+02 5.536140126802617943e-52
9.655175303926173680e-02 1.800000000000000000e+02 0.000000000000000000e+00
1.505972158301954467e-01 1.800000000000000000e+02 8.551575311886688921e-51
2.348949729228022032e-01 1.800000000000000000e+02 2.792262814088793691e-51
3.663789400105297855e-01 1.800000000000000000e+02 0.000000000000000000e+00
