# atom 56: Tchi 0.7880462815669912 [GeV]; m_chi = 0.03 [GeV]; mS = 0.3 [GeV]; gchi =0.01; gN = 0.01
# Tchi^prime [GeV], theta [degree] ,dsigma/dTchip dtheta [cm^2/GeV]
9.999999999999999547e-08 0.000000000000000000e+00 0.000000000000000000e+00
1.592885535214725096e-07 0.000000000000000000e+00 0.000000000000000000e+00
2.537284328296300856e-07 0.000000000000000000e+00 0.000000000000000000e+00
4.041603505270179570e-07 0.000000000000000000e+00 0.000000000000000000e+00
6.437811762617998739e-07 0.000000000000000000e+00 0.000000000000000000e+00
1.025469723510942276e-06 0.000000000000000000e+00 0.000000000000000000e+00
1.633455889381223358e-06 0.000000000000000000e+00 0.000000000000000000e+00
2.601908258606654861e-06 0.000000000000000000e+00 0.000000000000000000e+00
4.144542029090266371e-06 0.000000000000000000e+00 0.000000000000000000e+00
6.601781048227371505e-06 0.000000000000000000e+00 0.000000000000000000e+00
1.051588153837608446e-05 0.000000000000000000e+00 0.000000000000000000e+00
1.675059559251080012e-05 0.000000000000000000e+00 0.000000000000000000e+00
2.668178142554203833e-05 0.000000000000000000e+00 0.000000000000000000e+00
4.250102368650674752e-05 0.000000000000000000e+00 0.000000000000000000e+00
6.769926586205501733e-05 0.000000000000000000e+00 0.000000000000000000e+00
1.078371813363233488e-04 0.000000000000000000e+00 0.000000000000000000e+00
1.717722863089567891e-04 0.000000000000000000e+00 0.000000000000000000e+00
2.736135902122996313e-04 0.000000000000000000e+00 0.000000000000000000e+00
4.358351300873408870e-04 0.000000000000000000e+00 0.000000000000000000e+00
6.942354744545533056e-04 0.000000000000000000e+00 0.000000000000000000e+00
1.105837645291589616e-03 0.000000000000000000e+00 0.000000000000000000e+00
1.761472789480881531e-03 0.000000000000000000e+00 0.000000000000000000e+00
2.805824527038428690e-03 0.000000000000000000e+00 0.000000000000000000e+00
4.469357303470210090e-03 0.000000000000000000e+00 0.000000000000000000e+00
7.119174600403985892e-03 0.000000000000000000e+00 0.000000000000000000e+00
1.134003024365157902e-02 0.000000000000000000e+00 0.000000000000000000e+00
1.806337014401007690e-02 0.000000000000000000e+00 0.000000000000000000e+00
2.877288101962317823e-02 0.000000000000000000e+00 0.000000000000000000e+00
4.583190598261207421e-02 0.000000000000000000e+00 0.000000000000000000e+00
7.300498009102399100e-02 0.000000000000000000e+00 0.000000000000000000e+00
1.162885767856308566e-01 0.000000000000000000e+00 0.000000000000000000e+00
1.852343918725382621e-01 0.000000000000000000e+00 0.000000000000000000e+00
2.950571834380621983e-01 0.000000000000000000e+00 0.000000000000000000e+00
4.699923195596870107e-01 0.000000000000000000e+00 0.000000000000000000e+00
7.486439674886415929e-01 0.000000000000000000e+00 0.000000000000000000e+00
9.999999999999999547e-08 6.206896551724137900e+00 7.743132081624535877e-42
1.592885535214725096e-07 6.206896551724137900e+00 9.779605632116446592e-42
2.537284328296300856e-07 6.206896551724137900e+00 1.232756381205734404e-41
4.041603505270179570e-07 6.206896551724137900e+00 1.554081514094234538e-41
6.437811762617998739e-07 6.206896551724137900e+00 1.961982864841588324e-41
1.025469723510942276e-06 6.206896551724137900e+00 2.476008391848713216e-41
1.633455889381223358e-06 6.206896551724137900e+00 3.120194505321035713e-41
2.601908258606654861e-06 6.206896551724137900e+00 3.933860311064439214e-41
4.144542029090266371e-06 6.206896551724137900e+00 4.966700198836013381e-41
6.601781048227371505e-06 6.206896551724137900e+00 6.257696025784934410e-41
1.051588153837608446e-05 6.206896551724137900e+00 7.883088621231391858e-41
1.675059559251080012e-05 6.206896551724137900e+00 9.939234777096546947e-41
2.668178142554203833e-05 6.206896551724137900e+00 1.248703696603362428e-40
4.250102368650674752e-05 6.206896551724137900e+00 1.572004701039223265e-40
6.769926586205501733e-05 6.206896551724137900e+00 1.983278329368426427e-40
1.078371813363233488e-04 6.206896551724137900e+00 2.484988504809480891e-40
1.717722863089567891e-04 6.206896551724137900e+00 3.114791725553237368e-40
2.736135902122996313e-04 6.206896551724137900e+00 3.912444235593230097e-40
4.358351300873408870e-04 6.206896551724137900e+00 4.886865213856620169e-40
6.942354744545533056e-04 6.206896551724137900e+00 6.098396121891067131e-40
1.105837645291589616e-03 6.206896551724137900e+00 7.581463523979440230e-40
1.761472789480881531e-03 6.206896551724137900e+00 9.402329670518833938e-40
2.805824527038428690e-03 6.206896551724137900e+00 1.157979237691022696e-39
4.469357303470210090e-03 6.206896551724137900e+00 1.422542583805356769e-39
7.119174600403985892e-03 6.206896551724137900e+00 1.743466762889896929e-39
1.134003024365157902e-02 6.206896551724137900e+00 2.121074477486269058e-39
1.806337014401007690e-02 6.206896551724137900e+00 2.585159275092353539e-39
2.877288101962317823e-02 6.206896551724137900e+00 3.191716704579288411e-39
4.583190598261207421e-02 6.206896551724137900e+00 4.058272448512720698e-39
7.300498009102399100e-02 6.206896551724137900e+00 5.538899525384878192e-39
1.162885767856308566e-01 6.206896551724137900e+00 8.571609923316348750e-39
1.852343918725382621e-01 6.206896551724137900e+00 1.644661541336478079e-38
2.950571834380621983e-01 6.206896551724137900e+00 4.438516828531957053e-38
4.699923195596870107e-01 6.206896551724137900e+00 0.000000000000000000e+00
7.486439674886415929e-01 6.206896551724137900e+00 0.000000000000000000e+00
9.999999999999999547e-08 1.241379310344827580e+01 1.538015009250447457e-41
1.592885535214725096e-07 1.241379310344827580e+01 1.941669187705814915e-41
2.537284328296300856e-07 1.241379310344827580e+01 2.448492703348425270e-41
4.041603505270179570e-07 1.241379310344827580e+01 3.088730796283898817e-41
6.437811762617998739e-07 1.241379310344827580e+01 3.893803326045809827e-41
1.025469723510942276e-06 1.241379310344827580e+01 4.923158591007895537e-41
1.633455889381223358e-06 1.241379310344827580e+01 6.218358433655040133e-41
2.601908258606654861e-06 1.241379310344827580e+01 7.841978873581822172e-41
4.144542029090266371e-06 1.241379310344827580e+01 9.866683573746988196e-41
6.601781048227371505e-06 1.241379310344827580e+01 1.242590415850638130e-40
1.051588153837608446e-05 1.241379310344827580e+01 1.566241361438824721e-40
1.675059559251080012e-05 1.241379310344827580e+01 1.976045589583450201e-40
2.668178142554203833e-05 1.241379310344827580e+01 2.487879148617109133e-40
4.250102368650674752e-05 1.241379310344827580e+01 3.131935819241444444e-40
6.769926586205501733e-05 1.241379310344827580e+01 3.947405176807712496e-40
1.078371813363233488e-04 1.241379310344827580e+01 4.945404897841954893e-40
1.717722863089567891e-04 1.241379310344827580e+01 6.192318784428457558e-40
2.736135902122996313e-04 1.241379310344827580e+01 7.780111445733015433e-40
4.358351300873408870e-04 1.241379310344827580e+01 9.751301028177453675e-40
6.942354744545533056e-04 1.241379310344827580e+01 1.214258851233143582e-39
1.105837645291589616e-03 1.241379310344827580e+01 1.509752954689299283e-39
1.761472789480881531e-03 1.241379310344827580e+01 1.876057274531385200e-39
2.805824527038428690e-03 1.241379310344827580e+01 2.314865135312020922e-39
4.469357303470210090e-03 1.241379310344827580e+01 2.850505133814935190e-39
7.119174600403985892e-03 1.241379310344827580e+01 3.512518963674225091e-39
1.134003024365157902e-02 1.241379310344827580e+01 4.297671699549619543e-39
1.806337014401007690e-02 1.241379310344827580e+01 5.326273860206179659e-39
2.877288101962317823e-02 1.241379310344827580e+01 6.736799023757738821e-39
4.583190598261207421e-02 1.241379310344827580e+01 8.994683765891131757e-39
7.300498009102399100e-02 1.241379310344827580e+01 1.326466570829224975e-38
1.162885767856308566e-01 1.241379310344827580e+01 2.324791905445188174e-38
1.852343918725382621e-01 1.241379310344827580e+01 5.222118360649694481e-38
2.950571834380621983e-01 1.241379310344827580e+01 1.628952356830128813e-37
4.699923195596870107e-01 1.241379310344827580e+01 0.000000000000000000e+00
7.486439674886415929e-01 1.241379310344827580e+01 0.000000000000000000e+00
9.999999999999999547e-08 1.862068965517241281e+01 2.284957069896482195e-41
1.592885535214725096e-07 1.862068965517241281e+01 2.885151117568211209e-41
2.537284328296300856e-07 1.862068965517241281e+01 3.639343289783741438e-41
4.041603505270179570e-07 1.862068965517241281e+01 4.593484674953362539e-41
6.437811762617998739e-07 1.862068965517241281e+01 5.791865803660847518e-41
1.025469723510942276e-06 1.862068965517241281e+01 7.314273438166916050e-41
1.633455889381223358e-06 1.862068965517241281e+01 9.221535279952923448e-41
2.601908258606654861e-06 1.862068965517241281e+01 1.163510945626544302e-40
4.144542029090266371e-06 1.862068965517241281e+01 1.463343123314901495e-40
6.601781048227371505e-06 1.862068965517241281e+01 1.846179753103433434e-40
1.051588153837608446e-05 1.862068965517241281e+01 2.327748730185768720e-40
1.675059559251080012e-05 1.862068965517241281e+01 2.935016332452547584e-40
2.668178142554203833e-05 1.862068965517241281e+01 3.695486896395564923e-40
4.250102368650674752e-05 1.862068965517241281e+01 4.660419980447742780e-40
6.769926586205501733e-05 1.862068965517241281e+01 5.858753922769582092e-40
1.078371813363233488e-04 1.862068965517241281e+01 7.343341197152472740e-40
1.717722863089567891e-04 1.862068965517241281e+01 9.226029414806015633e-40
2.736135902122996313e-04 1.862068965517241281e+01 1.155882918946277559e-39
4.358351300873408870e-04 1.862068965517241281e+01 1.446736351920843999e-39
6.942354744545533056e-04 1.862068965517241281e+01 1.811274936281091372e-39
1.105837645291589616e-03 1.862068965517241281e+01 2.247602565209249471e-39
1.761472789480881531e-03 1.862068965517241281e+01 2.804559998407156699e-39
2.805824527038428690e-03 1.862068965517241281e+01 3.456030461780131333e-39
4.469357303470210090e-03 1.862068965517241281e+01 4.283631350513002041e-39
7.119174600403985892e-03 1.862068965517241281e+01 5.301935957069797232e-39
1.134003024365157902e-02 1.862068965517241281e+01 6.587208013518032146e-39
1.806337014401007690e-02 1.862068965517241281e+01 8.313990431191955258e-39
2.877288101962317823e-02 1.862068965517241281e+01 1.088686543991821765e-38
4.583190598261207421e-02 1.862068965517241281e+01 1.535681495861962576e-38
7.300498009102399100e-02 1.862068965517241281e+01 2.445703027014720968e-38
1.162885767856308566e-01 1.862068965517241281e+01 4.669280420561375146e-38
1.852343918725382621e-01 1.862068965517241281e+01 1.119257494463882280e-37
2.950571834380621983e-01 1.862068965517241281e+01 3.528383114050115391e-37
4.699923195596870107e-01 1.862068965517241281e+01 1.697733014701565512e-36
7.486439674886415929e-01 1.862068965517241281e+01 0.000000000000000000e+00
9.999999999999999547e-08 2.482758620689655160e+01 3.007973955797282220e-41
1.592885535214725096e-07 2.482758620689655160e+01 3.783980773732557805e-41
2.537284328296300856e-07 2.482758620689655160e+01 4.787632239069386679e-41
4.041603505270179570e-07 2.482758620689655160e+01 6.036121316845686459e-41
6.437811762617998739e-07 2.482758620689655160e+01 7.629926164784889076e-41
1.025469723510942276e-06 2.482758620689655160e+01 9.613498634876396536e-41
1.633455889381223358e-06 2.482758620689655160e+01 1.211687641346332472e-40
2.601908258606654861e-06 2.482758620689655160e+01 1.527470476314911100e-40
4.144542029090266371e-06 2.482758620689655160e+01 1.930058258072191720e-40
6.601781048227371505e-06 2.482758620689655160e+01 2.434282137170535236e-40
1.051588153837608446e-05 2.482758620689655160e+01 3.066924957849711001e-40
1.675059559251080012e-05 2.482758620689655160e+01 3.864812839498572291e-40
2.668178142554203833e-05 2.482758620689655160e+01 4.867138027757656254e-40
4.250102368650674752e-05 2.482758620689655160e+01 6.136807274606352659e-40
6.769926586205501733e-05 2.482758620689655160e+01 7.707995794984013344e-40
1.078371813363233488e-04 2.482758620689655160e+01 9.674521811264787990e-40
1.717722863089567891e-04 2.482758620689655160e+01 1.214987671797417082e-39
2.736135902122996313e-04 2.482758620689655160e+01 1.523220574180429769e-39
4.358351300873408870e-04 2.482758620689655160e+01 1.908484632016440596e-39
6.942354744545533056e-04 2.482758620689655160e+01 2.388829933831144967e-39
1.105837645291589616e-03 2.482758620689655160e+01 2.980600079750258588e-39
1.761472789480881531e-03 2.482758620689655160e+01 3.709240570888758943e-39
2.805824527038428690e-03 2.482758620689655160e+01 4.620921981230977117e-39
4.469357303470210090e-03 2.482758620689655160e+01 5.716102269126253204e-39
7.119174600403985892e-03 2.482758620689655160e+01 7.142199194998653825e-39
1.134003024365157902e-02 2.482758620689655160e+01 8.972760179528751471e-39
1.806337014401007690e-02 2.482758620689655160e+01 1.163548183753363870e-38
2.877288101962317823e-02 2.482758620689655160e+01 1.575731606851080270e-38
4.583190598261207421e-02 2.482758620689655160e+01 2.326479995617539019e-38
7.300498009102399100e-02 2.482758620689655160e+01 3.904029236498435866e-38
1.162885767856308566e-01 2.482758620689655160e+01 7.722468710632899581e-38
1.852343918725382621e-01 2.482758620689655160e+01 1.844142671855276765e-37
2.950571834380621983e-01 2.482758620689655160e+01 5.559264426427079372e-37
4.699923195596870107e-01 2.482758620689655160e+01 2.433207772798767764e-36
7.486439674886415929e-01 2.482758620689655160e+01 0.000000000000000000e+00
9.999999999999999547e-08 3.103448275862069039e+01 3.694338679966146111e-41
1.592885535214725096e-07 3.103448275862069039e+01 4.654129107955559016e-41
2.537284328296300856e-07 3.103448275862069039e+01 5.875008935352541814e-41
4.041603505270179570e-07 3.103448275862069039e+01 7.402804859534682970e-41
6.437811762617998739e-07 3.103448275862069039e+01 9.371980907404090570e-41
1.025469723510942276e-06 3.103448275862069039e+01 1.179587257169100252e-40
1.633455889381223358e-06 3.103448275862069039e+01 1.488848770924684428e-40
2.601908258606654861e-06 3.103448275862069039e+01 1.880091565082365369e-40
4.144542029090266371e-06 3.103448275862069039e+01 2.366621724144023360e-40
6.601781048227371505e-06 3.103448275862069039e+01 2.988976948593258655e-40
1.051588153837608446e-05 3.103448275862069039e+01 3.762837413219253811e-40
1.675059559251080012e-05 3.103448275862069039e+01 4.753737830043615577e-40
2.668178142554203833e-05 3.103448275862069039e+01 5.978015809409564556e-40
4.250102368650674752e-05 3.103448275862069039e+01 7.520582545925234057e-40
6.769926586205501733e-05 3.103448275862069039e+01 9.455517258700666728e-40
1.078371813363233488e-04 3.103448275862069039e+01 1.191219094243244850e-39
1.717722863089567891e-04 3.103448275862069039e+01 1.494440854951820815e-39
2.736135902122996313e-04 3.103448275862069039e+01 1.874480731578352926e-39
4.358351300873408870e-04 3.103448275862069039e+01 2.348729821188321055e-39
6.942354744545533056e-04 3.103448275862069039e+01 2.940764296768423848e-39
1.105837645291589616e-03 3.103448275862069039e+01 3.677134727204898103e-39
1.761472789480881531e-03 3.103448275862069039e+01 4.588546615847518623e-39
2.805824527038428690e-03 3.103448275862069039e+01 5.740956226337553300e-39
4.469357303470210090e-03 3.103448275862069039e+01 7.162458992460256400e-39
7.119174600403985892e-03 3.103448275862069039e+01 9.027900517619902194e-39
1.134003024365157902e-02 3.103448275862069039e+01 1.153009624898030837e-38
1.806337014401007690e-02 3.103448275862069039e+01 1.522005195563934012e-38
2.877288101962317823e-02 3.103448275862069039e+01 2.130864795350048663e-38
4.583190598261207421e-02 3.103448275862069039e+01 3.247619183366029720e-38
7.300498009102399100e-02 3.103448275862069039e+01 5.579222377460004552e-38
1.162885767856308566e-01 3.103448275862069039e+01 1.104193215968112166e-37
1.852343918725382621e-01 3.103448275862069039e+01 2.554402321529130225e-37
2.950571834380621983e-01 3.103448275862069039e+01 7.294483441854665404e-37
4.699923195596870107e-01 3.103448275862069039e+01 2.866755802889046061e-36
7.486439674886415929e-01 3.103448275862069039e+01 7.848619884162227140e-36
9.999999999999999547e-08 3.724137931034482563e+01 4.335513942953261527e-41
1.592885535214725096e-07 3.724137931034482563e+01 5.465840739788191138e-41
2.537284328296300856e-07 3.724137931034482563e+01 6.903511387855858886e-41
4.041603505270179570e-07 3.724137931034482563e+01 8.723457870425783604e-41
6.437811762617998739e-07 3.724137931034482563e+01 1.096759261440713516e-40
1.025469723510942276e-06 3.724137931034482563e+01 1.383791464844880609e-40
1.633455889381223358e-06 3.724137931034482563e+01 1.746393823316567276e-40
2.601908258606654861e-06 3.724137931034482563e+01 2.207664277338234521e-40
4.144542029090266371e-06 3.724137931034482563e+01 2.783149245337509809e-40
6.601781048227371505e-06 3.724137931034482563e+01 3.508202640251392377e-40
1.051588153837608446e-05 3.724137931034482563e+01 4.418789493955097846e-40
1.675059559251080012e-05 3.724137931034482563e+01 5.553336237480741233e-40
2.668178142554203833e-05 3.724137931034482563e+01 7.011588638363425363e-40
4.250102368650674752e-05 3.724137931034482563e+01 8.844071707147532283e-40
6.769926586205501733e-05 3.724137931034482563e+01 1.110622205918126265e-39
1.078371813363233488e-04 3.724137931034482563e+01 1.401949254071236978e-39
1.717722863089567891e-04 3.724137931034482563e+01 1.760840511611699907e-39
2.736135902122996313e-04 3.724137931034482563e+01 2.208879807108150596e-39
4.358351300873408870e-04 3.724137931034482563e+01 2.771286310521108310e-39
6.942354744545533056e-04 3.724137931034482563e+01 3.465327938921167201e-39
1.105837645291589616e-03 3.724137931034482563e+01 4.349513101649504354e-39
1.761472789480881531e-03 3.724137931034482563e+01 5.440857638503839294e-39
2.805824527038428690e-03 3.724137931034482563e+01 6.820390397322180752e-39
4.469357303470210090e-03 3.724137931034482563e+01 8.575060337167944250e-39
7.119174600403985892e-03 3.724137931034482563e+01 1.091475336860367415e-38
1.134003024365157902e-02 3.724137931034482563e+01 1.415295988949922668e-38
1.806337014401007690e-02 3.724137931034482563e+01 1.900547665444825602e-38
2.877288101962317823e-02 3.724137931034482563e+01 2.714603078897521776e-38
4.583190598261207421e-02 3.724137931034482563e+01 4.224537127385544476e-38
7.300498009102399100e-02 3.724137931034482563e+01 7.308738429599540123e-38
1.162885767856308566e-01 3.724137931034482563e+01 1.423694184213129095e-37
1.852343918725382621e-01 3.724137931034482563e+01 3.147488052854188537e-37
2.950571834380621983e-01 3.724137931034482563e+01 8.492573894826524536e-37
4.699923195596870107e-01 3.724137931034482563e+01 3.679635281907577069e-36
7.486439674886415929e-01 3.724137931034482563e+01 0.000000000000000000e+00
9.999999999999999547e-08 4.344827586206896797e+01 4.926553499532091641e-41
1.592885535214725096e-07 4.344827586206896797e+01 6.211106351297048693e-41
2.537284328296300856e-07 4.344827586206896797e+01 7.840828308395167745e-41
4.041603505270179570e-07 4.344827586206896797e+01 9.881610217016336348e-41
6.437811762617998739e-07 4.344827586206896797e+01 1.248770017323801978e-40
1.025469723510942276e-06 4.344827586206896797e+01 1.576203304841680197e-40
1.633455889381223358e-06 4.344827586206896797e+01 1.985958736470022912e-40
2.601908258606654861e-06 4.344827586206896797e+01 2.510671439240003481e-40
4.144542029090266371e-06 4.344827586206896797e+01 3.160599916984189394e-40
6.601781048227371505e-06 4.344827586206896797e+01 3.981899951773566628e-40
1.051588153837608446e-05 4.344827586206896797e+01 5.019222483882366583e-40
1.675059559251080012e-05 4.344827586206896797e+01 6.336807703778144478e-40
2.668178142554203833e-05 4.344827586206896797e+01 7.970606790941962797e-40
4.250102368650674752e-05 4.344827586206896797e+01 1.004130346287085260e-39
6.769926586205501733e-05 4.344827586206896797e+01 1.266241680684203614e-39
1.078371813363233488e-04 4.344827586206896797e+01 1.595778383708394530e-39
1.717722863089567891e-04 4.344827586206896797e+01 2.001234529273026999e-39
2.736135902122996313e-04 4.344827586206896797e+01 2.516448940602170300e-39
4.358351300873408870e-04 4.344827586206896797e+01 3.163055106938397892e-39
6.942354744545533056e-04 4.344827586206896797e+01 3.970323467549344480e-39
1.105837645291589616e-03 4.344827586206896797e+01 4.992609844832752832e-39
1.761472789480881531e-03 4.344827586206896797e+01 6.245011661642957853e-39
2.805824527038428690e-03 4.344827586206896797e+01 7.885320229782403849e-39
4.469357303470210090e-03 4.344827586206896797e+01 9.983164246030341666e-39
7.119174600403985892e-03 4.344827586206896797e+01 1.278777176467121784e-38
1.134003024365157902e-02 4.344827586206896797e+01 1.678966259336011524e-38
1.806337014401007690e-02 4.344827586206896797e+01 2.289035311541412138e-38
2.877288101962317823e-02 4.344827586206896797e+01 3.318480590758341150e-38
4.583190598261207421e-02 4.344827586206896797e+01 5.200442545644991790e-38
7.300498009102399100e-02 4.344827586206896797e+01 8.913581802396044317e-38
1.162885767856308566e-01 4.344827586206896797e+01 1.687511062832548650e-37
1.852343918725382621e-01 4.344827586206896797e+01 3.589523746901284020e-37
2.950571834380621983e-01 4.344827586206896797e+01 9.204810140947373103e-37
4.699923195596870107e-01 4.344827586206896797e+01 7.715781405140532233e-36
7.486439674886415929e-01 4.344827586206896797e+01 0.000000000000000000e+00
9.999999999999999547e-08 4.965517241379310320e+01 5.447814086822665634e-41
1.592885535214725096e-07 4.965517241379310320e+01 6.882169929107769491e-41
2.537284328296300856e-07 4.965517241379310320e+01 8.679888276523105256e-41
4.041603505270179570e-07 4.965517241379310320e+01 1.095630208178714184e-40
6.437811762617998739e-07 4.965517241379310320e+01 1.381503308163662618e-40
1.025469723510942276e-06 4.965517241379310320e+01 1.745390538540521522e-40
1.633455889381223358e-06 4.965517241379310320e+01 2.199008302484934613e-40
2.601908258606654861e-06 4.965517241379310320e+01 2.779883110081381664e-40
4.144542029090266371e-06 4.965517241379310320e+01 3.498088315155005232e-40
6.601781048227371505e-06 4.965517241379310320e+01 4.422277958584343604e-40
1.051588153837608446e-05 4.965517241379310320e+01 5.583361270179107460e-40
1.675059559251080012e-05 4.965517241379310320e+01 7.024805983341123633e-40
2.668178142554203833e-05 4.965517241379310320e+01 8.843775444949072006e-40
4.250102368650674752e-05 4.965517241379310320e+01 1.116889718197399542e-39
6.769926586205501733e-05 4.965517241379310320e+01 1.405118280964550465e-39
1.078371813363233488e-04 4.965517241379310320e+01 1.770719405983163445e-39
1.717722863089567891e-04 4.965517241379310320e+01 2.228568204841304218e-39
2.736135902122996313e-04 4.965517241379310320e+01 2.797687316099057113e-39
4.358351300873408870e-04 4.965517241379310320e+01 3.527866331132915304e-39
6.942354744545533056e-04 4.965517241379310320e+01 4.421449365098371677e-39
1.105837645291589616e-03 4.965517241379310320e+01 5.564302718378572424e-39
1.761472789480881531e-03 4.965517241379310320e+01 7.011069470332843553e-39
2.805824527038428690e-03 4.965517241379310320e+01 8.880006614735023118e-39
4.469357303470210090e-03 4.965517241379310320e+01 1.129718460573112514e-38
7.119174600403985892e-03 4.965517241379310320e+01 1.460214244241232281e-38
1.134003024365157902e-02 4.965517241379310320e+01 1.938133353895458595e-38
1.806337014401007690e-02 4.965517241379310320e+01 2.671354675736364329e-38
2.877288101962317823e-02 4.965517241379310320e+01 3.901351609522571993e-38
4.583190598261207421e-02 4.965517241379310320e+01 6.107697052884770400e-38
7.300498009102399100e-02 4.965517241379310320e+01 1.032324796921541044e-37
1.162885767856308566e-01 4.965517241379310320e+01 1.898013460256562660e-37
1.852343918725382621e-01 4.965517241379310320e+01 3.869398743099282064e-37
2.950571834380621983e-01 4.965517241379310320e+01 9.389844715442383864e-37
4.699923195596870107e-01 4.965517241379310320e+01 1.665134143575648574e-35
7.486439674886415929e-01 4.965517241379310320e+01 0.000000000000000000e+00
9.999999999999999547e-08 5.586206896551724554e+01 5.932820815484075361e-41
1.592885535214725096e-07 5.586206896551724554e+01 7.476241122072451829e-41
2.537284328296300856e-07 5.586206896551724554e+01 9.430638246911580190e-41
4.041603505270179570e-07 5.586206896551724554e+01 1.189754292185166825e-40
6.437811762617998739e-07 5.586206896551724554e+01 1.503884263991078399e-40
1.025469723510942276e-06 5.586206896551724554e+01 1.895033906316587880e-40
1.633455889381223358e-06 5.586206896551724554e+01 2.391384642260275637e-40
2.601908258606654861e-06 5.586206896551724554e+01 3.018490175275589538e-40
4.144542029090266371e-06 5.586206896551724554e+01 3.806745010028499436e-40
6.601781048227371505e-06 5.586206896551724554e+01 4.786969530832354114e-40
1.051588153837608446e-05 5.586206896551724554e+01 6.058690845881799989e-40
1.675059559251080012e-05 5.586206896551724554e+01 7.643783331364842457e-40
2.668178142554203833e-05 5.586206896551724554e+01 9.613302331010314796e-40
4.250102368650674752e-05 5.586206896551724554e+01 1.213954667786385811e-39
6.769926586205501733e-05 5.586206896551724554e+01 1.530818751532652812e-39
1.078371813363233488e-04 5.586206896551724554e+01 1.924246146876945365e-39
1.717722863089567891e-04 5.586206896551724554e+01 2.429019924049200960e-39
2.736135902122996313e-04 5.586206896551724554e+01 3.047925092168572720e-39
4.358351300873408870e-04 5.586206896551724554e+01 3.843887790572158135e-39
6.942354744545533056e-04 5.586206896551724554e+01 4.830061938155858635e-39
1.105837645291589616e-03 5.586206896551724554e+01 6.100512359813728605e-39
1.761472789480881531e-03 5.586206896551724554e+01 7.698402117369049818e-39
2.805824527038428690e-03 5.586206896551724554e+01 9.778983707332346926e-39
4.469357303470210090e-03 5.586206896551724554e+01 1.252288148294961853e-38
7.119174600403985892e-03 5.586206896551724554e+01 1.630471103920153945e-38
1.134003024365157902e-02 5.586206896551724554e+01 2.178873873063443297e-38
1.806337014401007690e-02 5.586206896551724554e+01 3.030159866179294938e-38
2.877288101962317823e-02 5.586206896551724554e+01 4.433122805920111947e-38
4.583190598261207421e-02 5.586206896551724554e+01 6.881161894188128850e-38
7.300498009102399100e-02 5.586206896551724554e+01 1.142621810688575697e-37
1.162885767856308566e-01 5.586206896551724554e+01 2.039721700463981791e-37
1.852343918725382621e-01 5.586206896551724554e+01 4.027907414161802942e-37
2.950571834380621983e-01 5.586206896551724554e+01 9.172395559302909502e-37
4.699923195596870107e-01 5.586206896551724554e+01 2.365451517133806503e-35
7.486439674886415929e-01 5.586206896551724554e+01 0.000000000000000000e+00
9.999999999999999547e-08 6.206896551724138078e+01 6.338393190026233099e-41
1.592885535214725096e-07 6.206896551724138078e+01 7.966413379335586950e-41
2.537284328296300856e-07 6.206896551724138078e+01 1.006868545253266688e-40
4.041603505270179570e-07 6.206896551724138078e+01 1.267801469415331558e-40
6.437811762617998739e-07 6.206896551724138078e+01 1.604571068051277438e-40
1.025469723510942276e-06 6.206896551724138078e+01 2.024901715934874460e-40
1.633455889381223358e-06 6.206896551724138078e+01 2.550519005175388804e-40
2.601908258606654861e-06 6.206896551724138078e+01 3.231355316151558627e-40
4.144542029090266371e-06 6.206896551724138078e+01 4.064716617156088701e-40
6.601781048227371505e-06 6.206896551724138078e+01 5.133987738546749518e-40
1.051588153837608446e-05 6.206896551724138078e+01 6.472101347796441745e-40
1.675059559251080012e-05 6.206896551724138078e+01 8.151868679666190243e-40
2.668178142554203833e-05 6.206896551724138078e+01 1.027983166598187998e-39
4.250102368650674752e-05 6.206896551724138078e+01 1.297851319546405174e-39
6.769926586205501733e-05 6.206896551724138078e+01 1.629716268731749680e-39
1.078371813363233488e-04 6.206896551724138078e+01 2.055848852849536113e-39
1.717722863089567891e-04 6.206896551724138078e+01 2.598089681949480970e-39
2.736135902122996313e-04 6.206896551724138078e+01 3.265696973222175496e-39
4.358351300873408870e-04 6.206896551724138078e+01 4.122901049339410748e-39
6.942354744545533056e-04 6.206896551724138078e+01 5.188881318654885272e-39
1.105837645291589616e-03 6.206896551724138078e+01 6.563159787170916703e-39
1.761472789480881531e-03 6.206896551724138078e+01 8.324472992686891333e-39
2.805824527038428690e-03 6.206896551724138078e+01 1.061806656635597417e-38
4.469357303470210090e-03 6.206896551724138078e+01 1.365974168284832063e-38
7.119174600403985892e-03 6.206896551724138078e+01 1.786163480533501418e-38
1.134003024365157902e-02 6.206896551724138078e+01 2.405129541024687829e-38
1.806337014401007690e-02 6.206896551724138078e+01 3.344361446899785617e-38
2.877288101962317823e-02 6.206896551724138078e+01 4.894973873288110360e-38
4.583190598261207421e-02 6.206896551724138078e+01 7.527676497834838979e-38
7.300498009102399100e-02 6.206896551724138078e+01 1.224029117439670425e-37
1.162885767856308566e-01 6.206896551724138078e+01 2.126745351193146530e-37
1.852343918725382621e-01 6.206896551724138078e+01 4.067613451667469461e-37
2.950571834380621983e-01 6.206896551724138078e+01 8.745039186643212705e-37
4.699923195596870107e-01 6.206896551724138078e+01 2.174965952598122520e-35
7.486439674886415929e-01 6.206896551724138078e+01 0.000000000000000000e+00
9.999999999999999547e-08 6.827586206896552312e+01 6.655560852765270698e-41
1.592885535214725096e-07 6.827586206896552312e+01 8.388379191716650921e-41
2.537284328296300856e-07 6.827586206896552312e+01 1.059221490147420780e-40
4.041603505270179570e-07 6.827586206896552312e+01 1.333901889574627549e-40
6.437811762617998739e-07 6.827586206896552312e+01 1.687918654320896943e-40
1.025469723510942276e-06 6.827586206896552312e+01 2.126417635109141108e-40
1.633455889381223358e-06 6.827586206896552312e+01 2.683996769842957978e-40
2.601908258606654861e-06 6.827586206896552312e+01 3.388969809773150335e-40
4.144542029090266371e-06 6.827586206896552312e+01 4.280383833962390898e-40
6.601781048227371505e-06 6.827586206896552312e+01 5.391163782441686647e-40
1.051588153837608446e-05 6.827586206896552312e+01 6.807211315933285891e-40
1.675059559251080012e-05 6.827586206896552312e+01 8.573250671552350987e-40
2.668178142554203833e-05 6.827586206896552312e+01 1.085002546068891910e-39
4.250102368650674752e-05 6.827586206896552312e+01 1.365041676032782693e-39
6.769926586205501733e-05 6.827586206896552312e+01 1.721176777633801926e-39
1.078371813363233488e-04 6.827586206896552312e+01 2.176432793848368455e-39
1.717722863089567891e-04 6.827586206896552312e+01 2.741243398065040949e-39
2.736135902122996313e-04 6.827586206896552312e+01 3.457643928623519939e-39
4.358351300873408870e-04 6.827586206896552312e+01 4.360772826033580102e-39
6.942354744545533056e-04 6.827586206896552312e+01 5.509746852685702164e-39
1.105837645291589616e-03 6.827586206896552312e+01 6.965882739398347448e-39
1.761472789480881531e-03 6.827586206896552312e+01 8.846458729649085928e-39
2.805824527038428690e-03 6.827586206896552312e+01 1.133468055065027360e-38
4.469357303470210090e-03 6.827586206896552312e+01 1.459755178849433164e-38
7.119174600403985892e-03 6.827586206896552312e+01 1.920861667125659944e-38
1.134003024365157902e-02 6.827586206896552312e+01 2.588788801652043059e-38
1.806337014401007690e-02 6.827586206896552312e+01 3.617266663866315394e-38
2.877288101962317823e-02 6.827586206896552312e+01 5.253328140957349144e-38
4.583190598261207421e-02 6.827586206896552312e+01 8.013950169801864635e-38
7.300498009102399100e-02 6.827586206896552312e+01 1.276271633269029972e-37
1.162885767856308566e-01 6.827586206896552312e+01 2.159208551845420922e-37
1.852343918725382621e-01 6.827586206896552312e+01 4.046836300246309478e-37
2.950571834380621983e-01 6.827586206896552312e+01 9.264627437643332473e-37
4.699923195596870107e-01 6.827586206896552312e+01 1.647350696006573555e-35
7.486439674886415929e-01 6.827586206896552312e+01 0.000000000000000000e+00
9.999999999999999547e-08 7.448275862068965125e+01 6.899093885409054296e-41
1.592885535214725096e-07 7.448275862068965125e+01 8.704205713903543971e-41
2.537284328296300856e-07 7.448275862068965125e+01 1.098213900742229530e-40
4.041603505270179570e-07 7.448275862068965125e+01 1.388638574483834358e-40
6.437811762617998739e-07 7.448275862068965125e+01 1.749886308798020714e-40
1.025469723510942276e-06 7.448275862068965125e+01 2.207799556762284501e-40
1.633455889381223358e-06 7.448275862068965125e+01 2.785597763840397576e-40
2.601908258606654861e-06 7.448275862068965125e+01 3.508665244439450119e-40
4.144542029090266371e-06 7.448275862068965125e+01 4.437175980580631906e-40
6.601781048227371505e-06 7.448275862068965125e+01 5.601162144269781924e-40
1.051588153837608446e-05 7.448275862068965125e+01 7.064988127543395980e-40
1.675059559251080012e-05 7.448275862068965125e+01 8.899346525170937853e-40
2.668178142554203833e-05 7.448275862068965125e+01 1.122903645135056638e-39
4.250102368650674752e-05 7.448275862068965125e+01 1.418234699955936332e-39
6.769926586205501733e-05 7.448275862068965125e+01 1.790542506781548410e-39
1.078371813363233488e-04 7.448275862068965125e+01 2.255808194250538777e-39
1.717722863089567891e-04 7.448275862068965125e+01 2.849104875707798688e-39
2.736135902122996313e-04 7.448275862068965125e+01 3.586032633872214269e-39
4.358351300873408870e-04 7.448275862068965125e+01 4.551079209042750767e-39
6.942354744545533056e-04 7.448275862068965125e+01 5.759993154265083279e-39
1.105837645291589616e-03 7.448275862068965125e+01 7.288848256613717456e-39
1.761472789480881531e-03 7.448275862068965125e+01 9.286554924509562722e-39
2.805824527038428690e-03 7.448275862068965125e+01 1.189180320364109908e-38
4.469357303470210090e-03 7.448275862068965125e+01 1.541226814354372394e-38
7.119174600403985892e-03 7.448275862068965125e+01 2.034233777554037930e-38
1.134003024365157902e-02 7.448275862068965125e+01 2.750551221597873194e-38
1.806337014401007690e-02 7.448275862068965125e+01 3.822993239318949240e-38
2.877288101962317823e-02 7.448275862068965125e+01 5.531209330540774995e-38
4.583190598261207421e-02 7.448275862068965125e+01 8.300903971099356894e-38
7.300498009102399100e-02 7.448275862068965125e+01 1.300921210996075759e-37
1.162885767856308566e-01 7.448275862068965125e+01 2.153662877071045747e-37
1.852343918725382621e-01 7.448275862068965125e+01 3.932632542352249963e-37
2.950571834380621983e-01 7.448275862068965125e+01 1.305982235766640123e-36
4.699923195596870107e-01 7.448275862068965125e+01 1.109848030940602623e-35
7.486439674886415929e-01 7.448275862068965125e+01 0.000000000000000000e+00
9.999999999999999547e-08 8.068965517241380780e+01 7.069177695848930282e-41
1.592885535214725096e-07 8.068965517241380780e+01 8.930633088258706448e-41
2.537284328296300856e-07 8.068965517241380780e+01 1.125417817461895640e-40
4.041603505270179570e-07 8.068965517241380780e+01 1.421485821324446980e-40
6.437811762617998739e-07 8.068965517241380780e+01 1.794629273390278844e-40
1.025469723510942276e-06 8.068965517241380780e+01 2.262225778624015296e-40
1.633455889381223358e-06 8.068965517241380780e+01 2.853505612636127987e-40
2.601908258606654861e-06 8.068965517241380780e+01 3.607377243606402918e-40
4.144542029090266371e-06 8.068965517241380780e+01 4.549659307440877248e-40
6.601781048227371505e-06 8.068965517241380780e+01 5.741200920040788889e-40
1.051588153837608446e-05 8.068965517241380780e+01 7.229019811789727811e-40
1.675059559251080012e-05 8.068965517241380780e+01 9.137964569702554104e-40
2.668178142554203833e-05 8.068965517241380780e+01 1.154712170165144720e-39
4.250102368650674752e-05 8.068965517241380780e+01 1.456513667047330391e-39
6.769926586205501733e-05 8.068965517241380780e+01 1.835223055166831548e-39
1.078371813363233488e-04 8.068965517241380780e+01 2.316293084223136875e-39
1.717722863089567891e-04 8.068965517241380780e+01 2.923240625656983649e-39
2.736135902122996313e-04 8.068965517241380780e+01 3.702230672381149448e-39
4.358351300873408870e-04 8.068965517241380780e+01 4.671959696930667839e-39
6.942354744545533056e-04 8.068965517241380780e+01 5.924625361268601741e-39
1.105837645291589616e-03 8.068965517241380780e+01 7.516078351499209908e-39
1.761472789480881531e-03 8.068965517241380780e+01 9.591760538387572350e-39
2.805824527038428690e-03 8.068965517241380780e+01 1.234560873800750829e-38
4.469357303470210090e-03 8.068965517241380780e+01 1.601427871295471078e-38
7.119174600403985892e-03 8.068965517241380780e+01 2.115682516670352516e-38
1.134003024365157902e-02 8.068965517241380780e+01 2.851464539242743261e-38
1.806337014401007690e-02 8.068965517241380780e+01 3.973289234555093531e-38
2.877288101962317823e-02 8.068965517241380780e+01 5.687934280442558860e-38
4.583190598261207421e-02 8.068965517241380780e+01 8.457633344530345269e-38
7.300498009102399100e-02 8.068965517241380780e+01 1.300925623274665398e-37
1.162885767856308566e-01 8.068965517241380780e+01 2.113168309384518212e-37
1.852343918725382621e-01 8.068965517241380780e+01 3.734454601155080535e-37
2.950571834380621983e-01 8.068965517241380780e+01 2.130813837568480059e-36
4.699923195596870107e-01 8.068965517241380780e+01 6.673705709385262601e-36
7.486439674886415929e-01 8.068965517241380780e+01 0.000000000000000000e+00
9.999999999999999547e-08 8.689655172413793593e+01 7.162279313487150478e-41
1.592885535214725096e-07 8.689655172413793593e+01 9.019806573426518330e-41
2.537284328296300856e-07 8.689655172413793593e+01 1.140735473349640744e-40
4.041603505270179570e-07 8.689655172413793593e+01 1.435923720381807742e-40
6.437811762617998739e-07 8.689655172413793593e+01 1.813248112304092276e-40
1.025469723510942276e-06 8.689655172413793593e+01 2.291751597758825908e-40
1.633455889381223358e-06 8.689655172413793593e+01 2.889281865711726981e-40
2.601908258606654861e-06 8.689655172413793593e+01 3.644355336491384385e-40
4.144542029090266371e-06 8.689655172413793593e+01 4.599164400274042421e-40
6.601781048227371505e-06 8.689655172413793593e+01 5.813615169480088110e-40
1.051588153837608446e-05 8.689655172413793593e+01 7.341379008212027463e-40
1.675059559251080012e-05 8.689655172413793593e+01 9.253019364535234553e-40
2.668178142554203833e-05 8.689655172413793593e+01 1.168314357712819585e-39
4.250102368650674752e-05 8.689655172413793593e+01 1.476049057448607692e-39
6.769926586205501733e-05 8.689655172413793593e+01 1.861723351816787990e-39
1.078371813363233488e-04 8.689655172413793593e+01 2.352828680673639585e-39
1.717722863089567891e-04 8.689655172413793593e+01 2.967880717380470258e-39
2.736135902122996313e-04 8.689655172413793593e+01 3.755322140592652817e-39
4.358351300873408870e-04 8.689655172413793593e+01 4.749799951221193207e-39
6.942354744545533056e-04 8.689655172413793593e+01 6.023681080845849421e-39
1.105837645291589616e-03 8.689655172413793593e+01 7.675570567991288878e-39
1.761472789480881531e-03 8.689655172413793593e+01 9.810044414206099315e-39
2.805824527038428690e-03 8.689655172413793593e+01 1.259829451046734997e-38
4.469357303470210090e-03 8.689655172413793593e+01 1.645029330112790952e-38
7.119174600403985892e-03 8.689655172413793593e+01 2.173134284876058324e-38
1.134003024365157902e-02 8.689655172413793593e+01 2.930058761682146471e-38
1.806337014401007690e-02 8.689655172413793593e+01 4.052896389891026875e-38
2.877288101962317823e-02 8.689655172413793593e+01 5.778084857402982262e-38
4.583190598261207421e-02 8.689655172413793593e+01 8.451967195278074463e-38
7.300498009102399100e-02 8.689655172413793593e+01 1.281552958258008981e-37
1.162885767856308566e-01 8.689655172413793593e+01 2.056131768225778883e-37
1.852343918725382621e-01 8.689655172413793593e+01 3.498708700650670995e-37
2.950571834380621983e-01 8.689655172413793593e+01 3.297400865552349795e-36
4.699923195596870107e-01 8.689655172413793593e+01 3.648491510035616649e-36
7.486439674886415929e-01 8.689655172413793593e+01 0.000000000000000000e+00
9.999999999999999547e-08 9.310344827586206407e+01 7.151370042344312007e-41
1.592885535214725096e-07 9.310344827586206407e+01 9.029091857441104460e-41
2.537284328296300856e-07 9.310344827586206407e+01 1.137735294734897440e-40
4.041603505270179570e-07 9.310344827586206407e+01 1.440193310754632463e-40
6.437811762617998739e-07 9.310344827586206407e+01 1.812185889749071262e-40
1.025469723510942276e-06 9.310344827586206407e+01 2.288207767923685206e-40
1.633455889381223358e-06 9.310344827586206407e+01 2.887423998434370553e-40
2.601908258606654861e-06 9.310344827586206407e+01 3.650977680232006812e-40
4.144542029090266371e-06 9.310344827586206407e+01 4.607378470991760482e-40
6.601781048227371505e-06 9.310344827586206407e+01 5.804904190217960202e-40
1.051588153837608446e-05 9.310344827586206407e+01 7.336686853163707802e-40
1.675059559251080012e-05 9.310344827586206407e+01 9.268883833531803792e-40
2.668178142554203833e-05 9.310344827586206407e+01 1.171387689945556351e-39
4.250102368650674752e-05 9.310344827586206407e+01 1.480549989734297863e-39
6.769926586205501733e-05 9.310344827586206407e+01 1.863029551236315160e-39
1.078371813363233488e-04 9.310344827586206407e+01 2.355633308955062840e-39
1.717722863089567891e-04 9.310344827586206407e+01 2.974850802588971211e-39
2.736135902122996313e-04 9.310344827586206407e+01 3.766577154659743289e-39
4.358351300873408870e-04 9.310344827586206407e+01 4.771254508957072645e-39
6.942354744545533056e-04 9.310344827586206407e+01 6.069007363788992262e-39
1.105837645291589616e-03 9.310344827586206407e+01 7.721752177031099760e-39
1.761472789480881531e-03 9.310344827586206407e+01 9.892005846016401686e-39
2.805824527038428690e-03 9.310344827586206407e+01 1.273162697924984111e-38
4.469357303470210090e-03 9.310344827586206407e+01 1.662389104740589715e-38
7.119174600403985892e-03 9.310344827586206407e+01 2.195607875871787270e-38
1.134003024365157902e-02 9.310344827586206407e+01 2.953201293135533891e-38
1.806337014401007690e-02 9.310344827586206407e+01 4.075878919502826257e-38
2.877288101962317823e-02 9.310344827586206407e+01 5.746408908699924406e-38
4.583190598261207421e-02 9.310344827586206407e+01 8.311102859280179721e-38
7.300498009102399100e-02 9.310344827586206407e+01 1.245512137709096235e-37
1.162885767856308566e-01 9.310344827586206407e+01 1.967122912176396381e-37
1.852343918725382621e-01 9.310344827586206407e+01 3.231994297845326967e-37
2.950571834380621983e-01 9.310344827586206407e+01 4.329430254148099477e-36
4.699923195596870107e-01 9.310344827586206407e+01 1.575219160518809178e-36
7.486439674886415929e-01 9.310344827586206407e+01 0.000000000000000000e+00
9.999999999999999547e-08 9.931034482758620641e+01 7.064599234616555179e-41
1.592885535214725096e-07 9.931034482758620641e+01 8.926158649557881374e-41
2.537284328296300856e-07 9.931034482758620641e+01 1.125716212636221929e-40
4.041603505270179570e-07 9.931034482758620641e+01 1.420282032919330217e-40
6.437811762617998739e-07 9.931034482758620641e+01 1.794623637006331687e-40
1.025469723510942276e-06 9.931034482758620641e+01 2.269333481681107811e-40
1.633455889381223358e-06 9.931034482758620641e+01 2.859600012201627572e-40
2.601908258606654861e-06 9.931034482758620641e+01 3.608991105760354162e-40
4.144542029090266371e-06 9.931034482758620641e+01 4.553984371433443566e-40
6.601781048227371505e-06 9.931034482758620641e+01 5.746411462333473636e-40
1.051588153837608446e-05 9.931034482758620641e+01 7.262885121652094624e-40
1.675059559251080012e-05 9.931034482758620641e+01 9.147467896007923760e-40
2.668178142554203833e-05 9.931034482758620641e+01 1.159917581937602598e-39
4.250102368650674752e-05 9.931034482758620641e+01 1.463755697748079580e-39
6.769926586205501733e-05 9.931034482758620641e+01 1.844720369878993047e-39
1.078371813363233488e-04 9.931034482758620641e+01 2.332866421272613268e-39
1.717722863089567891e-04 9.931034482758620641e+01 2.952823977953940158e-39
2.736135902122996313e-04 9.931034482758620641e+01 3.743490434752523548e-39
4.358351300873408870e-04 9.931034482758620641e+01 4.749672548339082579e-39
6.942354744545533056e-04 9.931034482758620641e+01 6.042117493242859148e-39
1.105837645291589616e-03 9.931034482758620641e+01 7.691842911921007563e-39
1.761472789480881531e-03 9.931034482758620641e+01 9.854502552774167313e-39
2.805824527038428690e-03 9.931034482758620641e+01 1.271596252586624149e-38
4.469357303470210090e-03 9.931034482758620641e+01 1.657546929691258078e-38
7.119174600403985892e-03 9.931034482758620641e+01 2.192539618273387453e-38
1.134003024365157902e-02 9.931034482758620641e+01 2.944413161894543751e-38
1.806337014401007690e-02 9.931034482758620641e+01 4.034210362665366448e-38
2.877288101962317823e-02 9.931034482758620641e+01 5.643110846651245714e-38
4.583190598261207421e-02 9.931034482758620641e+01 8.094754050898080301e-38
7.300498009102399100e-02 9.931034482758620641e+01 1.193507172255373166e-37
1.162885767856308566e-01 9.931034482758620641e+01 1.870811578093329041e-37
1.852343918725382621e-01 9.931034482758620641e+01 3.011906397910320292e-37
2.950571834380621983e-01 9.931034482758620641e+01 4.742943282653692792e-36
4.699923195596870107e-01 9.931034482758620641e+01 5.322729914027973453e-37
7.486439674886415929e-01 9.931034482758620641e+01 0.000000000000000000e+00
9.999999999999999547e-08 1.055172413793103630e+02 6.901058466256412433e-41
1.592885535214725096e-07 1.055172413793103630e+02 8.710522232035983755e-41
2.537284328296300856e-07 1.055172413793103630e+02 1.101233536375812079e-40
4.041603505270179570e-07 1.055172413793103630e+02 1.388302801468885317e-40
6.437811762617998739e-07 1.055172413793103630e+02 1.749768480236446132e-40
1.025469723510942276e-06 1.055172413793103630e+02 2.210479062816590356e-40
1.633455889381223358e-06 1.055172413793103630e+02 2.792944339799200975e-40
2.601908258606654861e-06 1.055172413793103630e+02 3.515747728786685874e-40
4.144542029090266371e-06 1.055172413793103630e+02 4.451665388919031561e-40
6.601781048227371505e-06 1.055172413793103630e+02 5.618073701433832608e-40
1.051588153837608446e-05 1.055172413793103630e+02 7.096607436959247489e-40
1.675059559251080012e-05 1.055172413793103630e+02 8.946455517066176157e-40
2.668178142554203833e-05 1.055172413793103630e+02 1.130634491405144606e-39
4.250102368650674752e-05 1.055172413793103630e+02 1.430705711302381908e-39
6.769926586205501733e-05 1.055172413793103630e+02 1.802785130494874028e-39
1.078371813363233488e-04 1.055172413793103630e+02 2.281219300250054643e-39
1.717722863089567891e-04 1.055172413793103630e+02 2.892963185297003155e-39
2.736135902122996313e-04 1.055172413793103630e+02 3.667496287864855271e-39
4.358351300873408870e-04 1.055172413793103630e+02 4.659127229278249412e-39
6.942354744545533056e-04 1.055172413793103630e+02 5.910995846582987481e-39
1.105837645291589616e-03 1.055172413793103630e+02 7.545920662431156813e-39
1.761472789480881531e-03 1.055172413793103630e+02 9.682296687775260458e-39
2.805824527038428690e-03 1.055172413793103630e+02 1.251759096127401810e-38
4.469357303470210090e-03 1.055172413793103630e+02 1.631821728904784249e-38
7.119174600403985892e-03 1.055172413793103630e+02 2.152149218934232180e-38
1.134003024365157902e-02 1.055172413793103630e+02 2.884509723133399507e-38
1.806337014401007690e-02 1.055172413793103630e+02 3.938733362468637178e-38
2.877288101962317823e-02 1.055172413793103630e+02 5.480272766125429162e-38
4.583190598261207421e-02 1.055172413793103630e+02 7.769019859936664261e-38
7.300498009102399100e-02 1.055172413793103630e+02 1.136339602627974316e-37
1.162885767856308566e-01 1.055172413793103630e+02 1.747427379814080256e-37
1.852343918725382621e-01 1.055172413793103630e+02 2.977247582967722261e-37
2.950571834380621983e-01 1.055172413793103630e+02 4.467152315927745234e-36
4.699923195596870107e-01 1.055172413793103630e+02 1.320276609393081505e-37
7.486439674886415929e-01 1.055172413793103630e+02 0.000000000000000000e+00
9.999999999999999547e-08 1.117241379310344911e+02 6.662086610506860753e-41
1.592885535214725096e-07 1.117241379310344911e+02 8.408528763150342230e-41
2.537284328296300856e-07 1.117241379310344911e+02 1.060971403066147624e-40
4.041603505270179570e-07 1.117241379310344911e+02 1.338279528494278631e-40
6.437811762617998739e-07 1.117241379310344911e+02 1.688801804083356841e-40
1.025469723510942276e-06 1.117241379310344911e+02 2.130254933820278679e-40
1.633455889381223358e-06 1.117241379310344911e+02 2.693042534457417230e-40
2.601908258606654861e-06 1.117241379310344911e+02 3.390767199384205442e-40
4.144542029090266371e-06 1.117241379310344911e+02 4.295361844918218513e-40
6.601781048227371505e-06 1.117241379310344911e+02 5.408846689404345617e-40
1.051588153837608446e-05 1.117241379310344911e+02 6.833915234402914764e-40
1.675059559251080012e-05 1.117241379310344911e+02 8.637600854827636338e-40
2.668178142554203833e-05 1.117241379310344911e+02 1.092755388661398019e-39
4.250102368650674752e-05 1.117241379310344911e+02 1.379939410143725991e-39
6.769926586205501733e-05 1.117241379310344911e+02 1.745597150659280468e-39
1.078371813363233488e-04 1.117241379310344911e+02 2.205986015640393503e-39
1.717722863089567891e-04 1.117241379310344911e+02 2.796475158549494257e-39
2.736135902122996313e-04 1.117241379310344911e+02 3.546505932229698383e-39
4.358351300873408870e-04 1.117241379310344911e+02 4.507726778915204938e-39
6.942354744545533056e-04 1.117241379310344911e+02 5.722181179164209556e-39
1.105837645291589616e-03 1.117241379310344911e+02 7.313813208926673046e-39
1.761472789480881531e-03 1.117241379310344911e+02 9.404208532785586188e-39
2.805824527038428690e-03 1.117241379310344911e+02 1.216037502776962519e-38
4.469357303470210090e-03 1.117241379310344911e+02 1.584623366482386945e-38
7.119174600403985892e-03 1.117241379310344911e+02 2.082793565173388666e-38
1.134003024365157902e-02 1.117241379310344911e+02 2.790978223455148882e-38
1.806337014401007690e-02 1.117241379310344911e+02 3.782117335415792948e-38
2.877288101962317823e-02 1.117241379310344911e+02 5.218435052192050641e-38
4.583190598261207421e-02 1.117241379310344911e+02 7.343356492230101910e-38
7.300498009102399100e-02 1.117241379310344911e+02 1.063838226211817473e-37
1.162885767856308566e-01 1.117241379310344911e+02 1.618731663956110624e-37
1.852343918725382621e-01 1.117241379310344911e+02 3.247673804162593463e-37
2.950571834380621983e-01 1.117241379310344911e+02 3.838805205024268805e-36
4.699923195596870107e-01 1.117241379310344911e+02 3.029732061812649428e-38
7.486439674886415929e-01 1.117241379310344911e+02 0.000000000000000000e+00
9.999999999999999547e-08 1.179310344827586192e+02 6.337229068729395099e-41
1.592885535214725096e-07 1.179310344827586192e+02 7.993212102780431141e-41
2.537284328296300856e-07 1.179310344827586192e+02 1.008722983477517703e-40
4.041603505270179570e-07 1.179310344827586192e+02 1.269743497047255152e-40
6.437811762617998739e-07 1.179310344827586192e+02 1.609416718580321444e-40
1.025469723510942276e-06 1.179310344827586192e+02 2.029972125757495518e-40
1.633455889381223358e-06 1.179310344827586192e+02 2.559453546140634407e-40
2.601908258606654861e-06 1.179310344827586192e+02 3.238237685165350346e-40
4.144542029090266371e-06 1.179310344827586192e+02 4.076701233462314724e-40
6.601781048227371505e-06 1.179310344827586192e+02 5.158590013050091410e-40
1.051588153837608446e-05 1.179310344827586192e+02 6.517460889522897555e-40
1.675059559251080012e-05 1.179310344827586192e+02 8.236283162090914911e-40
2.668178142554203833e-05 1.179310344827586192e+02 1.040292946491411439e-39
4.250102368650674752e-05 1.179310344827586192e+02 1.311639994857733023e-39
6.769926586205501733e-05 1.179310344827586192e+02 1.663458413761087287e-39
1.078371813363233488e-04 1.179310344827586192e+02 2.099730500932781673e-39
1.717722863089567891e-04 1.179310344827586192e+02 2.668747576861241441e-39
2.736135902122996313e-04 1.179310344827586192e+02 3.389649061496713161e-39
4.358351300873408870e-04 1.179310344827586192e+02 4.298541376549363997e-39
6.942354744545533056e-04 1.179310344827586192e+02 5.475726624446510510e-39
1.105837645291589616e-03 1.179310344827586192e+02 7.001227039307952251e-39
1.761472789480881531e-03 1.179310344827586192e+02 8.972239866946715855e-39
2.805824527038428690e-03 1.179310344827586192e+02 1.160955536146492235e-38
4.469357303470210090e-03 1.179310344827586192e+02 1.514144676709754989e-38
7.119174600403985892e-03 1.179310344827586192e+02 1.992347763767311107e-38
1.134003024365157902e-02 1.179310344827586192e+02 2.656126984872223013e-38
1.806337014401007690e-02 1.179310344827586192e+02 3.589079924031043172e-38
2.877288101962317823e-02 1.179310344827586192e+02 4.913961038119187927e-38
4.583190598261207421e-02 1.179310344827586192e+02 6.854813270341664527e-38
7.300498009102399100e-02 1.179310344827586192e+02 9.862467227970884347e-38
1.162885767856308566e-01 1.179310344827586192e+02 1.477950367840134245e-37
1.852343918725382621e-01 1.179310344827586192e+02 3.800431384718496164e-37
2.950571834380621983e-01 1.179310344827586192e+02 3.157432325044388564e-36
4.699923195596870107e-01 1.179310344827586192e+02 6.054384826536801298e-39
7.486439674886415929e-01 1.179310344827586192e+02 0.000000000000000000e+00
9.999999999999999547e-08 1.241379310344827616e+02 5.926725666096615462e-41
1.592885535214725096e-07 1.241379310344827616e+02 7.467390469834660239e-41
2.537284328296300856e-07 1.241379310344827616e+02 9.429770540174237964e-41
4.041603505270179570e-07 1.241379310344827616e+02 1.192812084856572890e-40
6.437811762617998739e-07 1.241379310344827616e+02 1.505567993959347721e-40
1.025469723510942276e-06 1.241379310344827616e+02 1.902436967160717496e-40
1.633455889381223358e-06 1.241379310344827616e+02 2.402792651880146247e-40
2.601908258606654861e-06 1.241379310344827616e+02 3.029056119048716158e-40
4.144542029090266371e-06 1.241379310344827616e+02 3.823006188140196993e-40
6.601781048227371505e-06 1.241379310344827616e+02 4.831749570190152482e-40
1.051588153837608446e-05 1.241379310344827616e+02 6.089998481277320336e-40
1.675059559251080012e-05 1.241379310344827616e+02 7.726470134802244250e-40
2.668178142554203833e-05 1.241379310344827616e+02 9.737140136983742115e-40
4.250102368650674752e-05 1.241379310344827616e+02 1.232553036957483940e-39
6.769926586205501733e-05 1.241379310344827616e+02 1.559425846886320487e-39
1.078371813363233488e-04 1.241379310344827616e+02 1.973795585883289353e-39
1.717722863089567891e-04 1.241379310344827616e+02 2.505378793310688798e-39
2.736135902122996313e-04 1.241379310344827616e+02 3.178722774712736434e-39
4.358351300873408870e-04 1.241379310344827616e+02 4.034292558117354144e-39
6.942354744545533056e-04 1.241379310344827616e+02 5.145860168428533902e-39
1.105837645291589616e-03 1.241379310344827616e+02 6.593359763215348243e-39
1.761472789480881531e-03 1.241379310344827616e+02 8.473660003117938088e-39
2.805824527038428690e-03 1.241379310344827616e+02 1.091209984430373241e-38
4.469357303470210090e-03 1.241379310344827616e+02 1.424456804181290031e-38
7.119174600403985892e-03 1.241379310344827616e+02 1.869127925445508151e-38
1.134003024365157902e-02 1.241379310344827616e+02 2.486688164806812047e-38
1.806337014401007690e-02 1.241379310344827616e+02 3.346298435569994199e-38
2.877288101962317823e-02 1.241379310344827616e+02 4.560629040584099140e-38
4.583190598261207421e-02 1.241379310344827616e+02 6.329709617302087395e-38
7.300498009102399100e-02 1.241379310344827616e+02 9.005364075766979903e-38
1.162885767856308566e-01 1.241379310344827616e+02 1.330153840160695626e-37
1.852343918725382621e-01 1.241379310344827616e+02 4.391865838807094044e-37
2.950571834380621983e-01 1.241379310344827616e+02 2.534385148340220789e-36
4.699923195596870107e-01 1.241379310344827616e+02 2.619993043717222965e-39
7.486439674886415929e-01 1.241379310344827616e+02 0.000000000000000000e+00
9.999999999999999547e-08 1.303448275862068897e+02 5.470202365639310380e-41
1.592885535214725096e-07 1.303448275862068897e+02 6.884807994583638333e-41
2.537284328296300856e-07 1.303448275862068897e+02 8.691180118586396853e-41
4.041603505270179570e-07 1.303448275862068897e+02 1.099601912338673360e-40
6.437811762617998739e-07 1.303448275862068897e+02 1.384400934636170396e-40
1.025469723510942276e-06 1.303448275862068897e+02 1.751891795628253819e-40
1.633455889381223358e-06 1.303448275862068897e+02 2.213834984383648241e-40
2.601908258606654861e-06 1.303448275862068897e+02 2.792492408911176219e-40
4.144542029090266371e-06 1.303448275862068897e+02 3.522956563443211905e-40
6.601781048227371505e-06 1.303448275862068897e+02 4.447389896927591313e-40
1.051588153837608446e-05 1.303448275862068897e+02 5.612665365244122077e-40
1.675059559251080012e-05 1.303448275862068897e+02 7.107168455815608455e-40
2.668178142554203833e-05 1.303448275862068897e+02 8.970109103841186362e-40
4.250102368650674752e-05 1.303448275862068897e+02 1.135638002315326449e-39
6.769926586205501733e-05 1.303448275862068897e+02 1.440836818119082717e-39
1.078371813363233488e-04 1.303448275862068897e+02 1.819590780945540707e-39
1.717722863089567891e-04 1.303448275862068897e+02 2.304638299404394595e-39
2.736135902122996313e-04 1.303448275862068897e+02 2.927838714667951058e-39
4.358351300873408870e-04 1.303448275862068897e+02 3.730989507786562795e-39
6.942354744545533056e-04 1.303448275862068897e+02 4.752699135756260518e-39
1.105837645291589616e-03 1.303448275862068897e+02 6.079582825701692396e-39
1.761472789480881531e-03 1.303448275862068897e+02 7.808179927583225460e-39
2.805824527038428690e-03 1.303448275862068897e+02 1.008787681000685057e-38
4.469357303470210090e-03 1.303448275862068897e+02 1.313640715814567356e-38
7.119174600403985892e-03 1.303448275862068897e+02 1.728468385388282750e-38
1.134003024365157902e-02 1.303448275862068897e+02 2.283875773397057856e-38
1.806337014401007690e-02 1.303448275862068897e+02 3.060224754757659054e-38
2.877288101962317823e-02 1.303448275862068897e+02 4.143361283664063406e-38
4.583190598261207421e-02 1.303448275862068897e+02 5.720376634045999512e-38
7.300498009102399100e-02 1.303448275862068897e+02 8.118325976545990593e-38
1.162885767856308566e-01 1.303448275862068897e+02 1.182419246075572154e-37
1.852343918725382621e-01 1.303448275862068897e+02 5.094694643003947217e-37
2.950571834380621983e-01 1.303448275862068897e+02 1.988638631523796454e-36
4.699923195596870107e-01 1.303448275862068897e+02 1.205870070006845202e-39
7.486439674886415929e-01 1.303448275862068897e+02 0.000000000000000000e+00
9.999999999999999547e-08 1.365517241379310462e+02 4.927353241605388523e-41
1.592885535214725096e-07 1.365517241379310462e+02 6.226842824514184182e-41
2.537284328296300856e-07 1.365517241379310462e+02 7.847574985738932031e-41
4.041603505270179570e-07 1.365517241379310462e+02 9.894166931650251224e-41
6.437811762617998739e-07 1.365517241379310462e+02 1.254288369946745930e-40
1.025469723510942276e-06 1.365517241379310462e+02 1.579978356528454787e-40
1.633455889381223358e-06 1.365517241379310462e+02 1.992793436580485002e-40
2.601908258606654861e-06 1.365517241379310462e+02 2.518456897348938603e-40
4.144542029090266371e-06 1.365517241379310462e+02 3.184963804540782107e-40
6.601781048227371505e-06 1.365517241379310462e+02 4.015777549247024538e-40
1.051588153837608446e-05 1.365517241379310462e+02 5.078298086358846446e-40
1.675059559251080012e-05 1.365517241379310462e+02 6.408913555681206523e-40
2.668178142554203833e-05 1.365517241379310462e+02 8.102240013800397843e-40
4.250102368650674752e-05 1.365517241379310462e+02 1.026973145174311337e-39
6.769926586205501733e-05 1.365517241379310462e+02 1.298367462030000153e-39
1.078371813363233488e-04 1.365517241379310462e+02 1.647042079754111137e-39
1.717722863089567891e-04 1.365517241379310462e+02 2.080826267406223067e-39
2.736135902122996313e-04 1.365517241379310462e+02 2.651012621721548180e-39
4.358351300873408870e-04 1.365517241379310462e+02 3.379517955596567058e-39
6.942354744545533056e-04 1.365517241379310462e+02 4.307058514849490537e-39
1.105837645291589616e-03 1.365517241379310462e+02 5.502537462281523585e-39
1.761472789480881531e-03 1.365517241379310462e+02 7.079971406661491257e-39
2.805824527038428690e-03 1.365517241379310462e+02 9.150452999551933899e-39
4.469357303470210090e-03 1.365517241379310462e+02 1.188954182692383053e-38
7.119174600403985892e-03 1.365517241379310462e+02 1.557209998608122548e-38
1.134003024365157902e-02 1.365517241379310462e+02 2.064518999838646969e-38
1.806337014401007690e-02 1.365517241379310462e+02 2.749046871743596293e-38
2.877288101962317823e-02 1.365517241379310462e+02 3.714833823500752232e-38
4.583190598261207421e-02 1.365517241379310462e+02 5.086605972413058874e-38
7.300498009102399100e-02 1.365517241379310462e+02 7.214509243262162073e-38
1.162885767856308566e-01 1.365517241379310462e+02 1.028421955926555771e-37
1.852343918725382621e-01 1.365517241379310462e+02 5.621862613320728229e-37
2.950571834380621983e-01 1.365517241379310462e+02 1.525546186993591189e-36
4.699923195596870107e-01 1.365517241379310462e+02 5.815912481374318506e-40
7.486439674886415929e-01 1.365517241379310462e+02 0.000000000000000000e+00
9.999999999999999547e-08 1.427586206896551744e+02 4.330000057320382728e-41
1.592885535214725096e-07 1.427586206896551744e+02 5.472165066967942114e-41
2.537284328296300856e-07 1.427586206896551744e+02 6.910589707163628103e-41
4.041603505270179570e-07 1.427586206896551744e+02 8.728355074970142059e-41
6.437811762617998739e-07 1.427586206896551744e+02 1.103868657197512091e-40
1.025469723510942276e-06 1.427586206896551744e+02 1.393083123437224551e-40
1.633455889381223358e-06 1.427586206896551744e+02 1.752957787035977244e-40
2.601908258606654861e-06 1.427586206896551744e+02 2.215937667693027112e-40
4.144542029090266371e-06 1.427586206896551744e+02 2.801686008620485969e-40
6.601781048227371505e-06 1.427586206896551744e+02 3.534053435398177410e-40
1.051588153837608446e-05 1.427586206896551744e+02 4.468703215416222141e-40
1.675059559251080012e-05 1.427586206896551744e+02 5.654161708742833844e-40
2.668178142554203833e-05 1.427586206896551744e+02 7.139528541345814802e-40
4.250102368650674752e-05 1.427586206896551744e+02 9.036335154379094029e-40
6.769926586205501733e-05 1.427586206896551744e+02 1.144180932793618752e-39
1.078371813363233488e-04 1.427586206896551744e+02 1.451074305481243473e-39
1.717722863089567891e-04 1.427586206896551744e+02 1.838398714213276951e-39
2.736135902122996313e-04 1.427586206896551744e+02 2.335934363287499656e-39
4.358351300873408870e-04 1.427586206896551744e+02 2.970688677119451697e-39
6.942354744545533056e-04 1.427586206896551744e+02 3.788826935956145732e-39
1.105837645291589616e-03 1.427586206896551744e+02 4.869858986706203635e-39
1.761472789480881531e-03 1.427586206896551744e+02 6.239073393044048835e-39
2.805824527038428690e-03 1.427586206896551744e+02 8.083112123635633727e-39
4.469357303470210090e-03 1.427586206896551744e+02 1.048608106925683009e-38
7.119174600403985892e-03 1.427586206896551744e+02 1.371993719402251784e-38
1.134003024365157902e-02 1.427586206896551744e+02 1.810245909132491594e-38
1.806337014401007690e-02 1.427586206896551744e+02 2.403531002258928652e-38
2.877288101962317823e-02 1.427586206896551744e+02 3.233238859169518037e-38
4.583190598261207421e-02 1.427586206896551744e+02 4.402288251967376330e-38
7.300498009102399100e-02 1.427586206896551744e+02 6.218953763617186400e-38
1.162885767856308566e-01 1.427586206896551744e+02 8.775543148680221648e-38
1.852343918725382621e-01 1.427586206896551744e+02 5.738175622272794022e-37
2.950571834380621983e-01 1.427586206896551744e+02 1.147313413121510137e-36
4.699923195596870107e-01 1.427586206896551744e+02 2.907061874376683349e-40
7.486439674886415929e-01 1.427586206896551744e+02 0.000000000000000000e+00
9.999999999999999547e-08 1.489655172413793025e+02 3.692339567855511667e-41
1.592885535214725096e-07 1.489655172413793025e+02 4.676901686121359651e-41
2.537284328296300856e-07 1.489655172413793025e+02 5.888874968068035961e-41
4.041603505270179570e-07 1.489655172413793025e+02 7.426588380541400216e-41
6.437811762617998739e-07 1.489655172413793025e+02 9.378007721936626794e-41
1.025469723510942276e-06 1.489655172413793025e+02 1.185759911143565191e-40
1.633455889381223358e-06 1.489655172413793025e+02 1.499040011813486962e-40
2.601908258606654861e-06 1.489655172413793025e+02 1.891461087582719763e-40
4.144542029090266371e-06 1.489655172413793025e+02 2.394132197507964757e-40
6.601781048227371505e-06 1.489655172413793025e+02 3.014719805707530124e-40
1.051588153837608446e-05 1.489655172413793025e+02 3.802268515306500863e-40
1.675059559251080012e-05 1.489655172413793025e+02 4.812381049912214829e-40
2.668178142554203833e-05 1.489655172413793025e+02 6.096432977250623261e-40
4.250102368650674752e-05 1.489655172413793025e+02 7.702078469374500475e-40
6.769926586205501733e-05 1.489655172413793025e+02 9.761365118841372094e-40
1.078371813363233488e-04 1.489655172413793025e+02 1.236651909628568896e-39
1.717722863089567891e-04 1.489655172413793025e+02 1.571007687046102234e-39
2.736135902122996313e-04 1.489655172413793025e+02 1.997319361235139006e-39
4.358351300873408870e-04 1.489655172413793025e+02 2.540240227736570959e-39
6.942354744545533056e-04 1.489655172413793025e+02 3.242763583569941837e-39
1.105837645291589616e-03 1.489655172413793025e+02 4.144602901743697424e-39
1.761472789480881531e-03 1.489655172413793025e+02 5.330424210991280317e-39
2.805824527038428690e-03 1.489655172413793025e+02 6.878991651883897667e-39
4.469357303470210090e-03 1.489655172413793025e+02 8.945606072821247734e-39
7.119174600403985892e-03 1.489655172413793025e+02 1.167978018231684281e-38
1.134003024365157902e-02 1.489655172413793025e+02 1.535137014608628201e-38
1.806337014401007690e-02 1.489655172413793025e+02 2.038341271687517344e-38
2.877288101962317823e-02 1.489655172413793025e+02 2.729143328507448445e-38
4.583190598261207421e-02 1.489655172413793025e+02 3.718537987490114971e-38
7.300498009102399100e-02 1.489655172413793025e+02 5.219727849734386445e-38
1.162885767856308566e-01 1.489655172413793025e+02 7.304323620651818379e-38
1.852343918725382621e-01 1.489655172413793025e+02 5.558113207834950737e-37
2.950571834380621983e-01 1.489655172413793025e+02 8.445582744468453278e-37
4.699923195596870107e-01 1.489655172413793025e+02 1.503748546819846463e-40
7.486439674886415929e-01 1.489655172413793025e+02 0.000000000000000000e+00
9.999999999999999547e-08 1.551724137931034591e+02 3.007372677714608944e-41
1.592885535214725096e-07 1.551724137931034591e+02 3.793878616512048887e-41
2.537284328296300856e-07 1.551724137931034591e+02 4.799093216843252544e-41
4.041603505270179570e-07 1.551724137931034591e+02 6.064074466106838055e-41
6.437811762617998739e-07 1.551724137931034591e+02 7.662846245014540100e-41
1.025469723510942276e-06 1.551724137931034591e+02 9.647565659421816578e-41
1.633455889381223358e-06 1.551724137931034591e+02 1.219314808398402104e-40
2.601908258606654861e-06 1.551724137931034591e+02 1.536238630184386596e-40
4.144542029090266371e-06 1.551724137931034591e+02 1.946414462317218736e-40
6.601781048227371505e-06 1.551724137931034591e+02 2.456724983135504237e-40
1.051588153837608446e-05 1.551724137931034591e+02 3.099166368021638824e-40
1.675059559251080012e-05 1.551724137931034591e+02 3.924840356002188244e-40
2.668178142554203833e-05 1.551724137931034591e+02 4.965467311389309772e-40
4.250102368650674752e-05 1.551724137931034591e+02 6.285483973843762023e-40
6.769926586205501733e-05 1.551724137931034591e+02 7.950897106795181460e-40
1.078371813363233488e-04 1.551724137931034591e+02 1.008011678982094080e-39
1.717722863089567891e-04 1.551724137931034591e+02 1.277333086006094355e-39
2.736135902122996313e-04 1.551724137931034591e+02 1.628480920144708555e-39
4.358351300873408870e-04 1.551724137931034591e+02 2.074046790153761878e-39
6.942354744545533056e-04 1.551724137931034591e+02 2.643234981684788968e-39
1.105837645291589616e-03 1.551724137931034591e+02 3.388116125928981167e-39
1.761472789480881531e-03 1.551724137931034591e+02 4.341351971618724383e-39
2.805824527038428690e-03 1.551724137931034591e+02 5.620978032738471623e-39
4.469357303470210090e-03 1.551724137931034591e+02 7.285352756728086934e-39
7.119174600403985892e-03 1.551724137931034591e+02 9.527645309084128284e-39
1.134003024365157902e-02 1.551724137931034591e+02 1.250279461741946306e-38
1.806337014401007690e-02 1.551724137931034591e+02 1.654421115674740292e-38
2.877288101962317823e-02 1.551724137931034591e+02 2.207536769948699822e-38
4.583190598261207421e-02 1.551724137931034591e+02 2.989800435671007769e-38
7.300498009102399100e-02 1.551724137931034591e+02 4.198946970261822884e-38
1.162885767856308566e-01 1.551724137931034591e+02 5.841624348406100133e-38
1.852343918725382621e-01 1.551724137931034591e+02 4.978658034899566519e-37
2.950571834380621983e-01 1.551724137931034591e+02 6.079041484012447272e-37
4.699923195596870107e-01 1.551724137931034591e+02 7.940970618317334029e-41
7.486439674886415929e-01 1.551724137931034591e+02 0.000000000000000000e+00
9.999999999999999547e-08 1.613793103448276156e+02 2.292783429247893296e-41
1.592885535214725096e-07 1.613793103448276156e+02 2.887227377590472637e-41
2.537284328296300856e-07 1.613793103448276156e+02 3.648152508761939192e-41
4.041603505270179570e-07 1.613793103448276156e+02 4.602265122191853309e-41
6.437811762617998739e-07 1.613793103448276156e+02 5.826107782660562055e-41
1.025469723510942276e-06 1.613793103448276156e+02 7.326898575352770583e-41
1.633455889381223358e-06 1.613793103448276156e+02 9.277407407503404980e-41
2.601908258606654861e-06 1.613793103448276156e+02 1.169998577061808704e-40
4.144542029090266371e-06 1.613793103448276156e+02 1.476332730342562041e-40
6.601781048227371505e-06 1.613793103448276156e+02 1.866924548985664721e-40
1.051588153837608446e-05 1.613793103448276156e+02 2.365716789878081188e-40
1.675059559251080012e-05 1.613793103448276156e+02 2.989162284179487030e-40
2.668178142554203833e-05 1.613793103448276156e+02 3.773344944710447675e-40
4.250102368650674752e-05 1.613793103448276156e+02 4.781190348862361483e-40
6.769926586205501733e-05 1.613793103448276156e+02 6.050510888997019550e-40
1.078371813363233488e-04 1.613793103448276156e+02 7.672123467856414622e-40
1.717722863089567891e-04 1.613793103448276156e+02 9.747586459775452912e-40
2.736135902122996313e-04 1.613793103448276156e+02 1.238286989228240653e-39
4.358351300873408870e-04 1.613793103448276156e+02 1.579350866665832633e-39
6.942354744545533056e-04 1.613793103448276156e+02 2.012916281309606434e-39
1.105837645291589616e-03 1.613793103448276156e+02 2.579988547218418438e-39
1.761472789480881531e-03 1.613793103448276156e+02 3.310107235485940811e-39
2.805824527038428690e-03 1.613793103448276156e+02 4.279300536065266033e-39
4.469357303470210090e-03 1.613793103448276156e+02 5.554396220803204555e-39
7.119174600403985892e-03 1.613793103448276156e+02 7.222440467461744958e-39
1.134003024365157902e-02 1.613793103448276156e+02 9.495300173403943070e-39
1.806337014401007690e-02 1.613793103448276156e+02 1.254382708534964864e-38
2.877288101962317823e-02 1.613793103448276156e+02 1.668473186396369452e-38
4.583190598261207421e-02 1.613793103448276156e+02 2.260910340833275199e-38
7.300498009102399100e-02 1.613793103448276156e+02 3.160287000597959781e-38
1.162885767856308566e-01 1.613793103448276156e+02 4.368180865337047870e-38
1.852343918725382621e-01 1.613793103448276156e+02 3.995797827626360375e-37
2.950571834380621983e-01 1.613793103448276156e+02 4.167439802661643079e-37
4.699923195596870107e-01 1.613793103448276156e+02 4.328943561726346179e-41
7.486439674886415929e-01 1.613793103448276156e+02 0.000000000000000000e+00
9.999999999999999547e-08 1.675862068965517437e+02 1.540265408702372257e-41
1.592885535214725096e-07 1.675862068965517437e+02 1.945726650094054742e-41
2.537284328296300856e-07 1.675862068965517437e+02 2.455014433964068346e-41
4.041603505270179570e-07 1.675862068965517437e+02 3.093045613364043328e-41
6.437811762617998739e-07 1.675862068965517437e+02 3.911904279233140876e-41
1.025469723510942276e-06 1.675862068965517437e+02 4.938555544566712550e-41
1.633455889381223358e-06 1.675862068965517437e+02 6.230305814678947686e-41
2.601908258606654861e-06 1.675862068965517437e+02 7.905848298425193732e-41
4.144542029090266371e-06 1.675862068965517437e+02 9.971011344848962738e-41
6.601781048227371505e-06 1.675862068965517437e+02 1.259771348820975949e-40
1.051588153837608446e-05 1.675862068965517437e+02 1.591846051022291509e-40
1.675059559251080012e-05 1.675862068965517437e+02 2.010399794730582278e-40
2.668178142554203833e-05 1.675862068965517437e+02 2.541024373140195032e-40
4.250102368650674752e-05 1.675862068965517437e+02 3.217481322481081264e-40
6.769926586205501733e-05 1.675862068965517437e+02 4.089363485708675844e-40
1.078371813363233488e-04 1.675862068965517437e+02 5.171971077686232854e-40
1.717722863089567891e-04 1.675862068965517437e+02 6.560821911509182046e-40
2.736135902122996313e-04 1.675862068965517437e+02 8.337669219370511263e-40
4.358351300873408870e-04 1.675862068965517437e+02 1.061945376830426750e-39
6.942354744545533056e-04 1.675862068965517437e+02 1.357534839955968947e-39
1.105837645291589616e-03 1.675862068965517437e+02 1.739960926769677724e-39
1.761472789480881531e-03 1.675862068965517437e+02 2.230676107842760777e-39
2.805824527038428690e-03 1.675862068965517437e+02 2.880049079312359428e-39
4.469357303470210090e-03 1.675862068965517437e+02 3.731110432983090474e-39
7.119174600403985892e-03 1.675862068965517437e+02 4.867979963406006641e-39
1.134003024365157902e-02 1.675862068965517437e+02 6.382803716336469976e-39
1.806337014401007690e-02 1.675862068965517437e+02 8.412944423075434959e-39
2.877288101962317823e-02 1.675862068965517437e+02 1.122231611815988679e-38
4.583190598261207421e-02 1.675862068965517437e+02 1.510730530873181703e-38
7.300498009102399100e-02 1.675862068965517437e+02 2.108800340135005470e-38
1.162885767856308566e-01 1.675862068965517437e+02 2.910452306865170110e-38
1.852343918725382621e-01 1.675862068965517437e+02 2.797640825014209947e-37
2.950571834380621983e-01 1.675862068965517437e+02 2.611638152514624729e-37
4.699923195596870107e-01 1.675862068965517437e+02 2.278411550128887067e-41
7.486439674886415929e-01 1.675862068965517437e+02 0.000000000000000000e+00
9.999999999999999547e-08 1.737931034482758719e+02 7.760746952557758480e-42
1.592885535214725096e-07 1.737931034482758719e+02 9.778210916498516482e-42
2.537284328296300856e-07 1.737931034482758719e+02 1.236178360048419513e-41
4.041603505270179570e-07 1.737931034482758719e+02 1.559634272194575643e-41
6.437811762617998739e-07 1.737931034482758719e+02 1.970375178473044044e-41
1.025469723510942276e-06 1.737931034482758719e+02 2.493097953954585536e-41
1.633455889381223358e-06 1.737931034482758719e+02 3.138060094481141897e-41
2.601908258606654861e-06 1.737931034482758719e+02 3.955898950622819748e-41
4.144542029090266371e-06 1.737931034482758719e+02 5.011252383991078504e-41
6.601781048227371505e-06 1.737931034482758719e+02 6.324050063989251608e-41
1.051588153837608446e-05 1.737931034482758719e+02 8.008040992587113803e-41
1.675059559251080012e-05 1.737931034482758719e+02 1.009630548354369498e-40
2.668178142554203833e-05 1.737931034482758719e+02 1.280542803527335268e-40
4.250102368650674752e-05 1.737931034482758719e+02 1.619198845982265475e-40
6.769926586205501733e-05 1.737931034482758719e+02 2.047405044842468046e-40
1.078371813363233488e-04 1.737931034482758719e+02 2.602452573291429244e-40
1.717722863089567891e-04 1.737931034482758719e+02 3.292445887440387536e-40
2.736135902122996313e-04 1.737931034482758719e+02 4.191778249177751876e-40
4.358351300873408870e-04 1.737931034482758719e+02 5.340727917604226405e-40
6.942354744545533056e-04 1.737931034482758719e+02 6.822114813733326129e-40
1.105837645291589616e-03 1.737931034482758719e+02 8.730337143237616429e-40
1.761472789480881531e-03 1.737931034482758719e+02 1.119953091339073389e-39
2.805824527038428690e-03 1.737931034482758719e+02 1.448717206349505045e-39
4.469357303470210090e-03 1.737931034482758719e+02 1.878550501776029672e-39
7.119174600403985892e-03 1.737931034482758719e+02 2.441972502767547511e-39
1.134003024365157902e-02 1.737931034482758719e+02 3.205847054673672821e-39
1.806337014401007690e-02 1.737931034482758719e+02 4.226383020226872590e-39
2.877288101962317823e-02 1.737931034482758719e+02 5.628262628481684911e-39
4.583190598261207421e-02 1.737931034482758719e+02 7.587931693021202847e-39
7.300498009102399100e-02 1.737931034482758719e+02 1.057657955185678100e-38
1.162885767856308566e-01 1.737931034482758719e+02 1.458248525067277161e-38
1.852343918725382621e-01 1.737931034482758719e+02 1.442961301943418149e-37
2.950571834380621983e-01 1.737931034482758719e+02 1.251858041145659602e-37
4.699923195596870107e-01 1.737931034482758719e+02 9.999275328384906697e-42
7.486439674886415929e-01 1.737931034482758719e+02 0.000000000000000000e+00
9.999999999999999547e-08 1.800000000000000000e+02 8.768589648416404888e-57
1.592885535214725096e-07 1.800000000000000000e+02 1.109076899689445176e-56
2.537284328296300856e-07 1.800000000000000000e+02 1.397790026815225558e-56
4.041603505270179570e-07 1.800000000000000000e+02 0.000000000000000000e+00
6.437811762617998739e-07 1.800000000000000000e+02 2.227232737103614837e-56
1.025469723510942276e-06 1.800000000000000000e+02 2.815232656883719403e-56
1.633455889381223358e-06 1.800000000000000000e+02 3.553475487148446916e-56
2.601908258606654861e-06 1.800000000000000000e+02 0.000000000000000000e+00
4.144542029090266371e-06 1.800000000000000000e+02 5.673760716463207802e-56
6.601781048227371505e-06 1.800000000000000000e+02 7.162123586297049666e-56
1.051588153837608446e-05 1.800000000000000000e+02 9.077638815552192126e-56
1.675059559251080012e-05 1.800000000000000000e+02 1.141845325567541103e-55
2.668178142554203833e-05 1.800000000000000000e+02 1.448086991943623853e-55
4.250102368650674752e-05 1.800000000000000000e+02 0.000000000000000000e+00
6.769926586205501733e-05 1.800000000000000000e+02 2.324577528813354724e-55
1.078371813363233488e-04 1.800000000000000000e+02 2.944160012251177379e-55
1.717722863089567891e-04 1.800000000000000000e+02 3.741170306200556394e-55
2.736135902122996313e-04 1.800000000000000000e+02 4.758549397400471803e-55
4.358351300873408870e-04 1.800000000000000000e+02 6.054022063429472114e-55
6.942354744545533056e-04 1.800000000000000000e+02 7.738901889865116815e-55
1.105837645291589616e-03 1.800000000000000000e+02 9.871481374865493252e-55
1.761472789480881531e-03 1.800000000000000000e+02 1.272634370756827920e-54
2.805824527038428690e-03 1.800000000000000000e+02 1.637540643746723065e-54
4.469357303470210090e-03 1.800000000000000000e+02 2.129617367373198393e-54
7.119174600403985892e-03 1.800000000000000000e+02 2.773394899284969814e-54
1.134003024365157902e-02 1.800000000000000000e+02 3.630815816737514233e-54
1.806337014401007690e-02 1.800000000000000000e+02 4.789292847569212957e-54
2.877288101962317823e-02 1.800000000000000000e+02 6.359285483546493000e-54
4.583190598261207421e-02 1.800000000000000000e+02 0.000000000000000000e+00
7.300498009102399100e-02 1.800000000000000000e+02 1.197069531154720559e-53
1.162885767856308566e-01 1.800000000000000000e+02 1.654415604271142267e-53
1.852343918725382621e-01 1.800000000000000000e+02 0.000000000000000000e+00
2.950571834380621983e-01 1.800000000000000000e+02 1.394425643443092573e-52
4.699923195596870107e-01 1.800000000000000000e+02 1.059805071773122260e-56
7.486439674886415929e-01 1.800000000000000000e+02 0.000000000000000000e+00
