# atom 56: Tchi 0.30391953823131973 [GeV]; m_chi = 0.03 [GeV]; mS = 0.3 [GeV]; gchi =0.01; gN = 0.01
# Tchi^prime [GeV], theta [degree] ,dsigma/dTchip dtheta [cm^2/GeV]
9.999999999999999547e-08 0.000000000000000000e+00 0.000000000000000000e+00
1.548867200734165734e-07 0.000000000000000000e+00 0.000000000000000000e+00
2.398989605510090242e-07 0.000000000000000000e+00 0.000000000000000000e+00
3.715716314876781855e-07 0.000000000000000000e+00 0.000000000000000000e+00
5.755151127345470891e-07 0.000000000000000000e+00 0.000000000000000000e+00
8.913964816413657190e-07 0.000000000000000000e+00 0.000000000000000000e+00
1.380654773264149257e-06 0.000000000000000000e+00 0.000000000000000000e+00
2.138450893845906815e-06 0.000000000000000000e+00 0.000000000000000000e+00
3.312176449858584610e-06 0.000000000000000000e+00 0.000000000000000000e+00
5.130121466230092225e-06 0.000000000000000000e+00 0.000000000000000000e+00
7.945876874826057222e-06 0.000000000000000000e+00 0.000000000000000000e+00
1.230710807249020246e-05 0.000000000000000000e+00 0.000000000000000000e+00
1.906207602937075158e-05 0.000000000000000000e+00 0.000000000000000000e+00
2.952462433979331885e-05 0.000000000000000000e+00 0.000000000000000000e+00
4.572972225390358467e-05 0.000000000000000000e+00 0.000000000000000000e+00
7.082926689775453032e-05 0.000000000000000000e+00 0.000000000000000000e+00
1.097051283499781685e-04 0.000000000000000000e+00 0.000000000000000000e+00
1.699186750536130469e-04 0.000000000000000000e+00 0.000000000000000000e+00
2.631814625827482291e-04 0.000000000000000000e+00 0.000000000000000000e+00
4.076331352356652414e-04 0.000000000000000000e+00 0.000000000000000000e+00
6.313695930989564548e-04 0.000000000000000000e+00 0.000000000000000000e+00
9.779076542918499482e-04 0.000000000000000000e+00 0.000000000000000000e+00
1.514649091079534830e-03 0.000000000000000000e+00 0.000000000000000000e+00
2.345990297794907711e-03 0.000000000000000000e+00 0.000000000000000000e+00
3.633627425495110450e-03 0.000000000000000000e+00 0.000000000000000000e+00
5.628006339037505169e-03 0.000000000000000000e+00 0.000000000000000000e+00
8.717034424059159556e-03 0.000000000000000000e+00 0.000000000000000000e+00
1.350152870709589968e-02 0.000000000000000000e+00 0.000000000000000000e+00
2.091207497419160510e-02 0.000000000000000000e+00 0.000000000000000000e+00
3.239002702681915286e-02 0.000000000000000000e+00 0.000000000000000000e+00
5.016785049273345815e-02 0.000000000000000000e+00 0.000000000000000000e+00
7.770333815953020529e-02 0.000000000000000000e+00 0.000000000000000000e+00
1.203521518628518361e-01 0.000000000000000000e+00 0.000000000000000000e+00
1.864095005581485331e-01 0.000000000000000000e+00 0.000000000000000000e+00
2.887235613197536854e-01 0.000000000000000000e+00 0.000000000000000000e+00
9.999999999999999547e-08 6.206896551724137900e+00 0.000000000000000000e+00
1.548867200734165734e-07 6.206896551724137900e+00 0.000000000000000000e+00
2.398989605510090242e-07 6.206896551724137900e+00 0.000000000000000000e+00
3.715716314876781855e-07 6.206896551724137900e+00 0.000000000000000000e+00
5.755151127345470891e-07 6.206896551724137900e+00 0.000000000000000000e+00
8.913964816413657190e-07 6.206896551724137900e+00 0.000000000000000000e+00
1.380654773264149257e-06 6.206896551724137900e+00 0.000000000000000000e+00
2.138450893845906815e-06 6.206896551724137900e+00 0.000000000000000000e+00
3.312176449858584610e-06 6.206896551724137900e+00 0.000000000000000000e+00
5.130121466230092225e-06 6.206896551724137900e+00 0.000000000000000000e+00
7.945876874826057222e-06 6.206896551724137900e+00 0.000000000000000000e+00
1.230710807249020246e-05 6.206896551724137900e+00 0.000000000000000000e+00
1.906207602937075158e-05 6.206896551724137900e+00 0.000000000000000000e+00
2.952462433979331885e-05 6.206896551724137900e+00 0.000000000000000000e+00
4.572972225390358467e-05 6.206896551724137900e+00 0.000000000000000000e+00
7.082926689775453032e-05 6.206896551724137900e+00 0.000000000000000000e+00
1.097051283499781685e-04 6.206896551724137900e+00 0.000000000000000000e+00
1.699186750536130469e-04 6.206896551724137900e+00 0.000000000000000000e+00
2.631814625827482291e-04 6.206896551724137900e+00 0.000000000000000000e+00
4.076331352356652414e-04 6.206896551724137900e+00 0.000000000000000000e+00
6.313695930989564548e-04 6.206896551724137900e+00 0.000000000000000000e+00
9.779076542918499482e-04 6.206896551724137900e+00 0.000000000000000000e+00
1.514649091079534830e-03 6.206896551724137900e+00 0.000000000000000000e+00
2.345990297794907711e-03 6.206896551724137900e+00 0.000000000000000000e+00
3.633627425495110450e-03 6.206896551724137900e+00 0.000000000000000000e+00
5.628006339037505169e-03 6.206896551724137900e+00 0.000000000000000000e+00
8.717034424059159556e-03 6.206896551724137900e+00 0.000000000000000000e+00
1.350152870709589968e-02 6.206896551724137900e+00 0.000000000000000000e+00
2.091207497419160510e-02 6.206896551724137900e+00 0.000000000000000000e+00
3.239002702681915286e-02 6.206896551724137900e+00 0.000000000000000000e+00
5.016785049273345815e-02 6.206896551724137900e+00 0.000000000000000000e+00
7.770333815953020529e-02 6.206896551724137900e+00 0.000000000000000000e+00
1.203521518628518361e-01 6.206896551724137900e+00 0.000000000000000000e+00
1.864095005581485331e-01 6.206896551724137900e+00 0.000000000000000000e+00
2.887235613197536854e-01 6.206896551724137900e+00 0.000000000000000000e+00
9.999999999999999547e-08 1.241379310344827580e+01 0.000000000000000000e+00
1.548867200734165734e-07 1.241379310344827580e+01 0.000000000000000000e+00
2.398989605510090242e-07 1.241379310344827580e+01 0.000000000000000000e+00
3.715716314876781855e-07 1.241379310344827580e+01 0.000000000000000000e+00
5.755151127345470891e-07 1.241379310344827580e+01 0.000000000000000000e+00
8.913964816413657190e-07 1.241379310344827580e+01 0.000000000000000000e+00
1.380654773264149257e-06 1.241379310344827580e+01 0.000000000000000000e+00
2.138450893845906815e-06 1.241379310344827580e+01 0.000000000000000000e+00
3.312176449858584610e-06 1.241379310344827580e+01 0.000000000000000000e+00
5.130121466230092225e-06 1.241379310344827580e+01 0.000000000000000000e+00
7.945876874826057222e-06 1.241379310344827580e+01 0.000000000000000000e+00
1.230710807249020246e-05 1.241379310344827580e+01 0.000000000000000000e+00
1.906207602937075158e-05 1.241379310344827580e+01 0.000000000000000000e+00
2.952462433979331885e-05 1.241379310344827580e+01 0.000000000000000000e+00
4.572972225390358467e-05 1.241379310344827580e+01 0.000000000000000000e+00
7.082926689775453032e-05 1.241379310344827580e+01 0.000000000000000000e+00
1.097051283499781685e-04 1.241379310344827580e+01 0.000000000000000000e+00
1.699186750536130469e-04 1.241379310344827580e+01 0.000000000000000000e+00
2.631814625827482291e-04 1.241379310344827580e+01 0.000000000000000000e+00
4.076331352356652414e-04 1.241379310344827580e+01 0.000000000000000000e+00
6.313695930989564548e-04 1.241379310344827580e+01 0.000000000000000000e+00
9.779076542918499482e-04 1.241379310344827580e+01 0.000000000000000000e+00
1.514649091079534830e-03 1.241379310344827580e+01 0.000000000000000000e+00
2.345990297794907711e-03 1.241379310344827580e+01 0.000000000000000000e+00
3.633627425495110450e-03 1.241379310344827580e+01 0.000000000000000000e+00
5.628006339037505169e-03 1.241379310344827580e+01 0.000000000000000000e+00
8.717034424059159556e-03 1.241379310344827580e+01 0.000000000000000000e+00
1.350152870709589968e-02 1.241379310344827580e+01 0.000000000000000000e+00
2.091207497419160510e-02 1.241379310344827580e+01 0.000000000000000000e+00
3.239002702681915286e-02 1.241379310344827580e+01 0.000000000000000000e+00
5.016785049273345815e-02 1.241379310344827580e+01 0.000000000000000000e+00
7.770333815953020529e-02 1.241379310344827580e+01 0.000000000000000000e+00
1.203521518628518361e-01 1.241379310344827580e+01 0.000000000000000000e+00
1.864095005581485331e-01 1.241379310344827580e+01 0.000000000000000000e+00
2.887235613197536854e-01 1.241379310344827580e+01 0.000000000000000000e+00
9.999999999999999547e-08 1.862068965517241281e+01 0.000000000000000000e+00
1.548867200734165734e-07 1.862068965517241281e+01 0.000000000000000000e+00
2.398989605510090242e-07 1.862068965517241281e+01 0.000000000000000000e+00
3.715716314876781855e-07 1.862068965517241281e+01 0.000000000000000000e+00
5.755151127345470891e-07 1.862068965517241281e+01 0.000000000000000000e+00
8.913964816413657190e-07 1.862068965517241281e+01 0.000000000000000000e+00
1.380654773264149257e-06 1.862068965517241281e+01 0.000000000000000000e+00
2.138450893845906815e-06 1.862068965517241281e+01 0.000000000000000000e+00
3.312176449858584610e-06 1.862068965517241281e+01 0.000000000000000000e+00
5.130121466230092225e-06 1.862068965517241281e+01 0.000000000000000000e+00
7.945876874826057222e-06 1.862068965517241281e+01 0.000000000000000000e+00
1.230710807249020246e-05 1.862068965517241281e+01 0.000000000000000000e+00
1.906207602937075158e-05 1.862068965517241281e+01 0.000000000000000000e+00
2.952462433979331885e-05 1.862068965517241281e+01 0.000000000000000000e+00
4.572972225390358467e-05 1.862068965517241281e+01 0.000000000000000000e+00
7.082926689775453032e-05 1.862068965517241281e+01 0.000000000000000000e+00
1.097051283499781685e-04 1.862068965517241281e+01 0.000000000000000000e+00
1.699186750536130469e-04 1.862068965517241281e+01 0.000000000000000000e+00
2.631814625827482291e-04 1.862068965517241281e+01 0.000000000000000000e+00
4.076331352356652414e-04 1.862068965517241281e+01 0.000000000000000000e+00
6.313695930989564548e-04 1.862068965517241281e+01 0.000000000000000000e+00
9.779076542918499482e-04 1.862068965517241281e+01 0.000000000000000000e+00
1.514649091079534830e-03 1.862068965517241281e+01 0.000000000000000000e+00
2.345990297794907711e-03 1.862068965517241281e+01 0.000000000000000000e+00
3.633627425495110450e-03 1.862068965517241281e+01 0.000000000000000000e+00
5.628006339037505169e-03 1.862068965517241281e+01 0.000000000000000000e+00
8.717034424059159556e-03 1.862068965517241281e+01 0.000000000000000000e+00
1.350152870709589968e-02 1.862068965517241281e+01 0.000000000000000000e+00
2.091207497419160510e-02 1.862068965517241281e+01 0.000000000000000000e+00
3.239002702681915286e-02 1.862068965517241281e+01 0.000000000000000000e+00
5.016785049273345815e-02 1.862068965517241281e+01 0.000000000000000000e+00
7.770333815953020529e-02 1.862068965517241281e+01 0.000000000000000000e+00
1.203521518628518361e-01 1.862068965517241281e+01 0.000000000000000000e+00
1.864095005581485331e-01 1.862068965517241281e+01 0.000000000000000000e+00
2.887235613197536854e-01 1.862068965517241281e+01 0.000000000000000000e+00
9.999999999999999547e-08 2.482758620689655160e+01 0.000000000000000000e+00
1.548867200734165734e-07 2.482758620689655160e+01 0.000000000000000000e+00
2.398989605510090242e-07 2.482758620689655160e+01 0.000000000000000000e+00
3.715716314876781855e-07 2.482758620689655160e+01 0.000000000000000000e+00
5.755151127345470891e-07 2.482758620689655160e+01 0.000000000000000000e+00
8.913964816413657190e-07 2.482758620689655160e+01 0.000000000000000000e+00
1.380654773264149257e-06 2.482758620689655160e+01 0.000000000000000000e+00
2.138450893845906815e-06 2.482758620689655160e+01 0.000000000000000000e+00
3.312176449858584610e-06 2.482758620689655160e+01 0.000000000000000000e+00
5.130121466230092225e-06 2.482758620689655160e+01 0.000000000000000000e+00
7.945876874826057222e-06 2.482758620689655160e+01 0.000000000000000000e+00
1.230710807249020246e-05 2.482758620689655160e+01 0.000000000000000000e+00
1.906207602937075158e-05 2.482758620689655160e+01 0.000000000000000000e+00
2.952462433979331885e-05 2.482758620689655160e+01 0.000000000000000000e+00
4.572972225390358467e-05 2.482758620689655160e+01 0.000000000000000000e+00
7.082926689775453032e-05 2.482758620689655160e+01 0.000000000000000000e+00
1.097051283499781685e-04 2.482758620689655160e+01 0.000000000000000000e+00
1.699186750536130469e-04 2.482758620689655160e+01 0.000000000000000000e+00
2.631814625827482291e-04 2.482758620689655160e+01 0.000000000000000000e+00
4.076331352356652414e-04 2.482758620689655160e+01 0.000000000000000000e+00
6.313695930989564548e-04 2.482758620689655160e+01 0.000000000000000000e+00
9.779076542918499482e-04 2.482758620689655160e+01 0.000000000000000000e+00
1.514649091079534830e-03 2.482758620689655160e+01 0.000000000000000000e+00
2.345990297794907711e-03 2.482758620689655160e+01 0.000000000000000000e+00
3.633627425495110450e-03 2.482758620689655160e+01 0.000000000000000000e+00
5.628006339037505169e-03 2.482758620689655160e+01 0.000000000000000000e+00
8.717034424059159556e-03 2.482758620689655160e+01 0.000000000000000000e+00
1.350152870709589968e-02 2.482758620689655160e+01 0.000000000000000000e+00
2.091207497419160510e-02 2.482758620689655160e+01 0.000000000000000000e+00
3.239002702681915286e-02 2.482758620689655160e+01 0.000000000000000000e+00
5.016785049273345815e-02 2.482758620689655160e+01 0.000000000000000000e+00
7.770333815953020529e-02 2.482758620689655160e+01 0.000000000000000000e+00
1.203521518628518361e-01 2.482758620689655160e+01 0.000000000000000000e+00
1.864095005581485331e-01 2.482758620689655160e+01 0.000000000000000000e+00
2.887235613197536854e-01 2.482758620689655160e+01 0.000000000000000000e+00
9.999999999999999547e-08 3.103448275862069039e+01 0.000000000000000000e+00
1.548867200734165734e-07 3.103448275862069039e+01 0.000000000000000000e+00
2.398989605510090242e-07 3.103448275862069039e+01 0.000000000000000000e+00
3.715716314876781855e-07 3.103448275862069039e+01 0.000000000000000000e+00
5.755151127345470891e-07 3.103448275862069039e+01 0.000000000000000000e+00
8.913964816413657190e-07 3.103448275862069039e+01 0.000000000000000000e+00
1.380654773264149257e-06 3.103448275862069039e+01 0.000000000000000000e+00
2.138450893845906815e-06 3.103448275862069039e+01 0.000000000000000000e+00
3.312176449858584610e-06 3.103448275862069039e+01 0.000000000000000000e+00
5.130121466230092225e-06 3.103448275862069039e+01 0.000000000000000000e+00
7.945876874826057222e-06 3.103448275862069039e+01 0.000000000000000000e+00
1.230710807249020246e-05 3.103448275862069039e+01 0.000000000000000000e+00
1.906207602937075158e-05 3.103448275862069039e+01 0.000000000000000000e+00
2.952462433979331885e-05 3.103448275862069039e+01 0.000000000000000000e+00
4.572972225390358467e-05 3.103448275862069039e+01 0.000000000000000000e+00
7.082926689775453032e-05 3.103448275862069039e+01 0.000000000000000000e+00
1.097051283499781685e-04 3.103448275862069039e+01 0.000000000000000000e+00
1.699186750536130469e-04 3.103448275862069039e+01 0.000000000000000000e+00
2.631814625827482291e-04 3.103448275862069039e+01 0.000000000000000000e+00
4.076331352356652414e-04 3.103448275862069039e+01 0.000000000000000000e+00
6.313695930989564548e-04 3.103448275862069039e+01 0.000000000000000000e+00
9.779076542918499482e-04 3.103448275862069039e+01 0.000000000000000000e+00
1.514649091079534830e-03 3.103448275862069039e+01 0.000000000000000000e+00
2.345990297794907711e-03 3.103448275862069039e+01 0.000000000000000000e+00
3.633627425495110450e-03 3.103448275862069039e+01 0.000000000000000000e+00
5.628006339037505169e-03 3.103448275862069039e+01 0.000000000000000000e+00
8.717034424059159556e-03 3.103448275862069039e+01 0.000000000000000000e+00
1.350152870709589968e-02 3.103448275862069039e+01 0.000000000000000000e+00
2.091207497419160510e-02 3.103448275862069039e+01 0.000000000000000000e+00
3.239002702681915286e-02 3.103448275862069039e+01 0.000000000000000000e+00
5.016785049273345815e-02 3.103448275862069039e+01 0.000000000000000000e+00
7.770333815953020529e-02 3.103448275862069039e+01 0.000000000000000000e+00
1.203521518628518361e-01 3.103448275862069039e+01 0.000000000000000000e+00
1.864095005581485331e-01 3.103448275862069039e+01 0.000000000000000000e+00
2.887235613197536854e-01 3.103448275862069039e+01 0.000000000000000000e+00
9.999999999999999547e-08 3.724137931034482563e+01 0.000000000000000000e+00
1.548867200734165734e-07 3.724137931034482563e+01 0.000000000000000000e+00
2.398989605510090242e-07 3.724137931034482563e+01 0.000000000000000000e+00
3.715716314876781855e-07 3.724137931034482563e+01 0.000000000000000000e+00
5.755151127345470891e-07 3.724137931034482563e+01 0.000000000000000000e+00
8.913964816413657190e-07 3.724137931034482563e+01 0.000000000000000000e+00
1.380654773264149257e-06 3.724137931034482563e+01 0.000000000000000000e+00
2.138450893845906815e-06 3.724137931034482563e+01 0.000000000000000000e+00
3.312176449858584610e-06 3.724137931034482563e+01 0.000000000000000000e+00
5.130121466230092225e-06 3.724137931034482563e+01 0.000000000000000000e+00
7.945876874826057222e-06 3.724137931034482563e+01 0.000000000000000000e+00
1.230710807249020246e-05 3.724137931034482563e+01 0.000000000000000000e+00
1.906207602937075158e-05 3.724137931034482563e+01 0.000000000000000000e+00
2.952462433979331885e-05 3.724137931034482563e+01 0.000000000000000000e+00
4.572972225390358467e-05 3.724137931034482563e+01 0.000000000000000000e+00
7.082926689775453032e-05 3.724137931034482563e+01 0.000000000000000000e+00
1.097051283499781685e-04 3.724137931034482563e+01 0.000000000000000000e+00
1.699186750536130469e-04 3.724137931034482563e+01 0.000000000000000000e+00
2.631814625827482291e-04 3.724137931034482563e+01 0.000000000000000000e+00
4.076331352356652414e-04 3.724137931034482563e+01 0.000000000000000000e+00
6.313695930989564548e-04 3.724137931034482563e+01 0.000000000000000000e+00
9.779076542918499482e-04 3.724137931034482563e+01 0.000000000000000000e+00
1.514649091079534830e-03 3.724137931034482563e+01 0.000000000000000000e+00
2.345990297794907711e-03 3.724137931034482563e+01 0.000000000000000000e+00
3.633627425495110450e-03 3.724137931034482563e+01 0.000000000000000000e+00
5.628006339037505169e-03 3.724137931034482563e+01 0.000000000000000000e+00
8.717034424059159556e-03 3.724137931034482563e+01 0.000000000000000000e+00
1.350152870709589968e-02 3.724137931034482563e+01 0.000000000000000000e+00
2.091207497419160510e-02 3.724137931034482563e+01 0.000000000000000000e+00
3.239002702681915286e-02 3.724137931034482563e+01 0.000000000000000000e+00
5.016785049273345815e-02 3.724137931034482563e+01 0.000000000000000000e+00
7.770333815953020529e-02 3.724137931034482563e+01 0.000000000000000000e+00
1.203521518628518361e-01 3.724137931034482563e+01 0.000000000000000000e+00
1.864095005581485331e-01 3.724137931034482563e+01 0.000000000000000000e+00
2.887235613197536854e-01 3.724137931034482563e+01 0.000000000000000000e+00
9.999999999999999547e-08 4.344827586206896797e+01 0.000000000000000000e+00
1.548867200734165734e-07 4.344827586206896797e+01 0.000000000000000000e+00
2.398989605510090242e-07 4.344827586206896797e+01 0.000000000000000000e+00
3.715716314876781855e-07 4.344827586206896797e+01 0.000000000000000000e+00
5.755151127345470891e-07 4.344827586206896797e+01 0.000000000000000000e+00
8.913964816413657190e-07 4.344827586206896797e+01 0.000000000000000000e+00
1.380654773264149257e-06 4.344827586206896797e+01 0.000000000000000000e+00
2.138450893845906815e-06 4.344827586206896797e+01 0.000000000000000000e+00
3.312176449858584610e-06 4.344827586206896797e+01 0.000000000000000000e+00
5.130121466230092225e-06 4.344827586206896797e+01 0.000000000000000000e+00
7.945876874826057222e-06 4.344827586206896797e+01 0.000000000000000000e+00
1.230710807249020246e-05 4.344827586206896797e+01 0.000000000000000000e+00
1.906207602937075158e-05 4.344827586206896797e+01 0.000000000000000000e+00
2.952462433979331885e-05 4.344827586206896797e+01 0.000000000000000000e+00
4.572972225390358467e-05 4.344827586206896797e+01 0.000000000000000000e+00
7.082926689775453032e-05 4.344827586206896797e+01 0.000000000000000000e+00
1.097051283499781685e-04 4.344827586206896797e+01 0.000000000000000000e+00
1.699186750536130469e-04 4.344827586206896797e+01 0.000000000000000000e+00
2.631814625827482291e-04 4.344827586206896797e+01 0.000000000000000000e+00
4.076331352356652414e-04 4.344827586206896797e+01 0.000000000000000000e+00
6.313695930989564548e-04 4.344827586206896797e+01 0.000000000000000000e+00
9.779076542918499482e-04 4.344827586206896797e+01 0.000000000000000000e+00
1.514649091079534830e-03 4.344827586206896797e+01 0.000000000000000000e+00
2.345990297794907711e-03 4.344827586206896797e+01 0.000000000000000000e+00
3.633627425495110450e-03 4.344827586206896797e+01 0.000000000000000000e+00
5.628006339037505169e-03 4.344827586206896797e+01 0.000000000000000000e+00
8.717034424059159556e-03 4.344827586206896797e+01 0.000000000000000000e+00
1.350152870709589968e-02 4.344827586206896797e+01 0.000000000000000000e+00
2.091207497419160510e-02 4.344827586206896797e+01 0.000000000000000000e+00
3.239002702681915286e-02 4.344827586206896797e+01 0.000000000000000000e+00
5.016785049273345815e-02 4.344827586206896797e+01 0.000000000000000000e+00
7.770333815953020529e-02 4.344827586206896797e+01 0.000000000000000000e+00
1.203521518628518361e-01 4.344827586206896797e+01 0.000000000000000000e+00
1.864095005581485331e-01 4.344827586206896797e+01 0.000000000000000000e+00
2.887235613197536854e-01 4.344827586206896797e+01 0.000000000000000000e+00
9.999999999999999547e-08 4.965517241379310320e+01 0.000000000000000000e+00
1.548867200734165734e-07 4.965517241379310320e+01 0.000000000000000000e+00
2.398989605510090242e-07 4.965517241379310320e+01 0.000000000000000000e+00
3.715716314876781855e-07 4.965517241379310320e+01 0.000000000000000000e+00
5.755151127345470891e-07 4.965517241379310320e+01 0.000000000000000000e+00
8.913964816413657190e-07 4.965517241379310320e+01 0.000000000000000000e+00
1.380654773264149257e-06 4.965517241379310320e+01 0.000000000000000000e+00
2.138450893845906815e-06 4.965517241379310320e+01 0.000000000000000000e+00
3.312176449858584610e-06 4.965517241379310320e+01 0.000000000000000000e+00
5.130121466230092225e-06 4.965517241379310320e+01 0.000000000000000000e+00
7.945876874826057222e-06 4.965517241379310320e+01 0.000000000000000000e+00
1.230710807249020246e-05 4.965517241379310320e+01 0.000000000000000000e+00
1.906207602937075158e-05 4.965517241379310320e+01 0.000000000000000000e+00
2.952462433979331885e-05 4.965517241379310320e+01 0.000000000000000000e+00
4.572972225390358467e-05 4.965517241379310320e+01 0.000000000000000000e+00
7.082926689775453032e-05 4.965517241379310320e+01 0.000000000000000000e+00
1.097051283499781685e-04 4.965517241379310320e+01 0.000000000000000000e+00
1.699186750536130469e-04 4.965517241379310320e+01 0.000000000000000000e+00
2.631814625827482291e-04 4.965517241379310320e+01 0.000000000000000000e+00
4.076331352356652414e-04 4.965517241379310320e+01 0.000000000000000000e+00
6.313695930989564548e-04 4.965517241379310320e+01 0.000000000000000000e+00
9.779076542918499482e-04 4.965517241379310320e+01 0.000000000000000000e+00
1.514649091079534830e-03 4.965517241379310320e+01 0.000000000000000000e+00
2.345990297794907711e-03 4.965517241379310320e+01 0.000000000000000000e+00
3.633627425495110450e-03 4.965517241379310320e+01 0.000000000000000000e+00
5.628006339037505169e-03 4.965517241379310320e+01 0.000000000000000000e+00
8.717034424059159556e-03 4.965517241379310320e+01 0.000000000000000000e+00
1.350152870709589968e-02 4.965517241379310320e+01 0.000000000000000000e+00
2.091207497419160510e-02 4.965517241379310320e+01 0.000000000000000000e+00
3.239002702681915286e-02 4.965517241379310320e+01 0.000000000000000000e+00
5.016785049273345815e-02 4.965517241379310320e+01 0.000000000000000000e+00
7.770333815953020529e-02 4.965517241379310320e+01 0.000000000000000000e+00
1.203521518628518361e-01 4.965517241379310320e+01 0.000000000000000000e+00
1.864095005581485331e-01 4.965517241379310320e+01 0.000000000000000000e+00
2.887235613197536854e-01 4.965517241379310320e+01 0.000000000000000000e+00
9.999999999999999547e-08 5.586206896551724554e+01 0.000000000000000000e+00
1.548867200734165734e-07 5.586206896551724554e+01 0.000000000000000000e+00
2.398989605510090242e-07 5.586206896551724554e+01 0.000000000000000000e+00
3.715716314876781855e-07 5.586206896551724554e+01 0.000000000000000000e+00
5.755151127345470891e-07 5.586206896551724554e+01 0.000000000000000000e+00
8.913964816413657190e-07 5.586206896551724554e+01 0.000000000000000000e+00
1.380654773264149257e-06 5.586206896551724554e+01 0.000000000000000000e+00
2.138450893845906815e-06 5.586206896551724554e+01 0.000000000000000000e+00
3.312176449858584610e-06 5.586206896551724554e+01 0.000000000000000000e+00
5.130121466230092225e-06 5.586206896551724554e+01 0.000000000000000000e+00
7.945876874826057222e-06 5.586206896551724554e+01 0.000000000000000000e+00
1.230710807249020246e-05 5.586206896551724554e+01 0.000000000000000000e+00
1.906207602937075158e-05 5.586206896551724554e+01 0.000000000000000000e+00
2.952462433979331885e-05 5.586206896551724554e+01 0.000000000000000000e+00
4.572972225390358467e-05 5.586206896551724554e+01 0.000000000000000000e+00
7.082926689775453032e-05 5.586206896551724554e+01 0.000000000000000000e+00
1.097051283499781685e-04 5.586206896551724554e+01 0.000000000000000000e+00
1.699186750536130469e-04 5.586206896551724554e+01 0.000000000000000000e+00
2.631814625827482291e-04 5.586206896551724554e+01 0.000000000000000000e+00
4.076331352356652414e-04 5.586206896551724554e+01 0.000000000000000000e+00
6.313695930989564548e-04 5.586206896551724554e+01 0.000000000000000000e+00
9.779076542918499482e-04 5.586206896551724554e+01 0.000000000000000000e+00
1.514649091079534830e-03 5.586206896551724554e+01 0.000000000000000000e+00
2.345990297794907711e-03 5.586206896551724554e+01 0.000000000000000000e+00
3.633627425495110450e-03 5.586206896551724554e+01 0.000000000000000000e+00
5.628006339037505169e-03 5.586206896551724554e+01 0.000000000000000000e+00
8.717034424059159556e-03 5.586206896551724554e+01 0.000000000000000000e+00
1.350152870709589968e-02 5.586206896551724554e+01 0.000000000000000000e+00
2.091207497419160510e-02 5.586206896551724554e+01 0.000000000000000000e+00
3.239002702681915286e-02 5.586206896551724554e+01 0.000000000000000000e+00
5.016785049273345815e-02 5.586206896551724554e+01 0.000000000000000000e+00
7.770333815953020529e-02 5.586206896551724554e+01 0.000000000000000000e+00
1.203521518628518361e-01 5.586206896551724554e+01 0.000000000000000000e+00
1.864095005581485331e-01 5.586206896551724554e+01 0.000000000000000000e+00
2.887235613197536854e-01 5.586206896551724554e+01 0.000000000000000000e+00
9.999999999999999547e-08 6.206896551724138078e+01 0.000000000000000000e+00
1.548867200734165734e-07 6.206896551724138078e+01 0.000000000000000000e+00
2.398989605510090242e-07 6.206896551724138078e+01 0.000000000000000000e+00
3.715716314876781855e-07 6.206896551724138078e+01 0.000000000000000000e+00
5.755151127345470891e-07 6.206896551724138078e+01 0.000000000000000000e+00
8.913964816413657190e-07 6.206896551724138078e+01 0.000000000000000000e+00
1.380654773264149257e-06 6.206896551724138078e+01 0.000000000000000000e+00
2.138450893845906815e-06 6.206896551724138078e+01 0.000000000000000000e+00
3.312176449858584610e-06 6.206896551724138078e+01 0.000000000000000000e+00
5.130121466230092225e-06 6.206896551724138078e+01 0.000000000000000000e+00
7.945876874826057222e-06 6.206896551724138078e+01 0.000000000000000000e+00
1.230710807249020246e-05 6.206896551724138078e+01 0.000000000000000000e+00
1.906207602937075158e-05 6.206896551724138078e+01 0.000000000000000000e+00
2.952462433979331885e-05 6.206896551724138078e+01 0.000000000000000000e+00
4.572972225390358467e-05 6.206896551724138078e+01 0.000000000000000000e+00
7.082926689775453032e-05 6.206896551724138078e+01 0.000000000000000000e+00
1.097051283499781685e-04 6.206896551724138078e+01 0.000000000000000000e+00
1.699186750536130469e-04 6.206896551724138078e+01 0.000000000000000000e+00
2.631814625827482291e-04 6.206896551724138078e+01 0.000000000000000000e+00
4.076331352356652414e-04 6.206896551724138078e+01 0.000000000000000000e+00
6.313695930989564548e-04 6.206896551724138078e+01 0.000000000000000000e+00
9.779076542918499482e-04 6.206896551724138078e+01 0.000000000000000000e+00
1.514649091079534830e-03 6.206896551724138078e+01 0.000000000000000000e+00
2.345990297794907711e-03 6.206896551724138078e+01 0.000000000000000000e+00
3.633627425495110450e-03 6.206896551724138078e+01 0.000000000000000000e+00
5.628006339037505169e-03 6.206896551724138078e+01 0.000000000000000000e+00
8.717034424059159556e-03 6.206896551724138078e+01 0.000000000000000000e+00
1.350152870709589968e-02 6.206896551724138078e+01 0.000000000000000000e+00
2.091207497419160510e-02 6.206896551724138078e+01 0.000000000000000000e+00
3.239002702681915286e-02 6.206896551724138078e+01 0.000000000000000000e+00
5.016785049273345815e-02 6.206896551724138078e+01 0.000000000000000000e+00
7.770333815953020529e-02 6.206896551724138078e+01 0.000000000000000000e+00
1.203521518628518361e-01 6.206896551724138078e+01 0.000000000000000000e+00
1.864095005581485331e-01 6.206896551724138078e+01 0.000000000000000000e+00
2.887235613197536854e-01 6.206896551724138078e+01 0.000000000000000000e+00
9.999999999999999547e-08 6.827586206896552312e+01 0.000000000000000000e+00
1.548867200734165734e-07 6.827586206896552312e+01 0.000000000000000000e+00
2.398989605510090242e-07 6.827586206896552312e+01 0.000000000000000000e+00
3.715716314876781855e-07 6.827586206896552312e+01 0.000000000000000000e+00
5.755151127345470891e-07 6.827586206896552312e+01 0.000000000000000000e+00
8.913964816413657190e-07 6.827586206896552312e+01 0.000000000000000000e+00
1.380654773264149257e-06 6.827586206896552312e+01 0.000000000000000000e+00
2.138450893845906815e-06 6.827586206896552312e+01 0.000000000000000000e+00
3.312176449858584610e-06 6.827586206896552312e+01 0.000000000000000000e+00
5.130121466230092225e-06 6.827586206896552312e+01 0.000000000000000000e+00
7.945876874826057222e-06 6.827586206896552312e+01 0.000000000000000000e+00
1.230710807249020246e-05 6.827586206896552312e+01 0.000000000000000000e+00
1.906207602937075158e-05 6.827586206896552312e+01 0.000000000000000000e+00
2.952462433979331885e-05 6.827586206896552312e+01 0.000000000000000000e+00
4.572972225390358467e-05 6.827586206896552312e+01 0.000000000000000000e+00
7.082926689775453032e-05 6.827586206896552312e+01 0.000000000000000000e+00
1.097051283499781685e-04 6.827586206896552312e+01 0.000000000000000000e+00
1.699186750536130469e-04 6.827586206896552312e+01 0.000000000000000000e+00
2.631814625827482291e-04 6.827586206896552312e+01 0.000000000000000000e+00
4.076331352356652414e-04 6.827586206896552312e+01 0.000000000000000000e+00
6.313695930989564548e-04 6.827586206896552312e+01 0.000000000000000000e+00
9.779076542918499482e-04 6.827586206896552312e+01 0.000000000000000000e+00
1.514649091079534830e-03 6.827586206896552312e+01 0.000000000000000000e+00
2.345990297794907711e-03 6.827586206896552312e+01 0.000000000000000000e+00
3.633627425495110450e-03 6.827586206896552312e+01 0.000000000000000000e+00
5.628006339037505169e-03 6.827586206896552312e+01 0.000000000000000000e+00
8.717034424059159556e-03 6.827586206896552312e+01 0.000000000000000000e+00
1.350152870709589968e-02 6.827586206896552312e+01 0.000000000000000000e+00
2.091207497419160510e-02 6.827586206896552312e+01 0.000000000000000000e+00
3.239002702681915286e-02 6.827586206896552312e+01 0.000000000000000000e+00
5.016785049273345815e-02 6.827586206896552312e+01 0.000000000000000000e+00
7.770333815953020529e-02 6.827586206896552312e+01 0.000000000000000000e+00
1.203521518628518361e-01 6.827586206896552312e+01 0.000000000000000000e+00
1.864095005581485331e-01 6.827586206896552312e+01 0.000000000000000000e+00
2.887235613197536854e-01 6.827586206896552312e+01 0.000000000000000000e+00
9.999999999999999547e-08 7.448275862068965125e+01 0.000000000000000000e+00
1.548867200734165734e-07 7.448275862068965125e+01 0.000000000000000000e+00
2.398989605510090242e-07 7.448275862068965125e+01 0.000000000000000000e+00
3.715716314876781855e-07 7.448275862068965125e+01 0.000000000000000000e+00
5.755151127345470891e-07 7.448275862068965125e+01 0.000000000000000000e+00
8.913964816413657190e-07 7.448275862068965125e+01 0.000000000000000000e+00
1.380654773264149257e-06 7.448275862068965125e+01 0.000000000000000000e+00
2.138450893845906815e-06 7.448275862068965125e+01 0.000000000000000000e+00
3.312176449858584610e-06 7.448275862068965125e+01 0.000000000000000000e+00
5.130121466230092225e-06 7.448275862068965125e+01 0.000000000000000000e+00
7.945876874826057222e-06 7.448275862068965125e+01 0.000000000000000000e+00
1.230710807249020246e-05 7.448275862068965125e+01 0.000000000000000000e+00
1.906207602937075158e-05 7.448275862068965125e+01 0.000000000000000000e+00
2.952462433979331885e-05 7.448275862068965125e+01 0.000000000000000000e+00
4.572972225390358467e-05 7.448275862068965125e+01 0.000000000000000000e+00
7.082926689775453032e-05 7.448275862068965125e+01 0.000000000000000000e+00
1.097051283499781685e-04 7.448275862068965125e+01 0.000000000000000000e+00
1.699186750536130469e-04 7.448275862068965125e+01 0.000000000000000000e+00
2.631814625827482291e-04 7.448275862068965125e+01 0.000000000000000000e+00
4.076331352356652414e-04 7.448275862068965125e+01 0.000000000000000000e+00
6.313695930989564548e-04 7.448275862068965125e+01 0.000000000000000000e+00
9.779076542918499482e-04 7.448275862068965125e+01 0.000000000000000000e+00
1.514649091079534830e-03 7.448275862068965125e+01 0.000000000000000000e+00
2.345990297794907711e-03 7.448275862068965125e+01 0.000000000000000000e+00
3.633627425495110450e-03 7.448275862068965125e+01 0.000000000000000000e+00
5.628006339037505169e-03 7.448275862068965125e+01 0.000000000000000000e+00
8.717034424059159556e-03 7.448275862068965125e+01 0.000000000000000000e+00
1.350152870709589968e-02 7.448275862068965125e+01 0.000000000000000000e+00
2.091207497419160510e-02 7.448275862068965125e+01 0.000000000000000000e+00
3.239002702681915286e-02 7.448275862068965125e+01 0.000000000000000000e+00
5.016785049273345815e-02 7.448275862068965125e+01 0.000000000000000000e+00
7.770333815953020529e-02 7.448275862068965125e+01 0.000000000000000000e+00
1.203521518628518361e-01 7.448275862068965125e+01 0.000000000000000000e+00
1.864095005581485331e-01 7.448275862068965125e+01 0.000000000000000000e+00
2.887235613197536854e-01 7.448275862068965125e+01 0.000000000000000000e+00
9.999999999999999547e-08 8.068965517241380780e+01 0.000000000000000000e+00
1.548867200734165734e-07 8.068965517241380780e+01 0.000000000000000000e+00
2.398989605510090242e-07 8.068965517241380780e+01 0.000000000000000000e+00
3.715716314876781855e-07 8.068965517241380780e+01 0.000000000000000000e+00
5.755151127345470891e-07 8.068965517241380780e+01 0.000000000000000000e+00
8.913964816413657190e-07 8.068965517241380780e+01 0.000000000000000000e+00
1.380654773264149257e-06 8.068965517241380780e+01 0.000000000000000000e+00
2.138450893845906815e-06 8.068965517241380780e+01 0.000000000000000000e+00
3.312176449858584610e-06 8.068965517241380780e+01 0.000000000000000000e+00
5.130121466230092225e-06 8.068965517241380780e+01 0.000000000000000000e+00
7.945876874826057222e-06 8.068965517241380780e+01 0.000000000000000000e+00
1.230710807249020246e-05 8.068965517241380780e+01 0.000000000000000000e+00
1.906207602937075158e-05 8.068965517241380780e+01 0.000000000000000000e+00
2.952462433979331885e-05 8.068965517241380780e+01 0.000000000000000000e+00
4.572972225390358467e-05 8.068965517241380780e+01 0.000000000000000000e+00
7.082926689775453032e-05 8.068965517241380780e+01 0.000000000000000000e+00
1.097051283499781685e-04 8.068965517241380780e+01 0.000000000000000000e+00
1.699186750536130469e-04 8.068965517241380780e+01 0.000000000000000000e+00
2.631814625827482291e-04 8.068965517241380780e+01 0.000000000000000000e+00
4.076331352356652414e-04 8.068965517241380780e+01 0.000000000000000000e+00
6.313695930989564548e-04 8.068965517241380780e+01 0.000000000000000000e+00
9.779076542918499482e-04 8.068965517241380780e+01 0.000000000000000000e+00
1.514649091079534830e-03 8.068965517241380780e+01 0.000000000000000000e+00
2.345990297794907711e-03 8.068965517241380780e+01 0.000000000000000000e+00
3.633627425495110450e-03 8.068965517241380780e+01 0.000000000000000000e+00
5.628006339037505169e-03 8.068965517241380780e+01 0.000000000000000000e+00
8.717034424059159556e-03 8.068965517241380780e+01 0.000000000000000000e+00
1.350152870709589968e-02 8.068965517241380780e+01 0.000000000000000000e+00
2.091207497419160510e-02 8.068965517241380780e+01 0.000000000000000000e+00
3.239002702681915286e-02 8.068965517241380780e+01 0.000000000000000000e+00
5.016785049273345815e-02 8.068965517241380780e+01 0.000000000000000000e+00
7.770333815953020529e-02 8.068965517241380780e+01 0.000000000000000000e+00
1.203521518628518361e-01 8.068965517241380780e+01 0.000000000000000000e+00
1.864095005581485331e-01 8.068965517241380780e+01 2.221679348506167510e-34
2.887235613197536854e-01 8.068965517241380780e+01 0.000000000000000000e+00
9.999999999999999547e-08 8.689655172413793593e+01 0.000000000000000000e+00
1.548867200734165734e-07 8.689655172413793593e+01 0.000000000000000000e+00
2.398989605510090242e-07 8.689655172413793593e+01 0.000000000000000000e+00
3.715716314876781855e-07 8.689655172413793593e+01 0.000000000000000000e+00
5.755151127345470891e-07 8.689655172413793593e+01 0.000000000000000000e+00
8.913964816413657190e-07 8.689655172413793593e+01 0.000000000000000000e+00
1.380654773264149257e-06 8.689655172413793593e+01 0.000000000000000000e+00
2.138450893845906815e-06 8.689655172413793593e+01 0.000000000000000000e+00
3.312176449858584610e-06 8.689655172413793593e+01 0.000000000000000000e+00
5.130121466230092225e-06 8.689655172413793593e+01 0.000000000000000000e+00
7.945876874826057222e-06 8.689655172413793593e+01 0.000000000000000000e+00
1.230710807249020246e-05 8.689655172413793593e+01 0.000000000000000000e+00
1.906207602937075158e-05 8.689655172413793593e+01 0.000000000000000000e+00
2.952462433979331885e-05 8.689655172413793593e+01 0.000000000000000000e+00
4.572972225390358467e-05 8.689655172413793593e+01 0.000000000000000000e+00
7.082926689775453032e-05 8.689655172413793593e+01 0.000000000000000000e+00
1.097051283499781685e-04 8.689655172413793593e+01 0.000000000000000000e+00
1.699186750536130469e-04 8.689655172413793593e+01 0.000000000000000000e+00
2.631814625827482291e-04 8.689655172413793593e+01 0.000000000000000000e+00
4.076331352356652414e-04 8.689655172413793593e+01 0.000000000000000000e+00
6.313695930989564548e-04 8.689655172413793593e+01 0.000000000000000000e+00
9.779076542918499482e-04 8.689655172413793593e+01 0.000000000000000000e+00
1.514649091079534830e-03 8.689655172413793593e+01 0.000000000000000000e+00
2.345990297794907711e-03 8.689655172413793593e+01 0.000000000000000000e+00
3.633627425495110450e-03 8.689655172413793593e+01 0.000000000000000000e+00
5.628006339037505169e-03 8.689655172413793593e+01 0.000000000000000000e+00
8.717034424059159556e-03 8.689655172413793593e+01 0.000000000000000000e+00
1.350152870709589968e-02 8.689655172413793593e+01 0.000000000000000000e+00
2.091207497419160510e-02 8.689655172413793593e+01 0.000000000000000000e+00
3.239002702681915286e-02 8.689655172413793593e+01 0.000000000000000000e+00
5.016785049273345815e-02 8.689655172413793593e+01 0.000000000000000000e+00
7.770333815953020529e-02 8.689655172413793593e+01 0.000000000000000000e+00
1.203521518628518361e-01 8.689655172413793593e+01 3.458562002662656265e-35
1.864095005581485331e-01 8.689655172413793593e+01 2.019788179863586305e-34
2.887235613197536854e-01 8.689655172413793593e+01 0.000000000000000000e+00
9.999999999999999547e-08 9.310344827586206407e+01 0.000000000000000000e+00
1.548867200734165734e-07 9.310344827586206407e+01 0.000000000000000000e+00
2.398989605510090242e-07 9.310344827586206407e+01 0.000000000000000000e+00
3.715716314876781855e-07 9.310344827586206407e+01 0.000000000000000000e+00
5.755151127345470891e-07 9.310344827586206407e+01 0.000000000000000000e+00
8.913964816413657190e-07 9.310344827586206407e+01 0.000000000000000000e+00
1.380654773264149257e-06 9.310344827586206407e+01 0.000000000000000000e+00
2.138450893845906815e-06 9.310344827586206407e+01 0.000000000000000000e+00
3.312176449858584610e-06 9.310344827586206407e+01 0.000000000000000000e+00
5.130121466230092225e-06 9.310344827586206407e+01 0.000000000000000000e+00
7.945876874826057222e-06 9.310344827586206407e+01 0.000000000000000000e+00
1.230710807249020246e-05 9.310344827586206407e+01 0.000000000000000000e+00
1.906207602937075158e-05 9.310344827586206407e+01 0.000000000000000000e+00
2.952462433979331885e-05 9.310344827586206407e+01 0.000000000000000000e+00
4.572972225390358467e-05 9.310344827586206407e+01 0.000000000000000000e+00
7.082926689775453032e-05 9.310344827586206407e+01 0.000000000000000000e+00
1.097051283499781685e-04 9.310344827586206407e+01 0.000000000000000000e+00
1.699186750536130469e-04 9.310344827586206407e+01 0.000000000000000000e+00
2.631814625827482291e-04 9.310344827586206407e+01 0.000000000000000000e+00
4.076331352356652414e-04 9.310344827586206407e+01 0.000000000000000000e+00
6.313695930989564548e-04 9.310344827586206407e+01 0.000000000000000000e+00
9.779076542918499482e-04 9.310344827586206407e+01 0.000000000000000000e+00
1.514649091079534830e-03 9.310344827586206407e+01 0.000000000000000000e+00
2.345990297794907711e-03 9.310344827586206407e+01 0.000000000000000000e+00
3.633627425495110450e-03 9.310344827586206407e+01 0.000000000000000000e+00
5.628006339037505169e-03 9.310344827586206407e+01 0.000000000000000000e+00
8.717034424059159556e-03 9.310344827586206407e+01 0.000000000000000000e+00
1.350152870709589968e-02 9.310344827586206407e+01 0.000000000000000000e+00
2.091207497419160510e-02 9.310344827586206407e+01 0.000000000000000000e+00
3.239002702681915286e-02 9.310344827586206407e+01 0.000000000000000000e+00
5.016785049273345815e-02 9.310344827586206407e+01 0.000000000000000000e+00
7.770333815953020529e-02 9.310344827586206407e+01 5.640530141846282094e-36
1.203521518628518361e-01 9.310344827586206407e+01 4.331062147447860990e-35
1.864095005581485331e-01 9.310344827586206407e+01 1.789585930793568395e-34
2.887235613197536854e-01 9.310344827586206407e+01 0.000000000000000000e+00
9.999999999999999547e-08 9.931034482758620641e+01 0.000000000000000000e+00
1.548867200734165734e-07 9.931034482758620641e+01 0.000000000000000000e+00
2.398989605510090242e-07 9.931034482758620641e+01 0.000000000000000000e+00
3.715716314876781855e-07 9.931034482758620641e+01 0.000000000000000000e+00
5.755151127345470891e-07 9.931034482758620641e+01 0.000000000000000000e+00
8.913964816413657190e-07 9.931034482758620641e+01 0.000000000000000000e+00
1.380654773264149257e-06 9.931034482758620641e+01 0.000000000000000000e+00
2.138450893845906815e-06 9.931034482758620641e+01 0.000000000000000000e+00
3.312176449858584610e-06 9.931034482758620641e+01 0.000000000000000000e+00
5.130121466230092225e-06 9.931034482758620641e+01 0.000000000000000000e+00
7.945876874826057222e-06 9.931034482758620641e+01 0.000000000000000000e+00
1.230710807249020246e-05 9.931034482758620641e+01 0.000000000000000000e+00
1.906207602937075158e-05 9.931034482758620641e+01 0.000000000000000000e+00
2.952462433979331885e-05 9.931034482758620641e+01 0.000000000000000000e+00
4.572972225390358467e-05 9.931034482758620641e+01 0.000000000000000000e+00
7.082926689775453032e-05 9.931034482758620641e+01 0.000000000000000000e+00
1.097051283499781685e-04 9.931034482758620641e+01 0.000000000000000000e+00
1.699186750536130469e-04 9.931034482758620641e+01 0.000000000000000000e+00
2.631814625827482291e-04 9.931034482758620641e+01 0.000000000000000000e+00
4.076331352356652414e-04 9.931034482758620641e+01 0.000000000000000000e+00
6.313695930989564548e-04 9.931034482758620641e+01 0.000000000000000000e+00
9.779076542918499482e-04 9.931034482758620641e+01 0.000000000000000000e+00
1.514649091079534830e-03 9.931034482758620641e+01 0.000000000000000000e+00
2.345990297794907711e-03 9.931034482758620641e+01 0.000000000000000000e+00
3.633627425495110450e-03 9.931034482758620641e+01 0.000000000000000000e+00
5.628006339037505169e-03 9.931034482758620641e+01 0.000000000000000000e+00
8.717034424059159556e-03 9.931034482758620641e+01 0.000000000000000000e+00
1.350152870709589968e-02 9.931034482758620641e+01 0.000000000000000000e+00
2.091207497419160510e-02 9.931034482758620641e+01 0.000000000000000000e+00
3.239002702681915286e-02 9.931034482758620641e+01 0.000000000000000000e+00
5.016785049273345815e-02 9.931034482758620641e+01 2.958776168799406287e-36
7.770333815953020529e-02 9.931034482758620641e+01 6.079288757871605952e-36
1.203521518628518361e-01 9.931034482758620641e+01 5.116175507902832215e-35
1.864095005581485331e-01 9.931034482758620641e+01 1.559273048429963543e-34
2.887235613197536854e-01 9.931034482758620641e+01 0.000000000000000000e+00
9.999999999999999547e-08 1.055172413793103630e+02 0.000000000000000000e+00
1.548867200734165734e-07 1.055172413793103630e+02 0.000000000000000000e+00
2.398989605510090242e-07 1.055172413793103630e+02 0.000000000000000000e+00
3.715716314876781855e-07 1.055172413793103630e+02 0.000000000000000000e+00
5.755151127345470891e-07 1.055172413793103630e+02 0.000000000000000000e+00
8.913964816413657190e-07 1.055172413793103630e+02 0.000000000000000000e+00
1.380654773264149257e-06 1.055172413793103630e+02 0.000000000000000000e+00
2.138450893845906815e-06 1.055172413793103630e+02 0.000000000000000000e+00
3.312176449858584610e-06 1.055172413793103630e+02 0.000000000000000000e+00
5.130121466230092225e-06 1.055172413793103630e+02 0.000000000000000000e+00
7.945876874826057222e-06 1.055172413793103630e+02 0.000000000000000000e+00
1.230710807249020246e-05 1.055172413793103630e+02 0.000000000000000000e+00
1.906207602937075158e-05 1.055172413793103630e+02 0.000000000000000000e+00
2.952462433979331885e-05 1.055172413793103630e+02 0.000000000000000000e+00
4.572972225390358467e-05 1.055172413793103630e+02 0.000000000000000000e+00
7.082926689775453032e-05 1.055172413793103630e+02 0.000000000000000000e+00
1.097051283499781685e-04 1.055172413793103630e+02 0.000000000000000000e+00
1.699186750536130469e-04 1.055172413793103630e+02 0.000000000000000000e+00
2.631814625827482291e-04 1.055172413793103630e+02 0.000000000000000000e+00
4.076331352356652414e-04 1.055172413793103630e+02 0.000000000000000000e+00
6.313695930989564548e-04 1.055172413793103630e+02 0.000000000000000000e+00
9.779076542918499482e-04 1.055172413793103630e+02 0.000000000000000000e+00
1.514649091079534830e-03 1.055172413793103630e+02 0.000000000000000000e+00
2.345990297794907711e-03 1.055172413793103630e+02 0.000000000000000000e+00
3.633627425495110450e-03 1.055172413793103630e+02 0.000000000000000000e+00
5.628006339037505169e-03 1.055172413793103630e+02 0.000000000000000000e+00
8.717034424059159556e-03 1.055172413793103630e+02 0.000000000000000000e+00
1.350152870709589968e-02 1.055172413793103630e+02 0.000000000000000000e+00
2.091207497419160510e-02 1.055172413793103630e+02 0.000000000000000000e+00
3.239002702681915286e-02 1.055172413793103630e+02 1.852249614160525440e-36
5.016785049273345815e-02 1.055172413793103630e+02 2.931772831080289057e-36
7.770333815953020529e-02 1.055172413793103630e+02 6.574526161153709375e-36
1.203521518628518361e-01 1.055172413793103630e+02 5.769715764521593530e-35
1.864095005581485331e-01 1.055172413793103630e+02 1.335506341397955182e-34
2.887235613197536854e-01 1.055172413793103630e+02 0.000000000000000000e+00
9.999999999999999547e-08 1.117241379310344911e+02 0.000000000000000000e+00
1.548867200734165734e-07 1.117241379310344911e+02 0.000000000000000000e+00
2.398989605510090242e-07 1.117241379310344911e+02 0.000000000000000000e+00
3.715716314876781855e-07 1.117241379310344911e+02 0.000000000000000000e+00
5.755151127345470891e-07 1.117241379310344911e+02 0.000000000000000000e+00
8.913964816413657190e-07 1.117241379310344911e+02 0.000000000000000000e+00
1.380654773264149257e-06 1.117241379310344911e+02 0.000000000000000000e+00
2.138450893845906815e-06 1.117241379310344911e+02 0.000000000000000000e+00
3.312176449858584610e-06 1.117241379310344911e+02 0.000000000000000000e+00
5.130121466230092225e-06 1.117241379310344911e+02 0.000000000000000000e+00
7.945876874826057222e-06 1.117241379310344911e+02 0.000000000000000000e+00
1.230710807249020246e-05 1.117241379310344911e+02 0.000000000000000000e+00
1.906207602937075158e-05 1.117241379310344911e+02 0.000000000000000000e+00
2.952462433979331885e-05 1.117241379310344911e+02 0.000000000000000000e+00
4.572972225390358467e-05 1.117241379310344911e+02 0.000000000000000000e+00
7.082926689775453032e-05 1.117241379310344911e+02 0.000000000000000000e+00
1.097051283499781685e-04 1.117241379310344911e+02 0.000000000000000000e+00
1.699186750536130469e-04 1.117241379310344911e+02 0.000000000000000000e+00
2.631814625827482291e-04 1.117241379310344911e+02 0.000000000000000000e+00
4.076331352356652414e-04 1.117241379310344911e+02 0.000000000000000000e+00
6.313695930989564548e-04 1.117241379310344911e+02 0.000000000000000000e+00
9.779076542918499482e-04 1.117241379310344911e+02 0.000000000000000000e+00
1.514649091079534830e-03 1.117241379310344911e+02 0.000000000000000000e+00
2.345990297794907711e-03 1.117241379310344911e+02 0.000000000000000000e+00
3.633627425495110450e-03 1.117241379310344911e+02 0.000000000000000000e+00
5.628006339037505169e-03 1.117241379310344911e+02 0.000000000000000000e+00
8.717034424059159556e-03 1.117241379310344911e+02 0.000000000000000000e+00
1.350152870709589968e-02 1.117241379310344911e+02 0.000000000000000000e+00
2.091207497419160510e-02 1.117241379310344911e+02 0.000000000000000000e+00
3.239002702681915286e-02 1.117241379310344911e+02 1.812691532701860991e-36
5.016785049273345815e-02 1.117241379310344911e+02 2.857120468205647280e-36
7.770333815953020529e-02 1.117241379310344911e+02 7.081849424952125915e-36
1.203521518628518361e-01 1.117241379310344911e+02 6.208269527563862341e-35
1.864095005581485331e-01 1.117241379310344911e+02 1.119895977474090123e-34
2.887235613197536854e-01 1.117241379310344911e+02 0.000000000000000000e+00
9.999999999999999547e-08 1.179310344827586192e+02 0.000000000000000000e+00
1.548867200734165734e-07 1.179310344827586192e+02 0.000000000000000000e+00
2.398989605510090242e-07 1.179310344827586192e+02 0.000000000000000000e+00
3.715716314876781855e-07 1.179310344827586192e+02 0.000000000000000000e+00
5.755151127345470891e-07 1.179310344827586192e+02 0.000000000000000000e+00
8.913964816413657190e-07 1.179310344827586192e+02 0.000000000000000000e+00
1.380654773264149257e-06 1.179310344827586192e+02 0.000000000000000000e+00
2.138450893845906815e-06 1.179310344827586192e+02 0.000000000000000000e+00
3.312176449858584610e-06 1.179310344827586192e+02 0.000000000000000000e+00
5.130121466230092225e-06 1.179310344827586192e+02 0.000000000000000000e+00
7.945876874826057222e-06 1.179310344827586192e+02 0.000000000000000000e+00
1.230710807249020246e-05 1.179310344827586192e+02 0.000000000000000000e+00
1.906207602937075158e-05 1.179310344827586192e+02 0.000000000000000000e+00
2.952462433979331885e-05 1.179310344827586192e+02 0.000000000000000000e+00
4.572972225390358467e-05 1.179310344827586192e+02 0.000000000000000000e+00
7.082926689775453032e-05 1.179310344827586192e+02 0.000000000000000000e+00
1.097051283499781685e-04 1.179310344827586192e+02 0.000000000000000000e+00
1.699186750536130469e-04 1.179310344827586192e+02 0.000000000000000000e+00
2.631814625827482291e-04 1.179310344827586192e+02 0.000000000000000000e+00
4.076331352356652414e-04 1.179310344827586192e+02 0.000000000000000000e+00
6.313695930989564548e-04 1.179310344827586192e+02 0.000000000000000000e+00
9.779076542918499482e-04 1.179310344827586192e+02 0.000000000000000000e+00
1.514649091079534830e-03 1.179310344827586192e+02 0.000000000000000000e+00
2.345990297794907711e-03 1.179310344827586192e+02 0.000000000000000000e+00
3.633627425495110450e-03 1.179310344827586192e+02 0.000000000000000000e+00
5.628006339037505169e-03 1.179310344827586192e+02 0.000000000000000000e+00
8.717034424059159556e-03 1.179310344827586192e+02 0.000000000000000000e+00
1.350152870709589968e-02 1.179310344827586192e+02 0.000000000000000000e+00
2.091207497419160510e-02 1.179310344827586192e+02 1.173548620639726085e-36
3.239002702681915286e-02 1.179310344827586192e+02 1.741329116766024624e-36
5.016785049273345815e-02 1.179310344827586192e+02 2.741642648548538915e-36
7.770333815953020529e-02 1.179310344827586192e+02 7.564329269797006603e-36
1.203521518628518361e-01 1.179310344827586192e+02 6.364806450242630722e-35
1.864095005581485331e-01 1.179310344827586192e+02 9.234830216629804556e-35
2.887235613197536854e-01 1.179310344827586192e+02 0.000000000000000000e+00
9.999999999999999547e-08 1.241379310344827616e+02 0.000000000000000000e+00
1.548867200734165734e-07 1.241379310344827616e+02 0.000000000000000000e+00
2.398989605510090242e-07 1.241379310344827616e+02 0.000000000000000000e+00
3.715716314876781855e-07 1.241379310344827616e+02 0.000000000000000000e+00
5.755151127345470891e-07 1.241379310344827616e+02 0.000000000000000000e+00
8.913964816413657190e-07 1.241379310344827616e+02 0.000000000000000000e+00
1.380654773264149257e-06 1.241379310344827616e+02 0.000000000000000000e+00
2.138450893845906815e-06 1.241379310344827616e+02 0.000000000000000000e+00
3.312176449858584610e-06 1.241379310344827616e+02 0.000000000000000000e+00
5.130121466230092225e-06 1.241379310344827616e+02 0.000000000000000000e+00
7.945876874826057222e-06 1.241379310344827616e+02 0.000000000000000000e+00
1.230710807249020246e-05 1.241379310344827616e+02 0.000000000000000000e+00
1.906207602937075158e-05 1.241379310344827616e+02 0.000000000000000000e+00
2.952462433979331885e-05 1.241379310344827616e+02 0.000000000000000000e+00
4.572972225390358467e-05 1.241379310344827616e+02 0.000000000000000000e+00
7.082926689775453032e-05 1.241379310344827616e+02 0.000000000000000000e+00
1.097051283499781685e-04 1.241379310344827616e+02 0.000000000000000000e+00
1.699186750536130469e-04 1.241379310344827616e+02 0.000000000000000000e+00
2.631814625827482291e-04 1.241379310344827616e+02 0.000000000000000000e+00
4.076331352356652414e-04 1.241379310344827616e+02 0.000000000000000000e+00
6.313695930989564548e-04 1.241379310344827616e+02 0.000000000000000000e+00
9.779076542918499482e-04 1.241379310344827616e+02 0.000000000000000000e+00
1.514649091079534830e-03 1.241379310344827616e+02 0.000000000000000000e+00
2.345990297794907711e-03 1.241379310344827616e+02 0.000000000000000000e+00
3.633627425495110450e-03 1.241379310344827616e+02 0.000000000000000000e+00
5.628006339037505169e-03 1.241379310344827616e+02 0.000000000000000000e+00
8.717034424059159556e-03 1.241379310344827616e+02 0.000000000000000000e+00
1.350152870709589968e-02 1.241379310344827616e+02 7.761018791575436323e-37
2.091207497419160510e-02 1.241379310344827616e+02 1.112720888332542475e-36
3.239002702681915286e-02 1.241379310344827616e+02 1.646685119882986177e-36
5.016785049273345815e-02 1.241379310344827616e+02 2.593569748747787241e-36
7.770333815953020529e-02 1.241379310344827616e+02 7.975565320549453419e-36
1.203521518628518361e-01 1.241379310344827616e+02 6.265619577342946733e-35
1.864095005581485331e-01 1.241379310344827616e+02 7.518830087188973711e-35
2.887235613197536854e-01 1.241379310344827616e+02 0.000000000000000000e+00
9.999999999999999547e-08 1.303448275862068897e+02 0.000000000000000000e+00
1.548867200734165734e-07 1.303448275862068897e+02 0.000000000000000000e+00
2.398989605510090242e-07 1.303448275862068897e+02 0.000000000000000000e+00
3.715716314876781855e-07 1.303448275862068897e+02 0.000000000000000000e+00
5.755151127345470891e-07 1.303448275862068897e+02 0.000000000000000000e+00
8.913964816413657190e-07 1.303448275862068897e+02 0.000000000000000000e+00
1.380654773264149257e-06 1.303448275862068897e+02 0.000000000000000000e+00
2.138450893845906815e-06 1.303448275862068897e+02 0.000000000000000000e+00
3.312176449858584610e-06 1.303448275862068897e+02 0.000000000000000000e+00
5.130121466230092225e-06 1.303448275862068897e+02 0.000000000000000000e+00
7.945876874826057222e-06 1.303448275862068897e+02 0.000000000000000000e+00
1.230710807249020246e-05 1.303448275862068897e+02 0.000000000000000000e+00
1.906207602937075158e-05 1.303448275862068897e+02 0.000000000000000000e+00
2.952462433979331885e-05 1.303448275862068897e+02 0.000000000000000000e+00
4.572972225390358467e-05 1.303448275862068897e+02 0.000000000000000000e+00
7.082926689775453032e-05 1.303448275862068897e+02 0.000000000000000000e+00
1.097051283499781685e-04 1.303448275862068897e+02 0.000000000000000000e+00
1.699186750536130469e-04 1.303448275862068897e+02 0.000000000000000000e+00
2.631814625827482291e-04 1.303448275862068897e+02 0.000000000000000000e+00
4.076331352356652414e-04 1.303448275862068897e+02 0.000000000000000000e+00
6.313695930989564548e-04 1.303448275862068897e+02 0.000000000000000000e+00
9.779076542918499482e-04 1.303448275862068897e+02 0.000000000000000000e+00
1.514649091079534830e-03 1.303448275862068897e+02 0.000000000000000000e+00
2.345990297794907711e-03 1.303448275862068897e+02 0.000000000000000000e+00
3.633627425495110450e-03 1.303448275862068897e+02 0.000000000000000000e+00
5.628006339037505169e-03 1.303448275862068897e+02 0.000000000000000000e+00
8.717034424059159556e-03 1.303448275862068897e+02 0.000000000000000000e+00
1.350152870709589968e-02 1.303448275862068897e+02 7.231208863237796524e-37
2.091207497419160510e-02 1.303448275862068897e+02 1.035710187133219956e-36
3.239002702681915286e-02 1.303448275862068897e+02 1.526308267809127685e-36
5.016785049273345815e-02 1.303448275862068897e+02 2.415189509903172260e-36
7.770333815953020529e-02 1.303448275862068897e+02 8.178277455612015314e-36
1.203521518628518361e-01 1.303448275862068897e+02 5.971894176936136560e-35
1.864095005581485331e-01 1.303448275862068897e+02 6.070705286962074426e-35
2.887235613197536854e-01 1.303448275862068897e+02 0.000000000000000000e+00
9.999999999999999547e-08 1.365517241379310462e+02 0.000000000000000000e+00
1.548867200734165734e-07 1.365517241379310462e+02 0.000000000000000000e+00
2.398989605510090242e-07 1.365517241379310462e+02 0.000000000000000000e+00
3.715716314876781855e-07 1.365517241379310462e+02 0.000000000000000000e+00
5.755151127345470891e-07 1.365517241379310462e+02 0.000000000000000000e+00
8.913964816413657190e-07 1.365517241379310462e+02 0.000000000000000000e+00
1.380654773264149257e-06 1.365517241379310462e+02 0.000000000000000000e+00
2.138450893845906815e-06 1.365517241379310462e+02 0.000000000000000000e+00
3.312176449858584610e-06 1.365517241379310462e+02 0.000000000000000000e+00
5.130121466230092225e-06 1.365517241379310462e+02 0.000000000000000000e+00
7.945876874826057222e-06 1.365517241379310462e+02 0.000000000000000000e+00
1.230710807249020246e-05 1.365517241379310462e+02 0.000000000000000000e+00
1.906207602937075158e-05 1.365517241379310462e+02 0.000000000000000000e+00
2.952462433979331885e-05 1.365517241379310462e+02 0.000000000000000000e+00
4.572972225390358467e-05 1.365517241379310462e+02 0.000000000000000000e+00
7.082926689775453032e-05 1.365517241379310462e+02 0.000000000000000000e+00
1.097051283499781685e-04 1.365517241379310462e+02 0.000000000000000000e+00
1.699186750536130469e-04 1.365517241379310462e+02 0.000000000000000000e+00
2.631814625827482291e-04 1.365517241379310462e+02 0.000000000000000000e+00
4.076331352356652414e-04 1.365517241379310462e+02 0.000000000000000000e+00
6.313695930989564548e-04 1.365517241379310462e+02 0.000000000000000000e+00
9.779076542918499482e-04 1.365517241379310462e+02 0.000000000000000000e+00
1.514649091079534830e-03 1.365517241379310462e+02 0.000000000000000000e+00
2.345990297794907711e-03 1.365517241379310462e+02 0.000000000000000000e+00
3.633627425495110450e-03 1.365517241379310462e+02 0.000000000000000000e+00
5.628006339037505169e-03 1.365517241379310462e+02 0.000000000000000000e+00
8.717034424059159556e-03 1.365517241379310462e+02 4.746127192863452551e-37
1.350152870709589968e-02 1.365517241379310462e+02 6.596906694102669476e-37
2.091207497419160510e-02 1.365517241379310462e+02 9.433641595783348647e-37
3.239002702681915286e-02 1.365517241379310462e+02 1.382141066409313025e-36
5.016785049273345815e-02 1.365517241379310462e+02 2.208585132284239593e-36
7.770333815953020529e-02 1.365517241379310462e+02 8.170380987991671001e-36
1.203521518628518361e-01 1.365517241379310462e+02 5.448641389904013396e-35
1.864095005581485331e-01 1.365517241379310462e+02 4.832577075684143516e-35
2.887235613197536854e-01 1.365517241379310462e+02 0.000000000000000000e+00
9.999999999999999547e-08 1.427586206896551744e+02 0.000000000000000000e+00
1.548867200734165734e-07 1.427586206896551744e+02 0.000000000000000000e+00
2.398989605510090242e-07 1.427586206896551744e+02 0.000000000000000000e+00
3.715716314876781855e-07 1.427586206896551744e+02 0.000000000000000000e+00
5.755151127345470891e-07 1.427586206896551744e+02 0.000000000000000000e+00
8.913964816413657190e-07 1.427586206896551744e+02 0.000000000000000000e+00
1.380654773264149257e-06 1.427586206896551744e+02 0.000000000000000000e+00
2.138450893845906815e-06 1.427586206896551744e+02 0.000000000000000000e+00
3.312176449858584610e-06 1.427586206896551744e+02 0.000000000000000000e+00
5.130121466230092225e-06 1.427586206896551744e+02 0.000000000000000000e+00
7.945876874826057222e-06 1.427586206896551744e+02 0.000000000000000000e+00
1.230710807249020246e-05 1.427586206896551744e+02 0.000000000000000000e+00
1.906207602937075158e-05 1.427586206896551744e+02 0.000000000000000000e+00
2.952462433979331885e-05 1.427586206896551744e+02 0.000000000000000000e+00
4.572972225390358467e-05 1.427586206896551744e+02 0.000000000000000000e+00
7.082926689775453032e-05 1.427586206896551744e+02 0.000000000000000000e+00
1.097051283499781685e-04 1.427586206896551744e+02 0.000000000000000000e+00
1.699186750536130469e-04 1.427586206896551744e+02 0.000000000000000000e+00
2.631814625827482291e-04 1.427586206896551744e+02 0.000000000000000000e+00
4.076331352356652414e-04 1.427586206896551744e+02 0.000000000000000000e+00
6.313695930989564548e-04 1.427586206896551744e+02 0.000000000000000000e+00
9.779076542918499482e-04 1.427586206896551744e+02 0.000000000000000000e+00
1.514649091079534830e-03 1.427586206896551744e+02 0.000000000000000000e+00
2.345990297794907711e-03 1.427586206896551744e+02 0.000000000000000000e+00
3.633627425495110450e-03 1.427586206896551744e+02 0.000000000000000000e+00
5.628006339037505169e-03 1.427586206896551744e+02 0.000000000000000000e+00
8.717034424059159556e-03 1.427586206896551744e+02 4.217542707278334030e-37
1.350152870709589968e-02 1.427586206896551744e+02 5.877371482785002295e-37
2.091207497419160510e-02 1.427586206896551744e+02 8.335091872651759218e-37
3.239002702681915286e-02 1.427586206896551744e+02 1.219971005807105883e-36
5.016785049273345815e-02 1.427586206896551744e+02 1.975620457887457829e-36
7.770333815953020529e-02 1.427586206896551744e+02 7.896719060688320993e-36
1.203521518628518361e-01 1.427586206896551744e+02 4.809465512363091918e-35
1.864095005581485331e-01 1.427586206896551744e+02 3.804852306030049938e-35
2.887235613197536854e-01 1.427586206896551744e+02 0.000000000000000000e+00
9.999999999999999547e-08 1.489655172413793025e+02 0.000000000000000000e+00
1.548867200734165734e-07 1.489655172413793025e+02 0.000000000000000000e+00
2.398989605510090242e-07 1.489655172413793025e+02 0.000000000000000000e+00
3.715716314876781855e-07 1.489655172413793025e+02 0.000000000000000000e+00
5.755151127345470891e-07 1.489655172413793025e+02 0.000000000000000000e+00
8.913964816413657190e-07 1.489655172413793025e+02 0.000000000000000000e+00
1.380654773264149257e-06 1.489655172413793025e+02 0.000000000000000000e+00
2.138450893845906815e-06 1.489655172413793025e+02 0.000000000000000000e+00
3.312176449858584610e-06 1.489655172413793025e+02 0.000000000000000000e+00
5.130121466230092225e-06 1.489655172413793025e+02 0.000000000000000000e+00
7.945876874826057222e-06 1.489655172413793025e+02 0.000000000000000000e+00
1.230710807249020246e-05 1.489655172413793025e+02 0.000000000000000000e+00
1.906207602937075158e-05 1.489655172413793025e+02 0.000000000000000000e+00
2.952462433979331885e-05 1.489655172413793025e+02 0.000000000000000000e+00
4.572972225390358467e-05 1.489655172413793025e+02 0.000000000000000000e+00
7.082926689775453032e-05 1.489655172413793025e+02 0.000000000000000000e+00
1.097051283499781685e-04 1.489655172413793025e+02 0.000000000000000000e+00
1.699186750536130469e-04 1.489655172413793025e+02 0.000000000000000000e+00
2.631814625827482291e-04 1.489655172413793025e+02 0.000000000000000000e+00
4.076331352356652414e-04 1.489655172413793025e+02 0.000000000000000000e+00
6.313695930989564548e-04 1.489655172413793025e+02 0.000000000000000000e+00
9.779076542918499482e-04 1.489655172413793025e+02 0.000000000000000000e+00
1.514649091079534830e-03 1.489655172413793025e+02 0.000000000000000000e+00
2.345990297794907711e-03 1.489655172413793025e+02 0.000000000000000000e+00
3.633627425495110450e-03 1.489655172413793025e+02 0.000000000000000000e+00
5.628006339037505169e-03 1.489655172413793025e+02 0.000000000000000000e+00
8.717034424059159556e-03 1.489655172413793025e+02 3.624548628360626724e-37
1.350152870709589968e-02 1.489655172413793025e+02 5.045164656335280881e-37
2.091207497419160510e-02 1.489655172413793025e+02 7.143476824671969256e-37
3.239002702681915286e-02 1.489655172413793025e+02 1.042560039891320937e-36
5.016785049273345815e-02 1.489655172413793025e+02 1.712535237154111842e-36
7.770333815953020529e-02 1.489655172413793025e+02 7.239517992999884441e-36
1.203521518628518361e-01 1.489655172413793025e+02 4.061234665458530486e-35
1.864095005581485331e-01 1.489655172413793025e+02 2.945811553601154458e-35
2.887235613197536854e-01 1.489655172413793025e+02 0.000000000000000000e+00
9.999999999999999547e-08 1.551724137931034591e+02 0.000000000000000000e+00
1.548867200734165734e-07 1.551724137931034591e+02 0.000000000000000000e+00
2.398989605510090242e-07 1.551724137931034591e+02 0.000000000000000000e+00
3.715716314876781855e-07 1.551724137931034591e+02 0.000000000000000000e+00
5.755151127345470891e-07 1.551724137931034591e+02 0.000000000000000000e+00
8.913964816413657190e-07 1.551724137931034591e+02 0.000000000000000000e+00
1.380654773264149257e-06 1.551724137931034591e+02 0.000000000000000000e+00
2.138450893845906815e-06 1.551724137931034591e+02 0.000000000000000000e+00
3.312176449858584610e-06 1.551724137931034591e+02 0.000000000000000000e+00
5.130121466230092225e-06 1.551724137931034591e+02 0.000000000000000000e+00
7.945876874826057222e-06 1.551724137931034591e+02 0.000000000000000000e+00
1.230710807249020246e-05 1.551724137931034591e+02 0.000000000000000000e+00
1.906207602937075158e-05 1.551724137931034591e+02 0.000000000000000000e+00
2.952462433979331885e-05 1.551724137931034591e+02 0.000000000000000000e+00
4.572972225390358467e-05 1.551724137931034591e+02 0.000000000000000000e+00
7.082926689775453032e-05 1.551724137931034591e+02 0.000000000000000000e+00
1.097051283499781685e-04 1.551724137931034591e+02 0.000000000000000000e+00
1.699186750536130469e-04 1.551724137931034591e+02 0.000000000000000000e+00
2.631814625827482291e-04 1.551724137931034591e+02 0.000000000000000000e+00
4.076331352356652414e-04 1.551724137931034591e+02 0.000000000000000000e+00
6.313695930989564548e-04 1.551724137931034591e+02 0.000000000000000000e+00
9.779076542918499482e-04 1.551724137931034591e+02 0.000000000000000000e+00
1.514649091079534830e-03 1.551724137931034591e+02 0.000000000000000000e+00
2.345990297794907711e-03 1.551724137931034591e+02 0.000000000000000000e+00
3.633627425495110450e-03 1.551724137931034591e+02 0.000000000000000000e+00
5.628006339037505169e-03 1.551724137931034591e+02 2.191535488114510479e-37
8.717034424059159556e-03 1.551724137931034591e+02 2.966612032755890548e-37
1.350152870709589968e-02 1.551724137931034591e+02 4.123181923329572621e-37
2.091207497419160510e-02 1.551724137931034591e+02 5.848088669055956182e-37
3.239002702681915286e-02 1.551724137931034591e+02 8.503549374231012914e-37
5.016785049273345815e-02 1.551724137931034591e+02 1.418612097111883175e-36
7.770333815953020529e-02 1.551724137931034591e+02 6.297915104772901877e-36
1.203521518628518361e-01 1.551724137931034591e+02 3.282982577734572153e-35
1.864095005581485331e-01 1.551724137931034591e+02 2.209627487933420548e-35
2.887235613197536854e-01 1.551724137931034591e+02 0.000000000000000000e+00
9.999999999999999547e-08 1.613793103448276156e+02 0.000000000000000000e+00
1.548867200734165734e-07 1.613793103448276156e+02 0.000000000000000000e+00
2.398989605510090242e-07 1.613793103448276156e+02 0.000000000000000000e+00
3.715716314876781855e-07 1.613793103448276156e+02 0.000000000000000000e+00
5.755151127345470891e-07 1.613793103448276156e+02 0.000000000000000000e+00
8.913964816413657190e-07 1.613793103448276156e+02 0.000000000000000000e+00
1.380654773264149257e-06 1.613793103448276156e+02 0.000000000000000000e+00
2.138450893845906815e-06 1.613793103448276156e+02 0.000000000000000000e+00
3.312176449858584610e-06 1.613793103448276156e+02 0.000000000000000000e+00
5.130121466230092225e-06 1.613793103448276156e+02 0.000000000000000000e+00
7.945876874826057222e-06 1.613793103448276156e+02 0.000000000000000000e+00
1.230710807249020246e-05 1.613793103448276156e+02 0.000000000000000000e+00
1.906207602937075158e-05 1.613793103448276156e+02 0.000000000000000000e+00
2.952462433979331885e-05 1.613793103448276156e+02 0.000000000000000000e+00
4.572972225390358467e-05 1.613793103448276156e+02 0.000000000000000000e+00
7.082926689775453032e-05 1.613793103448276156e+02 0.000000000000000000e+00
1.097051283499781685e-04 1.613793103448276156e+02 0.000000000000000000e+00
1.699186750536130469e-04 1.613793103448276156e+02 0.000000000000000000e+00
2.631814625827482291e-04 1.613793103448276156e+02 0.000000000000000000e+00
4.076331352356652414e-04 1.613793103448276156e+02 0.000000000000000000e+00
6.313695930989564548e-04 1.613793103448276156e+02 0.000000000000000000e+00
9.779076542918499482e-04 1.613793103448276156e+02 0.000000000000000000e+00
1.514649091079534830e-03 1.613793103448276156e+02 0.000000000000000000e+00
2.345990297794907711e-03 1.613793103448276156e+02 0.000000000000000000e+00
3.633627425495110450e-03 1.613793103448276156e+02 0.000000000000000000e+00
5.628006339037505169e-03 1.613793103448276156e+02 1.668876482376495770e-37
8.717034424059159556e-03 1.613793103448276156e+02 2.265867892143561030e-37
1.350152870709589968e-02 1.613793103448276156e+02 3.145927581881014204e-37
2.091207497419160510e-02 1.613793103448276156e+02 4.453828606454010504e-37
3.239002702681915286e-02 1.613793103448276156e+02 6.464933884206766814e-37
5.016785049273345815e-02 1.613793103448276156e+02 1.091558131911907319e-36
7.770333815953020529e-02 1.613793103448276156e+02 4.955486493556132739e-36
1.203521518628518361e-01 1.613793103448276156e+02 2.471725414463610307e-35
1.864095005581485331e-01 1.613793103448276156e+02 1.571451069252908194e-35
2.887235613197536854e-01 1.613793103448276156e+02 0.000000000000000000e+00
9.999999999999999547e-08 1.675862068965517437e+02 0.000000000000000000e+00
1.548867200734165734e-07 1.675862068965517437e+02 0.000000000000000000e+00
2.398989605510090242e-07 1.675862068965517437e+02 0.000000000000000000e+00
3.715716314876781855e-07 1.675862068965517437e+02 0.000000000000000000e+00
5.755151127345470891e-07 1.675862068965517437e+02 0.000000000000000000e+00
8.913964816413657190e-07 1.675862068965517437e+02 0.000000000000000000e+00
1.380654773264149257e-06 1.675862068965517437e+02 0.000000000000000000e+00
2.138450893845906815e-06 1.675862068965517437e+02 0.000000000000000000e+00
3.312176449858584610e-06 1.675862068965517437e+02 0.000000000000000000e+00
5.130121466230092225e-06 1.675862068965517437e+02 0.000000000000000000e+00
7.945876874826057222e-06 1.675862068965517437e+02 0.000000000000000000e+00
1.230710807249020246e-05 1.675862068965517437e+02 0.000000000000000000e+00
1.906207602937075158e-05 1.675862068965517437e+02 0.000000000000000000e+00
2.952462433979331885e-05 1.675862068965517437e+02 0.000000000000000000e+00
4.572972225390358467e-05 1.675862068965517437e+02 0.000000000000000000e+00
7.082926689775453032e-05 1.675862068965517437e+02 0.000000000000000000e+00
1.097051283499781685e-04 1.675862068965517437e+02 0.000000000000000000e+00
1.699186750536130469e-04 1.675862068965517437e+02 0.000000000000000000e+00
2.631814625827482291e-04 1.675862068965517437e+02 0.000000000000000000e+00
4.076331352356652414e-04 1.675862068965517437e+02 0.000000000000000000e+00
6.313695930989564548e-04 1.675862068965517437e+02 0.000000000000000000e+00
9.779076542918499482e-04 1.675862068965517437e+02 0.000000000000000000e+00
1.514649091079534830e-03 1.675862068965517437e+02 0.000000000000000000e+00
2.345990297794907711e-03 1.675862068965517437e+02 0.000000000000000000e+00
3.633627425495110450e-03 1.675862068965517437e+02 0.000000000000000000e+00
5.628006339037505169e-03 1.675862068965517437e+02 1.128833112259057292e-37
8.717034424059159556e-03 1.675862068965517437e+02 1.535680902183618842e-37
1.350152870709589968e-02 1.675862068965517437e+02 2.121768327090481742e-37
2.091207497419160510e-02 1.675862068965517437e+02 3.005034496530159396e-37
3.239002702681915286e-02 1.675862068965517437e+02 4.363629050324399263e-37
5.016785049273345815e-02 1.675862068965517437e+02 7.460030414203454153e-37
7.770333815953020529e-02 1.675862068965517437e+02 3.457228662117331973e-36
1.203521518628518361e-01 1.675862068965517437e+02 1.651607295318404379e-35
1.864095005581485331e-01 1.675862068965517437e+02 1.010850793147508804e-35
2.887235613197536854e-01 1.675862068965517437e+02 0.000000000000000000e+00
9.999999999999999547e-08 1.737931034482758719e+02 0.000000000000000000e+00
1.548867200734165734e-07 1.737931034482758719e+02 0.000000000000000000e+00
2.398989605510090242e-07 1.737931034482758719e+02 0.000000000000000000e+00
3.715716314876781855e-07 1.737931034482758719e+02 0.000000000000000000e+00
5.755151127345470891e-07 1.737931034482758719e+02 0.000000000000000000e+00
8.913964816413657190e-07 1.737931034482758719e+02 0.000000000000000000e+00
1.380654773264149257e-06 1.737931034482758719e+02 0.000000000000000000e+00
2.138450893845906815e-06 1.737931034482758719e+02 0.000000000000000000e+00
3.312176449858584610e-06 1.737931034482758719e+02 0.000000000000000000e+00
5.130121466230092225e-06 1.737931034482758719e+02 0.000000000000000000e+00
7.945876874826057222e-06 1.737931034482758719e+02 0.000000000000000000e+00
1.230710807249020246e-05 1.737931034482758719e+02 0.000000000000000000e+00
1.906207602937075158e-05 1.737931034482758719e+02 0.000000000000000000e+00
2.952462433979331885e-05 1.737931034482758719e+02 0.000000000000000000e+00
4.572972225390358467e-05 1.737931034482758719e+02 0.000000000000000000e+00
7.082926689775453032e-05 1.737931034482758719e+02 0.000000000000000000e+00
1.097051283499781685e-04 1.737931034482758719e+02 0.000000000000000000e+00
1.699186750536130469e-04 1.737931034482758719e+02 0.000000000000000000e+00
2.631814625827482291e-04 1.737931034482758719e+02 0.000000000000000000e+00
4.076331352356652414e-04 1.737931034482758719e+02 0.000000000000000000e+00
6.313695930989564548e-04 1.737931034482758719e+02 0.000000000000000000e+00
9.779076542918499482e-04 1.737931034482758719e+02 0.000000000000000000e+00
1.514649091079534830e-03 1.737931034482758719e+02 0.000000000000000000e+00
2.345990297794907711e-03 1.737931034482758719e+02 0.000000000000000000e+00
3.633627425495110450e-03 1.737931034482758719e+02 0.000000000000000000e+00
5.628006339037505169e-03 1.737931034482758719e+02 5.681619455129598235e-38
8.717034424059159556e-03 1.737931034482758719e+02 7.732383545165097211e-38
1.350152870709589968e-02 1.737931034482758719e+02 1.073027368258057284e-37
2.091207497419160510e-02 1.737931034482758719e+02 1.511246470926811388e-37
3.239002702681915286e-02 1.737931034482758719e+02 2.199224278312247982e-37
5.016785049273345815e-02 1.737931034482758719e+02 3.778645431522776543e-37
7.770333815953020529e-02 1.737931034482758719e+02 1.780829846457105610e-36
1.203521518628518361e-01 1.737931034482758719e+02 8.249360601295846772e-36
1.864095005581485331e-01 1.737931034482758719e+02 4.927477947332611498e-36
2.887235613197536854e-01 1.737931034482758719e+02 0.000000000000000000e+00
9.999999999999999547e-08 1.800000000000000000e+02 0.000000000000000000e+00
1.548867200734165734e-07 1.800000000000000000e+02 0.000000000000000000e+00
2.398989605510090242e-07 1.800000000000000000e+02 0.000000000000000000e+00
3.715716314876781855e-07 1.800000000000000000e+02 0.000000000000000000e+00
5.755151127345470891e-07 1.800000000000000000e+02 0.000000000000000000e+00
8.913964816413657190e-07 1.800000000000000000e+02 0.000000000000000000e+00
1.380654773264149257e-06 1.800000000000000000e+02 0.000000000000000000e+00
2.138450893845906815e-06 1.800000000000000000e+02 0.000000000000000000e+00
3.312176449858584610e-06 1.800000000000000000e+02 0.000000000000000000e+00
5.130121466230092225e-06 1.800000000000000000e+02 0.000000000000000000e+00
7.945876874826057222e-06 1.800000000000000000e+02 0.000000000000000000e+00
1.230710807249020246e-05 1.800000000000000000e+02 0.000000000000000000e+00
1.906207602937075158e-05 1.800000000000000000e+02 0.000000000000000000e+00
2.952462433979331885e-05 1.800000000000000000e+02 0.000000000000000000e+00
4.572972225390358467e-05 1.800000000000000000e+02 0.000000000000000000e+00
7.082926689775453032e-05 1.800000000000000000e+02 0.000000000000000000e+00
1.097051283499781685e-04 1.800000000000000000e+02 0.000000000000000000e+00
1.699186750536130469e-04 1.800000000000000000e+02 0.000000000000000000e+00
2.631814625827482291e-04 1.800000000000000000e+02 0.000000000000000000e+00
4.076331352356652414e-04 1.800000000000000000e+02 0.000000000000000000e+00
6.313695930989564548e-04 1.800000000000000000e+02 0.000000000000000000e+00
9.779076542918499482e-04 1.800000000000000000e+02 0.000000000000000000e+00
1.514649091079534830e-03 1.800000000000000000e+02 0.000000000000000000e+00
2.345990297794907711e-03 1.800000000000000000e+02 0.000000000000000000e+00
3.633627425495110450e-03 1.800000000000000000e+02 0.000000000000000000e+00
5.628006339037505169e-03 1.800000000000000000e+02 6.439431972013478438e-53
8.717034424059159556e-03 1.800000000000000000e+02 8.783120494024457357e-53
1.350152870709589968e-02 1.800000000000000000e+02 1.214425810255507140e-52
2.091207497419160510e-02 1.800000000000000000e+02 1.712968835417750299e-52
3.239002702681915286e-02 1.800000000000000000e+02 0.000000000000000000e+00
5.016785049273345815e-02 1.800000000000000000e+02 4.285939412070659159e-52
7.770333815953020529e-02 1.800000000000000000e+02 2.026376671809851360e-51
1.203521518628518361e-01 1.800000000000000000e+02 9.323896615784509042e-51
1.864095005581485331e-01 1.800000000000000000e+02 5.528546095242970272e-51
2.887235613197536854e-01 1.800000000000000000e+02 0.000000000000000000e+00
