# atom 56: Tchi 0.6210169418915616 [GeV]; m_chi = 0.0033333333333333335 [GeV]; mS = 0.01 [GeV]; gchi =0.01; gN = 0.01
# Tchi^prime [GeV], theta [degree] ,dsigma/dTchip dtheta [cm^2/GeV]
9.999999999999999547e-08 0.000000000000000000e+00 0.000000000000000000e+00
1.581765038478375206e-07 0.000000000000000000e+00 0.000000000000000000e+00
2.501980636952495318e-07 0.000000000000000000e+00 0.000000000000000000e+00
3.957545498481313547e-07 0.000000000000000000e+00 0.000000000000000000e+00
6.259907107685227244e-07 0.000000000000000000e+00 0.000000000000000000e+00
9.901702207058776949e-07 0.000000000000000000e+00 0.000000000000000000e+00
1.566216637254973893e-06 0.000000000000000000e+00 0.000000000000000000e+00
2.477386719493084971e-06 0.000000000000000000e+00 0.000000000000000000e+00
3.918643699684795082e-06 0.000000000000000000e+00 0.000000000000000000e+00
6.198373602414974549e-06 0.000000000000000000e+00 0.000000000000000000e+00
9.804370659727267644e-06 0.000000000000000000e+00 0.000000000000000000e+00
1.550821073383975258e-05 0.000000000000000000e+00 0.000000000000000000e+00
2.453034554814278694e-05 0.000000000000000000e+00 0.000000000000000000e+00
3.880124296984591311e-05 0.000000000000000000e+00 0.000000000000000000e+00
6.137444957920709968e-05 0.000000000000000000e+00 0.000000000000000000e+00
9.707995860024360021e-05 0.000000000000000000e+00 0.000000000000000000e+00
1.535576844507935347e-04 0.000000000000000000e+00 0.000000000000000000e+00
2.428921766539596401e-04 0.000000000000000000e+00 0.000000000000000000e+00
3.841983531511471432e-04 0.000000000000000000e+00 0.000000000000000000e+00
6.077115228554525470e-04 0.000000000000000000e+00 0.000000000000000000e+00
9.612568403332068419e-04 0.000000000000000000e+00 0.000000000000000000e+00
1.520482463037256191e-03 0.000000000000000000e+00 0.000000000000000000e+00
2.405046001651820267e-03 0.000000000000000000e+00 0.000000000000000000e+00
3.804217681345061462e-03 0.000000000000000000e+00 0.000000000000000000e+00
6.017378527112885768e-03 0.000000000000000000e+00 0.000000000000000000e+00
9.518078977477662309e-03 0.000000000000000000e+00 0.000000000000000000e+00
1.505536456005016586e-02 0.000000000000000000e+00 0.000000000000000000e+00
2.381404930263371703e-02 0.000000000000000000e+00 0.000000000000000000e+00
3.766823061150634255e-02 0.000000000000000000e+00 0.000000000000000000e+00
5.958229024262175905e-02 0.000000000000000000e+00 0.000000000000000000e+00
9.424518361825032220e-02 0.000000000000000000e+00 0.000000000000000000e+00
1.490737364923232500e-01 0.000000000000000000e+00 0.000000000000000000e+00
2.357996245388948031e-01 0.000000000000000000e+00 0.000000000000000000e+00
3.729796021819513641e-01 0.000000000000000000e+00 0.000000000000000000e+00
5.899660947969835867e-01 0.000000000000000000e+00 0.000000000000000000e+00
9.999999999999999547e-08 6.206896551724137900e+00 6.538582657857170910e-40
1.581765038478375206e-07 6.206896551724137900e+00 8.229529712066602108e-40
2.501980636952495318e-07 6.206896551724137900e+00 1.037891494938816637e-39
3.957545498481313547e-07 6.206896551724137900e+00 1.308268846577262360e-39
6.259907107685227244e-07 6.206896551724137900e+00 1.656099374614320576e-39
9.901702207058776949e-07 6.206896551724137900e+00 2.089813852685134385e-39
1.566216637254973893e-06 6.206896551724137900e+00 2.646919134791513137e-39
2.477386719493084971e-06 6.206896551724137900e+00 3.350135447669742675e-39
3.918643699684795082e-06 6.206896551724137900e+00 4.264100716745640707e-39
6.198373602414974549e-06 6.206896551724137900e+00 5.422006692319018961e-39
9.804370659727267644e-06 6.206896551724137900e+00 6.920034196968197042e-39
1.550821073383975258e-05 6.206896551724137900e+00 8.873502544623342272e-39
2.453034554814278694e-05 6.206896551724137900e+00 1.140541715923162971e-38
3.880124296984591311e-05 6.206896551724137900e+00 1.484527430394571614e-38
6.137444957920709968e-05 6.206896551724137900e+00 1.944590953199802434e-38
9.707995860024360021e-05 6.206896551724137900e+00 2.560150659866352412e-38
1.535576844507935347e-04 6.206896551724137900e+00 3.432587047072099094e-38
2.428921766539596401e-04 6.206896551724137900e+00 4.671823516564464304e-38
3.841983531511471432e-04 6.206896551724137900e+00 6.517160194514398130e-38
6.077115228554525470e-04 6.206896551724137900e+00 9.311526643398802469e-38
9.612568403332068419e-04 6.206896551724137900e+00 1.374571222119953402e-37
1.520482463037256191e-03 6.206896551724137900e+00 2.114910200869000024e-37
2.405046001651820267e-03 6.206896551724137900e+00 3.401557015587315993e-37
3.804217681345061462e-03 6.206896551724137900e+00 5.713731283396316822e-37
6.017378527112885768e-03 6.206896551724137900e+00 1.005079118418388458e-36
9.518078977477662309e-03 6.206896551724137900e+00 1.807401550906907367e-36
1.505536456005016586e-02 6.206896551724137900e+00 3.236504275619335652e-36
2.381404930263371703e-02 6.206896551724137900e+00 5.547740228121590036e-36
3.766823061150634255e-02 6.206896551724137900e+00 8.787314453391318320e-36
5.958229024262175905e-02 6.206896551724137900e+00 1.300793050683511676e-35
9.424518361825032220e-02 6.206896551724137900e+00 1.860429618351949920e-35
1.490737364923232500e-01 6.206896551724137900e+00 2.753680216223727808e-35
2.357996245388948031e-01 6.206896551724137900e+00 4.702444342236954637e-35
3.729796021819513641e-01 6.206896551724137900e+00 0.000000000000000000e+00
5.899660947969835867e-01 6.206896551724137900e+00 0.000000000000000000e+00
9.999999999999999547e-08 1.241379310344827580e+01 1.300970563586685273e-39
1.581765038478375206e-07 1.241379310344827580e+01 1.638669373145157047e-39
2.501980636952495318e-07 1.241379310344827580e+01 2.060162313051084251e-39
3.957545498481313547e-07 1.241379310344827580e+01 2.605188899133449001e-39
6.259907107685227244e-07 1.241379310344827580e+01 3.293312869543795266e-39
9.901702207058776949e-07 1.241379310344827580e+01 4.144709689175691865e-39
1.566216637254973893e-06 1.241379310344827580e+01 5.249164786860500550e-39
2.477386719493084971e-06 1.241379310344827580e+01 6.667625211128462806e-39
3.918643699684795082e-06 1.241379310344827580e+01 8.457547135378683168e-39
6.198373602414974549e-06 1.241379310344827580e+01 1.075989402493299631e-38
9.804370659727267644e-06 1.241379310344827580e+01 1.374355485780288077e-38
1.550821073383975258e-05 1.241379310344827580e+01 1.765968596789509657e-38
2.453034554814278694e-05 1.241379310344827580e+01 2.270229718176907308e-38
3.880124296984591311e-05 1.241379310344827580e+01 2.935581237512693912e-38
6.137444957920709968e-05 1.241379310344827580e+01 3.838416165226485820e-38
9.707995860024360021e-05 1.241379310344827580e+01 5.070514655792789487e-38
1.535576844507935347e-04 1.241379310344827580e+01 6.779520613482163241e-38
2.428921766539596401e-04 1.241379310344827580e+01 9.241487640663699953e-38
3.841983531511471432e-04 1.241379310344827580e+01 1.281006620748322961e-37
6.077115228554525470e-04 1.241379310344827580e+01 1.812890161591415403e-37
9.612568403332068419e-04 1.241379310344827580e+01 2.662729791499003267e-37
1.520482463037256191e-03 1.241379310344827580e+01 4.032059690733334648e-37
2.405046001651820267e-03 1.241379310344827580e+01 6.320351385058621701e-37
3.804217681345061462e-03 1.241379310344827580e+01 1.019578018403216538e-36
6.017378527112885768e-03 1.241379310344827580e+01 1.669481896975912667e-36
9.518078977477662309e-03 1.241379310344827580e+01 2.667058892871718251e-36
1.505536456005016586e-02 1.241379310344827580e+01 4.009687190868612344e-36
2.381404930263371703e-02 1.241379310344827580e+01 5.547003912863377909e-36
3.766823061150634255e-02 1.241379310344827580e+01 7.105788637756266282e-36
5.958229024262175905e-02 1.241379310344827580e+01 8.812457281710172218e-36
9.424518361825032220e-02 1.241379310344827580e+01 1.115715916880640758e-35
1.490737364923232500e-01 1.241379310344827580e+01 1.542965815292758803e-35
2.357996245388948031e-01 1.241379310344827580e+01 2.517985071835585154e-35
3.729796021819513641e-01 1.241379310344827580e+01 0.000000000000000000e+00
5.899660947969835867e-01 1.241379310344827580e+01 0.000000000000000000e+00
9.999999999999999547e-08 1.862068965517241281e+01 1.931365334951785096e-39
1.581765038478375206e-07 1.862068965517241281e+01 2.433986885289815183e-39
2.501980636952495318e-07 1.862068965517241281e+01 3.062947415353476956e-39
3.957545498481313547e-07 1.862068965517241281e+01 3.865387684286677840e-39
6.259907107685227244e-07 1.862068965517241281e+01 4.885569338709014411e-39
9.901702207058776949e-07 1.862068965517241281e+01 6.161054409749386697e-39
1.566216637254973893e-06 1.862068965517241281e+01 7.817913479285458686e-39
2.477386719493084971e-06 1.862068965517241281e+01 9.880622943012566732e-39
3.918643699684795082e-06 1.862068965517241281e+01 1.255462852065541349e-38
6.198373602414974549e-06 1.862068965517241281e+01 1.594759065335850239e-38
9.804370659727267644e-06 1.862068965517241281e+01 2.034910137137815869e-38
1.550821073383975258e-05 1.862068965517241281e+01 2.608166229072242469e-38
2.453034554814278694e-05 1.862068965517241281e+01 3.364197590911742026e-38
3.880124296984591311e-05 1.862068965517241281e+01 4.354792442490528190e-38
6.137444957920709968e-05 1.862068965517241281e+01 5.665071716071379313e-38
9.707995860024360021e-05 1.862068965517241281e+01 7.470863802804053231e-38
1.535576844507935347e-04 1.862068965517241281e+01 9.958046943850886052e-38
2.428921766539596401e-04 1.862068965517241281e+01 1.351307918942295185e-37
3.841983531511471432e-04 1.862068965517241281e+01 1.859516143489605777e-37
6.077115228554525470e-04 1.862068965517241281e+01 2.617708615211629781e-37
9.612568403332068419e-04 1.862068965517241281e+01 3.780721551120562356e-37
1.520482463037256191e-03 1.862068965517241281e+01 5.610787291406315452e-37
2.405046001651820267e-03 1.862068965517241281e+01 8.489897145729887875e-37
3.804217681345061462e-03 1.862068965517241281e+01 1.295218866921207879e-36
6.017378527112885768e-03 1.862068965517241281e+01 1.947357054673706271e-36
9.518078977477662309e-03 1.862068965517241281e+01 2.780528310328553154e-36
1.505536456005016586e-02 1.862068965517241281e+01 3.670940230037032828e-36
2.381404930263371703e-02 1.862068965517241281e+01 4.511923808376270326e-36
3.766823061150634255e-02 1.862068965517241281e+01 5.314748373289994701e-36
5.958229024262175905e-02 1.862068965517241281e+01 6.266371465574505174e-36
9.424518361825032220e-02 1.862068965517241281e+01 7.687246925719091687e-36
1.490737364923232500e-01 1.862068965517241281e+01 1.044404987764795167e-35
2.357996245388948031e-01 1.862068965517241281e+01 1.700413746211994977e-35
3.729796021819513641e-01 1.862068965517241281e+01 0.000000000000000000e+00
5.899660947969835867e-01 1.862068965517241281e+01 0.000000000000000000e+00
9.999999999999999547e-08 2.482758620689655160e+01 2.539178802862737444e-39
1.581765038478375206e-07 2.482758620689655160e+01 3.191547613920965460e-39
2.501980636952495318e-07 2.482758620689655160e+01 4.036097470845306453e-39
3.957545498481313547e-07 2.482758620689655160e+01 5.078913205958294432e-39
6.259907107685227244e-07 2.482758620689655160e+01 6.425788154117216962e-39
9.901702207058776949e-07 2.482758620689655160e+01 8.088923785927403755e-39
1.566216637254973893e-06 2.482758620689655160e+01 1.027169407356300727e-38
2.477386719493084971e-06 2.482758620689655160e+01 1.296876026773996287e-38
3.918643699684795082e-06 2.482758620689655160e+01 1.648522054996667670e-38
6.198373602414974549e-06 2.482758620689655160e+01 2.094297743384102324e-38
9.804370659727267644e-06 2.482758620689655160e+01 2.667550834999251386e-38
1.550821073383975258e-05 2.482758620689655160e+01 3.419270359552626621e-38
2.453034554814278694e-05 2.482758620689655160e+01 4.386625879881785447e-38
3.880124296984591311e-05 2.482758620689655160e+01 5.681562934202573899e-38
6.137444957920709968e-05 2.482758620689655160e+01 7.376992342606511548e-38
9.707995860024360021e-05 2.482758620689655160e+01 9.725912386254251433e-38
1.535576844507935347e-04 2.482758620689655160e+01 1.291930527427345277e-37
2.428921766539596401e-04 2.482758620689655160e+01 1.734744930381917596e-37
3.841983531511471432e-04 2.482758620689655160e+01 2.373560637727565308e-37
6.077115228554525470e-04 2.482758620689655160e+01 3.309636840997167231e-37
9.612568403332068419e-04 2.482758620689655160e+01 4.692513470804026162e-37
1.520482463037256191e-03 2.482758620689655160e+01 6.771788926976587153e-37
2.405046001651820267e-03 2.482758620689655160e+01 9.857561180495723311e-37
3.804217681345061462e-03 2.482758620689655160e+01 1.424856036596029115e-36
6.017378527112885768e-03 2.482758620689655160e+01 1.977602204753493370e-36
9.518078977477662309e-03 2.482758620689655160e+01 2.573375929045070311e-36
1.505536456005016586e-02 2.482758620689655160e+01 3.143371826261643623e-36
2.381404930263371703e-02 2.482758620689655160e+01 3.644731278694888084e-36
3.766823061150634255e-02 2.482758620689655160e+01 4.142367364434738124e-36
5.958229024262175905e-02 2.482758620689655160e+01 4.774416233250095615e-36
9.424518361825032220e-02 2.482758620689655160e+01 5.820449737533027040e-36
1.490737364923232500e-01 2.482758620689655160e+01 7.868225879572539600e-36
2.357996245388948031e-01 2.482758620689655160e+01 1.286299832021547749e-35
3.729796021819513641e-01 2.482758620689655160e+01 0.000000000000000000e+00
5.899660947969835867e-01 2.482758620689655160e+01 0.000000000000000000e+00
9.999999999999999547e-08 3.103448275862069039e+01 3.111629985664262530e-39
1.581765038478375206e-07 3.103448275862069039e+01 3.918292047356991703e-39
2.501980636952495318e-07 3.103448275862069039e+01 4.947829012868751308e-39
3.957545498481313547e-07 3.103448275862069039e+01 6.234668970560442612e-39
6.259907107685227244e-07 3.103448275862069039e+01 7.862370885044351027e-39
9.901702207058776949e-07 3.103448275862069039e+01 9.950412601459632693e-39
1.566216637254973893e-06 3.103448275862069039e+01 1.256344799677625317e-38
2.477386719493084971e-06 3.103448275862069039e+01 1.590138779887541172e-38
3.918643699684795082e-06 3.103448275862069039e+01 2.014716210060706657e-38
6.198373602414974549e-06 3.103448275862069039e+01 2.562002024710075562e-38
9.804370659727267644e-06 3.103448275862069039e+01 3.265110440608213482e-38
1.550821073383975258e-05 3.103448275862069039e+01 4.175536515618030871e-38
2.453034554814278694e-05 3.103448275862069039e+01 5.356469432062010959e-38
3.880124296984591311e-05 3.103448275862069039e+01 6.902222949221157831e-38
6.137444957920709968e-05 3.103448275862069039e+01 8.997266628597711593e-38
9.707995860024360021e-05 3.103448275862069039e+01 1.176474007255933485e-37
1.535576844507935347e-04 3.103448275862069039e+01 1.554548421250545057e-37
2.428921766539596401e-04 3.103448275862069039e+01 2.079757725531780300e-37
3.841983531511471432e-04 3.103448275862069039e+01 2.816555784121741436e-37
6.077115228554525470e-04 3.103448275862069039e+01 3.874861565133434309e-37
9.612568403332068419e-04 3.103448275862069039e+01 5.382865786069284828e-37
1.520482463037256191e-03 3.103448275862069039e+01 7.556025060122580355e-37
2.405046001651820267e-03 3.103448275862069039e+01 1.057731046327684576e-36
3.804217681345061462e-03 3.103448275862069039e+01 1.447538244309377721e-36
6.017378527112885768e-03 3.103448275862069039e+01 1.888026305657645616e-36
9.518078977477662309e-03 3.103448275862069039e+01 2.313986794913412767e-36
1.505536456005016586e-02 3.103448275862069039e+01 2.679452623467087667e-36
2.381404930263371703e-02 3.103448275862069039e+01 3.008706030354525619e-36
3.766823061150634255e-02 3.103448275862069039e+01 3.362310517330241032e-36
5.958229024262175905e-02 3.103448275862069039e+01 3.837129323247983053e-36
9.424518361825032220e-02 3.103448275862069039e+01 4.657841110326395452e-36
1.490737364923232500e-01 3.103448275862069039e+01 6.275528372405472792e-36
2.357996245388948031e-01 3.103448275862069039e+01 1.029216167700160466e-35
3.729796021819513641e-01 3.103448275862069039e+01 2.290937322044423131e-35
5.899660947969835867e-01 3.103448275862069039e+01 0.000000000000000000e+00
9.999999999999999547e-08 3.724137931034482563e+01 3.649202796477321531e-39
1.581765038478375206e-07 3.724137931034482563e+01 4.608449095414520602e-39
2.501980636952495318e-07 3.724137931034482563e+01 5.790254410847313930e-39
3.957545498481313547e-07 3.724137931034482563e+01 7.327918305842896733e-39
6.259907107685227244e-07 3.724137931034482563e+01 9.210290181169747711e-39
9.901702207058776949e-07 3.724137931034482563e+01 1.163622169400036837e-38
1.566216637254973893e-06 3.724137931034482563e+01 1.469085539463319547e-38
2.477386719493084971e-06 3.724137931034482563e+01 1.862460018196556592e-38
3.918643699684795082e-06 3.724137931034482563e+01 2.356805961493219339e-38
6.198373602414974549e-06 3.724137931034482563e+01 2.993467049701806919e-38
9.804370659727267644e-06 3.724137931034482563e+01 3.818222461609069682e-38
1.550821073383975258e-05 3.724137931034482563e+01 4.877798349279580387e-38
2.453034554814278694e-05 3.724137931034482563e+01 6.220166367747193865e-38
3.880124296984591311e-05 3.724137931034482563e+01 8.025421712119332860e-38
6.137444957920709968e-05 3.724137931034482563e+01 1.038889108515738960e-37
9.707995860024360021e-05 3.724137931034482563e+01 1.355137258984055970e-37
1.535576844507935347e-04 3.724137931034482563e+01 1.783168423654939035e-37
2.428921766539596401e-04 3.724137931034482563e+01 2.367310805830315558e-37
3.841983531511471432e-04 3.724137931034482563e+01 3.174095848540368926e-37
6.077115228554525470e-04 3.724137931034482563e+01 4.298422739836262911e-37
9.612568403332068419e-04 3.724137931034482563e+01 5.864466306128322726e-37
1.520482463037256191e-03 3.724137931034482563e+01 7.998220817616873944e-37
2.405046001651820267e-03 3.724137931034482563e+01 1.076044783946401490e-36
3.804217681345061462e-03 3.724137931034482563e+01 1.400805742927128729e-36
6.017378527112885768e-03 3.724137931034482563e+01 1.740253815126045495e-36
9.518078977477662309e-03 3.724137931034482563e+01 2.049864158252141231e-36
1.505536456005016586e-02 3.724137931034482563e+01 2.305965486130985168e-36
2.381404930263371703e-02 3.724137931034482563e+01 2.533329742953808741e-36
3.766823061150634255e-02 3.724137931034482563e+01 2.800058338303845636e-36
5.958229024262175905e-02 3.724137931034482563e+01 3.178365143471493965e-36
9.424518361825032220e-02 3.724137931034482563e+01 3.860102560876008015e-36
1.490737364923232500e-01 3.724137931034482563e+01 5.187194155606221548e-36
2.357996245388948031e-01 3.724137931034482563e+01 8.560157789407948789e-36
3.729796021819513641e-01 3.724137931034482563e+01 2.139439153887692325e-35
5.899660947969835867e-01 3.724137931034482563e+01 0.000000000000000000e+00
9.999999999999999547e-08 4.344827586206896797e+01 4.143682603972780502e-39
1.581765038478375206e-07 4.344827586206896797e+01 5.229751387361726705e-39
2.501980636952495318e-07 4.344827586206896797e+01 6.597073096954880474e-39
3.957545498481313547e-07 4.344827586206896797e+01 8.313741309434494034e-39
6.259907107685227244e-07 4.344827586206896797e+01 1.045286520670740907e-38
9.901702207058776949e-07 4.344827586206896797e+01 1.320383242641631480e-38
1.566216637254973893e-06 4.344827586206896797e+01 1.668858970018037907e-38
2.477386719493084971e-06 4.344827586206896797e+01 2.108775963133539422e-38
3.918643699684795082e-06 4.344827586206896797e+01 2.672022502056731784e-38
6.198373602414974549e-06 4.344827586206896797e+01 3.390307187146157946e-38
9.804370659727267644e-06 4.344827586206896797e+01 4.305848096549975543e-38
1.550821073383975258e-05 4.344827586206896797e+01 5.500213623275601771e-38
2.453034554814278694e-05 4.344827586206896797e+01 7.032084084424661712e-38
3.880124296984591311e-05 4.344827586206896797e+01 8.999236167531192729e-38
6.137444957920709968e-05 4.344827586206896797e+01 1.162493788608877348e-37
9.707995860024360021e-05 4.344827586206896797e+01 1.511621687743809514e-37
1.535576844507935347e-04 4.344827586206896797e+01 1.973805801269572235e-37
2.428921766539596401e-04 4.344827586206896797e+01 2.597125037669535721e-37
3.841983531511471432e-04 4.344827586206896797e+01 3.451639541983621158e-37
6.077115228554525470e-04 4.344827586206896797e+01 4.592464252716463169e-37
9.612568403332068419e-04 4.344827586206896797e+01 6.155688949260367155e-37
1.520482463037256191e-03 4.344827586206896797e+01 8.141516419277484594e-37
2.405046001651820267e-03 4.344827586206896797e+01 1.059453664946641035e-36
3.804217681345061462e-03 4.344827586206896797e+01 1.329836576077955201e-36
6.017378527112885768e-03 4.344827586206896797e+01 1.594006826982766945e-36
9.518078977477662309e-03 4.344827586206896797e+01 1.818767172160030697e-36
1.505536456005016586e-02 4.344827586206896797e+01 2.002358104551947866e-36
2.381404930263371703e-02 4.344827586206896797e+01 2.172636062126503578e-36
3.766823061150634255e-02 4.344827586206896797e+01 2.391146324662896994e-36
5.958229024262175905e-02 4.344827586206896797e+01 2.704660229001048104e-36
9.424518361825032220e-02 4.344827586206896797e+01 3.270790941318163428e-36
1.490737364923232500e-01 4.344827586206896797e+01 4.408297962287503264e-36
2.357996245388948031e-01 4.344827586206896797e+01 7.253939762577552384e-36
3.729796021819513641e-01 4.344827586206896797e+01 2.933159781266388384e-35
5.899660947969835867e-01 4.344827586206896797e+01 0.000000000000000000e+00
9.999999999999999547e-08 4.965517241379310320e+01 4.597259815508850973e-39
1.581765038478375206e-07 4.965517241379310320e+01 5.790709253437809924e-39
2.501980636952495318e-07 4.965517241379310320e+01 7.288366180375435826e-39
3.957545498481313547e-07 4.965517241379310320e+01 9.207423423248378683e-39
6.259907107685227244e-07 4.965517241379310320e+01 1.157592495491975758e-38
9.901702207058776949e-07 4.965517241379310320e+01 1.460267235371997018e-38
1.566216637254973893e-06 4.965517241379310320e+01 1.842784943520155791e-38
2.477386719493084971e-06 4.965517241379310320e+01 2.331518965222599542e-38
3.918643699684795082e-06 4.965517241379310320e+01 2.949715794062150653e-38
6.198373602414974549e-06 4.965517241379310320e+01 3.743080804726290058e-38
9.804370659727267644e-06 4.965517241379310320e+01 4.752625754043148153e-38
1.550821073383975258e-05 4.965517241379310320e+01 6.034520335850318544e-38
2.453034554814278694e-05 4.965517241379310320e+01 7.704826708219769434e-38
3.880124296984591311e-05 4.965517241379310320e+01 9.884802091347781673e-38
6.137444957920709968e-05 4.965517241379310320e+01 1.268635791620622141e-37
9.707995860024360021e-05 4.965517241379310320e+01 1.640790335701110993e-37
1.535576844507935347e-04 4.965517241379310320e+01 2.128402396054725797e-37
2.428921766539596401e-04 4.965517241379310320e+01 2.779808888882373214e-37
3.841983531511471432e-04 4.965517241379310320e+01 3.636696333652278690e-37
6.077115228554525470e-04 4.965517241379310320e+01 4.787044418760202469e-37
9.612568403332068419e-04 4.965517241379310320e+01 6.259065080180626172e-37
1.520482463037256191e-03 4.965517241379310320e+01 8.118957289227607763e-37
2.405046001651820267e-03 4.965517241379310320e+01 1.022983708905417314e-36
3.804217681345061462e-03 4.965517241379310320e+01 1.242625224701566444e-36
6.017378527112885768e-03 4.965517241379310320e+01 1.445684215878150265e-36
9.518078977477662309e-03 4.965517241379310320e+01 1.612699394042699934e-36
1.505536456005016586e-02 4.965517241379310320e+01 1.757181350979804993e-36
2.381404930263371703e-02 4.965517241379310320e+01 1.896977912716131322e-36
3.766823061150634255e-02 4.965517241379310320e+01 2.070505334382954832e-36
5.958229024262175905e-02 4.965517241379310320e+01 2.340272209142978711e-36
9.424518361825032220e-02 4.965517241379310320e+01 2.824553403963909578e-36
1.490737364923232500e-01 4.965517241379310320e+01 3.818477893557993843e-36
2.357996245388948031e-01 4.965517241379310320e+01 6.229176030961000861e-36
3.729796021819513641e-01 4.965517241379310320e+01 4.839568502887047123e-35
5.899660947969835867e-01 4.965517241379310320e+01 0.000000000000000000e+00
9.999999999999999547e-08 5.586206896551724554e+01 4.980755694493652581e-39
1.581765038478375206e-07 5.586206896551724554e+01 6.279167885731923558e-39
2.501980636952495318e-07 5.586206896551724554e+01 7.916495099070734716e-39
3.957545498481313547e-07 5.586206896551724554e+01 9.962939003815896339e-39
6.259907107685227244e-07 5.586206896551724554e+01 1.254582716883296119e-38
9.901702207058776949e-07 5.586206896551724554e+01 1.584085553506788260e-38
1.566216637254973893e-06 5.586206896551724554e+01 2.001225183296423434e-38
2.477386719493084971e-06 5.586206896551724554e+01 2.527797733385907868e-38
3.918643699684795082e-06 5.586206896551724554e+01 3.191676372716119089e-38
6.198373602414974549e-06 5.586206896551724554e+01 4.041229193547643647e-38
9.804370659727267644e-06 5.586206896551724554e+01 5.122182211989311690e-38
1.550821073383975258e-05 5.586206896551724554e+01 6.499735384794436105e-38
2.453034554814278694e-05 5.586206896551724554e+01 8.282155437098046422e-38
3.880124296984591311e-05 5.586206896551724554e+01 1.056549958537963486e-37
6.137444957920709968e-05 5.586206896551724554e+01 1.353213655602029728e-37
9.707995860024360021e-05 5.586206896551724554e+01 1.737770737376457644e-37
1.535576844507935347e-04 5.586206896551724554e+01 2.245120364348693068e-37
2.428921766539596401e-04 5.586206896551724554e+01 2.896595728748728855e-37
3.841983531511471432e-04 5.586206896551724554e+01 3.762026568396599386e-37
6.077115228554525470e-04 5.586206896551724554e+01 4.868898877739613956e-37
9.612568403332068419e-04 5.586206896551724554e+01 6.249232112322241682e-37
1.520482463037256191e-03 5.586206896551724554e+01 7.891217740790036256e-37
2.405046001651820267e-03 5.586206896551724554e+01 9.690253688772815101e-37
3.804217681345061462e-03 5.586206896551724554e+01 1.150965651229151209e-36
6.017378527112885768e-03 5.586206896551724554e+01 1.311404853899087537e-36
9.518078977477662309e-03 5.586206896551724554e+01 1.437335548629680842e-36
1.505536456005016586e-02 5.586206896551724554e+01 1.550162610641942020e-36
2.381404930263371703e-02 5.586206896551724554e+01 1.667704417166129111e-36
3.766823061150634255e-02 5.586206896551724554e+01 1.812243638436871808e-36
5.958229024262175905e-02 5.586206896551724554e+01 2.051361239605331590e-36
9.424518361825032220e-02 5.586206896551724554e+01 2.474733137429553924e-36
1.490737364923232500e-01 5.586206896551724554e+01 3.358386826566927484e-36
2.357996245388948031e-01 5.586206896551724554e+01 5.382301141554834109e-36
3.729796021819513641e-01 5.586206896551724554e+01 7.291746733856773112e-35
5.899660947969835867e-01 5.586206896551724554e+01 0.000000000000000000e+00
9.999999999999999547e-08 6.206896551724138078e+01 5.321613225784215593e-39
1.581765038478375206e-07 6.206896551724138078e+01 6.697494120084569031e-39
2.501980636952495318e-07 6.206896551724138078e+01 8.422943891410629965e-39
3.957545498481313547e-07 6.206896551724138078e+01 1.061974541325306093e-38
6.259907107685227244e-07 6.206896551724138078e+01 1.336475022672541265e-38
9.901702207058776949e-07 6.206896551724138078e+01 1.686416336216054817e-38
1.566216637254973893e-06 6.206896551724138078e+01 2.127363378127395890e-38
2.477386719493084971e-06 6.206896551724138078e+01 2.684751131518977411e-38
3.918643699684795082e-06 6.206896551724138078e+01 3.395565877360846700e-38
6.198373602414974549e-06 6.206896551724138078e+01 4.292757888211948449e-38
9.804370659727267644e-06 6.206896551724138078e+01 5.434091351330737865e-38
1.550821073383975258e-05 6.206896551724138078e+01 6.882461000996755985e-38
2.453034554814278694e-05 6.206896551724138078e+01 8.734813704391793619e-38
3.880124296984591311e-05 6.206896551724138078e+01 1.112174178869224383e-37
6.137444957920709968e-05 6.206896551724138078e+01 1.418422446174844129e-37
9.707995860024360021e-05 6.206896551724138078e+01 1.811682717210789168e-37
1.535576844507935347e-04 6.206896551724138078e+01 2.324860277250796481e-37
2.428921766539596401e-04 6.206896551724138078e+01 2.980307532558071832e-37
3.841983531511471432e-04 6.206896551724138078e+01 3.817690994019452627e-37
6.077115228554525470e-04 6.206896551724138078e+01 4.871062598052748531e-37
9.612568403332068419e-04 6.206896551724138078e+01 6.144601416873211033e-37
1.520482463037256191e-03 6.206896551724138078e+01 7.589990679999967083e-37
2.405046001651820267e-03 6.206896551724138078e+01 9.109919832915220201e-37
3.804217681345061462e-03 6.206896551724138078e+01 1.060290099207523285e-36
6.017378527112885768e-03 6.206896551724138078e+01 1.184116387165212065e-36
9.518078977477662309e-03 6.206896551724138078e+01 1.286040084161159493e-36
1.505536456005016586e-02 6.206896551724138078e+01 1.377731798328990495e-36
2.381404930263371703e-02 6.206896551724138078e+01 1.473001372368034081e-36
3.766823061150634255e-02 6.206896551724138078e+01 1.601674297275967208e-36
5.958229024262175905e-02 6.206896551724138078e+01 1.805976278855326212e-36
9.424518361825032220e-02 6.206896551724138078e+01 2.177361661867332054e-36
1.490737364923232500e-01 6.206896551724138078e+01 2.980832833372092589e-36
2.357996245388948031e-01 6.206896551724138078e+01 4.677086599656493591e-36
3.729796021819513641e-01 6.206896551724138078e+01 8.647585682873014146e-35
5.899660947969835867e-01 6.206896551724138078e+01 0.000000000000000000e+00
9.999999999999999547e-08 6.827586206896552312e+01 5.591094777804674280e-39
1.581765038478375206e-07 6.827586206896552312e+01 7.026193400176764898e-39
2.501980636952495318e-07 6.827586206896552312e+01 8.879261728108545229e-39
3.957545498481313547e-07 6.827586206896552312e+01 1.113368049003744579e-38
6.259907107685227244e-07 6.827586206896552312e+01 1.402437556192054005e-38
9.901702207058776949e-07 6.827586206896552312e+01 1.767467056568332439e-38
1.566216637254973893e-06 6.827586206896552312e+01 2.226874909806970810e-38
2.477386719493084971e-06 6.827586206896552312e+01 2.808563598489842569e-38
3.918643699684795082e-06 6.827586206896552312e+01 3.545768472036860992e-38
6.198373602414974549e-06 6.827586206896552312e+01 4.473259039590934690e-38
9.804370659727267644e-06 6.827586206896552312e+01 5.667717918956273244e-38
1.550821073383975258e-05 6.827586206896552312e+01 7.165451116141730836e-38
2.453034554814278694e-05 6.827586206896552312e+01 9.082328535903905412e-38
3.880124296984591311e-05 6.827586206896552312e+01 1.151335765507829816e-37
6.137444957920709968e-05 6.827586206896552312e+01 1.460940984561728981e-37
9.707995860024360021e-05 6.827586206896552312e+01 1.860089952646383633e-37
1.535576844507935347e-04 6.827586206896552312e+01 2.369880972884622470e-37
2.428921766539596401e-04 6.827586206896552312e+01 3.005167086480879326e-37
3.841983531511471432e-04 6.827586206896552312e+01 3.807385336725995207e-37
6.077115228554525470e-04 6.827586206896552312e+01 4.788304720828546289e-37
9.612568403332068419e-04 6.827586206896552312e+01 5.956545402982636766e-37
1.520482463037256191e-03 6.827586206896552312e+01 7.214574203285500367e-37
2.405046001651820267e-03 6.827586206896552312e+01 8.521395334235868590e-37
3.804217681345061462e-03 6.827586206896552312e+01 9.754297317023113550e-37
6.017378527112885768e-03 6.827586206896552312e+01 1.075023563250824909e-36
9.518078977477662309e-03 6.827586206896552312e+01 1.155774732226005998e-36
1.505536456005016586e-02 6.827586206896552312e+01 1.233170028271610936e-36
2.381404930263371703e-02 6.827586206896552312e+01 1.311240196415821339e-36
3.766823061150634255e-02 6.827586206896552312e+01 1.423449738858693716e-36
5.958229024262175905e-02 6.827586206896552312e+01 1.609846022540577929e-36
9.424518361825032220e-02 6.827586206896552312e+01 1.944639001310129836e-36
1.490737364923232500e-01 6.827586206896552312e+01 2.654918692927367029e-36
2.357996245388948031e-01 6.827586206896552312e+01 4.144138348663343488e-36
3.729796021819513641e-01 6.827586206896552312e+01 8.048251790068070026e-35
5.899660947969835867e-01 6.827586206896552312e+01 0.000000000000000000e+00
9.999999999999999547e-08 7.448275862068965125e+01 5.778496550851277661e-39
1.581765038478375206e-07 7.448275862068965125e+01 7.278507649553700705e-39
2.501980636952495318e-07 7.448275862068965125e+01 9.188321472064222001e-39
3.957545498481313547e-07 7.448275862068965125e+01 1.155828702893018406e-38
6.259907107685227244e-07 7.448275862068965125e+01 1.454076881559506678e-38
9.901702207058776949e-07 7.448275862068965125e+01 1.830051463107660090e-38
1.566216637254973893e-06 7.448275862068965125e+01 2.306743015752515745e-38
2.477386719493084971e-06 7.448275862068965125e+01 2.904723788013904716e-38
3.918643699684795082e-06 7.448275862068965125e+01 3.666638489643478756e-38
6.198373602414974549e-06 7.448275862068965125e+01 4.624890226252481154e-38
9.804370659727267644e-06 7.448275862068965125e+01 5.814926621510011981e-38
1.550821073383975258e-05 7.448275862068965125e+01 7.356214049261495805e-38
2.453034554814278694e-05 7.448275862068965125e+01 9.315827024165536151e-38
3.880124296984591311e-05 7.448275862068965125e+01 1.175594430342570551e-37
6.137444957920709968e-05 7.448275862068965125e+01 1.486634405872135688e-37
9.707995860024360021e-05 7.448275862068965125e+01 1.882868262854832497e-37
1.535576844507935347e-04 7.448275862068965125e+01 2.374627176751349544e-37
2.428921766539596401e-04 7.448275862068965125e+01 2.989642995594773320e-37
3.841983531511471432e-04 7.448275862068965125e+01 3.757973788203238469e-37
6.077115228554525470e-04 7.448275862068965125e+01 4.666388423664317154e-37
9.612568403332068419e-04 7.448275862068965125e+01 5.706953739828722517e-37
1.520482463037256191e-03 7.448275862068965125e+01 6.809970894824397072e-37
2.405046001651820267e-03 7.448275862068965125e+01 7.923952695909049919e-37
3.804217681345061462e-03 7.448275862068965125e+01 8.930764512092874888e-37
6.017378527112885768e-03 7.448275862068965125e+01 9.777101650726485073e-37
9.518078977477662309e-03 7.448275862068965125e+01 1.045480995310964498e-36
1.505536456005016586e-02 7.448275862068965125e+01 1.105075086292671262e-36
2.381404930263371703e-02 7.448275862068965125e+01 1.172291021468112369e-36
3.766823061150634255e-02 7.448275862068965125e+01 1.276270163693257880e-36
5.958229024262175905e-02 7.448275862068965125e+01 1.436283197620566171e-36
9.424518361825032220e-02 7.448275862068965125e+01 1.737674142581917591e-36
1.490737364923232500e-01 7.448275862068965125e+01 2.369235774027405963e-36
2.357996245388948031e-01 7.448275862068965125e+01 3.977580504080732517e-36
3.729796021819513641e-01 7.448275862068965125e+01 6.417926077074196963e-35
5.899660947969835867e-01 7.448275862068965125e+01 0.000000000000000000e+00
9.999999999999999547e-08 8.068965517241380780e+01 5.935379766480321887e-39
1.581765038478375206e-07 8.068965517241380780e+01 7.464380048747647567e-39
2.501980636952495318e-07 8.068965517241380780e+01 9.386030310507939834e-39
3.957545498481313547e-07 8.068965517241380780e+01 1.179653034633088707e-38
6.259907107685227244e-07 8.068965517241380780e+01 1.485365141951764814e-38
9.901702207058776949e-07 8.068965517241380780e+01 1.869216167808773229e-38
1.566216637254973893e-06 8.068965517241380780e+01 2.352987559599524243e-38
2.477386719493084971e-06 8.068965517241380780e+01 2.960517633099751512e-38
3.918643699684795082e-06 8.068965517241380780e+01 3.722507138196314845e-38
6.198373602414974549e-06 8.068965517241380780e+01 4.699414482020789019e-38
9.804370659727267644e-06 8.068965517241380780e+01 5.926259207012717427e-38
1.550821073383975258e-05 8.068965517241380780e+01 7.466755390166284529e-38
2.453034554814278694e-05 8.068965517241380780e+01 9.385174314962153121e-38
3.880124296984591311e-05 8.068965517241380780e+01 1.184926193340002080e-37
6.137444957920709968e-05 8.068965517241380780e+01 1.494299165343282919e-37
9.707995860024360021e-05 8.068965517241380780e+01 1.877357115074323356e-37
1.535576844507935347e-04 8.068965517241380780e+01 2.356111324991607881e-37
2.428921766539596401e-04 8.068965517241380780e+01 2.939469711156206097e-37
3.841983531511471432e-04 8.068965517241380780e+01 3.653141334463972887e-37
6.077115228554525470e-04 8.068965517241380780e+01 4.489708744190894821e-37
9.612568403332068419e-04 8.068965517241380780e+01 5.424576516598409802e-37
1.520482463037256191e-03 8.068965517241380780e+01 6.390941828777232276e-37
2.405046001651820267e-03 8.068965517241380780e+01 7.323501652547721734e-37
3.804217681345061462e-03 8.068965517241380780e+01 8.156245790798640421e-37
6.017378527112885768e-03 8.068965517241380780e+01 8.839106369433120227e-37
9.518078977477662309e-03 8.068965517241380780e+01 9.426756096500843406e-37
1.505536456005016586e-02 8.068965517241380780e+01 9.948175498267171150e-37
2.381404930263371703e-02 8.068965517241380780e+01 1.052900012779568433e-36
3.766823061150634255e-02 8.068965517241380780e+01 1.141562183007734624e-36
5.958229024262175905e-02 8.068965517241380780e+01 1.287158916919657031e-36
9.424518361825032220e-02 8.068965517241380780e+01 1.560855644154677065e-36
1.490737364923232500e-01 8.068965517241380780e+01 2.119191316139321720e-36
2.357996245388948031e-01 8.068965517241380780e+01 4.504202131080709953e-36
3.729796021819513641e-01 8.068965517241380780e+01 4.841178317772089479e-35
5.899660947969835867e-01 8.068965517241380780e+01 0.000000000000000000e+00
9.999999999999999547e-08 8.689655172413793593e+01 5.998603656387942198e-39
1.581765038478375206e-07 8.689655172413793593e+01 7.533488278667686325e-39
2.501980636952495318e-07 8.689655172413793593e+01 9.483070529619519079e-39
3.957545498481313547e-07 8.689655172413793593e+01 1.193749317689141311e-38
6.259907107685227244e-07 8.689655172413793593e+01 1.500352475897882683e-38
9.901702207058776949e-07 8.689655172413793593e+01 1.885682772374162927e-38
1.566216637254973893e-06 8.689655172413793593e+01 2.375735016025834515e-38
2.477386719493084971e-06 8.689655172413793593e+01 2.987232337469086273e-38
3.918643699684795082e-06 8.689655172413793593e+01 3.757482301788877206e-38
6.198373602414974549e-06 8.689655172413793593e+01 4.735318856351246909e-38
9.804370659727267644e-06 8.689655172413793593e+01 5.938945834331942116e-38
1.550821073383975258e-05 8.689655172413793593e+01 7.473532727149955216e-38
2.453034554814278694e-05 8.689655172413793593e+01 9.402834692118572432e-38
3.880124296984591311e-05 8.689655172413793593e+01 1.179700621747375719e-37
6.137444957920709968e-05 8.689655172413793593e+01 1.480678320566285041e-37
9.707995860024360021e-05 8.689655172413793593e+01 1.853040276556341215e-37
1.535576844507935347e-04 8.689655172413793593e+01 2.310549858750020754e-37
2.428921766539596401e-04 8.689655172413793593e+01 2.860596871791392124e-37
3.841983531511471432e-04 8.689655172413793593e+01 3.520496043265607272e-37
6.077115228554525470e-04 8.689655172413793593e+01 4.281195145164704429e-37
9.612568403332068419e-04 8.689655172413793593e+01 5.111285542370063770e-37
1.520482463037256191e-03 8.689655172413793593e+01 5.944409905183036300e-37
2.405046001651820267e-03 8.689655172413793593e+01 6.761451233933854052e-37
3.804217681345061462e-03 8.689655172413793593e+01 7.435420698708754676e-37
6.017378527112885768e-03 8.689655172413793593e+01 7.997589151077714941e-37
9.518078977477662309e-03 8.689655172413793593e+01 8.488360459316944056e-37
1.505536456005016586e-02 8.689655172413793593e+01 8.932832267445067740e-37
2.381404930263371703e-02 8.689655172413793593e+01 9.466901173364496807e-37
3.766823061150634255e-02 8.689655172413793593e+01 1.026566201395057447e-36
5.958229024262175905e-02 8.689655172413793593e+01 1.156185086610079593e-36
9.424518361825032220e-02 8.689655172413793593e+01 1.407132150291862684e-36
1.490737364923232500e-01 8.689655172413793593e+01 1.888644401821233285e-36
2.357996245388948031e-01 8.689655172413793593e+01 5.757462529950034996e-36
3.729796021819513641e-01 8.689655172413793593e+01 3.488340038198206108e-35
5.899660947969835867e-01 8.689655172413793593e+01 0.000000000000000000e+00
9.999999999999999547e-08 9.310344827586206407e+01 5.989912346479516434e-39
1.581765038478375206e-07 9.310344827586206407e+01 7.531397860714634448e-39
2.501980636952495318e-07 9.310344827586206407e+01 9.485679042369568138e-39
3.957545498481313547e-07 9.310344827586206407e+01 1.191062714889585431e-38
6.259907107685227244e-07 9.310344827586206407e+01 1.496219979613357563e-38
9.901702207058776949e-07 9.310344827586206407e+01 1.884168671048733062e-38
1.566216637254973893e-06 9.310344827586206407e+01 2.363614801631323689e-38
2.477386719493084971e-06 9.310344827586206407e+01 2.978541439545291044e-38
3.918643699684795082e-06 9.310344827586206407e+01 3.737930791905467453e-38
6.198373602414974549e-06 9.310344827586206407e+01 4.700586120320494016e-38
9.804370659727267644e-06 9.310344827586206407e+01 5.896298856726739260e-38
1.550821073383975258e-05 9.310344827586206407e+01 7.418703986249844796e-38
2.453034554814278694e-05 9.310344827586206407e+01 9.281898003296396370e-38
3.880124296984591311e-05 9.310344827586206407e+01 1.159490059009750486e-37
6.137444957920709968e-05 9.310344827586206407e+01 1.450900527456436159e-37
9.707995860024360021e-05 9.310344827586206407e+01 1.804691882310319002e-37
1.535576844507935347e-04 9.310344827586206407e+01 2.240200130068159120e-37
2.428921766539596401e-04 9.310344827586206407e+01 2.756675549980765566e-37
3.841983531511471432e-04 9.310344827586206407e+01 3.363133128500783510e-37
6.077115228554525470e-04 9.310344827586206407e+01 4.049769539633857020e-37
9.612568403332068419e-04 9.310344827586206407e+01 4.784326234819135603e-37
1.520482463037256191e-03 9.310344827586206407e+01 5.517415845418754754e-37
2.405046001651820267e-03 9.310344827586206407e+01 6.197215270474917966e-37
3.804217681345061462e-03 9.310344827586206407e+01 6.792034988880496721e-37
6.017378527112885768e-03 9.310344827586206407e+01 7.253805412732916399e-37
9.518078977477662309e-03 9.310344827586206407e+01 7.645945376976998632e-37
1.505536456005016586e-02 9.310344827586206407e+01 8.032189475808200880e-37
2.381404930263371703e-02 9.310344827586206407e+01 8.509832878105165464e-37
3.766823061150634255e-02 9.310344827586206407e+01 9.213775146628743988e-37
5.958229024262175905e-02 9.310344827586206407e+01 1.039751991616057850e-36
9.424518361825032220e-02 9.310344827586206407e+01 1.266081257397364496e-36
1.490737364923232500e-01 9.310344827586206407e+01 1.684540905671782952e-36
2.357996245388948031e-01 9.310344827586206407e+01 7.650741171325855258e-36
3.729796021819513641e-01 9.310344827586206407e+01 2.381548083133406216e-35
5.899660947969835867e-01 9.310344827586206407e+01 0.000000000000000000e+00
9.999999999999999547e-08 9.931034482758620641e+01 5.920265170697041213e-39
1.581765038478375206e-07 9.931034482758620641e+01 7.437578064743060864e-39
2.501980636952495318e-07 9.931034482758620641e+01 9.345677859133449529e-39
3.957545498481313547e-07 9.931034482758620641e+01 1.173572864022216686e-38
6.259907107685227244e-07 9.931034482758620641e+01 1.479071583247720770e-38
9.901702207058776949e-07 9.931034482758620641e+01 1.856894287176526155e-38
1.566216637254973893e-06 9.931034482758620641e+01 2.330379971209618233e-38
2.477386719493084971e-06 9.931034482758620641e+01 2.931724822332700649e-38
3.918643699684795082e-06 9.931034482758620641e+01 3.678775696837923529e-38
6.198373602414974549e-06 9.931034482758620641e+01 4.609002445279990919e-38
9.804370659727267644e-06 9.931034482758620641e+01 5.783541773294707283e-38
1.550821073383975258e-05 9.931034482758620641e+01 7.237632667161626919e-38
2.453034554814278694e-05 9.931034482758620641e+01 9.040572200266337649e-38
3.880124296984591311e-05 9.931034482758620641e+01 1.131957154197087159e-37
6.137444957920709968e-05 9.931034482758620641e+01 1.406438311970839573e-37
9.707995860024360021e-05 9.931034482758620641e+01 1.743858814269341157e-37
1.535576844507935347e-04 9.931034482758620641e+01 2.147016309737651112e-37
2.428921766539596401e-04 9.931034482758620641e+01 2.629058226906990629e-37
3.841983531511471432e-04 9.931034482758620641e+01 3.179188630045736137e-37
6.077115228554525470e-04 9.931034482758620641e+01 3.802107409665827827e-37
9.612568403332068419e-04 9.931034482758620641e+01 4.439131334319564778e-37
1.520482463037256191e-03 9.931034482758620641e+01 5.076063864364796817e-37
2.405046001651820267e-03 9.931034482758620641e+01 5.665978954417676851e-37
3.804217681345061462e-03 9.931034482758620641e+01 6.146789036947232472e-37
6.017378527112885768e-03 9.931034482758620641e+01 6.568508217342245837e-37
9.518078977477662309e-03 9.931034482758620641e+01 6.869433107563701079e-37
1.505536456005016586e-02 9.931034482758620641e+01 7.235306195564921160e-37
2.381404930263371703e-02 9.931034482758620641e+01 7.652594184707485072e-37
3.766823061150634255e-02 9.931034482758620641e+01 8.290597527384875816e-37
5.958229024262175905e-02 9.931034482758620641e+01 9.327598877286560649e-37
9.424518361825032220e-02 9.931034482758620641e+01 1.142737228356871202e-36
1.490737364923232500e-01 9.931034482758620641e+01 1.492587543705124949e-36
2.357996245388948031e-01 9.931034482758620641e+01 9.768375106916860711e-36
3.729796021819513641e-01 9.931034482758620641e+01 1.578032345162300393e-35
5.899660947969835867e-01 9.931034482758620641e+01 0.000000000000000000e+00
9.999999999999999547e-08 1.055172413793103630e+02 5.775418201663810210e-39
1.581765038478375206e-07 1.055172413793103630e+02 7.250649976901341565e-39
2.501980636952495318e-07 1.055172413793103630e+02 9.101747617779728185e-39
3.957545498481313547e-07 1.055172413793103630e+02 1.144434592476551571e-38
6.259907107685227244e-07 1.055172413793103630e+02 1.436826097800140215e-38
9.901702207058776949e-07 1.055172413793103630e+02 1.807005539915768522e-38
1.566216637254973893e-06 1.055172413793103630e+02 2.267663041625348572e-38
2.477386719493084971e-06 1.055172413793103630e+02 2.855291668855380001e-38
3.918643699684795082e-06 1.055172413793103630e+02 3.571136738344552237e-38
6.198373602414974549e-06 1.055172413793103630e+02 4.467353597567478398e-38
9.804370659727267644e-06 1.055172413793103630e+02 5.600846642585442366e-38
1.550821073383975258e-05 1.055172413793103630e+02 7.009651352374391506e-38
2.453034554814278694e-05 1.055172413793103630e+02 8.746774323651457000e-38
3.880124296984591311e-05 1.055172413793103630e+02 1.088716500394431968e-37
6.137444957920709968e-05 1.055172413793103630e+02 1.350561329524910717e-37
9.707995860024360021e-05 1.055172413793103630e+02 1.665276965255546120e-37
1.535576844507935347e-04 1.055172413793103630e+02 2.042751794369535262e-37
2.428921766539596401e-04 1.055172413793103630e+02 2.480282432691700046e-37
3.841983531511471432e-04 1.055172413793103630e+02 2.976590557025843821e-37
6.077115228554525470e-04 1.055172413793103630e+02 3.531072183768863652e-37
9.612568403332068419e-04 1.055172413793103630e+02 4.088930158246854678e-37
1.520482463037256191e-03 1.055172413793103630e+02 4.643937470080350463e-37
2.405046001651820267e-03 1.055172413793103630e+02 5.148101259693062257e-37
3.804217681345061462e-03 1.055172413793103630e+02 5.556920189868860774e-37
6.017378527112885768e-03 1.055172413793103630e+02 5.889803446217560266e-37
9.518078977477662309e-03 1.055172413793103630e+02 6.198930883684062933e-37
1.505536456005016586e-02 1.055172413793103630e+02 6.493435769247842689e-37
2.381404930263371703e-02 1.055172413793103630e+02 6.860775637214048568e-37
3.766823061150634255e-02 1.055172413793103630e+02 7.421070912507198931e-37
5.958229024262175905e-02 1.055172413793103630e+02 8.375893827272570370e-37
9.424518361825032220e-02 1.055172413793103630e+02 1.025017867189513053e-36
1.490737364923232500e-01 1.055172413793103630e+02 1.325824950263262216e-36
2.357996245388948031e-01 1.055172413793103630e+02 1.158770401503843523e-35
3.729796021819513641e-01 1.055172413793103630e+02 1.013266797590708677e-35
5.899660947969835867e-01 1.055172413793103630e+02 0.000000000000000000e+00
9.999999999999999547e-08 1.117241379310344911e+02 5.564455171233613681e-39
1.581765038478375206e-07 1.117241379310344911e+02 6.975405998894059857e-39
2.501980636952495318e-07 1.117241379310344911e+02 8.777322140279581207e-39
3.957545498481313547e-07 1.117241379310344911e+02 1.102237724831351506e-38
6.259907107685227244e-07 1.117241379310344911e+02 1.383186064256369319e-38
9.901702207058776949e-07 1.117241379310344911e+02 1.739683997951285528e-38
1.566216637254973893e-06 1.117241379310344911e+02 2.185221642098925343e-38
2.477386719493084971e-06 1.117241379310344911e+02 2.729372750023484535e-38
3.918643699684795082e-06 1.117241379310344911e+02 3.428930127147324949e-38
6.198373602414974549e-06 1.117241379310344911e+02 4.296258865188856417e-38
9.804370659727267644e-06 1.117241379310344911e+02 5.360737192941101409e-38
1.550821073383975258e-05 1.117241379310344911e+02 6.690500831255624975e-38
2.453034554814278694e-05 1.117241379310344911e+02 8.318156145850269601e-38
3.880124296984591311e-05 1.117241379310344911e+02 1.034199277610072972e-37
6.137444957920709968e-05 1.117241379310344911e+02 1.276051565822060850e-37
9.707995860024360021e-05 1.117241379310344911e+02 1.569327705089323983e-37
1.535576844507935347e-04 1.117241379310344911e+02 1.916492247444277297e-37
2.428921766539596401e-04 1.117241379310344911e+02 2.318371184212250551e-37
3.841983531511471432e-04 1.117241379310344911e+02 2.762990713648614420e-37
6.077115228554525470e-04 1.117241379310344911e+02 3.247306000363685388e-37
9.612568403332068419e-04 1.117241379310344911e+02 3.743410973140782430e-37
1.520482463037256191e-03 1.117241379310344911e+02 4.215830996296687814e-37
2.405046001651820267e-03 1.117241379310344911e+02 4.640508989106277470e-37
3.804217681345061462e-03 1.117241379310344911e+02 4.982376916081218990e-37
6.017378527112885768e-03 1.117241379310344911e+02 5.283455753907717219e-37
9.518078977477662309e-03 1.117241379310344911e+02 5.533210734595418551e-37
1.505536456005016586e-02 1.117241379310344911e+02 5.790627149727058643e-37
2.381404930263371703e-02 1.117241379310344911e+02 6.129006775992734387e-37
3.766823061150634255e-02 1.117241379310344911e+02 6.617381628700641789e-37
5.958229024262175905e-02 1.117241379310344911e+02 7.515190976198468770e-37
9.424518361825032220e-02 1.117241379310344911e+02 9.168780899166544038e-37
1.490737364923232500e-01 1.117241379310344911e+02 1.178110075252504351e-36
2.357996245388948031e-01 1.117241379310344911e+02 1.266625377793998002e-35
3.729796021819513641e-01 1.117241379310344911e+02 6.069498097458291877e-36
5.899660947969835867e-01 1.117241379310344911e+02 0.000000000000000000e+00
9.999999999999999547e-08 1.179310344827586192e+02 5.271991355521784046e-39
1.581765038478375206e-07 1.179310344827586192e+02 6.652696533963426865e-39
2.501980636952495318e-07 1.179310344827586192e+02 8.326369065325459802e-39
3.957545498481313547e-07 1.179310344827586192e+02 1.047499990890788256e-38
6.259907107685227244e-07 1.179310344827586192e+02 1.315171189422383520e-38
9.901702207058776949e-07 1.179310344827586192e+02 1.647951375530543903e-38
1.566216637254973893e-06 1.179310344827586192e+02 2.069585370561266551e-38
2.477386719493084971e-06 1.179310344827586192e+02 2.592775831046167414e-38
3.918643699684795082e-06 1.179310344827586192e+02 3.248398894082938989e-38
6.198373602414974549e-06 1.179310344827586192e+02 4.061288146015560374e-38
9.804370659727267644e-06 1.179310344827586192e+02 5.056036737864629166e-38
1.550821073383975258e-05 1.179310344827586192e+02 6.304058976164470645e-38
2.453034554814278694e-05 1.179310344827586192e+02 7.839442707847237652e-38
3.880124296984591311e-05 1.179310344827586192e+02 9.700455756988831066e-38
6.137444957920709968e-05 1.179310344827586192e+02 1.195771530705883212e-37
9.707995860024360021e-05 1.179310344827586192e+02 1.465334308704322303e-37
1.535576844507935347e-04 1.179310344827586192e+02 1.776764691254567886e-37
2.428921766539596401e-04 1.179310344827586192e+02 2.133745312542164232e-37
3.841983531511471432e-04 1.179310344827586192e+02 2.529993345907690452e-37
6.077115228554525470e-04 1.179310344827586192e+02 2.963128179775837366e-37
9.612568403332068419e-04 1.179310344827586192e+02 3.389251153726317682e-37
1.520482463037256191e-03 1.179310344827586192e+02 3.790765522940038761e-37
2.405046001651820267e-03 1.179310344827586192e+02 4.165955360015257356e-37
3.804217681345061462e-03 1.179310344827586192e+02 4.471887587909867510e-37
6.017378527112885768e-03 1.179310344827586192e+02 4.712413719068516770e-37
9.518078977477662309e-03 1.179310344827586192e+02 4.922807977152625228e-37
1.505536456005016586e-02 1.179310344827586192e+02 5.144419941557773310e-37
2.381404930263371703e-02 1.179310344827586192e+02 5.444408898043079587e-37
3.766823061150634255e-02 1.179310344827586192e+02 5.893459142069295961e-37
5.958229024262175905e-02 1.179310344827586192e+02 6.671616285100669534e-37
9.424518361825032220e-02 1.179310344827586192e+02 8.150211058199888119e-37
1.490737364923232500e-01 1.179310344827586192e+02 1.050161132227160909e-36
2.357996245388948031e-01 1.179310344827586192e+02 1.277567029553470649e-35
3.729796021819513641e-01 1.179310344827586192e+02 3.401287395904852053e-36
5.899660947969835867e-01 1.179310344827586192e+02 0.000000000000000000e+00
9.999999999999999547e-08 1.241379310344827616e+02 4.955495185490503242e-39
1.581765038478375206e-07 1.241379310344827616e+02 6.203321537066492863e-39
2.501980636952495318e-07 1.241379310344827616e+02 7.798321912284914018e-39
3.957545498481313547e-07 1.241379310344827616e+02 9.782909003535898115e-39
6.259907107685227244e-07 1.241379310344827616e+02 1.228978105551060299e-38
9.901702207058776949e-07 1.241379310344827616e+02 1.540996474442423188e-38
1.566216637254973893e-06 1.241379310344827616e+02 1.936534658948258613e-38
2.477386719493084971e-06 1.241379310344827616e+02 2.417529572247258924e-38
3.918643699684795082e-06 1.241379310344827616e+02 3.031450526657868880e-38
6.198373602414974549e-06 1.241379310344827616e+02 3.780980706265710198e-38
9.804370659727267644e-06 1.241379310344827616e+02 4.709092728820215081e-38
1.550821073383975258e-05 1.241379310344827616e+02 5.854175556052862778e-38
2.453034554814278694e-05 1.241379310344827616e+02 7.273815162778692128e-38
3.880124296984591311e-05 1.241379310344827616e+02 8.958221112374705735e-38
6.137444957920709968e-05 1.241379310344827616e+02 1.101692224975153622e-37
9.707995860024360021e-05 1.241379310344827616e+02 1.343480401220605451e-37
1.535576844507935347e-04 1.241379310344827616e+02 1.624766610564925060e-37
2.428921766539596401e-04 1.241379310344827616e+02 1.950046188531782880e-37
3.841983531511471432e-04 1.241379310344827616e+02 2.300681296540823354e-37
6.077115228554525470e-04 1.241379310344827616e+02 2.668615442010367862e-37
9.612568403332068419e-04 1.241379310344827616e+02 3.047949901527797712e-37
1.520482463037256191e-03 1.241379310344827616e+02 3.384993857515516484e-37
2.405046001651820267e-03 1.241379310344827616e+02 3.699228046264802709e-37
3.804217681345061462e-03 1.241379310344827616e+02 3.964706998209839243e-37
6.017378527112885768e-03 1.241379310344827616e+02 4.162302835661648940e-37
9.518078977477662309e-03 1.241379310344827616e+02 4.353212688037565105e-37
1.505536456005016586e-02 1.241379310344827616e+02 4.544961026467019829e-37
2.381404930263371703e-02 1.241379310344827616e+02 4.801433287877381132e-37
3.766823061150634255e-02 1.241379310344827616e+02 5.182383346077416396e-37
5.958229024262175905e-02 1.241379310344827616e+02 5.886495123139626558e-37
9.424518361825032220e-02 1.241379310344827616e+02 7.156060546856288549e-37
1.490737364923232500e-01 1.241379310344827616e+02 9.602454387076179689e-37
2.357996245388948031e-01 1.241379310344827616e+02 1.192711828241083054e-35
3.729796021819513641e-01 1.241379310344827616e+02 1.780007300047569704e-36
5.899660947969835867e-01 1.241379310344827616e+02 0.000000000000000000e+00
9.999999999999999547e-08 1.303448275862068897e+02 4.551526705499616486e-39
1.581765038478375206e-07 1.303448275862068897e+02 5.726488312323664950e-39
2.501980636952495318e-07 1.303448275862068897e+02 7.172653339533928685e-39
3.957545498481313547e-07 1.303448275862068897e+02 9.026567192677296822e-39
6.259907107685227244e-07 1.303448275862068897e+02 1.131357910196444807e-38
9.901702207058776949e-07 1.303448275862068897e+02 1.415986968381265149e-38
1.566216637254973893e-06 1.303448275862068897e+02 1.775888965057990532e-38
2.477386719493084971e-06 1.303448275862068897e+02 2.225276502050927907e-38
3.918643699684795082e-06 1.303448275862068897e+02 2.779270614405183679e-38
6.198373602414974549e-06 1.303448275862068897e+02 3.455532958353175313e-38
9.804370659727267644e-06 1.303448275862068897e+02 4.317526541652079113e-38
1.550821073383975258e-05 1.303448275862068897e+02 5.358182204576979668e-38
2.453034554814278694e-05 1.303448275862068897e+02 6.619523943529381867e-38
3.880124296984591311e-05 1.303448275862068897e+02 8.165364792717908988e-38
6.137444957920709968e-05 1.303448275862068897e+02 9.996208428031937043e-38
9.707995860024360021e-05 1.303448275862068897e+02 1.216839600524377740e-37
1.535576844507935347e-04 1.303448275862068897e+02 1.466948650851848344e-37
2.428921766539596401e-04 1.303448275862068897e+02 1.747157192462034606e-37
3.841983531511471432e-04 1.303448275862068897e+02 2.053372832854758704e-37
6.077115228554525470e-04 1.303448275862068897e+02 2.381300649035909246e-37
9.612568403332068419e-04 1.303448275862068897e+02 2.696382889074927878e-37
1.520482463037256191e-03 1.303448275862068897e+02 2.993762258158012294e-37
2.405046001651820267e-03 1.303448275862068897e+02 3.251954839986050919e-37
3.804217681345061462e-03 1.303448275862068897e+02 3.469147947240770805e-37
6.017378527112885768e-03 1.303448275862068897e+02 3.645583216449178489e-37
9.518078977477662309e-03 1.303448275862068897e+02 3.804890855233124738e-37
1.505536456005016586e-02 1.303448275862068897e+02 3.966289099337568826e-37
2.381404930263371703e-02 1.303448275862068897e+02 4.197174113161927100e-37
3.766823061150634255e-02 1.303448275862068897e+02 4.539693264545197816e-37
5.958229024262175905e-02 1.303448275862068897e+02 5.149148475577569449e-37
9.424518361825032220e-02 1.303448275862068897e+02 6.254808834627214118e-37
1.490737364923232500e-01 1.303448275862068897e+02 8.990618217187181018e-37
2.357996245388948031e-01 1.303448275862068897e+02 1.060219686564751770e-35
3.729796021819513641e-01 1.303448275862068897e+02 8.790155727622139776e-37
5.899660947969835867e-01 1.303448275862068897e+02 0.000000000000000000e+00
9.999999999999999547e-08 1.365517241379310462e+02 4.104047859508197775e-39
1.581765038478375206e-07 1.365517241379310462e+02 5.161598052778830766e-39
2.501980636952495318e-07 1.365517241379310462e+02 6.456842492633806964e-39
3.957545498481313547e-07 1.365517241379310462e+02 8.115565090244851616e-39
6.259907107685227244e-07 1.365517241379310462e+02 1.017331561617941502e-38
9.901702207058776949e-07 1.365517241379310462e+02 1.276911782032962990e-38
1.566216637254973893e-06 1.365517241379310462e+02 1.597176673057598141e-38
2.477386719493084971e-06 1.365517241379310462e+02 1.999318111604444554e-38
3.918643699684795082e-06 1.365517241379310462e+02 2.496054623752740782e-38
6.198373602414974549e-06 1.365517241379310462e+02 3.113478174856735138e-38
9.804370659727267644e-06 1.365517241379310462e+02 3.873631048815608842e-38
1.550821073383975258e-05 1.365517241379310462e+02 4.807908876896869319e-38
2.453034554814278694e-05 1.365517241379310462e+02 5.936583796816286091e-38
3.880124296984591311e-05 1.365517241379310462e+02 7.283773826527088357e-38
6.137444957920709968e-05 1.365517241379310462e+02 8.905284615803915534e-38
9.707995860024360021e-05 1.365517241379310462e+02 1.078981271579886528e-37
1.535576844507935347e-04 1.365517241379310462e+02 1.296636019260861717e-37
2.428921766539596401e-04 1.365517241379310462e+02 1.541862791458817523e-37
3.841983531511471432e-04 1.365517241379310462e+02 1.809050067341773499e-37
6.077115228554525470e-04 1.365517241379310462e+02 2.082246293804477613e-37
9.612568403332068419e-04 1.365517241379310462e+02 2.352514537959035908e-37
1.520482463037256191e-03 1.365517241379310462e+02 2.604978757752232543e-37
2.405046001651820267e-03 1.365517241379310462e+02 2.819083702566790133e-37
3.804217681345061462e-03 1.365517241379310462e+02 2.994797361402406490e-37
6.017378527112885768e-03 1.365517241379310462e+02 3.147207867388398776e-37
9.518078977477662309e-03 1.365517241379310462e+02 3.277491958691621582e-37
1.505536456005016586e-02 1.365517241379310462e+02 3.414332190365366621e-37
2.381404930263371703e-02 1.365517241379310462e+02 3.618727516245238223e-37
3.766823061150634255e-02 1.365517241379310462e+02 3.907698002693599851e-37
5.958229024262175905e-02 1.365517241379310462e+02 4.436620546016950223e-37
9.424518361825032220e-02 1.365517241379310462e+02 5.377065537018441111e-37
1.490737364923232500e-01 1.365517241379310462e+02 8.439918950826814605e-37
2.357996245388948031e-01 1.365517241379310462e+02 8.958610763347065538e-36
3.729796021819513641e-01 1.365517241379310462e+02 4.143208675556913301e-37
5.899660947969835867e-01 1.365517241379310462e+02 0.000000000000000000e+00
9.999999999999999547e-08 1.427586206896551744e+02 3.617621871660917543e-39
1.581765038478375206e-07 1.427586206896551744e+02 4.534159868717349408e-39
2.501980636952495318e-07 1.427586206896551744e+02 5.686689299516487398e-39
3.957545498481313547e-07 1.427586206896551744e+02 7.131608289362494223e-39
6.259907107685227244e-07 1.427586206896551744e+02 8.945864520234235451e-39
9.901702207058776949e-07 1.427586206896551744e+02 1.121330737825195633e-38
1.566216637254973893e-06 1.427586206896551744e+02 1.403429147099227146e-38
2.477386719493084971e-06 1.427586206896551744e+02 1.754678833487696511e-38
3.918643699684795082e-06 1.427586206896551744e+02 2.190682515433134649e-38
6.198373602414974549e-06 1.427586206896551744e+02 2.730732561825815884e-38
9.804370659727267644e-06 1.427586206896551744e+02 3.393175761103031017e-38
1.550821073383975258e-05 1.427586206896551744e+02 4.205933655878141941e-38
2.453034554814278694e-05 1.427586206896551744e+02 5.175178717261849655e-38
3.880124296984591311e-05 1.427586206896551744e+02 6.349046908908609953e-38
6.137444957920709968e-05 1.427586206896551744e+02 7.764938740909011493e-38
9.707995860024360021e-05 1.427586206896551744e+02 9.389092134823744629e-38
1.535576844507935347e-04 1.427586206896551744e+02 1.125714496936379965e-37
2.428921766539596401e-04 1.427586206896551744e+02 1.330783931895662666e-37
3.841983531511471432e-04 1.427586206896551744e+02 1.554994161241060526e-37
6.077115228554525470e-04 1.427586206896551744e+02 1.786304135376666657e-37
9.612568403332068419e-04 1.427586206896551744e+02 2.011653555405177048e-37
1.520482463037256191e-03 1.427586206896551744e+02 2.216832966678741155e-37
2.405046001651820267e-03 1.427586206896551744e+02 2.401052629565682181e-37
3.804217681345061462e-03 1.427586206896551744e+02 2.547064242788017465e-37
6.017378527112885768e-03 1.427586206896551744e+02 2.663113265665973015e-37
9.518078977477662309e-03 1.427586206896551744e+02 2.776183690231255012e-37
1.505536456005016586e-02 1.427586206896551744e+02 2.892278504332815447e-37
2.381404930263371703e-02 1.427586206896551744e+02 3.053377755842497983e-37
3.766823061150634255e-02 1.427586206896551744e+02 3.307168686718196414e-37
5.958229024262175905e-02 1.427586206896551744e+02 3.765039441315980115e-37
9.424518361825032220e-02 1.427586206896551744e+02 4.529973583148609872e-37
1.490737364923232500e-01 1.427586206896551744e+02 7.835864697571376255e-37
2.357996245388948031e-01 1.427586206896551744e+02 7.415339536338552561e-36
3.729796021819513641e-01 1.427586206896551744e+02 1.982550158146018635e-37
5.899660947969835867e-01 1.427586206896551744e+02 0.000000000000000000e+00
9.999999999999999547e-08 1.489655172413793025e+02 3.070874913859098492e-39
1.581765038478375206e-07 1.489655172413793025e+02 3.857805330594052069e-39
2.501980636952495318e-07 1.489655172413793025e+02 4.840903526713702261e-39
3.957545498481313547e-07 1.489655172413793025e+02 6.073146985330611592e-39
6.259907107685227244e-07 1.489655172413793025e+02 7.629908226844824277e-39
9.901702207058776949e-07 1.489655172413793025e+02 9.533082641270261677e-39
1.566216637254973893e-06 1.489655172413793025e+02 1.194399014012318758e-38
2.477386719493084971e-06 1.489655172413793025e+02 1.489367495579511363e-38
3.918643699684795082e-06 1.489655172413793025e+02 1.861292174233973852e-38
6.198373602414974549e-06 1.489655172413793025e+02 2.316568360496277116e-38
9.804370659727267644e-06 1.489655172413793025e+02 2.880890969916508734e-38
1.550821073383975258e-05 1.489655172413793025e+02 3.561794942609805079e-38
2.453034554814278694e-05 1.489655172413793025e+02 4.387876029449174537e-38
3.880124296984591311e-05 1.489655172413793025e+02 5.365358885252416147e-38
6.137444957920709968e-05 1.489655172413793025e+02 6.541621972464628261e-38
9.707995860024360021e-05 1.489655172413793025e+02 7.882110069048495313e-38
1.535576844507935347e-04 1.489655172413793025e+02 9.465851092193139175e-38
2.428921766539596401e-04 1.489655172413793025e+02 1.114309282655552843e-37
3.841983531511471432e-04 1.489655172413793025e+02 1.301030954828573186e-37
6.077115228554525470e-04 1.489655172413793025e+02 1.487846389426411139e-37
9.612568403332068419e-04 1.489655172413793025e+02 1.670375073656518305e-37
1.520482463037256191e-03 1.489655172413793025e+02 1.837873683033467813e-37
2.405046001651820267e-03 1.489655172413793025e+02 1.979492295694004353e-37
3.804217681345061462e-03 1.489655172413793025e+02 2.101003945942893075e-37
6.017378527112885768e-03 1.489655172413793025e+02 2.197794925135393387e-37
9.518078977477662309e-03 1.489655172413793025e+02 2.291640856406507333e-37
1.505536456005016586e-02 1.489655172413793025e+02 2.387912475487553636e-37
2.381404930263371703e-02 1.489655172413793025e+02 2.516770892235643913e-37
3.766823061150634255e-02 1.489655172413793025e+02 2.734052903166130489e-37
5.958229024262175905e-02 1.489655172413793025e+02 3.105216265014712717e-37
9.424518361825032220e-02 1.489655172413793025e+02 3.734488437201461709e-37
1.490737364923232500e-01 1.489655172413793025e+02 7.174740614165097251e-37
2.357996245388948031e-01 1.489655172413793025e+02 5.917791648084717476e-36
3.729796021819513641e-01 1.489655172413793025e+02 9.643276610326899761e-38
5.899660947969835867e-01 1.489655172413793025e+02 0.000000000000000000e+00
9.999999999999999547e-08 1.551724137931034591e+02 2.507516195735316570e-39
1.581765038478375206e-07 1.551724137931034591e+02 3.141300264641201566e-39
2.501980636952495318e-07 1.551724137931034591e+02 3.943817612058257129e-39
3.957545498481313547e-07 1.551724137931034591e+02 4.950057598961610209e-39
6.259907107685227244e-07 1.551724137931034591e+02 6.197307356184486259e-39
9.901702207058776949e-07 1.551724137931034591e+02 7.757664390111543710e-39
1.566216637254973893e-06 1.551724137931034591e+02 9.724857954141598251e-39
2.477386719493084971e-06 1.551724137931034591e+02 1.211568184082562621e-38
3.918643699684795082e-06 1.551724137931034591e+02 1.514015563474741592e-38
6.198373602414974549e-06 1.551724137931034591e+02 1.884545105089921626e-38
9.804370659727267644e-06 1.551724137931034591e+02 2.334019554850605877e-38
1.550821073383975258e-05 1.551724137931034591e+02 2.889848970464900129e-38
2.453034554814278694e-05 1.551724137931034591e+02 3.544247273678746350e-38
3.880124296984591311e-05 1.551724137931034591e+02 4.337205785373605873e-38
6.137444957920709968e-05 1.551724137931034591e+02 5.289097809830797900e-38
9.707995860024360021e-05 1.551724137931034591e+02 6.375232098085906049e-38
1.535576844507935347e-04 1.551724137931034591e+02 7.595252689485575743e-38
2.428921766539596401e-04 1.551724137931034591e+02 8.970739509374469180e-38
3.841983531511471432e-04 1.551724137931034591e+02 1.043020195605062390e-37
6.077115228554525470e-04 1.551724137931034591e+02 1.189309907256603254e-37
9.612568403332068419e-04 1.551724137931034591e+02 1.334986251347674682e-37
1.520482463037256191e-03 1.551724137931034591e+02 1.462252792456188263e-37
2.405046001651820267e-03 1.551724137931034591e+02 1.578384863982212367e-37
3.804217681345061462e-03 1.551724137931034591e+02 1.667948358518751200e-37
6.017378527112885768e-03 1.551724137931034591e+02 1.747037262721379678e-37
9.518078977477662309e-03 1.551724137931034591e+02 1.816162787734200647e-37
1.505536456005016586e-02 1.551724137931034591e+02 1.891629903218502928e-37
2.381404930263371703e-02 1.551724137931034591e+02 1.997632004422275516e-37
3.766823061150634255e-02 1.551724137931034591e+02 2.163558950182964663e-37
5.958229024262175905e-02 1.551724137931034591e+02 2.468582472702429621e-37
9.424518361825032220e-02 1.551724137931034591e+02 2.957387777326869084e-37
1.490737364923232500e-01 1.551724137931034591e+02 6.171659597768419526e-37
2.357996245388948031e-01 1.551724137931034591e+02 4.551369452222132231e-36
3.729796021819513641e-01 1.551724137931034591e+02 4.659858564087499000e-38
5.899660947969835867e-01 1.551724137931034591e+02 0.000000000000000000e+00
9.999999999999999547e-08 1.613793103448276156e+02 1.899106696727752741e-39
1.581765038478375206e-07 1.613793103448276156e+02 2.385366902815706645e-39
2.501980636952495318e-07 1.613793103448276156e+02 2.998448928990639986e-39
3.957545498481313547e-07 1.613793103448276156e+02 3.758383142658153453e-39
6.259907107685227244e-07 1.613793103448276156e+02 4.706125440905134650e-39
9.901702207058776949e-07 1.613793103448276156e+02 5.902407143887567475e-39
1.566216637254973893e-06 1.613793103448276156e+02 7.362646663834430661e-39
2.477386719493084971e-06 1.613793103448276156e+02 9.202499420769776780e-39
3.918643699684795082e-06 1.613793103448276156e+02 1.150848256638321647e-38
6.198373602414974549e-06 1.613793103448276156e+02 1.428202313815996051e-38
9.804370659727267644e-06 1.613793103448276156e+02 1.771331331621462817e-38
1.550821073383975258e-05 1.613793103448276156e+02 2.190551106587316922e-38
2.453034554814278694e-05 1.613793103448276156e+02 2.689978607321589918e-38
3.880124296984591311e-05 1.613793103448276156e+02 3.287088844455490417e-38
6.137444957920709968e-05 1.613793103448276156e+02 3.994675998973713790e-38
9.707995860024360021e-05 1.613793103448276156e+02 4.806232097591304948e-38
1.535576844507935347e-04 1.613793103448276156e+02 5.734971837476323215e-38
2.428921766539596401e-04 1.613793103448276156e+02 6.752267617006003360e-38
3.841983531511471432e-04 1.613793103448276156e+02 7.819792431483612187e-38
6.077115228554525470e-04 1.613793103448276156e+02 8.909166709376044650e-38
9.612568403332068419e-04 1.613793103448276156e+02 9.974890461570346029e-38
1.520482463037256191e-03 1.613793103448276156e+02 1.094167724967363936e-37
2.405046001651820267e-03 1.613793103448276156e+02 1.177859441564320946e-37
3.804217681345061462e-03 1.613793103448276156e+02 1.246684188144111331e-37
6.017378527112885768e-03 1.613793103448276156e+02 1.301287934841206256e-37
9.518078977477662309e-03 1.613793103448276156e+02 1.353651512154607796e-37
1.505536456005016586e-02 1.613793103448276156e+02 1.413257483811564666e-37
2.381404930263371703e-02 1.613793103448276156e+02 1.489416530268238602e-37
3.766823061150634255e-02 1.613793103448276156e+02 1.613071919955189923e-37
5.958229024262175905e-02 1.613793103448276156e+02 1.836747516379031909e-37
9.424518361825032220e-02 1.613793103448276156e+02 2.195225063357862037e-37
1.490737364923232500e-01 1.613793103448276156e+02 4.963357306972609374e-37
2.357996245388948031e-01 1.613793103448276156e+02 3.292648998491968548e-36
3.729796021819513641e-01 1.613793103448276156e+02 2.262280009990679741e-38
5.899660947969835867e-01 1.613793103448276156e+02 0.000000000000000000e+00
9.999999999999999547e-08 1.675862068965517437e+02 1.281132606080329311e-39
1.581765038478375206e-07 1.675862068965517437e+02 1.611120719600506321e-39
2.501980636952495318e-07 1.675862068965517437e+02 2.013558851409952439e-39
3.957545498481313547e-07 1.675862068965517437e+02 2.527106378106834649e-39
6.259907107685227244e-07 1.675862068965517437e+02 3.175870265564151868e-39
9.901702207058776949e-07 1.675862068965517437e+02 3.964519450788473928e-39
1.566216637254973893e-06 1.675862068965517437e+02 4.962731397720655798e-39
2.477386719493084971e-06 1.675862068965517437e+02 6.192289218917573984e-39
3.918643699684795082e-06 1.675862068965517437e+02 7.715156355820204260e-39
6.198373602414974549e-06 1.675862068965517437e+02 9.608826425631363505e-39
9.804370659727267644e-06 1.675862068965517437e+02 1.189022970007909490e-38
1.550821073383975258e-05 1.675862068965517437e+02 1.467049471566703945e-38
2.453034554814278694e-05 1.675862068965517437e+02 1.806726554119770428e-38
3.880124296984591311e-05 1.675862068965517437e+02 2.206462075851917371e-38
6.137444957920709968e-05 1.675862068965517437e+02 2.676612265037858486e-38
9.707995860024360021e-05 1.675862068965517437e+02 3.217852977448136494e-38
1.535576844507935347e-04 1.675862068965517437e+02 3.831490786277694757e-38
2.428921766539596401e-04 1.675862068965517437e+02 4.503500445755942063e-38
3.841983531511471432e-04 1.675862068965517437e+02 5.222336593136225982e-38
6.077115228554525470e-04 1.675862068965517437e+02 5.941234031191539812e-38
9.612568403332068419e-04 1.675862068965517437e+02 6.635184315916700826e-38
1.520482463037256191e-03 1.675862068965517437e+02 7.296457965025355664e-38
2.405046001651820267e-03 1.675862068965517437e+02 7.836206115553832172e-38
3.804217681345061462e-03 1.675862068965517437e+02 8.261649161432725892e-38
6.017378527112885768e-03 1.675862068965517437e+02 8.643148604065477360e-38
9.518078977477662309e-03 1.675862068965517437e+02 8.980026626342351245e-38
1.505536456005016586e-02 1.675862068965517437e+02 9.366373193205002221e-38
2.381404930263371703e-02 1.675862068965517437e+02 9.855603325075502724e-38
3.766823061150634255e-02 1.675862068965517437e+02 1.070013810743796725e-37
5.958229024262175905e-02 1.675862068965517437e+02 1.221645317386298201e-37
9.424518361825032220e-02 1.675862068965517437e+02 1.454799879154695271e-37
1.490737364923232500e-01 1.675862068965517437e+02 3.465169528233708421e-37
2.357996245388948031e-01 1.675862068965517437e+02 2.143362815667472991e-36
3.729796021819513641e-01 1.675862068965517437e+02 1.171929388159565019e-38
5.899660947969835867e-01 1.675862068965517437e+02 0.000000000000000000e+00
9.999999999999999547e-08 1.737931034482758719e+02 6.451340196557177356e-40
1.581765038478375206e-07 1.737931034482758719e+02 8.099008426186600086e-40
2.501980636952495318e-07 1.737931034482758719e+02 1.012549065309989121e-39
3.957545498481313547e-07 1.737931034482758719e+02 1.271992953559048840e-39
6.259907107685227244e-07 1.737931034482758719e+02 1.593672818338898698e-39
9.901702207058776949e-07 1.737931034482758719e+02 1.992327111630776852e-39
1.566216637254973893e-06 1.737931034482758719e+02 2.490702148421391334e-39
2.477386719493084971e-06 1.737931034482758719e+02 3.114652551504157107e-39
3.918643699684795082e-06 1.737931034482758719e+02 3.871566918058109547e-39
6.198373602414974549e-06 1.737931034482758719e+02 4.818220251937368618e-39
9.804370659727267644e-06 1.737931034482758719e+02 5.979949065986690395e-39
1.550821073383975258e-05 1.737931034482758719e+02 7.358022169669720921e-39
2.453034554814278694e-05 1.737931034482758719e+02 9.062534016964530132e-39
3.880124296984591311e-05 1.737931034482758719e+02 1.106237370379657605e-38
6.137444957920709968e-05 1.737931034482758719e+02 1.341939708607560814e-38
9.707995860024360021e-05 1.737931034482758719e+02 1.613373327619837387e-38
1.535576844507935347e-04 1.737931034482758719e+02 1.918965569556304936e-38
2.428921766539596401e-04 1.737931034482758719e+02 2.259531150411317968e-38
3.841983531511471432e-04 1.737931034482758719e+02 2.613943212514160854e-38
6.077115228554525470e-04 1.737931034482758719e+02 2.971297565683318950e-38
9.612568403332068419e-04 1.737931034482758719e+02 3.314823017031792003e-38
1.520482463037256191e-03 1.737931034482758719e+02 3.636139676693059718e-38
2.405046001651820267e-03 1.737931034482758719e+02 3.908655748604875507e-38
3.804217681345061462e-03 1.737931034482758719e+02 4.128104841992025119e-38
6.017378527112885768e-03 1.737931034482758719e+02 4.303608008482266888e-38
9.518078977477662309e-03 1.737931034482758719e+02 4.478112293825469312e-38
1.505536456005016586e-02 1.737931034482758719e+02 4.671242131103149758e-38
2.381404930263371703e-02 1.737931034482758719e+02 4.922033239984615849e-38
3.766823061150634255e-02 1.737931034482758719e+02 5.332901891908289971e-38
5.958229024262175905e-02 1.737931034482758719e+02 6.076215724887475824e-38
9.424518361825032220e-02 1.737931034482758719e+02 7.255398494200525817e-38
1.490737364923232500e-01 1.737931034482758719e+02 1.795005350285838370e-37
2.357996245388948031e-01 1.737931034482758719e+02 1.054979259777601721e-36
3.729796021819513641e-01 1.737931034482758719e+02 4.848852202527240570e-39
5.899660947969835867e-01 1.737931034482758719e+02 0.000000000000000000e+00
9.999999999999999547e-08 1.800000000000000000e+02 7.286332953716867737e-55
1.581765038478375206e-07 1.800000000000000000e+02 9.152952672178692536e-55
2.501980636952495318e-07 1.800000000000000000e+02 1.149513356681894546e-54
3.957545498481313547e-07 1.800000000000000000e+02 1.440748582431166378e-54
6.259907107685227244e-07 1.800000000000000000e+02 1.803440286303088285e-54
9.901702207058776949e-07 1.800000000000000000e+02 2.261048120033107232e-54
1.566216637254973893e-06 1.800000000000000000e+02 2.822651329419136853e-54
2.477386719493084971e-06 1.800000000000000000e+02 3.534329793288599490e-54
3.918643699684795082e-06 1.800000000000000000e+02 4.387830794863680704e-54
6.198373602414974549e-06 1.800000000000000000e+02 5.458000659713495406e-54
9.804370659727267644e-06 1.800000000000000000e+02 0.000000000000000000e+00
1.550821073383975258e-05 1.800000000000000000e+02 8.372110930052034149e-54
2.453034554814278694e-05 1.800000000000000000e+02 1.023364925126736547e-53
3.880124296984591311e-05 1.800000000000000000e+02 0.000000000000000000e+00
6.137444957920709968e-05 1.800000000000000000e+02 1.515729184493207945e-53
9.707995860024360021e-05 1.800000000000000000e+02 0.000000000000000000e+00
1.535576844507935347e-04 1.800000000000000000e+02 2.172189922766726453e-53
2.428921766539596401e-04 1.800000000000000000e+02 0.000000000000000000e+00
3.841983531511471432e-04 1.800000000000000000e+02 2.950388292555110755e-53
6.077115228554525470e-04 1.800000000000000000e+02 0.000000000000000000e+00
9.612568403332068419e-04 1.800000000000000000e+02 3.762898331289159325e-53
1.520482463037256191e-03 1.800000000000000000e+02 4.119282835834509204e-53
2.405046001651820267e-03 1.800000000000000000e+02 4.407167340824656655e-53
3.804217681345061462e-03 1.800000000000000000e+02 4.657095478661489968e-53
6.017378527112885768e-03 1.800000000000000000e+02 4.865375522530986609e-53
9.518078977477662309e-03 1.800000000000000000e+02 5.055116145889692399e-53
1.505536456005016586e-02 1.800000000000000000e+02 0.000000000000000000e+00
2.381404930263371703e-02 1.800000000000000000e+02 5.560537662219255411e-53
3.766823061150634255e-02 1.800000000000000000e+02 6.045787128809368682e-53
5.958229024262175905e-02 1.800000000000000000e+02 6.872870672797647978e-53
9.424518361825032220e-02 1.800000000000000000e+02 8.188722562258513184e-53
1.490737364923232500e-01 1.800000000000000000e+02 2.044055098516098780e-52
2.357996245388948031e-01 1.800000000000000000e+02 1.188727605979572256e-51
3.729796021819513641e-01 1.800000000000000000e+02 5.011533280732177066e-54
5.899660947969835867e-01 1.800000000000000000e+02 0.000000000000000000e+00
