# atom 56: Tchi 0.2807216203941177 [GeV]; m_chi = 0.01 [GeV]; mS = 0.2 [GeV]; gchi =0.01; gN = 0.01
# Tchi^prime [GeV], theta [degree] ,dsigma/dTchip dtheta [cm^2/GeV]
9.999999999999999547e-08 0.000000000000000000e+00 0.000000000000000000e+00
1.545254383797725850e-07 0.000000000000000000e+00 0.000000000000000000e+00
2.387811110646088987e-07 0.000000000000000000e+00 0.000000000000000000e+00
3.689775586406785640e-07 0.000000000000000000e+00 0.000000000000000000e+00
5.701641900124909537e-07 0.000000000000000000e+00 0.000000000000000000e+00
8.810487141012812234e-07 0.000000000000000000e+00 0.000000000000000000e+00
1.361444387804353894e-06 0.000000000000000000e+00 0.000000000000000000e+00
2.103777908551489167e-06 0.000000000000000000e+00 0.000000000000000000e+00
3.250872035725999525e-06 0.000000000000000000e+00 0.000000000000000000e+00
5.023424264371037676e-06 0.000000000000000000e+00 0.000000000000000000e+00
7.762468366195211052e-06 0.000000000000000000e+00 0.000000000000000000e+00
1.199498827195432052e-05 0.000000000000000000e+00 0.000000000000000000e+00
1.853530821083972151e-05 0.000000000000000000e+00 0.000000000000000000e+00
2.864176626784206136e-05 0.000000000000000000e+00 0.000000000000000000e+00
4.425881488509277571e-05 0.000000000000000000e+00 0.000000000000000000e+00
6.839112772288164464e-05 0.000000000000000000e+00 0.000000000000000000e+00
1.056816899266531411e-04 0.000000000000000000e+00 0.000000000000000000e+00
1.633050946463127421e-04 0.000000000000000000e+00 0.000000000000000000e+00
2.523479133987172724e-04 0.000000000000000000e+00 0.000000000000000000e+00
3.899417194215767132e-04 0.000000000000000000e+00 0.000000000000000000e+00
6.025591513618141571e-04 0.000000000000000000e+00 0.000000000000000000e+00
9.311071701392808391e-04 0.000000000000000000e+00 0.000000000000000000e+00
1.438797436443220012e-03 0.000000000000000000e+00 0.000000000000000000e+00
2.223308046060815547e-03 0.000000000000000000e+00 0.000000000000000000e+00
3.435576504708231019e-03 0.000000000000000000e+00 0.000000000000000000e+00
5.308839654772861891e-03 0.000000000000000000e+00 0.000000000000000000e+00
8.203507749416969960e-03 0.000000000000000000e+00 0.000000000000000000e+00
1.267650631230518923e-02 0.000000000000000000e+00 0.000000000000000000e+00
1.958842695032913736e-02 0.000000000000000000e+00 0.000000000000000000e+00
3.026910261669761223e-02 0.000000000000000000e+00 0.000000000000000000e+00
4.677346351207520292e-02 0.000000000000000000e+00 0.000000000000000000e+00
7.227689953743716977e-02 0.000000000000000000e+00 0.000000000000000000e+00
1.116861958575326164e-01 0.000000000000000000e+00 0.000000000000000000e+00
1.725835837585436572e-01 0.000000000000000000e+00 0.000000000000000000e+00
2.666855393744118063e-01 0.000000000000000000e+00 0.000000000000000000e+00
9.999999999999999547e-08 6.206896551724137900e+00 0.000000000000000000e+00
1.545254383797725850e-07 6.206896551724137900e+00 0.000000000000000000e+00
2.387811110646088987e-07 6.206896551724137900e+00 0.000000000000000000e+00
3.689775586406785640e-07 6.206896551724137900e+00 0.000000000000000000e+00
5.701641900124909537e-07 6.206896551724137900e+00 0.000000000000000000e+00
8.810487141012812234e-07 6.206896551724137900e+00 0.000000000000000000e+00
1.361444387804353894e-06 6.206896551724137900e+00 0.000000000000000000e+00
2.103777908551489167e-06 6.206896551724137900e+00 0.000000000000000000e+00
3.250872035725999525e-06 6.206896551724137900e+00 0.000000000000000000e+00
5.023424264371037676e-06 6.206896551724137900e+00 0.000000000000000000e+00
7.762468366195211052e-06 6.206896551724137900e+00 0.000000000000000000e+00
1.199498827195432052e-05 6.206896551724137900e+00 0.000000000000000000e+00
1.853530821083972151e-05 6.206896551724137900e+00 0.000000000000000000e+00
2.864176626784206136e-05 6.206896551724137900e+00 0.000000000000000000e+00
4.425881488509277571e-05 6.206896551724137900e+00 0.000000000000000000e+00
6.839112772288164464e-05 6.206896551724137900e+00 0.000000000000000000e+00
1.056816899266531411e-04 6.206896551724137900e+00 0.000000000000000000e+00
1.633050946463127421e-04 6.206896551724137900e+00 0.000000000000000000e+00
2.523479133987172724e-04 6.206896551724137900e+00 0.000000000000000000e+00
3.899417194215767132e-04 6.206896551724137900e+00 0.000000000000000000e+00
6.025591513618141571e-04 6.206896551724137900e+00 0.000000000000000000e+00
9.311071701392808391e-04 6.206896551724137900e+00 0.000000000000000000e+00
1.438797436443220012e-03 6.206896551724137900e+00 0.000000000000000000e+00
2.223308046060815547e-03 6.206896551724137900e+00 0.000000000000000000e+00
3.435576504708231019e-03 6.206896551724137900e+00 0.000000000000000000e+00
5.308839654772861891e-03 6.206896551724137900e+00 0.000000000000000000e+00
8.203507749416969960e-03 6.206896551724137900e+00 0.000000000000000000e+00
1.267650631230518923e-02 6.206896551724137900e+00 0.000000000000000000e+00
1.958842695032913736e-02 6.206896551724137900e+00 0.000000000000000000e+00
3.026910261669761223e-02 6.206896551724137900e+00 0.000000000000000000e+00
4.677346351207520292e-02 6.206896551724137900e+00 0.000000000000000000e+00
7.227689953743716977e-02 6.206896551724137900e+00 0.000000000000000000e+00
1.116861958575326164e-01 6.206896551724137900e+00 0.000000000000000000e+00
1.725835837585436572e-01 6.206896551724137900e+00 0.000000000000000000e+00
2.666855393744118063e-01 6.206896551724137900e+00 0.000000000000000000e+00
9.999999999999999547e-08 1.241379310344827580e+01 0.000000000000000000e+00
1.545254383797725850e-07 1.241379310344827580e+01 0.000000000000000000e+00
2.387811110646088987e-07 1.241379310344827580e+01 0.000000000000000000e+00
3.689775586406785640e-07 1.241379310344827580e+01 0.000000000000000000e+00
5.701641900124909537e-07 1.241379310344827580e+01 0.000000000000000000e+00
8.810487141012812234e-07 1.241379310344827580e+01 0.000000000000000000e+00
1.361444387804353894e-06 1.241379310344827580e+01 0.000000000000000000e+00
2.103777908551489167e-06 1.241379310344827580e+01 0.000000000000000000e+00
3.250872035725999525e-06 1.241379310344827580e+01 0.000000000000000000e+00
5.023424264371037676e-06 1.241379310344827580e+01 0.000000000000000000e+00
7.762468366195211052e-06 1.241379310344827580e+01 0.000000000000000000e+00
1.199498827195432052e-05 1.241379310344827580e+01 0.000000000000000000e+00
1.853530821083972151e-05 1.241379310344827580e+01 0.000000000000000000e+00
2.864176626784206136e-05 1.241379310344827580e+01 0.000000000000000000e+00
4.425881488509277571e-05 1.241379310344827580e+01 0.000000000000000000e+00
6.839112772288164464e-05 1.241379310344827580e+01 0.000000000000000000e+00
1.056816899266531411e-04 1.241379310344827580e+01 0.000000000000000000e+00
1.633050946463127421e-04 1.241379310344827580e+01 0.000000000000000000e+00
2.523479133987172724e-04 1.241379310344827580e+01 0.000000000000000000e+00
3.899417194215767132e-04 1.241379310344827580e+01 0.000000000000000000e+00
6.025591513618141571e-04 1.241379310344827580e+01 0.000000000000000000e+00
9.311071701392808391e-04 1.241379310344827580e+01 0.000000000000000000e+00
1.438797436443220012e-03 1.241379310344827580e+01 0.000000000000000000e+00
2.223308046060815547e-03 1.241379310344827580e+01 0.000000000000000000e+00
3.435576504708231019e-03 1.241379310344827580e+01 0.000000000000000000e+00
5.308839654772861891e-03 1.241379310344827580e+01 0.000000000000000000e+00
8.203507749416969960e-03 1.241379310344827580e+01 0.000000000000000000e+00
1.267650631230518923e-02 1.241379310344827580e+01 0.000000000000000000e+00
1.958842695032913736e-02 1.241379310344827580e+01 0.000000000000000000e+00
3.026910261669761223e-02 1.241379310344827580e+01 0.000000000000000000e+00
4.677346351207520292e-02 1.241379310344827580e+01 0.000000000000000000e+00
7.227689953743716977e-02 1.241379310344827580e+01 0.000000000000000000e+00
1.116861958575326164e-01 1.241379310344827580e+01 0.000000000000000000e+00
1.725835837585436572e-01 1.241379310344827580e+01 0.000000000000000000e+00
2.666855393744118063e-01 1.241379310344827580e+01 0.000000000000000000e+00
9.999999999999999547e-08 1.862068965517241281e+01 0.000000000000000000e+00
1.545254383797725850e-07 1.862068965517241281e+01 0.000000000000000000e+00
2.387811110646088987e-07 1.862068965517241281e+01 0.000000000000000000e+00
3.689775586406785640e-07 1.862068965517241281e+01 0.000000000000000000e+00
5.701641900124909537e-07 1.862068965517241281e+01 0.000000000000000000e+00
8.810487141012812234e-07 1.862068965517241281e+01 0.000000000000000000e+00
1.361444387804353894e-06 1.862068965517241281e+01 0.000000000000000000e+00
2.103777908551489167e-06 1.862068965517241281e+01 0.000000000000000000e+00
3.250872035725999525e-06 1.862068965517241281e+01 0.000000000000000000e+00
5.023424264371037676e-06 1.862068965517241281e+01 0.000000000000000000e+00
7.762468366195211052e-06 1.862068965517241281e+01 0.000000000000000000e+00
1.199498827195432052e-05 1.862068965517241281e+01 0.000000000000000000e+00
1.853530821083972151e-05 1.862068965517241281e+01 0.000000000000000000e+00
2.864176626784206136e-05 1.862068965517241281e+01 0.000000000000000000e+00
4.425881488509277571e-05 1.862068965517241281e+01 0.000000000000000000e+00
6.839112772288164464e-05 1.862068965517241281e+01 0.000000000000000000e+00
1.056816899266531411e-04 1.862068965517241281e+01 0.000000000000000000e+00
1.633050946463127421e-04 1.862068965517241281e+01 0.000000000000000000e+00
2.523479133987172724e-04 1.862068965517241281e+01 0.000000000000000000e+00
3.899417194215767132e-04 1.862068965517241281e+01 0.000000000000000000e+00
6.025591513618141571e-04 1.862068965517241281e+01 0.000000000000000000e+00
9.311071701392808391e-04 1.862068965517241281e+01 0.000000000000000000e+00
1.438797436443220012e-03 1.862068965517241281e+01 0.000000000000000000e+00
2.223308046060815547e-03 1.862068965517241281e+01 0.000000000000000000e+00
3.435576504708231019e-03 1.862068965517241281e+01 0.000000000000000000e+00
5.308839654772861891e-03 1.862068965517241281e+01 0.000000000000000000e+00
8.203507749416969960e-03 1.862068965517241281e+01 0.000000000000000000e+00
1.267650631230518923e-02 1.862068965517241281e+01 0.000000000000000000e+00
1.958842695032913736e-02 1.862068965517241281e+01 0.000000000000000000e+00
3.026910261669761223e-02 1.862068965517241281e+01 0.000000000000000000e+00
4.677346351207520292e-02 1.862068965517241281e+01 0.000000000000000000e+00
7.227689953743716977e-02 1.862068965517241281e+01 0.000000000000000000e+00
1.116861958575326164e-01 1.862068965517241281e+01 0.000000000000000000e+00
1.725835837585436572e-01 1.862068965517241281e+01 0.000000000000000000e+00
2.666855393744118063e-01 1.862068965517241281e+01 0.000000000000000000e+00
9.999999999999999547e-08 2.482758620689655160e+01 0.000000000000000000e+00
1.545254383797725850e-07 2.482758620689655160e+01 0.000000000000000000e+00
2.387811110646088987e-07 2.482758620689655160e+01 0.000000000000000000e+00
3.689775586406785640e-07 2.482758620689655160e+01 0.000000000000000000e+00
5.701641900124909537e-07 2.482758620689655160e+01 0.000000000000000000e+00
8.810487141012812234e-07 2.482758620689655160e+01 0.000000000000000000e+00
1.361444387804353894e-06 2.482758620689655160e+01 0.000000000000000000e+00
2.103777908551489167e-06 2.482758620689655160e+01 0.000000000000000000e+00
3.250872035725999525e-06 2.482758620689655160e+01 0.000000000000000000e+00
5.023424264371037676e-06 2.482758620689655160e+01 0.000000000000000000e+00
7.762468366195211052e-06 2.482758620689655160e+01 0.000000000000000000e+00
1.199498827195432052e-05 2.482758620689655160e+01 0.000000000000000000e+00
1.853530821083972151e-05 2.482758620689655160e+01 0.000000000000000000e+00
2.864176626784206136e-05 2.482758620689655160e+01 0.000000000000000000e+00
4.425881488509277571e-05 2.482758620689655160e+01 0.000000000000000000e+00
6.839112772288164464e-05 2.482758620689655160e+01 0.000000000000000000e+00
1.056816899266531411e-04 2.482758620689655160e+01 0.000000000000000000e+00
1.633050946463127421e-04 2.482758620689655160e+01 0.000000000000000000e+00
2.523479133987172724e-04 2.482758620689655160e+01 0.000000000000000000e+00
3.899417194215767132e-04 2.482758620689655160e+01 0.000000000000000000e+00
6.025591513618141571e-04 2.482758620689655160e+01 0.000000000000000000e+00
9.311071701392808391e-04 2.482758620689655160e+01 0.000000000000000000e+00
1.438797436443220012e-03 2.482758620689655160e+01 0.000000000000000000e+00
2.223308046060815547e-03 2.482758620689655160e+01 0.000000000000000000e+00
3.435576504708231019e-03 2.482758620689655160e+01 0.000000000000000000e+00
5.308839654772861891e-03 2.482758620689655160e+01 0.000000000000000000e+00
8.203507749416969960e-03 2.482758620689655160e+01 0.000000000000000000e+00
1.267650631230518923e-02 2.482758620689655160e+01 0.000000000000000000e+00
1.958842695032913736e-02 2.482758620689655160e+01 0.000000000000000000e+00
3.026910261669761223e-02 2.482758620689655160e+01 0.000000000000000000e+00
4.677346351207520292e-02 2.482758620689655160e+01 0.000000000000000000e+00
7.227689953743716977e-02 2.482758620689655160e+01 0.000000000000000000e+00
1.116861958575326164e-01 2.482758620689655160e+01 0.000000000000000000e+00
1.725835837585436572e-01 2.482758620689655160e+01 0.000000000000000000e+00
2.666855393744118063e-01 2.482758620689655160e+01 0.000000000000000000e+00
9.999999999999999547e-08 3.103448275862069039e+01 0.000000000000000000e+00
1.545254383797725850e-07 3.103448275862069039e+01 0.000000000000000000e+00
2.387811110646088987e-07 3.103448275862069039e+01 0.000000000000000000e+00
3.689775586406785640e-07 3.103448275862069039e+01 0.000000000000000000e+00
5.701641900124909537e-07 3.103448275862069039e+01 0.000000000000000000e+00
8.810487141012812234e-07 3.103448275862069039e+01 0.000000000000000000e+00
1.361444387804353894e-06 3.103448275862069039e+01 0.000000000000000000e+00
2.103777908551489167e-06 3.103448275862069039e+01 0.000000000000000000e+00
3.250872035725999525e-06 3.103448275862069039e+01 0.000000000000000000e+00
5.023424264371037676e-06 3.103448275862069039e+01 0.000000000000000000e+00
7.762468366195211052e-06 3.103448275862069039e+01 0.000000000000000000e+00
1.199498827195432052e-05 3.103448275862069039e+01 0.000000000000000000e+00
1.853530821083972151e-05 3.103448275862069039e+01 0.000000000000000000e+00
2.864176626784206136e-05 3.103448275862069039e+01 0.000000000000000000e+00
4.425881488509277571e-05 3.103448275862069039e+01 0.000000000000000000e+00
6.839112772288164464e-05 3.103448275862069039e+01 0.000000000000000000e+00
1.056816899266531411e-04 3.103448275862069039e+01 0.000000000000000000e+00
1.633050946463127421e-04 3.103448275862069039e+01 0.000000000000000000e+00
2.523479133987172724e-04 3.103448275862069039e+01 0.000000000000000000e+00
3.899417194215767132e-04 3.103448275862069039e+01 0.000000000000000000e+00
6.025591513618141571e-04 3.103448275862069039e+01 0.000000000000000000e+00
9.311071701392808391e-04 3.103448275862069039e+01 0.000000000000000000e+00
1.438797436443220012e-03 3.103448275862069039e+01 0.000000000000000000e+00
2.223308046060815547e-03 3.103448275862069039e+01 0.000000000000000000e+00
3.435576504708231019e-03 3.103448275862069039e+01 0.000000000000000000e+00
5.308839654772861891e-03 3.103448275862069039e+01 0.000000000000000000e+00
8.203507749416969960e-03 3.103448275862069039e+01 0.000000000000000000e+00
1.267650631230518923e-02 3.103448275862069039e+01 0.000000000000000000e+00
1.958842695032913736e-02 3.103448275862069039e+01 0.000000000000000000e+00
3.026910261669761223e-02 3.103448275862069039e+01 0.000000000000000000e+00
4.677346351207520292e-02 3.103448275862069039e+01 0.000000000000000000e+00
7.227689953743716977e-02 3.103448275862069039e+01 0.000000000000000000e+00
1.116861958575326164e-01 3.103448275862069039e+01 0.000000000000000000e+00
1.725835837585436572e-01 3.103448275862069039e+01 0.000000000000000000e+00
2.666855393744118063e-01 3.103448275862069039e+01 0.000000000000000000e+00
9.999999999999999547e-08 3.724137931034482563e+01 0.000000000000000000e+00
1.545254383797725850e-07 3.724137931034482563e+01 0.000000000000000000e+00
2.387811110646088987e-07 3.724137931034482563e+01 0.000000000000000000e+00
3.689775586406785640e-07 3.724137931034482563e+01 0.000000000000000000e+00
5.701641900124909537e-07 3.724137931034482563e+01 0.000000000000000000e+00
8.810487141012812234e-07 3.724137931034482563e+01 0.000000000000000000e+00
1.361444387804353894e-06 3.724137931034482563e+01 0.000000000000000000e+00
2.103777908551489167e-06 3.724137931034482563e+01 0.000000000000000000e+00
3.250872035725999525e-06 3.724137931034482563e+01 0.000000000000000000e+00
5.023424264371037676e-06 3.724137931034482563e+01 0.000000000000000000e+00
7.762468366195211052e-06 3.724137931034482563e+01 0.000000000000000000e+00
1.199498827195432052e-05 3.724137931034482563e+01 0.000000000000000000e+00
1.853530821083972151e-05 3.724137931034482563e+01 0.000000000000000000e+00
2.864176626784206136e-05 3.724137931034482563e+01 0.000000000000000000e+00
4.425881488509277571e-05 3.724137931034482563e+01 0.000000000000000000e+00
6.839112772288164464e-05 3.724137931034482563e+01 0.000000000000000000e+00
1.056816899266531411e-04 3.724137931034482563e+01 0.000000000000000000e+00
1.633050946463127421e-04 3.724137931034482563e+01 0.000000000000000000e+00
2.523479133987172724e-04 3.724137931034482563e+01 0.000000000000000000e+00
3.899417194215767132e-04 3.724137931034482563e+01 0.000000000000000000e+00
6.025591513618141571e-04 3.724137931034482563e+01 0.000000000000000000e+00
9.311071701392808391e-04 3.724137931034482563e+01 0.000000000000000000e+00
1.438797436443220012e-03 3.724137931034482563e+01 0.000000000000000000e+00
2.223308046060815547e-03 3.724137931034482563e+01 0.000000000000000000e+00
3.435576504708231019e-03 3.724137931034482563e+01 0.000000000000000000e+00
5.308839654772861891e-03 3.724137931034482563e+01 0.000000000000000000e+00
8.203507749416969960e-03 3.724137931034482563e+01 0.000000000000000000e+00
1.267650631230518923e-02 3.724137931034482563e+01 0.000000000000000000e+00
1.958842695032913736e-02 3.724137931034482563e+01 0.000000000000000000e+00
3.026910261669761223e-02 3.724137931034482563e+01 0.000000000000000000e+00
4.677346351207520292e-02 3.724137931034482563e+01 0.000000000000000000e+00
7.227689953743716977e-02 3.724137931034482563e+01 0.000000000000000000e+00
1.116861958575326164e-01 3.724137931034482563e+01 0.000000000000000000e+00
1.725835837585436572e-01 3.724137931034482563e+01 0.000000000000000000e+00
2.666855393744118063e-01 3.724137931034482563e+01 0.000000000000000000e+00
9.999999999999999547e-08 4.344827586206896797e+01 0.000000000000000000e+00
1.545254383797725850e-07 4.344827586206896797e+01 0.000000000000000000e+00
2.387811110646088987e-07 4.344827586206896797e+01 0.000000000000000000e+00
3.689775586406785640e-07 4.344827586206896797e+01 0.000000000000000000e+00
5.701641900124909537e-07 4.344827586206896797e+01 0.000000000000000000e+00
8.810487141012812234e-07 4.344827586206896797e+01 0.000000000000000000e+00
1.361444387804353894e-06 4.344827586206896797e+01 0.000000000000000000e+00
2.103777908551489167e-06 4.344827586206896797e+01 0.000000000000000000e+00
3.250872035725999525e-06 4.344827586206896797e+01 0.000000000000000000e+00
5.023424264371037676e-06 4.344827586206896797e+01 0.000000000000000000e+00
7.762468366195211052e-06 4.344827586206896797e+01 0.000000000000000000e+00
1.199498827195432052e-05 4.344827586206896797e+01 0.000000000000000000e+00
1.853530821083972151e-05 4.344827586206896797e+01 0.000000000000000000e+00
2.864176626784206136e-05 4.344827586206896797e+01 0.000000000000000000e+00
4.425881488509277571e-05 4.344827586206896797e+01 0.000000000000000000e+00
6.839112772288164464e-05 4.344827586206896797e+01 0.000000000000000000e+00
1.056816899266531411e-04 4.344827586206896797e+01 0.000000000000000000e+00
1.633050946463127421e-04 4.344827586206896797e+01 0.000000000000000000e+00
2.523479133987172724e-04 4.344827586206896797e+01 0.000000000000000000e+00
3.899417194215767132e-04 4.344827586206896797e+01 0.000000000000000000e+00
6.025591513618141571e-04 4.344827586206896797e+01 0.000000000000000000e+00
9.311071701392808391e-04 4.344827586206896797e+01 0.000000000000000000e+00
1.438797436443220012e-03 4.344827586206896797e+01 0.000000000000000000e+00
2.223308046060815547e-03 4.344827586206896797e+01 0.000000000000000000e+00
3.435576504708231019e-03 4.344827586206896797e+01 0.000000000000000000e+00
5.308839654772861891e-03 4.344827586206896797e+01 0.000000000000000000e+00
8.203507749416969960e-03 4.344827586206896797e+01 0.000000000000000000e+00
1.267650631230518923e-02 4.344827586206896797e+01 0.000000000000000000e+00
1.958842695032913736e-02 4.344827586206896797e+01 0.000000000000000000e+00
3.026910261669761223e-02 4.344827586206896797e+01 0.000000000000000000e+00
4.677346351207520292e-02 4.344827586206896797e+01 0.000000000000000000e+00
7.227689953743716977e-02 4.344827586206896797e+01 0.000000000000000000e+00
1.116861958575326164e-01 4.344827586206896797e+01 0.000000000000000000e+00
1.725835837585436572e-01 4.344827586206896797e+01 0.000000000000000000e+00
2.666855393744118063e-01 4.344827586206896797e+01 0.000000000000000000e+00
9.999999999999999547e-08 4.965517241379310320e+01 0.000000000000000000e+00
1.545254383797725850e-07 4.965517241379310320e+01 0.000000000000000000e+00
2.387811110646088987e-07 4.965517241379310320e+01 0.000000000000000000e+00
3.689775586406785640e-07 4.965517241379310320e+01 0.000000000000000000e+00
5.701641900124909537e-07 4.965517241379310320e+01 0.000000000000000000e+00
8.810487141012812234e-07 4.965517241379310320e+01 0.000000000000000000e+00
1.361444387804353894e-06 4.965517241379310320e+01 0.000000000000000000e+00
2.103777908551489167e-06 4.965517241379310320e+01 0.000000000000000000e+00
3.250872035725999525e-06 4.965517241379310320e+01 0.000000000000000000e+00
5.023424264371037676e-06 4.965517241379310320e+01 0.000000000000000000e+00
7.762468366195211052e-06 4.965517241379310320e+01 0.000000000000000000e+00
1.199498827195432052e-05 4.965517241379310320e+01 0.000000000000000000e+00
1.853530821083972151e-05 4.965517241379310320e+01 0.000000000000000000e+00
2.864176626784206136e-05 4.965517241379310320e+01 0.000000000000000000e+00
4.425881488509277571e-05 4.965517241379310320e+01 0.000000000000000000e+00
6.839112772288164464e-05 4.965517241379310320e+01 0.000000000000000000e+00
1.056816899266531411e-04 4.965517241379310320e+01 0.000000000000000000e+00
1.633050946463127421e-04 4.965517241379310320e+01 0.000000000000000000e+00
2.523479133987172724e-04 4.965517241379310320e+01 0.000000000000000000e+00
3.899417194215767132e-04 4.965517241379310320e+01 0.000000000000000000e+00
6.025591513618141571e-04 4.965517241379310320e+01 0.000000000000000000e+00
9.311071701392808391e-04 4.965517241379310320e+01 0.000000000000000000e+00
1.438797436443220012e-03 4.965517241379310320e+01 0.000000000000000000e+00
2.223308046060815547e-03 4.965517241379310320e+01 0.000000000000000000e+00
3.435576504708231019e-03 4.965517241379310320e+01 0.000000000000000000e+00
5.308839654772861891e-03 4.965517241379310320e+01 0.000000000000000000e+00
8.203507749416969960e-03 4.965517241379310320e+01 0.000000000000000000e+00
1.267650631230518923e-02 4.965517241379310320e+01 0.000000000000000000e+00
1.958842695032913736e-02 4.965517241379310320e+01 0.000000000000000000e+00
3.026910261669761223e-02 4.965517241379310320e+01 0.000000000000000000e+00
4.677346351207520292e-02 4.965517241379310320e+01 0.000000000000000000e+00
7.227689953743716977e-02 4.965517241379310320e+01 0.000000000000000000e+00
1.116861958575326164e-01 4.965517241379310320e+01 0.000000000000000000e+00
1.725835837585436572e-01 4.965517241379310320e+01 0.000000000000000000e+00
2.666855393744118063e-01 4.965517241379310320e+01 0.000000000000000000e+00
9.999999999999999547e-08 5.586206896551724554e+01 0.000000000000000000e+00
1.545254383797725850e-07 5.586206896551724554e+01 0.000000000000000000e+00
2.387811110646088987e-07 5.586206896551724554e+01 0.000000000000000000e+00
3.689775586406785640e-07 5.586206896551724554e+01 0.000000000000000000e+00
5.701641900124909537e-07 5.586206896551724554e+01 0.000000000000000000e+00
8.810487141012812234e-07 5.586206896551724554e+01 0.000000000000000000e+00
1.361444387804353894e-06 5.586206896551724554e+01 0.000000000000000000e+00
2.103777908551489167e-06 5.586206896551724554e+01 0.000000000000000000e+00
3.250872035725999525e-06 5.586206896551724554e+01 0.000000000000000000e+00
5.023424264371037676e-06 5.586206896551724554e+01 0.000000000000000000e+00
7.762468366195211052e-06 5.586206896551724554e+01 0.000000000000000000e+00
1.199498827195432052e-05 5.586206896551724554e+01 0.000000000000000000e+00
1.853530821083972151e-05 5.586206896551724554e+01 0.000000000000000000e+00
2.864176626784206136e-05 5.586206896551724554e+01 0.000000000000000000e+00
4.425881488509277571e-05 5.586206896551724554e+01 0.000000000000000000e+00
6.839112772288164464e-05 5.586206896551724554e+01 0.000000000000000000e+00
1.056816899266531411e-04 5.586206896551724554e+01 0.000000000000000000e+00
1.633050946463127421e-04 5.586206896551724554e+01 0.000000000000000000e+00
2.523479133987172724e-04 5.586206896551724554e+01 0.000000000000000000e+00
3.899417194215767132e-04 5.586206896551724554e+01 0.000000000000000000e+00
6.025591513618141571e-04 5.586206896551724554e+01 0.000000000000000000e+00
9.311071701392808391e-04 5.586206896551724554e+01 0.000000000000000000e+00
1.438797436443220012e-03 5.586206896551724554e+01 0.000000000000000000e+00
2.223308046060815547e-03 5.586206896551724554e+01 0.000000000000000000e+00
3.435576504708231019e-03 5.586206896551724554e+01 0.000000000000000000e+00
5.308839654772861891e-03 5.586206896551724554e+01 0.000000000000000000e+00
8.203507749416969960e-03 5.586206896551724554e+01 0.000000000000000000e+00
1.267650631230518923e-02 5.586206896551724554e+01 0.000000000000000000e+00
1.958842695032913736e-02 5.586206896551724554e+01 0.000000000000000000e+00
3.026910261669761223e-02 5.586206896551724554e+01 0.000000000000000000e+00
4.677346351207520292e-02 5.586206896551724554e+01 0.000000000000000000e+00
7.227689953743716977e-02 5.586206896551724554e+01 0.000000000000000000e+00
1.116861958575326164e-01 5.586206896551724554e+01 0.000000000000000000e+00
1.725835837585436572e-01 5.586206896551724554e+01 0.000000000000000000e+00
2.666855393744118063e-01 5.586206896551724554e+01 0.000000000000000000e+00
9.999999999999999547e-08 6.206896551724138078e+01 0.000000000000000000e+00
1.545254383797725850e-07 6.206896551724138078e+01 0.000000000000000000e+00
2.387811110646088987e-07 6.206896551724138078e+01 0.000000000000000000e+00
3.689775586406785640e-07 6.206896551724138078e+01 0.000000000000000000e+00
5.701641900124909537e-07 6.206896551724138078e+01 0.000000000000000000e+00
8.810487141012812234e-07 6.206896551724138078e+01 0.000000000000000000e+00
1.361444387804353894e-06 6.206896551724138078e+01 0.000000000000000000e+00
2.103777908551489167e-06 6.206896551724138078e+01 0.000000000000000000e+00
3.250872035725999525e-06 6.206896551724138078e+01 0.000000000000000000e+00
5.023424264371037676e-06 6.206896551724138078e+01 0.000000000000000000e+00
7.762468366195211052e-06 6.206896551724138078e+01 0.000000000000000000e+00
1.199498827195432052e-05 6.206896551724138078e+01 0.000000000000000000e+00
1.853530821083972151e-05 6.206896551724138078e+01 0.000000000000000000e+00
2.864176626784206136e-05 6.206896551724138078e+01 0.000000000000000000e+00
4.425881488509277571e-05 6.206896551724138078e+01 0.000000000000000000e+00
6.839112772288164464e-05 6.206896551724138078e+01 0.000000000000000000e+00
1.056816899266531411e-04 6.206896551724138078e+01 0.000000000000000000e+00
1.633050946463127421e-04 6.206896551724138078e+01 0.000000000000000000e+00
2.523479133987172724e-04 6.206896551724138078e+01 0.000000000000000000e+00
3.899417194215767132e-04 6.206896551724138078e+01 0.000000000000000000e+00
6.025591513618141571e-04 6.206896551724138078e+01 0.000000000000000000e+00
9.311071701392808391e-04 6.206896551724138078e+01 0.000000000000000000e+00
1.438797436443220012e-03 6.206896551724138078e+01 0.000000000000000000e+00
2.223308046060815547e-03 6.206896551724138078e+01 0.000000000000000000e+00
3.435576504708231019e-03 6.206896551724138078e+01 0.000000000000000000e+00
5.308839654772861891e-03 6.206896551724138078e+01 0.000000000000000000e+00
8.203507749416969960e-03 6.206896551724138078e+01 0.000000000000000000e+00
1.267650631230518923e-02 6.206896551724138078e+01 0.000000000000000000e+00
1.958842695032913736e-02 6.206896551724138078e+01 0.000000000000000000e+00
3.026910261669761223e-02 6.206896551724138078e+01 0.000000000000000000e+00
4.677346351207520292e-02 6.206896551724138078e+01 0.000000000000000000e+00
7.227689953743716977e-02 6.206896551724138078e+01 0.000000000000000000e+00
1.116861958575326164e-01 6.206896551724138078e+01 0.000000000000000000e+00
1.725835837585436572e-01 6.206896551724138078e+01 0.000000000000000000e+00
2.666855393744118063e-01 6.206896551724138078e+01 0.000000000000000000e+00
9.999999999999999547e-08 6.827586206896552312e+01 0.000000000000000000e+00
1.545254383797725850e-07 6.827586206896552312e+01 0.000000000000000000e+00
2.387811110646088987e-07 6.827586206896552312e+01 0.000000000000000000e+00
3.689775586406785640e-07 6.827586206896552312e+01 0.000000000000000000e+00
5.701641900124909537e-07 6.827586206896552312e+01 0.000000000000000000e+00
8.810487141012812234e-07 6.827586206896552312e+01 0.000000000000000000e+00
1.361444387804353894e-06 6.827586206896552312e+01 0.000000000000000000e+00
2.103777908551489167e-06 6.827586206896552312e+01 0.000000000000000000e+00
3.250872035725999525e-06 6.827586206896552312e+01 0.000000000000000000e+00
5.023424264371037676e-06 6.827586206896552312e+01 0.000000000000000000e+00
7.762468366195211052e-06 6.827586206896552312e+01 0.000000000000000000e+00
1.199498827195432052e-05 6.827586206896552312e+01 0.000000000000000000e+00
1.853530821083972151e-05 6.827586206896552312e+01 0.000000000000000000e+00
2.864176626784206136e-05 6.827586206896552312e+01 0.000000000000000000e+00
4.425881488509277571e-05 6.827586206896552312e+01 0.000000000000000000e+00
6.839112772288164464e-05 6.827586206896552312e+01 0.000000000000000000e+00
1.056816899266531411e-04 6.827586206896552312e+01 0.000000000000000000e+00
1.633050946463127421e-04 6.827586206896552312e+01 0.000000000000000000e+00
2.523479133987172724e-04 6.827586206896552312e+01 0.000000000000000000e+00
3.899417194215767132e-04 6.827586206896552312e+01 0.000000000000000000e+00
6.025591513618141571e-04 6.827586206896552312e+01 0.000000000000000000e+00
9.311071701392808391e-04 6.827586206896552312e+01 0.000000000000000000e+00
1.438797436443220012e-03 6.827586206896552312e+01 0.000000000000000000e+00
2.223308046060815547e-03 6.827586206896552312e+01 0.000000000000000000e+00
3.435576504708231019e-03 6.827586206896552312e+01 0.000000000000000000e+00
5.308839654772861891e-03 6.827586206896552312e+01 0.000000000000000000e+00
8.203507749416969960e-03 6.827586206896552312e+01 0.000000000000000000e+00
1.267650631230518923e-02 6.827586206896552312e+01 0.000000000000000000e+00
1.958842695032913736e-02 6.827586206896552312e+01 0.000000000000000000e+00
3.026910261669761223e-02 6.827586206896552312e+01 0.000000000000000000e+00
4.677346351207520292e-02 6.827586206896552312e+01 0.000000000000000000e+00
7.227689953743716977e-02 6.827586206896552312e+01 0.000000000000000000e+00
1.116861958575326164e-01 6.827586206896552312e+01 0.000000000000000000e+00
1.725835837585436572e-01 6.827586206896552312e+01 0.000000000000000000e+00
2.666855393744118063e-01 6.827586206896552312e+01 0.000000000000000000e+00
9.999999999999999547e-08 7.448275862068965125e+01 0.000000000000000000e+00
1.545254383797725850e-07 7.448275862068965125e+01 0.000000000000000000e+00
2.387811110646088987e-07 7.448275862068965125e+01 0.000000000000000000e+00
3.689775586406785640e-07 7.448275862068965125e+01 0.000000000000000000e+00
5.701641900124909537e-07 7.448275862068965125e+01 0.000000000000000000e+00
8.810487141012812234e-07 7.448275862068965125e+01 0.000000000000000000e+00
1.361444387804353894e-06 7.448275862068965125e+01 0.000000000000000000e+00
2.103777908551489167e-06 7.448275862068965125e+01 0.000000000000000000e+00
3.250872035725999525e-06 7.448275862068965125e+01 0.000000000000000000e+00
5.023424264371037676e-06 7.448275862068965125e+01 0.000000000000000000e+00
7.762468366195211052e-06 7.448275862068965125e+01 0.000000000000000000e+00
1.199498827195432052e-05 7.448275862068965125e+01 0.000000000000000000e+00
1.853530821083972151e-05 7.448275862068965125e+01 0.000000000000000000e+00
2.864176626784206136e-05 7.448275862068965125e+01 0.000000000000000000e+00
4.425881488509277571e-05 7.448275862068965125e+01 0.000000000000000000e+00
6.839112772288164464e-05 7.448275862068965125e+01 0.000000000000000000e+00
1.056816899266531411e-04 7.448275862068965125e+01 0.000000000000000000e+00
1.633050946463127421e-04 7.448275862068965125e+01 0.000000000000000000e+00
2.523479133987172724e-04 7.448275862068965125e+01 0.000000000000000000e+00
3.899417194215767132e-04 7.448275862068965125e+01 0.000000000000000000e+00
6.025591513618141571e-04 7.448275862068965125e+01 0.000000000000000000e+00
9.311071701392808391e-04 7.448275862068965125e+01 0.000000000000000000e+00
1.438797436443220012e-03 7.448275862068965125e+01 0.000000000000000000e+00
2.223308046060815547e-03 7.448275862068965125e+01 0.000000000000000000e+00
3.435576504708231019e-03 7.448275862068965125e+01 0.000000000000000000e+00
5.308839654772861891e-03 7.448275862068965125e+01 0.000000000000000000e+00
8.203507749416969960e-03 7.448275862068965125e+01 0.000000000000000000e+00
1.267650631230518923e-02 7.448275862068965125e+01 0.000000000000000000e+00
1.958842695032913736e-02 7.448275862068965125e+01 0.000000000000000000e+00
3.026910261669761223e-02 7.448275862068965125e+01 0.000000000000000000e+00
4.677346351207520292e-02 7.448275862068965125e+01 0.000000000000000000e+00
7.227689953743716977e-02 7.448275862068965125e+01 0.000000000000000000e+00
1.116861958575326164e-01 7.448275862068965125e+01 0.000000000000000000e+00
1.725835837585436572e-01 7.448275862068965125e+01 0.000000000000000000e+00
2.666855393744118063e-01 7.448275862068965125e+01 0.000000000000000000e+00
9.999999999999999547e-08 8.068965517241380780e+01 0.000000000000000000e+00
1.545254383797725850e-07 8.068965517241380780e+01 0.000000000000000000e+00
2.387811110646088987e-07 8.068965517241380780e+01 0.000000000000000000e+00
3.689775586406785640e-07 8.068965517241380780e+01 0.000000000000000000e+00
5.701641900124909537e-07 8.068965517241380780e+01 0.000000000000000000e+00
8.810487141012812234e-07 8.068965517241380780e+01 0.000000000000000000e+00
1.361444387804353894e-06 8.068965517241380780e+01 0.000000000000000000e+00
2.103777908551489167e-06 8.068965517241380780e+01 0.000000000000000000e+00
3.250872035725999525e-06 8.068965517241380780e+01 0.000000000000000000e+00
5.023424264371037676e-06 8.068965517241380780e+01 0.000000000000000000e+00
7.762468366195211052e-06 8.068965517241380780e+01 0.000000000000000000e+00
1.199498827195432052e-05 8.068965517241380780e+01 0.000000000000000000e+00
1.853530821083972151e-05 8.068965517241380780e+01 0.000000000000000000e+00
2.864176626784206136e-05 8.068965517241380780e+01 0.000000000000000000e+00
4.425881488509277571e-05 8.068965517241380780e+01 0.000000000000000000e+00
6.839112772288164464e-05 8.068965517241380780e+01 0.000000000000000000e+00
1.056816899266531411e-04 8.068965517241380780e+01 0.000000000000000000e+00
1.633050946463127421e-04 8.068965517241380780e+01 0.000000000000000000e+00
2.523479133987172724e-04 8.068965517241380780e+01 0.000000000000000000e+00
3.899417194215767132e-04 8.068965517241380780e+01 0.000000000000000000e+00
6.025591513618141571e-04 8.068965517241380780e+01 0.000000000000000000e+00
9.311071701392808391e-04 8.068965517241380780e+01 0.000000000000000000e+00
1.438797436443220012e-03 8.068965517241380780e+01 0.000000000000000000e+00
2.223308046060815547e-03 8.068965517241380780e+01 0.000000000000000000e+00
3.435576504708231019e-03 8.068965517241380780e+01 0.000000000000000000e+00
5.308839654772861891e-03 8.068965517241380780e+01 0.000000000000000000e+00
8.203507749416969960e-03 8.068965517241380780e+01 0.000000000000000000e+00
1.267650631230518923e-02 8.068965517241380780e+01 0.000000000000000000e+00
1.958842695032913736e-02 8.068965517241380780e+01 0.000000000000000000e+00
3.026910261669761223e-02 8.068965517241380780e+01 0.000000000000000000e+00
4.677346351207520292e-02 8.068965517241380780e+01 0.000000000000000000e+00
7.227689953743716977e-02 8.068965517241380780e+01 0.000000000000000000e+00
1.116861958575326164e-01 8.068965517241380780e+01 0.000000000000000000e+00
1.725835837585436572e-01 8.068965517241380780e+01 0.000000000000000000e+00
2.666855393744118063e-01 8.068965517241380780e+01 0.000000000000000000e+00
9.999999999999999547e-08 8.689655172413793593e+01 0.000000000000000000e+00
1.545254383797725850e-07 8.689655172413793593e+01 0.000000000000000000e+00
2.387811110646088987e-07 8.689655172413793593e+01 0.000000000000000000e+00
3.689775586406785640e-07 8.689655172413793593e+01 0.000000000000000000e+00
5.701641900124909537e-07 8.689655172413793593e+01 0.000000000000000000e+00
8.810487141012812234e-07 8.689655172413793593e+01 0.000000000000000000e+00
1.361444387804353894e-06 8.689655172413793593e+01 0.000000000000000000e+00
2.103777908551489167e-06 8.689655172413793593e+01 0.000000000000000000e+00
3.250872035725999525e-06 8.689655172413793593e+01 0.000000000000000000e+00
5.023424264371037676e-06 8.689655172413793593e+01 0.000000000000000000e+00
7.762468366195211052e-06 8.689655172413793593e+01 0.000000000000000000e+00
1.199498827195432052e-05 8.689655172413793593e+01 0.000000000000000000e+00
1.853530821083972151e-05 8.689655172413793593e+01 0.000000000000000000e+00
2.864176626784206136e-05 8.689655172413793593e+01 0.000000000000000000e+00
4.425881488509277571e-05 8.689655172413793593e+01 0.000000000000000000e+00
6.839112772288164464e-05 8.689655172413793593e+01 0.000000000000000000e+00
1.056816899266531411e-04 8.689655172413793593e+01 0.000000000000000000e+00
1.633050946463127421e-04 8.689655172413793593e+01 0.000000000000000000e+00
2.523479133987172724e-04 8.689655172413793593e+01 0.000000000000000000e+00
3.899417194215767132e-04 8.689655172413793593e+01 0.000000000000000000e+00
6.025591513618141571e-04 8.689655172413793593e+01 0.000000000000000000e+00
9.311071701392808391e-04 8.689655172413793593e+01 0.000000000000000000e+00
1.438797436443220012e-03 8.689655172413793593e+01 0.000000000000000000e+00
2.223308046060815547e-03 8.689655172413793593e+01 0.000000000000000000e+00
3.435576504708231019e-03 8.689655172413793593e+01 0.000000000000000000e+00
5.308839654772861891e-03 8.689655172413793593e+01 0.000000000000000000e+00
8.203507749416969960e-03 8.689655172413793593e+01 0.000000000000000000e+00
1.267650631230518923e-02 8.689655172413793593e+01 0.000000000000000000e+00
1.958842695032913736e-02 8.689655172413793593e+01 0.000000000000000000e+00
3.026910261669761223e-02 8.689655172413793593e+01 0.000000000000000000e+00
4.677346351207520292e-02 8.689655172413793593e+01 0.000000000000000000e+00
7.227689953743716977e-02 8.689655172413793593e+01 0.000000000000000000e+00
1.116861958575326164e-01 8.689655172413793593e+01 0.000000000000000000e+00
1.725835837585436572e-01 8.689655172413793593e+01 0.000000000000000000e+00
2.666855393744118063e-01 8.689655172413793593e+01 0.000000000000000000e+00
9.999999999999999547e-08 9.310344827586206407e+01 0.000000000000000000e+00
1.545254383797725850e-07 9.310344827586206407e+01 0.000000000000000000e+00
2.387811110646088987e-07 9.310344827586206407e+01 0.000000000000000000e+00
3.689775586406785640e-07 9.310344827586206407e+01 0.000000000000000000e+00
5.701641900124909537e-07 9.310344827586206407e+01 0.000000000000000000e+00
8.810487141012812234e-07 9.310344827586206407e+01 0.000000000000000000e+00
1.361444387804353894e-06 9.310344827586206407e+01 0.000000000000000000e+00
2.103777908551489167e-06 9.310344827586206407e+01 0.000000000000000000e+00
3.250872035725999525e-06 9.310344827586206407e+01 0.000000000000000000e+00
5.023424264371037676e-06 9.310344827586206407e+01 0.000000000000000000e+00
7.762468366195211052e-06 9.310344827586206407e+01 0.000000000000000000e+00
1.199498827195432052e-05 9.310344827586206407e+01 0.000000000000000000e+00
1.853530821083972151e-05 9.310344827586206407e+01 0.000000000000000000e+00
2.864176626784206136e-05 9.310344827586206407e+01 0.000000000000000000e+00
4.425881488509277571e-05 9.310344827586206407e+01 0.000000000000000000e+00
6.839112772288164464e-05 9.310344827586206407e+01 0.000000000000000000e+00
1.056816899266531411e-04 9.310344827586206407e+01 0.000000000000000000e+00
1.633050946463127421e-04 9.310344827586206407e+01 0.000000000000000000e+00
2.523479133987172724e-04 9.310344827586206407e+01 0.000000000000000000e+00
3.899417194215767132e-04 9.310344827586206407e+01 0.000000000000000000e+00
6.025591513618141571e-04 9.310344827586206407e+01 0.000000000000000000e+00
9.311071701392808391e-04 9.310344827586206407e+01 0.000000000000000000e+00
1.438797436443220012e-03 9.310344827586206407e+01 0.000000000000000000e+00
2.223308046060815547e-03 9.310344827586206407e+01 0.000000000000000000e+00
3.435576504708231019e-03 9.310344827586206407e+01 0.000000000000000000e+00
5.308839654772861891e-03 9.310344827586206407e+01 0.000000000000000000e+00
8.203507749416969960e-03 9.310344827586206407e+01 0.000000000000000000e+00
1.267650631230518923e-02 9.310344827586206407e+01 0.000000000000000000e+00
1.958842695032913736e-02 9.310344827586206407e+01 0.000000000000000000e+00
3.026910261669761223e-02 9.310344827586206407e+01 0.000000000000000000e+00
4.677346351207520292e-02 9.310344827586206407e+01 0.000000000000000000e+00
7.227689953743716977e-02 9.310344827586206407e+01 0.000000000000000000e+00
1.116861958575326164e-01 9.310344827586206407e+01 0.000000000000000000e+00
1.725835837585436572e-01 9.310344827586206407e+01 4.080125616537011807e-34
2.666855393744118063e-01 9.310344827586206407e+01 0.000000000000000000e+00
9.999999999999999547e-08 9.931034482758620641e+01 0.000000000000000000e+00
1.545254383797725850e-07 9.931034482758620641e+01 0.000000000000000000e+00
2.387811110646088987e-07 9.931034482758620641e+01 0.000000000000000000e+00
3.689775586406785640e-07 9.931034482758620641e+01 0.000000000000000000e+00
5.701641900124909537e-07 9.931034482758620641e+01 0.000000000000000000e+00
8.810487141012812234e-07 9.931034482758620641e+01 0.000000000000000000e+00
1.361444387804353894e-06 9.931034482758620641e+01 0.000000000000000000e+00
2.103777908551489167e-06 9.931034482758620641e+01 0.000000000000000000e+00
3.250872035725999525e-06 9.931034482758620641e+01 0.000000000000000000e+00
5.023424264371037676e-06 9.931034482758620641e+01 0.000000000000000000e+00
7.762468366195211052e-06 9.931034482758620641e+01 0.000000000000000000e+00
1.199498827195432052e-05 9.931034482758620641e+01 0.000000000000000000e+00
1.853530821083972151e-05 9.931034482758620641e+01 0.000000000000000000e+00
2.864176626784206136e-05 9.931034482758620641e+01 0.000000000000000000e+00
4.425881488509277571e-05 9.931034482758620641e+01 0.000000000000000000e+00
6.839112772288164464e-05 9.931034482758620641e+01 0.000000000000000000e+00
1.056816899266531411e-04 9.931034482758620641e+01 0.000000000000000000e+00
1.633050946463127421e-04 9.931034482758620641e+01 0.000000000000000000e+00
2.523479133987172724e-04 9.931034482758620641e+01 0.000000000000000000e+00
3.899417194215767132e-04 9.931034482758620641e+01 0.000000000000000000e+00
6.025591513618141571e-04 9.931034482758620641e+01 0.000000000000000000e+00
9.311071701392808391e-04 9.931034482758620641e+01 0.000000000000000000e+00
1.438797436443220012e-03 9.931034482758620641e+01 0.000000000000000000e+00
2.223308046060815547e-03 9.931034482758620641e+01 0.000000000000000000e+00
3.435576504708231019e-03 9.931034482758620641e+01 0.000000000000000000e+00
5.308839654772861891e-03 9.931034482758620641e+01 0.000000000000000000e+00
8.203507749416969960e-03 9.931034482758620641e+01 0.000000000000000000e+00
1.267650631230518923e-02 9.931034482758620641e+01 0.000000000000000000e+00
1.958842695032913736e-02 9.931034482758620641e+01 0.000000000000000000e+00
3.026910261669761223e-02 9.931034482758620641e+01 0.000000000000000000e+00
4.677346351207520292e-02 9.931034482758620641e+01 0.000000000000000000e+00
7.227689953743716977e-02 9.931034482758620641e+01 0.000000000000000000e+00
1.116861958575326164e-01 9.931034482758620641e+01 0.000000000000000000e+00
1.725835837585436572e-01 9.931034482758620641e+01 3.586438259339486624e-34
2.666855393744118063e-01 9.931034482758620641e+01 0.000000000000000000e+00
9.999999999999999547e-08 1.055172413793103630e+02 0.000000000000000000e+00
1.545254383797725850e-07 1.055172413793103630e+02 0.000000000000000000e+00
2.387811110646088987e-07 1.055172413793103630e+02 0.000000000000000000e+00
3.689775586406785640e-07 1.055172413793103630e+02 0.000000000000000000e+00
5.701641900124909537e-07 1.055172413793103630e+02 0.000000000000000000e+00
8.810487141012812234e-07 1.055172413793103630e+02 0.000000000000000000e+00
1.361444387804353894e-06 1.055172413793103630e+02 0.000000000000000000e+00
2.103777908551489167e-06 1.055172413793103630e+02 0.000000000000000000e+00
3.250872035725999525e-06 1.055172413793103630e+02 0.000000000000000000e+00
5.023424264371037676e-06 1.055172413793103630e+02 0.000000000000000000e+00
7.762468366195211052e-06 1.055172413793103630e+02 0.000000000000000000e+00
1.199498827195432052e-05 1.055172413793103630e+02 0.000000000000000000e+00
1.853530821083972151e-05 1.055172413793103630e+02 0.000000000000000000e+00
2.864176626784206136e-05 1.055172413793103630e+02 0.000000000000000000e+00
4.425881488509277571e-05 1.055172413793103630e+02 0.000000000000000000e+00
6.839112772288164464e-05 1.055172413793103630e+02 0.000000000000000000e+00
1.056816899266531411e-04 1.055172413793103630e+02 0.000000000000000000e+00
1.633050946463127421e-04 1.055172413793103630e+02 0.000000000000000000e+00
2.523479133987172724e-04 1.055172413793103630e+02 0.000000000000000000e+00
3.899417194215767132e-04 1.055172413793103630e+02 0.000000000000000000e+00
6.025591513618141571e-04 1.055172413793103630e+02 0.000000000000000000e+00
9.311071701392808391e-04 1.055172413793103630e+02 0.000000000000000000e+00
1.438797436443220012e-03 1.055172413793103630e+02 0.000000000000000000e+00
2.223308046060815547e-03 1.055172413793103630e+02 0.000000000000000000e+00
3.435576504708231019e-03 1.055172413793103630e+02 0.000000000000000000e+00
5.308839654772861891e-03 1.055172413793103630e+02 0.000000000000000000e+00
8.203507749416969960e-03 1.055172413793103630e+02 0.000000000000000000e+00
1.267650631230518923e-02 1.055172413793103630e+02 0.000000000000000000e+00
1.958842695032913736e-02 1.055172413793103630e+02 0.000000000000000000e+00
3.026910261669761223e-02 1.055172413793103630e+02 0.000000000000000000e+00
4.677346351207520292e-02 1.055172413793103630e+02 0.000000000000000000e+00
7.227689953743716977e-02 1.055172413793103630e+02 0.000000000000000000e+00
1.116861958575326164e-01 1.055172413793103630e+02 0.000000000000000000e+00
1.725835837585436572e-01 1.055172413793103630e+02 3.101073431823702348e-34
2.666855393744118063e-01 1.055172413793103630e+02 0.000000000000000000e+00
9.999999999999999547e-08 1.117241379310344911e+02 0.000000000000000000e+00
1.545254383797725850e-07 1.117241379310344911e+02 0.000000000000000000e+00
2.387811110646088987e-07 1.117241379310344911e+02 0.000000000000000000e+00
3.689775586406785640e-07 1.117241379310344911e+02 0.000000000000000000e+00
5.701641900124909537e-07 1.117241379310344911e+02 0.000000000000000000e+00
8.810487141012812234e-07 1.117241379310344911e+02 0.000000000000000000e+00
1.361444387804353894e-06 1.117241379310344911e+02 0.000000000000000000e+00
2.103777908551489167e-06 1.117241379310344911e+02 0.000000000000000000e+00
3.250872035725999525e-06 1.117241379310344911e+02 0.000000000000000000e+00
5.023424264371037676e-06 1.117241379310344911e+02 0.000000000000000000e+00
7.762468366195211052e-06 1.117241379310344911e+02 0.000000000000000000e+00
1.199498827195432052e-05 1.117241379310344911e+02 0.000000000000000000e+00
1.853530821083972151e-05 1.117241379310344911e+02 0.000000000000000000e+00
2.864176626784206136e-05 1.117241379310344911e+02 0.000000000000000000e+00
4.425881488509277571e-05 1.117241379310344911e+02 0.000000000000000000e+00
6.839112772288164464e-05 1.117241379310344911e+02 0.000000000000000000e+00
1.056816899266531411e-04 1.117241379310344911e+02 0.000000000000000000e+00
1.633050946463127421e-04 1.117241379310344911e+02 0.000000000000000000e+00
2.523479133987172724e-04 1.117241379310344911e+02 0.000000000000000000e+00
3.899417194215767132e-04 1.117241379310344911e+02 0.000000000000000000e+00
6.025591513618141571e-04 1.117241379310344911e+02 0.000000000000000000e+00
9.311071701392808391e-04 1.117241379310344911e+02 0.000000000000000000e+00
1.438797436443220012e-03 1.117241379310344911e+02 0.000000000000000000e+00
2.223308046060815547e-03 1.117241379310344911e+02 0.000000000000000000e+00
3.435576504708231019e-03 1.117241379310344911e+02 0.000000000000000000e+00
5.308839654772861891e-03 1.117241379310344911e+02 0.000000000000000000e+00
8.203507749416969960e-03 1.117241379310344911e+02 0.000000000000000000e+00
1.267650631230518923e-02 1.117241379310344911e+02 0.000000000000000000e+00
1.958842695032913736e-02 1.117241379310344911e+02 0.000000000000000000e+00
3.026910261669761223e-02 1.117241379310344911e+02 0.000000000000000000e+00
4.677346351207520292e-02 1.117241379310344911e+02 0.000000000000000000e+00
7.227689953743716977e-02 1.117241379310344911e+02 0.000000000000000000e+00
1.116861958575326164e-01 1.117241379310344911e+02 9.181296858266221627e-35
1.725835837585436572e-01 1.117241379310344911e+02 2.661099613047974898e-34
2.666855393744118063e-01 1.117241379310344911e+02 0.000000000000000000e+00
9.999999999999999547e-08 1.179310344827586192e+02 0.000000000000000000e+00
1.545254383797725850e-07 1.179310344827586192e+02 0.000000000000000000e+00
2.387811110646088987e-07 1.179310344827586192e+02 0.000000000000000000e+00
3.689775586406785640e-07 1.179310344827586192e+02 0.000000000000000000e+00
5.701641900124909537e-07 1.179310344827586192e+02 0.000000000000000000e+00
8.810487141012812234e-07 1.179310344827586192e+02 0.000000000000000000e+00
1.361444387804353894e-06 1.179310344827586192e+02 0.000000000000000000e+00
2.103777908551489167e-06 1.179310344827586192e+02 0.000000000000000000e+00
3.250872035725999525e-06 1.179310344827586192e+02 0.000000000000000000e+00
5.023424264371037676e-06 1.179310344827586192e+02 0.000000000000000000e+00
7.762468366195211052e-06 1.179310344827586192e+02 0.000000000000000000e+00
1.199498827195432052e-05 1.179310344827586192e+02 0.000000000000000000e+00
1.853530821083972151e-05 1.179310344827586192e+02 0.000000000000000000e+00
2.864176626784206136e-05 1.179310344827586192e+02 0.000000000000000000e+00
4.425881488509277571e-05 1.179310344827586192e+02 0.000000000000000000e+00
6.839112772288164464e-05 1.179310344827586192e+02 0.000000000000000000e+00
1.056816899266531411e-04 1.179310344827586192e+02 0.000000000000000000e+00
1.633050946463127421e-04 1.179310344827586192e+02 0.000000000000000000e+00
2.523479133987172724e-04 1.179310344827586192e+02 0.000000000000000000e+00
3.899417194215767132e-04 1.179310344827586192e+02 0.000000000000000000e+00
6.025591513618141571e-04 1.179310344827586192e+02 0.000000000000000000e+00
9.311071701392808391e-04 1.179310344827586192e+02 0.000000000000000000e+00
1.438797436443220012e-03 1.179310344827586192e+02 0.000000000000000000e+00
2.223308046060815547e-03 1.179310344827586192e+02 0.000000000000000000e+00
3.435576504708231019e-03 1.179310344827586192e+02 0.000000000000000000e+00
5.308839654772861891e-03 1.179310344827586192e+02 0.000000000000000000e+00
8.203507749416969960e-03 1.179310344827586192e+02 0.000000000000000000e+00
1.267650631230518923e-02 1.179310344827586192e+02 0.000000000000000000e+00
1.958842695032913736e-02 1.179310344827586192e+02 0.000000000000000000e+00
3.026910261669761223e-02 1.179310344827586192e+02 0.000000000000000000e+00
4.677346351207520292e-02 1.179310344827586192e+02 0.000000000000000000e+00
7.227689953743716977e-02 1.179310344827586192e+02 0.000000000000000000e+00
1.116861958575326164e-01 1.179310344827586192e+02 9.585924169161346298e-35
1.725835837585436572e-01 1.179310344827586192e+02 2.259940412029283018e-34
2.666855393744118063e-01 1.179310344827586192e+02 0.000000000000000000e+00
9.999999999999999547e-08 1.241379310344827616e+02 0.000000000000000000e+00
1.545254383797725850e-07 1.241379310344827616e+02 0.000000000000000000e+00
2.387811110646088987e-07 1.241379310344827616e+02 0.000000000000000000e+00
3.689775586406785640e-07 1.241379310344827616e+02 0.000000000000000000e+00
5.701641900124909537e-07 1.241379310344827616e+02 0.000000000000000000e+00
8.810487141012812234e-07 1.241379310344827616e+02 0.000000000000000000e+00
1.361444387804353894e-06 1.241379310344827616e+02 0.000000000000000000e+00
2.103777908551489167e-06 1.241379310344827616e+02 0.000000000000000000e+00
3.250872035725999525e-06 1.241379310344827616e+02 0.000000000000000000e+00
5.023424264371037676e-06 1.241379310344827616e+02 0.000000000000000000e+00
7.762468366195211052e-06 1.241379310344827616e+02 0.000000000000000000e+00
1.199498827195432052e-05 1.241379310344827616e+02 0.000000000000000000e+00
1.853530821083972151e-05 1.241379310344827616e+02 0.000000000000000000e+00
2.864176626784206136e-05 1.241379310344827616e+02 0.000000000000000000e+00
4.425881488509277571e-05 1.241379310344827616e+02 0.000000000000000000e+00
6.839112772288164464e-05 1.241379310344827616e+02 0.000000000000000000e+00
1.056816899266531411e-04 1.241379310344827616e+02 0.000000000000000000e+00
1.633050946463127421e-04 1.241379310344827616e+02 0.000000000000000000e+00
2.523479133987172724e-04 1.241379310344827616e+02 0.000000000000000000e+00
3.899417194215767132e-04 1.241379310344827616e+02 0.000000000000000000e+00
6.025591513618141571e-04 1.241379310344827616e+02 0.000000000000000000e+00
9.311071701392808391e-04 1.241379310344827616e+02 0.000000000000000000e+00
1.438797436443220012e-03 1.241379310344827616e+02 0.000000000000000000e+00
2.223308046060815547e-03 1.241379310344827616e+02 0.000000000000000000e+00
3.435576504708231019e-03 1.241379310344827616e+02 0.000000000000000000e+00
5.308839654772861891e-03 1.241379310344827616e+02 0.000000000000000000e+00
8.203507749416969960e-03 1.241379310344827616e+02 0.000000000000000000e+00
1.267650631230518923e-02 1.241379310344827616e+02 0.000000000000000000e+00
1.958842695032913736e-02 1.241379310344827616e+02 0.000000000000000000e+00
3.026910261669761223e-02 1.241379310344827616e+02 0.000000000000000000e+00
4.677346351207520292e-02 1.241379310344827616e+02 0.000000000000000000e+00
7.227689953743716977e-02 1.241379310344827616e+02 0.000000000000000000e+00
1.116861958575326164e-01 1.241379310344827616e+02 9.642917041885615323e-35
1.725835837585436572e-01 1.241379310344827616e+02 1.891366509572977553e-34
2.666855393744118063e-01 1.241379310344827616e+02 0.000000000000000000e+00
9.999999999999999547e-08 1.303448275862068897e+02 0.000000000000000000e+00
1.545254383797725850e-07 1.303448275862068897e+02 0.000000000000000000e+00
2.387811110646088987e-07 1.303448275862068897e+02 0.000000000000000000e+00
3.689775586406785640e-07 1.303448275862068897e+02 0.000000000000000000e+00
5.701641900124909537e-07 1.303448275862068897e+02 0.000000000000000000e+00
8.810487141012812234e-07 1.303448275862068897e+02 0.000000000000000000e+00
1.361444387804353894e-06 1.303448275862068897e+02 0.000000000000000000e+00
2.103777908551489167e-06 1.303448275862068897e+02 0.000000000000000000e+00
3.250872035725999525e-06 1.303448275862068897e+02 0.000000000000000000e+00
5.023424264371037676e-06 1.303448275862068897e+02 0.000000000000000000e+00
7.762468366195211052e-06 1.303448275862068897e+02 0.000000000000000000e+00
1.199498827195432052e-05 1.303448275862068897e+02 0.000000000000000000e+00
1.853530821083972151e-05 1.303448275862068897e+02 0.000000000000000000e+00
2.864176626784206136e-05 1.303448275862068897e+02 0.000000000000000000e+00
4.425881488509277571e-05 1.303448275862068897e+02 0.000000000000000000e+00
6.839112772288164464e-05 1.303448275862068897e+02 0.000000000000000000e+00
1.056816899266531411e-04 1.303448275862068897e+02 0.000000000000000000e+00
1.633050946463127421e-04 1.303448275862068897e+02 0.000000000000000000e+00
2.523479133987172724e-04 1.303448275862068897e+02 0.000000000000000000e+00
3.899417194215767132e-04 1.303448275862068897e+02 0.000000000000000000e+00
6.025591513618141571e-04 1.303448275862068897e+02 0.000000000000000000e+00
9.311071701392808391e-04 1.303448275862068897e+02 0.000000000000000000e+00
1.438797436443220012e-03 1.303448275862068897e+02 0.000000000000000000e+00
2.223308046060815547e-03 1.303448275862068897e+02 0.000000000000000000e+00
3.435576504708231019e-03 1.303448275862068897e+02 0.000000000000000000e+00
5.308839654772861891e-03 1.303448275862068897e+02 0.000000000000000000e+00
8.203507749416969960e-03 1.303448275862068897e+02 0.000000000000000000e+00
1.267650631230518923e-02 1.303448275862068897e+02 0.000000000000000000e+00
1.958842695032913736e-02 1.303448275862068897e+02 0.000000000000000000e+00
3.026910261669761223e-02 1.303448275862068897e+02 0.000000000000000000e+00
4.677346351207520292e-02 1.303448275862068897e+02 0.000000000000000000e+00
7.227689953743716977e-02 1.303448275862068897e+02 0.000000000000000000e+00
1.116861958575326164e-01 1.303448275862068897e+02 9.395024677918497846e-35
1.725835837585436572e-01 1.303448275862068897e+02 1.569402691208412076e-34
2.666855393744118063e-01 1.303448275862068897e+02 0.000000000000000000e+00
9.999999999999999547e-08 1.365517241379310462e+02 0.000000000000000000e+00
1.545254383797725850e-07 1.365517241379310462e+02 0.000000000000000000e+00
2.387811110646088987e-07 1.365517241379310462e+02 0.000000000000000000e+00
3.689775586406785640e-07 1.365517241379310462e+02 0.000000000000000000e+00
5.701641900124909537e-07 1.365517241379310462e+02 0.000000000000000000e+00
8.810487141012812234e-07 1.365517241379310462e+02 0.000000000000000000e+00
1.361444387804353894e-06 1.365517241379310462e+02 0.000000000000000000e+00
2.103777908551489167e-06 1.365517241379310462e+02 0.000000000000000000e+00
3.250872035725999525e-06 1.365517241379310462e+02 0.000000000000000000e+00
5.023424264371037676e-06 1.365517241379310462e+02 0.000000000000000000e+00
7.762468366195211052e-06 1.365517241379310462e+02 0.000000000000000000e+00
1.199498827195432052e-05 1.365517241379310462e+02 0.000000000000000000e+00
1.853530821083972151e-05 1.365517241379310462e+02 0.000000000000000000e+00
2.864176626784206136e-05 1.365517241379310462e+02 0.000000000000000000e+00
4.425881488509277571e-05 1.365517241379310462e+02 0.000000000000000000e+00
6.839112772288164464e-05 1.365517241379310462e+02 0.000000000000000000e+00
1.056816899266531411e-04 1.365517241379310462e+02 0.000000000000000000e+00
1.633050946463127421e-04 1.365517241379310462e+02 0.000000000000000000e+00
2.523479133987172724e-04 1.365517241379310462e+02 0.000000000000000000e+00
3.899417194215767132e-04 1.365517241379310462e+02 0.000000000000000000e+00
6.025591513618141571e-04 1.365517241379310462e+02 0.000000000000000000e+00
9.311071701392808391e-04 1.365517241379310462e+02 0.000000000000000000e+00
1.438797436443220012e-03 1.365517241379310462e+02 0.000000000000000000e+00
2.223308046060815547e-03 1.365517241379310462e+02 0.000000000000000000e+00
3.435576504708231019e-03 1.365517241379310462e+02 0.000000000000000000e+00
5.308839654772861891e-03 1.365517241379310462e+02 0.000000000000000000e+00
8.203507749416969960e-03 1.365517241379310462e+02 0.000000000000000000e+00
1.267650631230518923e-02 1.365517241379310462e+02 0.000000000000000000e+00
1.958842695032913736e-02 1.365517241379310462e+02 0.000000000000000000e+00
3.026910261669761223e-02 1.365517241379310462e+02 0.000000000000000000e+00
4.677346351207520292e-02 1.365517241379310462e+02 0.000000000000000000e+00
7.227689953743716977e-02 1.365517241379310462e+02 1.082808703275202820e-35
1.116861958575326164e-01 1.365517241379310462e+02 8.802661142858218273e-35
1.725835837585436572e-01 1.365517241379310462e+02 1.283795799062989759e-34
2.666855393744118063e-01 1.365517241379310462e+02 0.000000000000000000e+00
9.999999999999999547e-08 1.427586206896551744e+02 0.000000000000000000e+00
1.545254383797725850e-07 1.427586206896551744e+02 0.000000000000000000e+00
2.387811110646088987e-07 1.427586206896551744e+02 0.000000000000000000e+00
3.689775586406785640e-07 1.427586206896551744e+02 0.000000000000000000e+00
5.701641900124909537e-07 1.427586206896551744e+02 0.000000000000000000e+00
8.810487141012812234e-07 1.427586206896551744e+02 0.000000000000000000e+00
1.361444387804353894e-06 1.427586206896551744e+02 0.000000000000000000e+00
2.103777908551489167e-06 1.427586206896551744e+02 0.000000000000000000e+00
3.250872035725999525e-06 1.427586206896551744e+02 0.000000000000000000e+00
5.023424264371037676e-06 1.427586206896551744e+02 0.000000000000000000e+00
7.762468366195211052e-06 1.427586206896551744e+02 0.000000000000000000e+00
1.199498827195432052e-05 1.427586206896551744e+02 0.000000000000000000e+00
1.853530821083972151e-05 1.427586206896551744e+02 0.000000000000000000e+00
2.864176626784206136e-05 1.427586206896551744e+02 0.000000000000000000e+00
4.425881488509277571e-05 1.427586206896551744e+02 0.000000000000000000e+00
6.839112772288164464e-05 1.427586206896551744e+02 0.000000000000000000e+00
1.056816899266531411e-04 1.427586206896551744e+02 0.000000000000000000e+00
1.633050946463127421e-04 1.427586206896551744e+02 0.000000000000000000e+00
2.523479133987172724e-04 1.427586206896551744e+02 0.000000000000000000e+00
3.899417194215767132e-04 1.427586206896551744e+02 0.000000000000000000e+00
6.025591513618141571e-04 1.427586206896551744e+02 0.000000000000000000e+00
9.311071701392808391e-04 1.427586206896551744e+02 0.000000000000000000e+00
1.438797436443220012e-03 1.427586206896551744e+02 0.000000000000000000e+00
2.223308046060815547e-03 1.427586206896551744e+02 0.000000000000000000e+00
3.435576504708231019e-03 1.427586206896551744e+02 0.000000000000000000e+00
5.308839654772861891e-03 1.427586206896551744e+02 0.000000000000000000e+00
8.203507749416969960e-03 1.427586206896551744e+02 0.000000000000000000e+00
1.267650631230518923e-02 1.427586206896551744e+02 0.000000000000000000e+00
1.958842695032913736e-02 1.427586206896551744e+02 0.000000000000000000e+00
3.026910261669761223e-02 1.427586206896551744e+02 0.000000000000000000e+00
4.677346351207520292e-02 1.427586206896551744e+02 0.000000000000000000e+00
7.227689953743716977e-02 1.427586206896551744e+02 1.006366557620808831e-35
1.116861958575326164e-01 1.427586206896551744e+02 7.958208008352793028e-35
1.725835837585436572e-01 1.427586206896551744e+02 1.032637273904687346e-34
2.666855393744118063e-01 1.427586206896551744e+02 0.000000000000000000e+00
9.999999999999999547e-08 1.489655172413793025e+02 0.000000000000000000e+00
1.545254383797725850e-07 1.489655172413793025e+02 0.000000000000000000e+00
2.387811110646088987e-07 1.489655172413793025e+02 0.000000000000000000e+00
3.689775586406785640e-07 1.489655172413793025e+02 0.000000000000000000e+00
5.701641900124909537e-07 1.489655172413793025e+02 0.000000000000000000e+00
8.810487141012812234e-07 1.489655172413793025e+02 0.000000000000000000e+00
1.361444387804353894e-06 1.489655172413793025e+02 0.000000000000000000e+00
2.103777908551489167e-06 1.489655172413793025e+02 0.000000000000000000e+00
3.250872035725999525e-06 1.489655172413793025e+02 0.000000000000000000e+00
5.023424264371037676e-06 1.489655172413793025e+02 0.000000000000000000e+00
7.762468366195211052e-06 1.489655172413793025e+02 0.000000000000000000e+00
1.199498827195432052e-05 1.489655172413793025e+02 0.000000000000000000e+00
1.853530821083972151e-05 1.489655172413793025e+02 0.000000000000000000e+00
2.864176626784206136e-05 1.489655172413793025e+02 0.000000000000000000e+00
4.425881488509277571e-05 1.489655172413793025e+02 0.000000000000000000e+00
6.839112772288164464e-05 1.489655172413793025e+02 0.000000000000000000e+00
1.056816899266531411e-04 1.489655172413793025e+02 0.000000000000000000e+00
1.633050946463127421e-04 1.489655172413793025e+02 0.000000000000000000e+00
2.523479133987172724e-04 1.489655172413793025e+02 0.000000000000000000e+00
3.899417194215767132e-04 1.489655172413793025e+02 0.000000000000000000e+00
6.025591513618141571e-04 1.489655172413793025e+02 0.000000000000000000e+00
9.311071701392808391e-04 1.489655172413793025e+02 0.000000000000000000e+00
1.438797436443220012e-03 1.489655172413793025e+02 0.000000000000000000e+00
2.223308046060815547e-03 1.489655172413793025e+02 0.000000000000000000e+00
3.435576504708231019e-03 1.489655172413793025e+02 0.000000000000000000e+00
5.308839654772861891e-03 1.489655172413793025e+02 0.000000000000000000e+00
8.203507749416969960e-03 1.489655172413793025e+02 0.000000000000000000e+00
1.267650631230518923e-02 1.489655172413793025e+02 0.000000000000000000e+00
1.958842695032913736e-02 1.489655172413793025e+02 0.000000000000000000e+00
3.026910261669761223e-02 1.489655172413793025e+02 0.000000000000000000e+00
4.677346351207520292e-02 1.489655172413793025e+02 0.000000000000000000e+00
7.227689953743716977e-02 1.489655172413793025e+02 8.997936646516469960e-36
1.116861958575326164e-01 1.489655172413793025e+02 6.948163615099757802e-35
1.725835837585436572e-01 1.489655172413793025e+02 8.103868183036556056e-35
2.666855393744118063e-01 1.489655172413793025e+02 0.000000000000000000e+00
9.999999999999999547e-08 1.551724137931034591e+02 0.000000000000000000e+00
1.545254383797725850e-07 1.551724137931034591e+02 0.000000000000000000e+00
2.387811110646088987e-07 1.551724137931034591e+02 0.000000000000000000e+00
3.689775586406785640e-07 1.551724137931034591e+02 0.000000000000000000e+00
5.701641900124909537e-07 1.551724137931034591e+02 0.000000000000000000e+00
8.810487141012812234e-07 1.551724137931034591e+02 0.000000000000000000e+00
1.361444387804353894e-06 1.551724137931034591e+02 0.000000000000000000e+00
2.103777908551489167e-06 1.551724137931034591e+02 0.000000000000000000e+00
3.250872035725999525e-06 1.551724137931034591e+02 0.000000000000000000e+00
5.023424264371037676e-06 1.551724137931034591e+02 0.000000000000000000e+00
7.762468366195211052e-06 1.551724137931034591e+02 0.000000000000000000e+00
1.199498827195432052e-05 1.551724137931034591e+02 0.000000000000000000e+00
1.853530821083972151e-05 1.551724137931034591e+02 0.000000000000000000e+00
2.864176626784206136e-05 1.551724137931034591e+02 0.000000000000000000e+00
4.425881488509277571e-05 1.551724137931034591e+02 0.000000000000000000e+00
6.839112772288164464e-05 1.551724137931034591e+02 0.000000000000000000e+00
1.056816899266531411e-04 1.551724137931034591e+02 0.000000000000000000e+00
1.633050946463127421e-04 1.551724137931034591e+02 0.000000000000000000e+00
2.523479133987172724e-04 1.551724137931034591e+02 0.000000000000000000e+00
3.899417194215767132e-04 1.551724137931034591e+02 0.000000000000000000e+00
6.025591513618141571e-04 1.551724137931034591e+02 0.000000000000000000e+00
9.311071701392808391e-04 1.551724137931034591e+02 0.000000000000000000e+00
1.438797436443220012e-03 1.551724137931034591e+02 0.000000000000000000e+00
2.223308046060815547e-03 1.551724137931034591e+02 0.000000000000000000e+00
3.435576504708231019e-03 1.551724137931034591e+02 0.000000000000000000e+00
5.308839654772861891e-03 1.551724137931034591e+02 0.000000000000000000e+00
8.203507749416969960e-03 1.551724137931034591e+02 0.000000000000000000e+00
1.267650631230518923e-02 1.551724137931034591e+02 0.000000000000000000e+00
1.958842695032913736e-02 1.551724137931034591e+02 0.000000000000000000e+00
3.026910261669761223e-02 1.551724137931034591e+02 0.000000000000000000e+00
4.677346351207520292e-02 1.551724137931034591e+02 0.000000000000000000e+00
7.227689953743716977e-02 1.551724137931034591e+02 7.584532671700804349e-36
1.116861958575326164e-01 1.551724137931034591e+02 5.718990798903933382e-35
1.725835837585436572e-01 1.551724137931034591e+02 6.179577912728277411e-35
2.666855393744118063e-01 1.551724137931034591e+02 0.000000000000000000e+00
9.999999999999999547e-08 1.613793103448276156e+02 0.000000000000000000e+00
1.545254383797725850e-07 1.613793103448276156e+02 0.000000000000000000e+00
2.387811110646088987e-07 1.613793103448276156e+02 0.000000000000000000e+00
3.689775586406785640e-07 1.613793103448276156e+02 0.000000000000000000e+00
5.701641900124909537e-07 1.613793103448276156e+02 0.000000000000000000e+00
8.810487141012812234e-07 1.613793103448276156e+02 0.000000000000000000e+00
1.361444387804353894e-06 1.613793103448276156e+02 0.000000000000000000e+00
2.103777908551489167e-06 1.613793103448276156e+02 0.000000000000000000e+00
3.250872035725999525e-06 1.613793103448276156e+02 0.000000000000000000e+00
5.023424264371037676e-06 1.613793103448276156e+02 0.000000000000000000e+00
7.762468366195211052e-06 1.613793103448276156e+02 0.000000000000000000e+00
1.199498827195432052e-05 1.613793103448276156e+02 0.000000000000000000e+00
1.853530821083972151e-05 1.613793103448276156e+02 0.000000000000000000e+00
2.864176626784206136e-05 1.613793103448276156e+02 0.000000000000000000e+00
4.425881488509277571e-05 1.613793103448276156e+02 0.000000000000000000e+00
6.839112772288164464e-05 1.613793103448276156e+02 0.000000000000000000e+00
1.056816899266531411e-04 1.613793103448276156e+02 0.000000000000000000e+00
1.633050946463127421e-04 1.613793103448276156e+02 0.000000000000000000e+00
2.523479133987172724e-04 1.613793103448276156e+02 0.000000000000000000e+00
3.899417194215767132e-04 1.613793103448276156e+02 0.000000000000000000e+00
6.025591513618141571e-04 1.613793103448276156e+02 0.000000000000000000e+00
9.311071701392808391e-04 1.613793103448276156e+02 0.000000000000000000e+00
1.438797436443220012e-03 1.613793103448276156e+02 0.000000000000000000e+00
2.223308046060815547e-03 1.613793103448276156e+02 0.000000000000000000e+00
3.435576504708231019e-03 1.613793103448276156e+02 0.000000000000000000e+00
5.308839654772861891e-03 1.613793103448276156e+02 0.000000000000000000e+00
8.203507749416969960e-03 1.613793103448276156e+02 0.000000000000000000e+00
1.267650631230518923e-02 1.613793103448276156e+02 0.000000000000000000e+00
1.958842695032913736e-02 1.613793103448276156e+02 0.000000000000000000e+00
3.026910261669761223e-02 1.613793103448276156e+02 0.000000000000000000e+00
4.677346351207520292e-02 1.613793103448276156e+02 0.000000000000000000e+00
7.227689953743716977e-02 1.613793103448276156e+02 5.979138785615683746e-36
1.116861958575326164e-01 1.613793103448276156e+02 4.356046606984345100e-35
1.725835837585436572e-01 1.613793103448276156e+02 4.465197176475488276e-35
2.666855393744118063e-01 1.613793103448276156e+02 0.000000000000000000e+00
9.999999999999999547e-08 1.675862068965517437e+02 0.000000000000000000e+00
1.545254383797725850e-07 1.675862068965517437e+02 0.000000000000000000e+00
2.387811110646088987e-07 1.675862068965517437e+02 0.000000000000000000e+00
3.689775586406785640e-07 1.675862068965517437e+02 0.000000000000000000e+00
5.701641900124909537e-07 1.675862068965517437e+02 0.000000000000000000e+00
8.810487141012812234e-07 1.675862068965517437e+02 0.000000000000000000e+00
1.361444387804353894e-06 1.675862068965517437e+02 0.000000000000000000e+00
2.103777908551489167e-06 1.675862068965517437e+02 0.000000000000000000e+00
3.250872035725999525e-06 1.675862068965517437e+02 0.000000000000000000e+00
5.023424264371037676e-06 1.675862068965517437e+02 0.000000000000000000e+00
7.762468366195211052e-06 1.675862068965517437e+02 0.000000000000000000e+00
1.199498827195432052e-05 1.675862068965517437e+02 0.000000000000000000e+00
1.853530821083972151e-05 1.675862068965517437e+02 0.000000000000000000e+00
2.864176626784206136e-05 1.675862068965517437e+02 0.000000000000000000e+00
4.425881488509277571e-05 1.675862068965517437e+02 0.000000000000000000e+00
6.839112772288164464e-05 1.675862068965517437e+02 0.000000000000000000e+00
1.056816899266531411e-04 1.675862068965517437e+02 0.000000000000000000e+00
1.633050946463127421e-04 1.675862068965517437e+02 0.000000000000000000e+00
2.523479133987172724e-04 1.675862068965517437e+02 0.000000000000000000e+00
3.899417194215767132e-04 1.675862068965517437e+02 0.000000000000000000e+00
6.025591513618141571e-04 1.675862068965517437e+02 0.000000000000000000e+00
9.311071701392808391e-04 1.675862068965517437e+02 0.000000000000000000e+00
1.438797436443220012e-03 1.675862068965517437e+02 0.000000000000000000e+00
2.223308046060815547e-03 1.675862068965517437e+02 0.000000000000000000e+00
3.435576504708231019e-03 1.675862068965517437e+02 0.000000000000000000e+00
5.308839654772861891e-03 1.675862068965517437e+02 0.000000000000000000e+00
8.203507749416969960e-03 1.675862068965517437e+02 0.000000000000000000e+00
1.267650631230518923e-02 1.675862068965517437e+02 0.000000000000000000e+00
1.958842695032913736e-02 1.675862068965517437e+02 0.000000000000000000e+00
3.026910261669761223e-02 1.675862068965517437e+02 0.000000000000000000e+00
4.677346351207520292e-02 1.675862068965517437e+02 0.000000000000000000e+00
7.227689953743716977e-02 1.675862068965517437e+02 4.147399242400685275e-36
1.116861958575326164e-01 1.675862068965517437e+02 2.949208741177637385e-35
1.725835837585436572e-01 1.675862068965517437e+02 2.888234297592012699e-35
2.666855393744118063e-01 1.675862068965517437e+02 0.000000000000000000e+00
9.999999999999999547e-08 1.737931034482758719e+02 0.000000000000000000e+00
1.545254383797725850e-07 1.737931034482758719e+02 0.000000000000000000e+00
2.387811110646088987e-07 1.737931034482758719e+02 0.000000000000000000e+00
3.689775586406785640e-07 1.737931034482758719e+02 0.000000000000000000e+00
5.701641900124909537e-07 1.737931034482758719e+02 0.000000000000000000e+00
8.810487141012812234e-07 1.737931034482758719e+02 0.000000000000000000e+00
1.361444387804353894e-06 1.737931034482758719e+02 0.000000000000000000e+00
2.103777908551489167e-06 1.737931034482758719e+02 0.000000000000000000e+00
3.250872035725999525e-06 1.737931034482758719e+02 0.000000000000000000e+00
5.023424264371037676e-06 1.737931034482758719e+02 0.000000000000000000e+00
7.762468366195211052e-06 1.737931034482758719e+02 0.000000000000000000e+00
1.199498827195432052e-05 1.737931034482758719e+02 0.000000000000000000e+00
1.853530821083972151e-05 1.737931034482758719e+02 0.000000000000000000e+00
2.864176626784206136e-05 1.737931034482758719e+02 0.000000000000000000e+00
4.425881488509277571e-05 1.737931034482758719e+02 0.000000000000000000e+00
6.839112772288164464e-05 1.737931034482758719e+02 0.000000000000000000e+00
1.056816899266531411e-04 1.737931034482758719e+02 0.000000000000000000e+00
1.633050946463127421e-04 1.737931034482758719e+02 0.000000000000000000e+00
2.523479133987172724e-04 1.737931034482758719e+02 0.000000000000000000e+00
3.899417194215767132e-04 1.737931034482758719e+02 0.000000000000000000e+00
6.025591513618141571e-04 1.737931034482758719e+02 0.000000000000000000e+00
9.311071701392808391e-04 1.737931034482758719e+02 0.000000000000000000e+00
1.438797436443220012e-03 1.737931034482758719e+02 0.000000000000000000e+00
2.223308046060815547e-03 1.737931034482758719e+02 0.000000000000000000e+00
3.435576504708231019e-03 1.737931034482758719e+02 0.000000000000000000e+00
5.308839654772861891e-03 1.737931034482758719e+02 0.000000000000000000e+00
8.203507749416969960e-03 1.737931034482758719e+02 0.000000000000000000e+00
1.267650631230518923e-02 1.737931034482758719e+02 0.000000000000000000e+00
1.958842695032913736e-02 1.737931034482758719e+02 0.000000000000000000e+00
3.026910261669761223e-02 1.737931034482758719e+02 0.000000000000000000e+00
4.677346351207520292e-02 1.737931034482758719e+02 0.000000000000000000e+00
7.227689953743716977e-02 1.737931034482758719e+02 2.112926112187801471e-36
1.116861958575326164e-01 1.737931034482758719e+02 1.486683824730342623e-35
1.725835837585436572e-01 1.737931034482758719e+02 1.418518602116295426e-35
2.666855393744118063e-01 1.737931034482758719e+02 0.000000000000000000e+00
9.999999999999999547e-08 1.800000000000000000e+02 0.000000000000000000e+00
1.545254383797725850e-07 1.800000000000000000e+02 0.000000000000000000e+00
2.387811110646088987e-07 1.800000000000000000e+02 0.000000000000000000e+00
3.689775586406785640e-07 1.800000000000000000e+02 0.000000000000000000e+00
5.701641900124909537e-07 1.800000000000000000e+02 0.000000000000000000e+00
8.810487141012812234e-07 1.800000000000000000e+02 0.000000000000000000e+00
1.361444387804353894e-06 1.800000000000000000e+02 0.000000000000000000e+00
2.103777908551489167e-06 1.800000000000000000e+02 0.000000000000000000e+00
3.250872035725999525e-06 1.800000000000000000e+02 0.000000000000000000e+00
5.023424264371037676e-06 1.800000000000000000e+02 0.000000000000000000e+00
7.762468366195211052e-06 1.800000000000000000e+02 0.000000000000000000e+00
1.199498827195432052e-05 1.800000000000000000e+02 0.000000000000000000e+00
1.853530821083972151e-05 1.800000000000000000e+02 0.000000000000000000e+00
2.864176626784206136e-05 1.800000000000000000e+02 0.000000000000000000e+00
4.425881488509277571e-05 1.800000000000000000e+02 0.000000000000000000e+00
6.839112772288164464e-05 1.800000000000000000e+02 0.000000000000000000e+00
1.056816899266531411e-04 1.800000000000000000e+02 0.000000000000000000e+00
1.633050946463127421e-04 1.800000000000000000e+02 0.000000000000000000e+00
2.523479133987172724e-04 1.800000000000000000e+02 0.000000000000000000e+00
3.899417194215767132e-04 1.800000000000000000e+02 0.000000000000000000e+00
6.025591513618141571e-04 1.800000000000000000e+02 0.000000000000000000e+00
9.311071701392808391e-04 1.800000000000000000e+02 0.000000000000000000e+00
1.438797436443220012e-03 1.800000000000000000e+02 0.000000000000000000e+00
2.223308046060815547e-03 1.800000000000000000e+02 0.000000000000000000e+00
3.435576504708231019e-03 1.800000000000000000e+02 0.000000000000000000e+00
5.308839654772861891e-03 1.800000000000000000e+02 0.000000000000000000e+00
8.203507749416969960e-03 1.800000000000000000e+02 0.000000000000000000e+00
1.267650631230518923e-02 1.800000000000000000e+02 0.000000000000000000e+00
1.958842695032913736e-02 1.800000000000000000e+02 0.000000000000000000e+00
3.026910261669761223e-02 1.800000000000000000e+02 0.000000000000000000e+00
4.677346351207520292e-02 1.800000000000000000e+02 0.000000000000000000e+00
7.227689953743716977e-02 1.800000000000000000e+02 2.404502859290077919e-51
1.116861958575326164e-01 1.800000000000000000e+02 1.687854342013667707e-50
1.725835837585436572e-01 1.800000000000000000e+02 1.594862859819241073e-50
2.666855393744118063e-01 1.800000000000000000e+02 0.000000000000000000e+00
